Chromosome Position(bp) Rate(cM/Mb) Map(cM)
9 0 0 0
9 64186 0.171519572507267 0
9 534463 0 0.08066171
9 580687 0 0.08066171
9 611234 0 0.08066171
9 646016 0 0.08066171
9 669157 0 0.08066171
9 705262 0 0.08066171
9 761398 0 0.08066171
9 842052 0 0.08066171
9 899806 0 0.08066171
9 946489 0 0.08066171
9 979023 0 0.08066171
9 1005024 0 0.08066171
9 1072761 0.288452875446089 0.08066171
9 1106947 0.844003486218542 0.09052276
9 1152842 0 0.1292583
9 1274733 0 0.1292583
9 1305914 0 0.1292583
9 1430455 0.77853940896549 0.1292583
9 1530483 0 0.20713404
9 1564613 0 0.20713404
9 1597234 2.14850107278429 0.20713404
9 1627529 0 0.27222288
9 1659706 0 0.27222288
9 1703911 0 0.27222288
9 1749674 1.82794346558499 0.27222288
9 1789119 0 0.34432611
9 1813012 0 0.34432611
9 1834288 0 0.34432611
9 1862541 0 0.34432611
9 1900715 0 0.34432611
9 1926540 0 0.34432611
9 1966004 1.18819814579808 0.34432611
9 2022740 0.323836985311817 0.41173972
9 2031046 0.560028450172903 0.41442951
9 2094666 0.279576722640417 0.45005852
9 2232826 0.342286032385811 0.48868484
9 2303783 0 0.51297243
9 2377423 0 0.51297243
9 2405555 2.57789014707796 0.51297243
9 2428604 0 0.57239022
9 2445639 0 0.57239022
9 2524357 0 0.57239022
9 2581063 0 0.57239022
9 2613744 0 0.57239022
9 2688546 0 0.57239022
9 2704818 0 0.57239022
9 2716966 0.965440820302217 0.57239022
9 2792938 1.23639619731602 0.64573669
9 2836381 0 0.69944945
9 2860264 0 0.69944945
9 2904395 0 0.69944945
9 2952558 0 0.69944945
9 2978845 1.88856318727796 0.69944945
9 3037955 0 0.81108242
9 3081513 0.77500425178476 0.81108242
9 3132080 0.158130173536703 0.85027206
9 3203477 0 0.86156208
9 3271772 0 0.86156208
9 3428730 0 0.86156208
9 3458178 0.742590778805995 0.86156208
9 3580288 0 0.95223984
9 3604424 0.182211160176636 0.95223984
9 3691609 0.194188479385826 0.96812592
9 3897414 0.706865519698666 1.00809088
9 3975998 1.01080613304297 1.0636392
9 4054980 0.445355665111368 1.14347469
9 4123134 1.33187181290663 1.17382746
9 4134508 0 1.18897617
9 4164769 0 1.18897617
9 4209209 0.0248901593589561 1.18897617
9 4231423 0 1.18952908
9 4312919 2.6317142803266 1.18952908
9 4365950 0 1.32909152
9 4402407 0 1.32909152
9 4474046 0 1.32909152
9 4508508 0 1.32909152
9 4541571 0 1.32909152
9 4575033 0.024589238874073 1.32909152
9 4620400 0.688864440282978 1.33020706
9 4678072 0 1.36993525
9 4719762 1.71351731441279 1.36993525
9 4766977 0.166960770657945 1.45083897
9 4946460 0 1.48080559
9 4969662 0 1.48080559
9 5003417 0 1.48080559
9 5071762 2.0042230698555 1.48080559
9 5107679 1.09996050768734 1.55279127
9 5147940 0 1.59707678
9 5170124 1.29044177029014 1.59707678
9 5207519 0 1.64533285
9 5229635 1.59491547556864 1.64533285
9 5313871 0.344622732955899 1.77968215
9 5385054 1.45740747040677 1.80421343
9 5514391 0.134639538609408 1.99271014
9 5536238 0 1.99565161
9 5558499 1.78545682738003 1.99565161
9 5629412 0.941551494475953 2.12226371
9 5795323 0.329119103222798 2.27847746
9 5816733 0.304440345778388 2.2855239
9 5843571 1.10842388152044 2.29369447
9 5869432 1.39946134065727 2.32235942
9 5943709 0 2.42630721
9 5993294 1.14630890649712 2.42630721
9 6120381 0 2.57198817
9 6144440 0.477688334865616 2.57198817
9 6181422 0.782945047802177 2.58965404
9 6218345 0 2.61856272
9 6247051 0 2.61856272
9 6269557 0.574057629306069 2.61856272
9 6390433 0.593129831567082 2.68795251
9 6429499 5.7077482510916 2.71112372
9 6450798 0 2.83269305
9 6624257 1.32362114954979 2.83269305
9 6698112 0 2.93044909
9 6723284 0 2.93044909
9 6754606 0 2.93044909
9 6782725 0 2.93044909
9 6810639 3.9196980685747 2.93044909
9 6887577 0.482659350822078 3.23202282
9 7097350 0.831965257214169 3.33327172
9 7456331 2.20873587409069 3.63193144
9 7500045 7.33300350814068 3.72848412
9 7600098 4.08336093100582 4.46217312
9 7780548 0 5.1990156
9 7951157 8.42225539619426 5.1990156
9 7979325 0 5.43625369
9 8034761 0 5.43625369
9 8054813 3.44176885740521 5.43625369
9 8092928 8.5985175337187 5.56743671
9 8118878 0 5.79056824
9 8146724 2.07140550943613 5.79056824
9 8216350 0 5.93479192
9 8236379 0 5.93479192
9 8257979 0 5.93479192
9 8311881 8.5919467860906 5.93479192
9 8338453 0 6.16309713
9 8405821 11.9118709460595 6.16309713
9 8435576 0 6.51753485
9 8458373 0 6.51753485
9 8509540 4.48668694329786 6.51753485
9 8532555 1.95797460778865 6.62079595
9 8602734 0 6.75820465
9 8646038 2.55745141612203 6.75820465
9 8691938 0 6.87559167
9 8719605 0 6.87559167
9 8741004 0 6.87559167
9 8783040 10.6329292832042 6.87559167
9 8803813 0.840411117510134 7.09646951
9 8970505 2.08023050233983 7.23655932
9 9157271 2.46866282051281 7.62507565
9 9180671 0 7.68284236
9 9212931 0.0286639639841334 7.68284236
9 9302225 0.460648440238361 7.68540188
9 9339314 0.830700604386388 7.70248687
9 9595607 0 7.91538962
9 9643273 3.65453990785704 7.91538962
9 9683428 0 8.06213767
9 9907258 0 8.06213767
9 9952764 2.15193569858713 8.06213767
9 10112014 0 8.40483343
9 10139748 13.2278134162595 8.40483343
9 10184768 0 9.00034959
9 10221793 0 9.00034959
9 10260399 0 9.00034959
9 10337737 0.220405928003976 9.00034959
9 10490301 12.6950762338687 9.0339756
9 10529588 0 9.53272706
9 10601391 0 9.53272706
9 10622057 0.494057604444123 9.53272706
9 10771108 1.65685620648246 9.60636684
9 10940149 1.65431045396997 9.88644347
9 11028613 1.10774008302584 10.03279039
9 11158693 2.33780708050057 10.17688522
9 11465225 0 10.8934979
9 11496361 1.40311667189214 10.8934979
9 11598425 0 11.0367056
9 11630708 0 11.0367056
9 11652908 0 11.0367056
9 11700251 0 11.0367056
9 11734989 1.67532917935285 11.0367056
9 11805604 0 11.15500897
9 11827389 0 11.15500897
9 11875613 0 11.15500897
9 11918197 0 11.15500897
9 11997198 7.75020462808987 11.15500897
9 12032677 0 11.42997848
9 12079703 0 11.42997848
9 12198197 4.18895209613398 11.42997848
9 12290152 0 11.81517357
9 12310722 0 11.81517357
9 12337531 2.23729784467132 11.81517357
9 12384438 3.29742359673694 11.9201185
9 12417290 4.82959058014473 12.02844546
9 12492323 0 12.39082413
9 12548926 0 12.39082413
9 12621882 0 12.39082413
9 12645042 0 12.39082413
9 12689732 1.36982664429819 12.39082413
9 12922202 1.0545324092732 12.70926773
9 13073563 1.53181288319132 12.86888281
9 13199153 1.64430039873941 13.06126319
9 13287682 0.844287680191817 13.20683146
9 13361076 6.76640796551473 13.26879711
9 13415360 0.326344595209904 13.6361048
9 13591056 0 13.69344224
9 13619838 1.36255456850817 13.69344224
9 13684115 0 13.78102316
9 13708088 2.9882846310045 13.78102316
9 13771124 4.38119835570824 13.96939267
9 13809560 0.399488195615491 14.13778841
9 13880720 0 14.16621599
9 13921073 0 14.16621599
9 13950859 0.986228099990748 14.16621599
9 13983222 0 14.19813329
9 14005315 2.41578868106379 14.19813329
9 14038516 0 14.27833989
9 14063303 0 14.27833989
9 14095633 0 14.27833989
9 14127428 0 14.27833989
9 14149982 0 14.27833989
9 14195298 1.46841705288981 14.27833989
9 14224642 3.2456101593027 14.32142912
9 14277874 0 14.49419944
9 14301110 5.81174392148125 14.49419944
9 14323525 0.67795663262921 14.62446968
9 14430564 0 14.69703748
9 14471513 2.00098266068759 14.69703748
9 14538413 0 14.83090322
9 14560671 0 14.83090322
9 14587185 14.0982436887309 14.83090322
9 14610239 0.424259869574363 15.15592413
9 14710066 0.708609331144356 15.19827672
9 14728949 2.93468256157636 15.21165739
9 14754324 0 15.28612496
9 14780945 0.505004100703336 15.28612496
9 14821182 3.17477303937942 15.30644481
9 14902011 0.025900290113818 15.56305854
9 15014036 3.73015782281938 15.56596002
9 15057946 0.279960971578166 15.72975125
9 15101504 2.50968414629772 15.74194579
9 15129365 2.64017105713305 15.8118681
9 15149826 2.61684790126087 15.86588864
9 15206217 0.149407145322765 16.01345531
9 15229393 0.126859569425185 16.01691797
9 15254708 0 16.02012942
9 15341628 0 16.02012942
9 15406354 0.108464036169276 16.02012942
9 15430684 0.4537000324513 16.02276835
9 15464581 1.64844648357286 16.03814742
9 15558085 0 16.19228376
9 15591527 2.40534727551806 16.19228376
9 15617587 0.82042759139192 16.25496711
9 15628228 0.422260042487439 16.26369728
9 15669652 2.20120926563995 16.28118898
9 15743940 2.20120926563982 16.4447124139259
9 15766008 0 16.4932887
9 15791497 1.5572073902416 16.4932887
9 15822998 7.859489800264 16.54234229
9 15846479 0 16.72689097
9 15870345 0.243104279440312 16.72689097
9 15919300 0 16.73879214
9 15941765 1.17503906592919 16.73879214
9 15975938 0 16.77894675
9 15989506 0 16.77894675
9 16000040 0 16.77894675
9 16029519 2.06524410655595 16.77894675
9 16079108 2.0986872364566 16.88136014
9 16138159 0.722483379444199 17.00528972
9 16210810 1.05167385504222 17.05777886
9 16360357 0 17.21505353
9 16369414 0 17.21505353
9 16408758 0 17.21505353
9 16453933 1.06173429938383 17.21505353
9 16562830 0 17.33067321
9 16596500 4.51192796801248 17.33067321
9 16629763 0 17.48075347
9 16655786 5.57464005566802 17.48075347
9 16687402 0 17.65700129
9 16727064 0 17.65700129
9 16747294 1.68130693324497 17.65700129
9 16801612 0.311632334039627 17.74832652
9 16830399 5.77595861683291 17.75729748
9 16862586 0.541962604123592 17.94320826
9 17031856 0.879390190417061 18.03494627
9 17086578 0.213860620649591 18.08306826
9 17170909 1.93899140398594 18.10110334
9 17395548 0.103628107617208 18.53667643
9 17510065 0 18.54854361
9 17595872 0.760409406260084 18.54854361
9 17645456 0.661334276475347 18.58624775
9 17744416 0.719126915867324 18.65169339
9 17789761 6.70286867185216 18.6843022
9 17827430 0.0545920794941848 18.93679256
9 17903511 0 18.94094598
9 18068635 1.32610292463449 18.94094598
9 18104195 0 18.9881022
9 18149378 0 18.9881022
9 18200677 0.716032294016905 18.9881022
9 18568547 0 19.251509
9 18608888 0 19.251509
9 18640672 0 19.251509
9 18734491 0 19.251509
9 18784325 0 19.251509
9 18819597 0.719033808872353 19.251509
9 18870767 1.13647905698188 19.28830196
9 18892230 1.01541437262658 19.31269421
9 19044436 0.824557795397526 19.46724637
9 19093497 1.97094799243218 19.5077
9 19212422 1.36899402085038 19.74209499
9 19251558 6.54777032834798 19.79567194
9 19274826 3.02000416709364 19.94802546
9 19421211 0.329200805910009 20.39010877
9 19471837 0 20.40677489
9 19561418 0 20.40677489
9 19635948 0 20.40677489
9 19655323 0 20.40677489
9 19696699 0 20.40677489
9 19792123 0 20.40677489
9 19877387 7.94164245598869 20.40677489
9 19914423 0.042308639754242 20.70090156
9 19986682 0 20.70395874
9 20044682 0.086037758028865 20.70395874
9 20087216 0 20.70761827
9 20104367 1.45630746768679 20.70761827
9 20192721 0.774827949734367 20.83628886
9 20263863 4.0539470758283 20.89141167
9 20308833 0 21.07371767
9 20338539 0 21.07371767
9 20395846 2.00436044416414 21.07371767
9 20484642 0 21.25169686
9 20632705 1.63373455978975 21.25169686
9 20685975 0 21.3387259
9 20701542 2.85939728332731 21.3387259
9 20743137 0 21.45766253
9 20780517 1.32547105724201 21.45766253
9 20808486 3.50267126892865 21.49473463
9 20907278 0.902470054243305 21.84077053
9 21005539 7.33743645577621 21.92944814
9 21030797 0.650254012809378 22.11477711
9 21081385 3.33846392280871 22.14767216
9 21161394 0 22.41477932
9 21231720 0.369584182079907 22.41477932
9 21342177 1.99939592653875 22.45560248
9 21391128 0.204329024777768 22.55347491
9 21437702 2.22890051779219 22.56299133
9 21474010 1.30585304715655 22.64391825
9 21518691 0.280468466913997 22.70226507
9 21565055 1.14615010141983 22.71526871
9 21606960 1.86970988253053 22.76329813
9 21653355 0.788482986372342 22.85004332
9 21796887 0.955311590296539 22.96321586
9 21833987 0 22.99865792
9 21895912 0 22.99865792
9 21917520 0 22.99865792
9 21939635 0 22.99865792
9 21959948 0 22.99865792
9 22017707 0 22.99865792
9 22042953 2.69652714362316 22.99865792
9 22104496 0 23.16461029
9 22133199 0 23.16461029
9 22210201 1.59219704410183 23.16461029
9 22294710 1.39322557547475 23.29916527
9 22332418 0.804414205263735 23.35170102
9 22375923 3.83805715414126 23.38669706
9 22411371 0 23.52274851
9 22435808 0 23.52274851
9 22484891 0 23.52274851
9 22510444 1.34265383963381 23.52274851
9 22545838 0.352584366887785 23.5702704
9 22573574 0 23.58004968
9 22594114 3.14270254795318 23.58004968
9 22622058 0 23.66786936
9 22648695 0 23.66786936
9 22692551 2.9516721694014 23.66786936
9 22732834 0 23.78677157
9 22767902 0 23.78677157
9 22799618 0 23.78677157
9 22878381 0 23.78677157
9 22915473 0 23.78677157
9 23016695 0 23.78677157
9 23053615 0 23.78677157
9 23123837 2.45615148727388 23.78677157
9 23202101 0 23.97899981
9 23244267 0.036361020223035 23.97899981
9 23269634 0 23.97992218
9 23295206 0 23.97992218
9 23339249 0 23.97992218
9 23359772 2.59139336543894 23.97992218
9 23396941 0 24.07624168
9 23445531 4.00156032448082 24.07624168
9 23495950 0 24.27799635
9 23521901 0 24.27799635
9 23556631 0 24.27799635
9 23583456 0 24.27799635
9 23615558 8.90368537015281 24.27799635
9 23635982 0.338998516320543 24.45984522
9 23672378 0 24.47218341
9 23807660 1.93700148022839 24.47218341
9 23911698 0 24.67370517
9 24000238 0.109305554126222 24.67370517
9 24097409 0 24.6843265
9 24137409 6.30172030040075 24.6843265
9 24163108 2.46106578557215 24.84627441
9 24186715 0 24.90437279
9 24289098 0 24.90437279
9 24335806 0 24.90437279
9 24379807 0 24.90437279
9 24493304 0 24.90437279
9 24585602 2.8165147295711 24.90437279
9 24658856 3.9841348068497 25.11069376
9 24688988 0 25.23074371
9 24744612 1.02184633733458 25.23074371
9 24770604 0 25.25730354
9 24872710 0.667051637380018 25.25730354
9 25037642 0.667051637379979 25.3673217006564
9 25085947 0 25.39954363
9 25109553 0 25.39954363
9 25136567 0 25.39954363
9 25159571 0 25.39954363
9 25180044 0.462723496095204 25.39954363
9 25260202 2.91082622842164 25.43663462
9 25326588 2.80567714537261 25.62987273
9 25365206 0 25.73822237
9 25385306 0.601164638747405 25.73822237
9 25470122 2.3737169903651 25.78921075
9 25529385 2.19453410237738 25.92988434
9 25685943 0.58859904647667 26.27345621
9 25785154 0.179538024988102 26.33185171
9 25854227 0 26.34425294
9 25878075 0 26.34425294
9 25904127 6.08173326084986 26.34425294
9 25937238 0 26.54562521
9 25970378 0 26.54562521
9 26007094 0 26.54562521
9 26028768 0 26.54562521
9 26061877 1.71189483958101 26.54562521
9 26149990 1.265660461653 26.6964654
9 26317865 0.817362839761041 26.90893815
9 26353699 1.81084470588236 26.93822753
9 26459949 0 27.13062978
9 26521721 0 27.13062978
9 26632795 0 27.13062978
9 26689823 0 27.13062978
9 26775049 0 27.13062978
9 26838528 5.17407428259184 27.13062978
9 26898919 3.74377450570286 27.4430973
9 26934778 0 27.57734531
9 27001558 0.323626379484968 27.57734531
9 27095343 2.73727932376962 27.60769661
9 27161356 0 27.78839263
9 27217970 0 27.78839263
9 27249330 0.47169252134853 27.78839263
9 27317016 3.17492900358074 27.82031961
9 27349412 0 27.92317461
9 27374260 1.10810088276897 27.92317461
9 27430107 1.64723974903699 27.98505872
9 27576264 0 28.22581434
9 27595250 1.55004232594948 28.22581434
9 27620530 0.0273564797623046 28.26499941
9 27647460 0 28.26573612
9 27673124 0 28.26573612
9 27700109 0.20188743634172 28.26573612
9 27738203 0 28.27342682
9 27778476 0 28.27342682
9 27820980 0.0783716371831295 28.27342682
9 27841387 3.31384195647893 28.27502615
9 27887020 3.13867228001812 28.4262467
9 27944502 0 28.60666386
9 28026947 1.08692811417777 28.60666386
9 28074592 0.418441895989597 28.65845055
9 28162314 0 28.69515711
9 28260708 0 28.69515711
9 28284086 0 28.69515711
9 28305499 0 28.69515711
9 28327469 3.00420322180897 28.69515711
9 28355714 1.56435330303749 28.78001083
9 28478283 0.658571568167673 28.97175205
9 28529451 0 29.00544984
9 28567847 0 29.00544984
9 28596201 3.16886849555771 29.00544984
9 28616687 0 29.07036728
9 28637098 0 29.07036728
9 28670352 4.56844319294826 29.07036728
9 28690772 1.88732226421877 29.16365489
9 28712996 0 29.20559874
9 28842247 0.0401914620740281 29.20559874
9 28874995 3.41023724580817 29.20691493
9 28914237 1.67316215541064 29.34073946
9 29298535 0 29.98373233
9 29320464 1.44787276483569 29.98373233
9 29376612 0 30.06502749
9 29403623 1.23403641579915 30.06502749
9 29474032 0 30.15191476
9 29507146 1.9115448075057 30.15191476
9 29531874 0.159169744998379 30.19918344
9 29626893 2.259708371508 30.21430759
9 29755687 1.46155347593587 30.50534447
9 29796827 0.208082633598328 30.56547278
9 29850776 0 30.57669863
9 29884317 0 30.57669863
9 30019642 0 30.57669863
9 30196934 8.13424779026218 30.57669863
9 30230309 3.08477687436765 30.84817915
9 30256998 0 30.93050876
9 30382996 6.24087203422797 30.93050876
9 30408706 0.069446606431817 31.09096158
9 30497359 0 31.09711823
9 30573582 0.991917489531132 31.09711823
9 30650954 0 31.17386487
9 30723933 1.18295702340275 31.17386487
9 30898656 2.49360983964799 31.38055467
9 30932519 3.3051806422304 31.46499578
9 30974342 0 31.60322835
9 30998746 0 31.60322835
9 31061597 0 31.60322835
9 31086150 0 31.60322835
9 31135482 0 31.60322835
9 31227973 0 31.60322835
9 31253066 0 31.60322835
9 31310496 4.4772215466377 31.60322835
9 31332699 0.872803398787085 31.7026361
9 31366005 3.56755180164361 31.73170569
9 31394479 0 31.83328816
9 31417308 5.24441696269968 31.83328816
9 31439828 0.550426173549307 31.95139243
9 31517754 0 31.99428494
9 31555978 1.39898525109709 31.99428494
9 31588794 0 32.04019404
9 31609052 0 32.04019404
9 31632490 0 32.04019404
9 31671442 0 32.04019404
9 31725734 0 32.04019404
9 31733303 0 32.04019404
9 31754747 0 32.04019404
9 31775853 1.26587060030515 32.04019404
9 31927909 1.97561142670122 32.23267726
9 31970686 3.07774248178186 32.31718799
9 32009658 0 32.43713377
9 32033966 2.5291755842248 32.43713377
9 32063963 0 32.51300145
9 32128416 0 32.51300145
9 32162598 0 32.51300145
9 32186030 0 32.51300145
9 32209150 0 32.51300145
9 32237919 0.892544188095505 32.51300145
9 32274241 0.941696157735104 32.54542044
9 32301933 0.863117343336936 32.57149789
9 32374174 0 32.63385035
9 32454710 1.78143717054022 32.63385035
9 32568343 2.35081091803545 32.8362804
9 32606152 0 32.92516221
9 32677455 2.31571747742764 32.92516221
9 32720871 0 33.0257014
9 32744221 0 33.0257014
9 32773864 0 33.0257014
9 32792617 2.82539951158896 33.0257014
9 32815958 0 33.09164905
9 32840655 0 33.09164905
9 32900737 1.25226321761641 33.09164905
9 32957139 0.039224555206649 33.1622792
9 33018291 2.65210447032028 33.16467786
9 33042853 2.65486582198784 33.22981885
9 33068267 3.17201099973386 33.29728961
9 33102086 0 33.40456385
9 33179519 0.944152803222921 33.40456385
9 33612913 0 33.81375401
9 33638720 3.32317260980214 33.81375401
9 33668979 4.15674979569253 33.91430989
9 33706912 0 34.07198788
9 33736686 0 34.07198788
9 33759901 0.33583935236799 34.07198788
9 33821788 1.37849892751635 34.09277197
9 33846497 0 34.1268333
9 33876953 0 34.1268333
9 33964959 0 34.1268333
9 33986254 0 34.1268333
9 34013198 2.20149058290787 34.1268333
9 34047869 0.262277196208776 34.20316118
9 34217525 4.74998733891027 34.24765808
9 34239640 0 34.35270405
9 34279028 0 34.35270405
9 34301678 0 34.35270405
9 34324235 1.20991178148339 34.35270405
9 34474997 0 34.53511277
9 34502060 0 34.53511277
9 34529670 2.15888746305803 34.53511277
9 34555386 0 34.59063072
9 34590259 0 34.59063072
9 34637145 0 34.59063072
9 34663263 2.18010342598581 34.59063072
9 34688015 0 34.64459264
9 34741309 0.830124142946153 34.64459264
9 34779813 1.46784211609191 34.67655574
9 34857579 0 34.79070395
9 34887270 0 34.79070395
9 34906969 4.33555697823311 34.79070395
9 34935085 1.03364128410749 34.91260247
9 35015639 0 34.99586641
9 35054209 0.337060639905468 34.99586641
9 35099872 3.17823885358377 35.01125761
9 35139369 2.95803010656529 35.13678851
9 35206464 0 35.33525754
9 35268734 1.29369203338059 35.33525754
9 35405580 0.505993440760172 35.51229412
9 35444304 0 35.53188821
9 35485795 0 35.53188821
9 35513677 3.82415779168059 35.53188821
9 35534616 0 35.61196225
9 35554825 0.371562219786862 35.61196225
9 35605010 2.0292673362893 35.6306091
9 35671316 0.89234394195335 35.7651617
9 35723412 0.497334953389859 35.81164925
9 35971963 0.681995941579604 35.93526235
9 36086786 0.695033696684721 36.01357117
9 36108895 0 36.02893767
9 36139068 0 36.02893767
9 36175542 0 36.02893767
9 36234158 0 36.02893767
9 36321100 1.1458571955482 36.02893767
9 36491907 0 36.2246581
9 36617540 0 36.2246581
9 36750493 13.4258100364096 36.2246581
9 36782078 2.09087609089757 36.64871231
9 36805797 0.0447781155017169 36.6983058
9 36828827 1.85032691939489 36.69933704
9 36891503 1.6466046686748 36.81530813
9 36918063 0 36.85904195
9 37003884 0.812594449527245 36.85904195
9 37085859 1.34968695023503 36.92565438
9 37127354 1.41738086965591 36.98165964
9 37195547 1.41738086965583 37.0783150936444
9 37242480 0.928017055655326 37.14483703
9 37275900 0.584980275284669 37.17585136
9 37391998 0 37.2437664
9 37448026 1.36279425246488 37.2437664
9 37501475 1.1996825529602 37.31660639
9 37549294 3.19132641796327 37.37397401
9 37645312 3.56747450608398 37.68039879
9 37700129 1.08129446252561 37.87595704
9 37786775 0 37.96964688
9 37918764 0 37.96964688
9 37945729 0 37.96964688
9 37966573 4.67070904541801 37.96964688
9 37990154 1.77109255232982 38.07978687
9 38107439 0 38.28750946
9 38164601 3.8381175233996 38.28750946
9 38264496 2.92571405658544 38.67091821
9 38295670 5.84167371852673 38.76212442
9 38324504 0 38.93056324
9 38347892 0.378011488137652 38.93056324
9 38458789 0 38.97248358
9 38513565 0 38.97248358
9 38561388 3.2904956966992 38.97248358
9 38588925 4.36856734888142 39.06309396
9 38620440 1.32930997735435 39.20076936
9 38688003 0 39.29058153
9 38708085 1.27213426032732 39.29058153
9 38833796 0.516115958488714 39.4505028
9 39147253 0 39.61228296
9 39209123 0 39.61228296
9 39300271 0 39.61228296
9 39336969 0 39.61228296
9 39610171 0 39.61228296
9 39637826 2.03216633901264 39.61228296
9 39656138 0 39.64949599
9 39685355 4.06284013979515 39.64949599
9 39726272 1.63472878432591 39.81573522
9 39777873 0 39.90008886
9 39854836 0 39.90008886
9 39917723 0 39.90008886
9 39977921 0 39.90008886
9 40084823 0 39.90008886
9 40105589 0 39.90008886
9 40132419 0 39.90008886
9 40216878 0 39.90008886
9 40289136 2.05927887963271 39.90008886
9 40405455 0 40.13962212
9 40434435 0 40.13962212
9 40493813 0.906500962155406 40.13962212
9 40549937 0 40.19049858
9 40585738 0 40.19049858
9 40639037 0.237967094454568 40.19049858
9 40723035 0.0217364836176823 40.21048734
9 41057481 0.136880801404872 40.21775702
9 41288675 0.193705460481955 40.24940304
9 41411796 2.75651724780095 40.27325225
9 41503083 0.0151612352392335 40.52488644
9 41655345 0.743916138654207 40.52719492
9 41871249 1.02711510374703 40.68780939
9 42030097 0 40.85096457
9 42074913 0 40.85096457
9 42151245 0 40.85096457
9 42207607 0.384912683715791 40.85096457
9 42292929 0 40.88380609
9 42320789 0.942971398128647 40.88380609
9 42350822 0 40.91212635
9 42376176 1.4463547470408 40.91212635
9 42554940 0 41.17068251
9 42645729 0 41.17068251
9 42688946 0 41.17068251
9 42811633 0 41.17068251
9 42864415 0.748188137090493 41.17068251
9 43053458 0 41.31212224
9 43096509 0 41.31212224
9 43117408 0 41.31212224
9 43155519 1.78605054956723 41.31212224
9 43212018 0.0971342955327799 41.41303231
9 43248393 0 41.41656557
9 43352867 0.816691652345532 41.41656557
9 43380216 0.474807398203028 41.43890127
9 43442988 0.397645495615152 41.46870588
9 43458040 0 41.47469124
9 43522668 0 41.47469124
9 43562986 0.0619093524372706 41.47469124
9 43812568 0 41.4901427
9 43949194 6.23348056081199 41.4901427
9 43972446 0.272489268444946 41.63508359
9 44193523 0 41.6953247
9 44255231 0 41.6953247
9 44295368 1.32692246960354 41.6953247
9 44352365 3.33582726693289 41.7709553
9 44411983 0 41.96983065
9 44431603 0 41.96983065
9 44526985 1.32724093838885 41.96983065
9 44603627 0 42.07155305
9 44637804 0 42.07155305
9 44709827 0 42.07155305
9 44763734 0.539085335949019 42.07155305
9 44935010 0.122981562391273 42.16388543
9 45104609 0 42.18474298
9 45135255 0 42.18474298
9 45293539 0.618987373767778 42.18474298
9 45459701 0 42.28759516
9 45495778 0 42.28759516
9 45524861 0.261310096580101 42.28759516
9 45694047 0 42.33180517
9 45754622 0.286001819063751 42.33180517
9 45837082 0.38496597035734 42.35538888
9 45934644 0 42.39294693
9 45986095 0.096173394397676 42.39294693
9 46033040 2.02888085816118 42.39746179
9 46063617 0.263146220424021 42.45949888
9 46139988 1.22307838937966 42.47959562
9 46360847 0.161792577990303 42.74972349
9 46627675 0 42.79289428
9 46662796 0.0202120011061096 42.79289428
9 46749588 0.687063246494706 42.79464852
9 46842020 0.334164922495864 42.85815515
9 47096200 1.31211946949982 42.94309319
9 47376690 0.459752462558131 43.31112958
9 47513235 0 43.37390648
9 47558941 0 43.37390648
9 47588878 0 43.37390648
9 47610804 0 43.37390648
9 47709161 0 43.37390648
9 47807835 0.961170204799206 43.37390648
9 48088256 0 43.64343879
9 48135432 0.349073888666394 43.64343879
9 48165396 0.468085975784473 43.65389844
9 48231717 0.0310029982747494 43.68494237
9 48291418 1.50201982410958 43.68679328
9 48311999 0 43.71770635
9 48336145 2.06410388926038 43.71770635
9 48385486 0.403159134337673 43.8195513
9 48407989 3.38975490782864 43.82862359
9 48441405 0 43.94189564
9 48498999 0.388264806736807 43.94189564
9 48713344 0 44.02511826
9 48773546 0 44.02511826
9 48794848 4.66485297495978 44.02511826
9 48820966 0 44.14695489
9 48874522 0 44.14695489
9 48908662 0 44.14695489
9 48943719 0.165167597765319 44.14695489
9 48980951 0 44.15310441
9 49003588 1.07079286010814 44.15310441
9 49032496 0 44.18405889
9 49061707 1.60428587130749 44.18405889
9 49170882 0 44.3592068
9 49192024 0 44.3592068
9 49224046 0 44.3592068
9 49257679 1.51983964291616 44.3592068
9 49366561 0 44.52468998
9 49429365 0 44.52468998
9 49457693 0 44.52468998
9 49491945 6.74956924618104 44.52468998
9 49511910 0 44.65944513
9 49534025 0.62934048794973 44.65944513
9 49560954 0 44.67639264
9 49603550 0 44.67639264
9 49673791 3.03885851638718 44.67639264
9 49702289 1.98417152675663 44.76299403
9 49762816 0.922189138334631 44.88308998
9 49832437 1.43151710758388 44.94729371
9 49860787 0.953935398577984 44.98787722
9 49916761 0.191421641055907 45.0412728
9 49957369 0.460724370167018 45.04904605
9 49977414 1.73619988445973 45.05828127
9 49994724 1.64150283824067 45.08833489
9 50019211 0 45.12853037
9 50053503 0.65048592525732 45.12853037
9 50084516 0.833561996107796 45.14870389
9 50127680 1.07178677993467 45.18468376
9 50156167 0 45.21521575
9 50193250 0 45.21521575
9 50223504 0 45.21521575
9 50246135 0 45.21521575
9 50288536 0.795810319767619 45.21521575
9 50316056 0.182069852727133 45.23711645
9 50401951 0.232433337878096 45.25275534
9 50453292 0.593760354539416 45.2646887
9 50477436 0.91349775159477 45.27902445
9 50506123 0 45.30522996
9 50542195 0 45.30522996
9 50567297 1.26285226302326 45.30522996
9 50589546 0 45.33332716
9 50650274 1.09274968434346 45.33332716
9 50681954 0 45.36794547
9 50719463 0 45.36794547
9 50744986 0 45.36794547
9 50767295 0 45.36794547
9 50797460 0 45.36794547
9 50853401 1.43174558865473 45.36794547
9 50902479 0 45.43821268
9 50970447 0 45.43821268
9 51023481 0 45.43821268
9 51053062 0 45.43821268
9 51119766 3.12627414935307 45.43821268
9 51148597 0.887680913387928 45.52834629
9 51178639 0.751268013002674 45.555014
9 51217708 1.65701402555992 45.58436529
9 51257849 0 45.65087949
9 51280801 1.71385304598656 45.65087949
9 51310266 0 45.70137817
9 51458212 0 45.70137817
9 51486097 0 45.70137817
9 51545402 0 45.70137817
9 51588928 0.265848174434164 45.70137817
9 51702071 0.647057723975223 45.73145703
9 51769478 0.992380517068962 45.77507325
9 51839488 0 45.84454981
9 51912603 0 45.84454981
9 51953075 0.919372019689355 45.84454981
9 52005083 0.94118321515806 45.89236451
9 52089421 0 45.97174202
9 52118530 0.660172226007456 45.97174202
9 52319603 0 46.10448483
9 52391465 0 46.10448483
9 52424068 0 46.10448483
9 52465284 0 46.10448483
9 52505062 4.229188057041 46.10448483
9 52527502 0 46.19938781
9 52580587 0 46.19938781
9 52599320 0 46.19938781
9 52620572 0 46.19938781
9 52645646 1.00633113940004 46.19938781
9 52671019 2.77417968088374 46.22492145
9 52700538 0.104238548908579 46.30681246
9 52735491 1.18429435697844 46.31045591
9 52763756 1.53606088391715 46.34392999
9 52796474 0 46.39418683
9 52850738 1.08278534301302 46.39418683
9 52920575 4.41885992543066 46.46980531
9 52951687 0 46.60728488
9 52979725 0 46.60728488
9 53014994 2.99077551157542 46.60728488
9 53044755 3.84660803382685 46.69629335
9 53080230 0 46.83275177
9 53116025 1.4628030225321 46.83275177
9 53145272 0 46.87553437
9 53192720 0.524391361667405 46.87553437
9 53272365 0 46.91729952
9 53358054 0.632466884627171 46.91729952
9 53387723 0.129166744034603 46.93606418
9 53409265 0 46.93884669
9 53435870 0 46.93884669
9 53536927 0 46.93884669
9 53586319 2.54667507379599 46.93884669
9 53639845 1.57833519951154 47.07516002
9 53659493 0 47.10617115
9 53738100 0 47.10617115
9 53775935 0 47.10617115
9 53815601 0.7737375035701 47.10617115
9 53836607 3.88480851919838 47.12242428
9 53876376 0 47.27691923
9 53898427 0 47.27691923
9 53973110 0 47.27691923
9 54016591 0 47.27691923
9 54047506 0 47.27691923
9 54071333 0 47.27691923
9 54101786 0 47.27691923
9 54121979 0 47.27691923
9 54172435 0.29197643407859 47.27691923
9 54193058 2.06962753649898 47.28294066
9 54241895 0.405656593475327 47.38401506
9 54281836 0 47.40021739
9 54302918 0.596443647247835 47.40021739
9 54484666 0 47.50861983
9 54522488 0 47.50861983
9 54546703 0.207731526932511 47.50861983
9 54592540 0 47.51814162
9 54628164 1.26763910380053 47.51814162
9 54675341 0 47.57794503
9 54707640 3.99849081920912 47.57794503
9 54750120 0 47.74780092
9 54806121 0 47.74780092
9 54882341 0.19896620574555 47.74780092
9 54915897 0 47.75447743
9 54946476 0 47.75447743
9 54977611 0 47.75447743
9 55001940 1.94621440043426 47.75447743
9 55046147 0 47.84051373
9 55081207 0 47.84051373
9 55115730 0.206032915038019 47.84051373
9 55237255 0.702154260089912 47.86555188
9 55259555 2.10951232956186 47.88120992
9 55294025 1.34268210173494 47.95392481
9 55358467 0 48.04044993
9 55390187 0 48.04044993
9 55526655 0 48.04044993
9 55562504 2.18332114494654 48.04044993
9 55615013 0 48.15509394
9 55645778 0 48.15509394
9 55677831 2.07894944972946 48.15509394
9 55704636 0 48.21082018
9 55772680 0 48.21082018
9 55890890 0 48.21082018
9 55920760 0 48.21082018
9 56039155 0.204531180762719 48.21082018
9 56106857 2.94274478580041 48.22466735
9 56132604 0 48.3004342
9 56167087 0.70277734827992 48.3004342
9 56203305 0.962335236756493 48.32588739
9 56260220 0 48.3806587
9 56311231 0 48.3806587
9 56354025 0 48.3806587
9 56417147 0 48.3806587
9 56455641 0.251400742595734 48.3806587
9 56513546 0 48.39521606
9 56541892 0.37171591796872 48.39521606
9 56644292 0 48.43327977
9 56687652 0 48.43327977
9 56744776 1.69321147595044 48.43327977
9 56787230 1.60411310807564 48.50516337
9 56808095 0 48.53863319
9 56837865 0.840275859693847 48.53863319
9 56895938 1.09978599090757 48.58743053
9 56955328 0.293258545178741 48.65274682
9 56996199 2.53586496980146 48.66473259
9 57019379 0 48.72351394
9 57057433 6.29681609805553 48.72351394
9 57078156 0 48.85400286
9 57139648 0 48.85400286
9 57203602 0.843010684270492 48.85400286
9 57241321 0.480954695044969 48.88580038
9 57273834 0.578273411633872 48.90143766
9 57385285 0 48.96588681
9 57425225 0 48.96588681
9 57541506 0 48.96588681
9 57574912 0 48.96588681
9 57615068 0.322697348054767 48.96588681
9 57663523 3.86087740355768 48.98152311
9 57705180 0 49.14235568
9 57749809 1.24898235006461 49.14235568
9 57772302 2.93624681048449 49.17044904
9 57793857 0 49.23373984
9 57839407 0 49.23373984
9 57881730 2.51432760595651 49.23373984
9 57934110 0 49.36544032
9 57993013 0 49.36544032
9 58062457 0 49.36544032
9 58160680 2.59491960188639 49.36544032
9 58239351 0.0648405805182816 49.56958524
9 58311080 0 49.57423619
9 58359217 1.58361210731334 49.57423619
9 58482184 1.81595847136375 49.76896822
9 58511465 1.42162364435766 49.8221413
9 58562640 0 49.89489289
9 58604116 2.12362665030458 49.89489289
9 58651380 1.68189936137401 49.99526398
9 58678626 0 50.04108901
9 58703658 0 50.04108901
9 58728104 0 50.04108901
9 58778092 0 50.04108901
9 58798670 0 50.04108901
9 58824954 0 50.04108901
9 58852236 1.48699060730401 50.04108901
9 58881727 1.19359732614445 50.08494185
9 58918079 0 50.1283315
9 58942025 0.419974638270214 50.1283315
9 58972780 2.9157857429446 50.14124782
9 58995211 0 50.20665181
9 59051737 2.45525146462382 50.20665181
9 59096117 0 50.31561587
9 59159045 5.99613360525265 50.31561587
9 59179149 0 50.43616214
9 59226934 0 50.43616214
9 59283184 0 50.43616214
9 59303365 2.8619552865373 50.43616214
9 59354580 4.17028295799159 50.58273718
9 59385574 0 50.71199093
9 59405763 0 50.71199093
9 59447223 0 50.71199093
9 59474212 0 50.71199093
9 59545803 0 50.71199093
9 59567042 0 50.71199093
9 59589683 0 50.71199093
9 59620224 0 50.71199093
9 59652002 0 50.71199093
9 59765391 0 50.71199093
9 59797389 0 50.71199093
9 59879879 2.73213326240212 50.71199093
9 59909955 0 50.79416257
9 59938989 1.18864496559227 50.79416257
9 59961077 0 50.82041736
9 59984083 0.375541467953822 50.82041736
9 60009874 0 50.83010295
9 60072130 2.10214530651005 50.83010295
9 60185862 3.42451879010077 51.06918414
9 60216410 1.87441007611935 51.17379634
9 60247414 0 51.23191055
9 60271192 3.30754321808497 51.23191055
9 60328344 0.514102907488957 51.42094326
9 60356719 0 51.43553093
9 60411198 0 51.43553093
9 60459717 0 51.43553093
9 60518230 0 51.43553093
9 60572466 2.23568067504472 51.43553093
9 60639069 0 51.58443397
9 60665843 1.74095574306856 51.58443397
9 60689071 1.53725739436659 51.62487289
9 60717471 0.479354418846316 51.668531
9 60740520 0 51.67957964
9 60773581 0 51.67957964
9 60804502 2.01646112367398 51.67957964
9 60827498 0 51.72595018
9 60928363 0 51.72595018
9 60992906 0 51.72595018
9 61146207 0 51.72595018
9 61259263 0.979730718287086 51.72595018
9 61341556 0.602067822218448 51.80657516
9 61413037 0 51.84961157
9 61435932 0 51.84961157
9 61464103 0 51.84961157
9 61515417 0.751054089225569 51.84961157
9 61605324 0.492905424200388 51.91713659
9 61648464 0.972712135212078 51.93840053
9 61700412 1.01109309477217 51.98893098
9 61864954 0.339830365258753 52.15529826
9 62021172 0.856412435738676 52.20838588
9 62074470 0.576477063583024 52.25403095
9 62103267 0.737295377201635 52.27063176
9 62143524 0.927980298410922 52.30031306
9 62230116 0.464618456598052 52.38066873
9 62571414 0 52.53924208
9 62596000 0.277096885967891 52.53924208
9 62685466 0 52.56403283
9 62735093 0 52.56403283
9 62796313 0 52.56403283
9 62820144 0.325475119169192 52.56403283
9 62842591 0 52.57133877
9 62875270 0.765377866483937 52.57133877
9 62923369 0 52.60815268
9 62945502 0 52.60815268
9 62968960 0 52.60815268
9 63071402 0 52.60815268
9 63176462 1.37232974231253 52.60815268
9 63213406 0 52.65885203
9 63234785 0 52.65885203
9 63286215 0.277019506369233 52.65885203
9 63311335 2.14945580559616 52.66581076
9 63334709 0 52.71605214
9 63368296 0 52.71605214
9 63399927 0 52.71605214
9 63468566 0 52.71605214
9 63487416 0 52.71605214
9 63533814 1.3986660394177 52.71605214
9 63634784 0 52.85727545
9 63662812 0 52.85727545
9 63688735 0.0257908528107951 52.85727545
9 63788722 0 52.8598542
9 63815145 0.0311837464308775 52.8598542
9 63981853 1.68644484203179 52.86505278
9 64004769 0.331780907431345 52.90369935
9 64110496 0 52.93877755
9 64153001 0 52.93877755
9 64176377 0 52.93877755
9 64196346 0 52.93877755
9 64237505 0 52.93877755
9 64258947 3.0815444867735 52.93877755
9 64287034 8.83100222718173 53.02532889
9 64287483 0.935748681014818 53.02929401
9 64335247 0 53.07398911
9 64368103 0.738166456289049 53.07398911
9 64392662 0 53.09211774
9 64433200 0 53.09211774
9 64470076 0 53.09211774
9 64490683 0 53.09211774
9 64531539 0 53.09211774
9 64563245 0 53.09211774
9 64591467 1.15844961908887 53.09211774
9 64626252 3.66935881083175 53.13241441
9 64646636 0 53.20721062
9 64690341 0 53.20721062
9 64721094 0 53.20721062
9 64753772 0 53.20721062
9 64776684 0 53.20721062
9 64819053 0.223266344281772 53.20721062
9 64898668 0 53.22498597
9 65181709 0.469143762625961 53.22498597
9 65235666 1.25537146863758 53.25029956
9 65269895 0 53.29326967
9 65344552 0 53.29326967
9 65428890 0 53.29326967
9 65449563 2.77568333808116 53.29326967
9 65523282 0 53.49789027
9 65567621 0.304974575458104 53.49789027
9 65734389 0 53.54875027
9 65757782 0.742091278874583 53.54875027
9 65838173 0.775254523106825 53.60840773
9 66006586 2.207374991473 53.73897067
9 66035904 1.46607190223573 53.80368649
9 66099240 0 53.89654162
9 66147217 1.13742173217548 53.89654162
9 66269745 0.896622011900008 54.03590763
9 66298484 0.883088904694225 54.06167565
9 66326604 0 54.08650811
9 66439043 0 54.08650811
9 66646669 4.36557428201928 54.08650811
9 66695382 0 54.29916833
9 66740590 1.44479956914408 54.29916833
9 66981970 1.30504238596766 54.64791405
9 67645751 0.599118473696218 55.51417639
9 67675994 6.09623433197704 55.53229553
9 67700327 1.29862570709844 55.6806352
9 67856953 0.0492269595792244 55.88403375
9 67996881 0 55.89092198
9 68095521 1.37647081888102 55.89092198
9 68128676 1.38959652396012 55.93655887
9 68228905 0.18711702329116 56.07583674
9 68260591 0 56.08176573
9 68313927 0.762323148799018 56.08176573
9 68338114 0.378595353894002 56.10020404
9 68511033 4.63544140639893 56.16567037
9 68537256 0.246671362473148 56.28722555
9 68692004 0 56.32539745
9 68718418 0 56.32539745
9 68740453 0.219983233700375 56.32539745
9 68840654 0.754443114707229 56.34743999
9 68917528 4.00970042356502 56.40543705
9 68930513 0.00915541795661508 56.45750301
9 68978963 0 56.45794659
9 69091273 2.18642246516083 56.45794659
9 69236440 0 56.77534298
9 69270585 0.497969903975408 56.77534298
9 69342754 0.593291016038236 56.81128097
9 69460909 1.84736924104159 56.88138127
9 69501346 0 56.95608334
9 69514180 0 56.95608334
9 69572294 0 56.95608334
9 69599804 0 56.95608334
9 69626283 0 56.95608334
9 69659376 0 56.95608334
9 69703203 0 56.95608334
9 69888949 6.40715403456284 56.95608334
9 69918345 1.0567943552061 57.14442804
9 69973192 0 57.20239004
9 70035890 0 57.20239004
9 70119558 4.46488571934816 57.20239004
9 70175998 0 57.45438819
9 70399986 0 57.45438819
9 70444266 0 57.45438819
9 70475447 0 57.45438819
9 70506888 1.22176671124653 57.45438819
9 70788779 0 57.79879323
9 70886886 0 57.79879323
9 70917857 7.19081964415253 57.79879323
9 70941294 0 57.96732447
9 70972735 0.977373650107892 57.96732447
9 71053760 0 58.04651617
9 71107122 0 58.04651617
9 71204750 0 58.04651617
9 71299268 6.11859575549611 58.04651617
9 71322875 0 58.19095786
9 71493970 6.57408740807871 58.19095786
9 71522663 0 58.37958815
9 71565043 0.791343801389918 58.37958815
9 71659298 3.51923551594107 58.45417626
9 71682634 0 58.53630114
9 71704710 0 58.53630114
9 71733707 0 58.53630114
9 71807476 0.547636131717451 58.53630114
9 72186135 2.88293775124158 58.74366849
9 72219967 0.15382039460632 58.84120404
9 72260311 1.72733950830166 58.84740977
9 72341499 0 58.98764901
9 72368857 0 58.98764901
9 72418284 0.938922006869133 58.98764901
9 72476225 0 59.04205109
9 72500368 0 59.04205109
9 72526586 2.64064101829918 59.04205109
9 72718671 0 59.54927862
9 72749542 0.0369587240522051 59.54927862
9 72874312 0 59.55388996
9 72923043 0 59.55388996
9 72973276 0 59.55388996
9 73009507 0 59.55388996
9 73056592 1.58292524989873 59.55388996
9 73175040 0.311450678975539 59.74138429
9 73223569 0.64796740870065 59.75649868
9 73264807 0 59.78321956
9 73292804 0 59.78321956
9 73314138 1.12219973255526 59.78321956
9 73347042 0.621665191740491 59.82014442
9 73380942 0 59.84121887
9 73454255 0.69056508855358 59.84121887
9 73512299 0 59.88130203
9 73582800 1.34548495875769 59.88130203
9 73624020 0 59.93676292
9 73701336 0 59.93676292
9 73722129 0 59.93676292
9 73748526 0.137972490371588 59.93676292
9 73822865 0.137972490371862 59.9470196569617
9 73848491 1.36844448378099 59.95055534
9 73961476 0.440354721007915 60.10516904
9 74077680 1.18660736602252 60.15634002
9 74104886 2.61791413396869 60.18862286
9 74154405 0 60.31825935
9 74191696 0.341362750415501 60.31825935
9 74477471 0.0555603314299245 60.41581229
9 74590074 0.534010858166628 60.42206855
9 74681618 2.81975299734425 60.47095404
9 74746759 0 60.65463557
9 74771426 0 60.65463557
9 74797172 0.592899517003803 60.65463557
9 74888063 0 60.7085248
9 74921852 1.78295285306244 60.7085248
9 75060843 0.785493025658557 60.9563392
9 75089878 0.514297838032981 60.97914599
9 75137011 0.365740522030404 61.00338639
9 75297040 2.79939088619163 61.06191548
9 75327609 0 61.14749006
9 75393888 0.677105662465641 61.14749006
9 75505924 0 61.22335027
9 75564769 0.732012437275015 61.22335027
9 75597252 0 61.24712823
9 75627446 2.56098010255557 61.24712823
9 75723589 0 61.49334854
9 75754987 0 61.49334854
9 75842621 0 61.49334854
9 75879679 3.79480933886461 61.49334854
9 75902337 1.43431650060392 61.57933133
9 76008321 0 61.73134593
9 76044703 0 61.73134593
9 76069750 1.17240264762752 61.73134593
9 76136980 0 61.81016656
9 76209166 0.327676376323713 61.81016656
9 76258464 0 61.82632035
9 76319841 0 61.82632035
9 76377891 0 61.82632035
9 76416712 0.588614790203914 61.82632035
9 76549746 0 61.90462613
9 76708517 1.25535470946072 61.90462613
9 76804356 0.797808230028882 62.02493807
9 76829605 1.52711016459684 62.04508193
9 76843457 0 62.06623546
9 77016808 0.0563470746931952 62.06623546
9 77117259 0.554315085828238 62.07189558
9 77251597 1.82906078275102 62.14636116
9 77275436 0 62.18996414
9 77365145 0.853285929954613 62.18996414
9 77542337 0.853285929954604 62.3411595805005
9 77778477 0 62.54265452
9 77945633 5.46830849523975 62.54265452
9 77994684 0.188365864471196 62.81088052
9 78152584 1.54634955888706 62.84062349
9 78217420 0 62.94088261
9 78368219 0.861924963156273 62.94088261
9 78649814 0.699792437889773 63.18359637
9 78750844 0 63.2542964
9 78856788 0 63.2542964
9 78957637 0 63.2542964
9 78984268 1.64552834513951 63.2542964
9 79226373 2.77079487614516 63.65268704
9 79356041 0.267594119835904 64.01197047
9 79536104 0 64.06015427
9 79600642 1.9066139185674 64.06015427
9 79635272 1.54802923127126 64.12618031
9 79825274 0 64.42030896
9 79854298 0 64.42030896
9 79927447 0.0468005002304348 64.42030896
9 79973026 0.937566556322316 64.42244208
9 80058818 0.502914301162523 64.50287779
9 80125400 0 64.53636283
9 80154061 0 64.53636283
9 80206405 4.27175028544511 64.53636283
9 80236183 0 64.66356701
9 80288835 0 64.66356701
9 80327730 0 64.66356701
9 80347877 2.67737605173543 64.66356701
9 80376639 7.98971254219668 64.7405737
9 80415149 0 65.04825753
9 80481120 0 65.04825753
9 80503311 0 65.04825753
9 80586477 0 65.04825753
9 80628973 0 65.04825753
9 80659776 0.274356265238935 65.04825753
9 80701610 0 65.05973495
9 80738394 0 65.05973495
9 80770220 0 65.05973495
9 80793540 1.62328977205679 65.05973495
9 80869831 0 65.18357735
9 80927101 0 65.18357735
9 80948713 0 65.18357735
9 80969987 0 65.18357735
9 81003100 0 65.18357735
9 81029512 0 65.18357735
9 81076190 4.03974466866433 65.18357735
9 81121582 0 65.36694944
9 81169310 2.20658486431829 65.36694944
9 81198975 5.64281211963148 65.43240778
9 81221979 0 65.56221503
9 81251852 0 65.56221503
9 81301267 4.11891454456793 65.56221503
9 81364844 0 65.82408326
9 81389583 0.428804381523185 65.82408326
9 81505707 2.24139718085992 65.87387774
9 81548486 0 65.96976247
9 81575003 4.91256228024232 65.96976247
9 81601737 0 66.10109491
9 81624014 3.00988095680266 66.10109491
9 81677860 0 66.26316496
9 81704016 0 66.26316496
9 81739429 0 66.26316496
9 81768892 0 66.26316496
9 81797181 3.49147884012526 66.26316496
9 81822701 0 66.3522675
9 81845883 0 66.3522675
9 81867498 0 66.3522675
9 82009850 0 66.3522675
9 82014278 11.1319343372008 66.3522675
9 82034533 0 66.57774483
9 82059552 0.80651639238713 66.57774483
9 82137210 0 66.64037728
9 82174428 0 66.64037728
9 82208636 0 66.64037728
9 82247268 0 66.64037728
9 82294526 1.08500560213292 66.64037728
9 82346292 0.947208794690529 66.69654368
9 82403099 0 66.75035177
9 82431652 2.17819163366071 66.75035177
9 82468514 3.19803668755194 66.83064427
9 82534749 0 67.04246623
9 82557617 0 67.04246623
9 82584068 0 67.04246623
9 82606107 1.96323010502754 67.04246623
9 82630196 0.190622724659828 67.08975848
9 82729357 0.461862925958268 67.10866082
9 82797116 0.945912708360761 67.13995619
9 83032465 1.90238775816487 67.3625758
9 83119086 0 67.52736253
9 83233647 3.61798138468099 67.52736253
9 83383631 0 68.07000185
9 83491665 0 68.07000185
9 83512229 8.42901862369602 68.07000185
9 83534942 0 68.26145015
9 83641203 0 68.26145015
9 83688492 0.365111441088399 68.26145015
9 83891873 0.0397027346972721 68.33570688
9 84059131 2.97727592224539 68.34234748
9 84182905 0 68.71085683
9 84215084 0.366076073139678 68.71085683
9 84276446 0 68.73331999
9 84333586 3.67758847218736 68.73331999
9 84373316 0 68.87943058
9 84411017 0.186520192887329 68.87943058
9 84444197 1.86105153439686 68.88561932
9 84464824 1.23760148624668 68.92400723
9 84554984 0 69.03558938
9 84616331 8.00916264593989 69.03558938
9 84677058 0 69.5219618
9 84789933 0 69.5219618
9 84907349 0 69.5219618
9 85081789 0 69.5219618
9 85102881 0 69.5219618
9 85159286 0.687590929501523 69.5219618
9 85181556 0 69.53727445
9 85201593 1.67389570552137 69.53727445
9 85238757 0 69.59948311
9 85299984 0 69.59948311
9 85338417 0 69.59948311
9 85386981 0 69.59948311
9 85418311 1.74125455163444 69.59948311
9 85438908 0 69.63534773
9 85483061 4.55599488473331 69.63534773
9 85511994 2.55883077765634 69.76716633
9 85541210 2.44518630703377 69.84192513
9 85582808 0 69.94363999
9 85621761 0.0491717920046823 69.94363999
9 85650377 0 69.94504709
9 85688761 2.08360978498202 69.94504709
9 85715782 0 70.00134831
9 85739184 1.92935873994355 70.00134831
9 85777468 0.227601398444292 70.07521188
9 85866424 0 70.09545839
9 85897022 0.763841651887333 70.09545839
9 85975962 4.34947532746295 70.15575605
9 86016959 0.273215426568105 70.33407149
9 86042629 0 70.34108493
9 86065016 0 70.34108493
9 86107256 0 70.34108493
9 86122221 1.57517924671006 70.34108493
9 86155276 3.41181813341859 70.39315248
9 86230408 0 70.6494892
9 86271158 0 70.6494892
9 86301975 3.99083714400316 70.6494892
9 86326905 7.28619655392476 70.74898077
9 86348843 1.95162087447113 70.90882535
9 86384293 0.274627424200783 70.97801031
9 86420903 0.105619507682784 70.98806442
9 86459821 2.04254080489551 70.99217492
9 86542838 0 71.16174053
9 86577693 0.67203753047195 71.16174053
9 86612971 0 71.18544867
9 86697042 5.56593505913862 71.18544867
9 86741852 0.148114428738927 71.43485822
9 86962793 0 71.46758277
9 86996035 0 71.46758277
9 87035097 0.718742580737094 71.46758277
9 87343753 0 71.68942698
9 87365365 1.80702086702099 71.68942698
9 87430300 0 71.80676588
9 87454872 2.11832260165864 71.80676588
9 87494785 0 71.89131449
9 87548281 5.50355972456648 71.89131449
9 87615230 0.860223302322386 72.25977231
9 87701436 0 72.33392872
9 87737922 0 72.33392872
9 87761731 8.86917607273045 72.33392872
9 87784500 2.79656410082407 72.53587099
9 87813977 0 72.61830531
9 87859682 0 72.61830531
9 87888561 1.70134503472387 72.61830531
9 88080504 0.492152214978035 72.94486658
9 88113326 0.845068498996935 72.96102
9 88160188 1.16192632814202 73.0006216
9 88210465 0 73.05903977
9 88254314 3.02826367411826 73.05903977
9 88276948 0.388818828744779 73.12758149
9 88414100 0.490505978518094 73.18090877
9 88442120 0.490505978517765 73.1946527475181
9 88469630 0.49050597851793 73.2081465669871
9 88532524 4.25361670864819 73.23899645
9 88561108 2.43454093692897 73.36058183
9 88598336 2.16785329869169 73.45121492
9 88684552 1.25759081072093 73.63811856
9 88714587 0 73.6758903
9 88732430 0.302716482393192 73.6758903
9 88775482 1.03784329809237 73.68892285
9 88808398 0 73.7230845
9 88837089 4.23481085485687 73.7230845
9 88877587 0 73.89458587
9 88920326 0 73.89458587
9 88995486 4.93628594830731 73.89458587
9 89039438 1.9605676978257 74.11154551
9 89057282 0 74.14652988
9 89086774 4.36999858091621 74.14652988
9 89122008 0 74.30050241
9 89161131 0 74.30050241
9 89204143 0 74.30050241
9 89261575 2.34124967869557 74.30050241
9 89351054 0 74.50999509
9 89373227 4.83901323392352 74.50999509
9 89400052 3.74673739857989 74.63980162
9 89522439 0 75.09835357
9 89551033 0 75.09835357
9 89577563 0 75.09835357
9 89632540 0 75.09835357
9 89664367 0 75.09835357
9 89708244 3.78367845595694 75.09835357
9 89748761 0.964373883556764 75.25165687
9 89880877 0 75.37906609
9 89912707 0 75.37906609
9 89942586 5.02172517711765 75.37906609
9 89980414 0 75.56902791
9 90016333 0 75.56902791
9 90051212 0 75.56902791
9 90075365 0 75.56902791
9 90109385 0.665224677443405 75.56902791
9 90129614 0 75.58248474
9 90139623 5.84170078332879 75.58248474
9 90166687 0 75.74058453
9 90198728 2.10376672285769 75.74058453
9 90226609 0.496513277693125 75.79923965
9 90252969 2.23809578134585 75.81232774
9 90336242 0.746618648424577 75.99870069
9 90431553 1.03416898133986 76.06986166
9 90513278 0.258940164547569 76.15437912
9 90540018 3.53307054780669 76.16130318
9 90574647 0 76.28364988
9 90611291 0 76.28364988
9 90715541 0 76.28364988
9 90747056 3.0236779866144 76.28364988
9 90815637 13.7675067318239 76.49101674
9 90845718 2.6794230885501 76.90515711
9 90893777 2.67942308854987 77.0339275042126
9 90928417 1.81056004167757 77.12674272
9 90951451 4.08711553864643 77.16844716
9 91001391 0.806580274726453 77.37255771
9 91051550 0.977121492241438 77.41301497
9 91081840 0 77.44261198
9 91113780 7.7275854222097 77.44261198
9 91142344 0 77.66334273
9 91249111 0.680342572098703 77.66334273
9 91309653 0 77.70453203
9 91367339 1.58176547779265 77.70453203
9 91397059 1.04332644999103 77.7515421
9 91430473 0 77.78640381
9 91503109 0 77.78640381
9 91625396 0 77.78640381
9 91718918 3.23077345967801 77.78640381
9 91768940 4.97006428031228 77.94801356
9 91808610 0 78.14517601
9 91871198 0.438658493457511 78.14517601
9 91939062 0 78.17494513
9 92056243 0 78.17494513
9 92098037 4.71989658544732 78.17494513
9 92146096 0 78.40177864
9 92177927 0.258545379315671 78.40177864
9 92281851 0 78.42864771
9 92327963 2.02739554445077 78.42864771
9 92480851 0 78.73861216
9 92507446 0.389608334243316 78.73861216
9 92653974 0 78.79570069
9 92698989 7.44934272071656 78.79570069
9 92719513 1.2332061117508 78.948591
9 92750797 0 78.98717062
9 92870792 3.61888930490288 78.98717062
9 92977626 1.10056626210394 79.37379104
9 93030605 4.90475020042621 79.43209794
9 93081746 0 79.68293177
9 93213593 0 79.68293177
9 93253191 0 79.68293177
9 93303043 3.93207969008203 79.68293177
9 93394422 0 80.04224128
9 93563528 0 80.04224128
9 93589365 0 80.04224128
9 93613642 0 80.04224128
9 93637434 0 80.04224128
9 93699875 0 80.04224128
9 93721342 0 80.04224128
9 93741723 3.8232464114831 80.04224128
9 93766803 0 80.1381283
9 93836235 0 80.1381283
9 93876374 7.26385947781774 80.1381283
9 93899929 1.53664926993206 80.30922851
9 93967183 0 80.41257432
9 93998047 0 80.41257432
9 94022498 3.2833956188708 80.41257432
9 94042995 3.17580316487467 80.47987408
9 94158513 0 80.84673651
9 94189767 0 80.84673651
9 94233960 0 80.84673651
9 94256055 0 80.84673651
9 94286726 0 80.84673651
9 94317214 6.66737627341441 80.84673651
9 94347644 1.0415347385303 81.04962477
9 94452398 0.970954451141367 81.1587297
9 94513124 0 81.21769188
9 94536565 0 81.21769188
9 94552504 1.24166751722353 81.21769188
9 94591694 2.01379592477847 81.26635283
9 94661727 0 81.407385
9 94692994 1.42898136409733 81.407385
9 94740322 1.19559057224648 81.47501583
9 94777701 0 81.51970581
9 94860736 0 81.51970581
9 94914634 0 81.51970581
9 94947236 1.4598664047761 81.51970581
9 95011385 0.955929419579968 81.61335478
9 95071600 2.27108121771618 81.67091607
9 95117095 0 81.77423891
9 95151510 0.244553225415716 81.77423891
9 95250598 7.3703521557202 81.7984712
9 95271867 0 81.95523122
9 95323792 0 81.95523122
9 95495038 0 81.95523122
9 95537330 9.71480572532389 81.95523122
9 95568909 0.726459994304838 82.26201507
9 95597005 0 82.28242569
9 95647043 2.091795984868 82.28242569
9 95736654 0.213276612584215 82.46987362
9 95764451 0.505682394080705 82.47580207
9 95882843 0 82.53567082
9 95940312 2.03055065262534 82.53567082
9 95967280 0.180943653927394 82.59043071
9 96047818 0 82.60500355
9 96082857 0.477672718143259 82.60500355
9 96146588 2.93130695131485 82.63544611
9 96184998 0 82.74803761
9 96206497 7.24175870179736 82.74803761
9 96252838 0 83.08362795
9 96291120 0.338321903129177 83.08362795
9 96319116 0.0621669849211051 83.09309961
9 96349490 0.459388690631763 83.09498787
9 96383957 0.970820904954524 83.11082162
9 96431429 0.816641109127204 83.15690843
9 96459992 0.814646356289736 83.18023415
9 96487958 0.601999293915478 83.20301655
9 96553106 0 83.2422356
9 96580960 0 83.2422356
9 96605772 4.76429681812333 83.2422356
9 96652474 0 83.46473779
9 96673403 1.92249956562547 83.46473779
9 96702180 0.435696456924548 83.52006156
9 96792243 0 83.55930169
9 96852982 4.2145582381345 83.55930169
9 96895437 0 83.73823076
9 96924451 0 83.73823076
9 97006520 0 83.73823076
9 97029776 8.71396116306062 83.73823076
9 97059078 6.17901535057415 83.99356725
9 97073540 1.89333283087119 84.08292817
9 97113344 9.88235364519224 84.15829039
9 97142588 0.0274324656188375 84.44728994
9 97191452 2.88370710399658 84.4486304
9 97267916 6.37031159336208 84.66913018
9 97302384 0 84.88870208
9 97327317 0.0942079614520131 84.88870208
9 97363843 5.59091551916675 84.89214312
9 97390713 8.42573360074666 85.04237102
9 97419632 3.62034537748125 85.28603481
9 97467290 0 85.45857323
9 97567316 0.446526034331368 85.45857323
9 97616309 2.58509614460164 85.48044988
9 97678715 2.88397534103548 85.64177539
9 97749602 0 85.84621175
9 97772634 0 85.84621175
9 97815175 0 85.84621175
9 97877478 7.22066794717942 85.84621175
9 97898303 0 85.99658216
9 97940526 2.01399827309392 85.99658216
9 98228903 0.430886763421081 86.57737294
9 98382281 3.23349842354179 86.64346149
9 98412729 0.199661200327614 86.74191505
9 98477428 3.0180446441171 86.75483293
9 98519942 1.53683943761293 86.88314208
9 98565320 1.36338025068249 86.95288078
9 98633454 0 87.04577333
9 98655830 0 87.04577333
9 98680329 0 87.04577333
9 98706126 0 87.04577333
9 98817544 10.066200685481 87.04577333
9 98913535 0 88.012038
9 99040850 0 88.012038
9 99086778 21.0040278935668 88.012038
9 99144354 5.32440276077004 89.22136591
9 99171303 0.0455816152510412 89.36485324
9 99230526 2.32992292723833 89.36755272
9 99256735 0 89.42861767
9 99287745 0 89.42861767
9 99344812 3.27097528866444 89.42861767
9 99381273 0.071225330359085 89.5478807
9 99416235 0 89.55037088
9 99487538 3.39911455413777 89.55037088
9 99532137 1.26206297946972 89.70196799
9 99552926 1.26206297946947 89.7282050172802
9 99600572 0 89.78833727
9 99657236 0.0920204768198972 89.78833727
9 99773758 0 89.79905968
9 99846698 7.45193433544279 89.79905968
9 99871978 2.42770283865621 89.98744458
9 99922671 0.308672808562436 90.11051212
9 99959576 1.09956464182776 90.12190369
9 100006411 0.282628271656969 90.1734018
9 100129743 0 90.20825891
9 100156843 0 90.20825891
9 100208791 3.34169214289383 90.20825891
9 100267604 1.04455427173804 90.40479385
9 100326889 0 90.46672025
9 100370467 6.08264988932792 90.46672025
9 100391249 0 90.59312988
9 100427976 0 90.59312988
9 100448279 0.407485950251167 90.59312988
9 100489205 2.00556672982625 90.60980665
9 100509788 1.34376300001793 90.65108723
9 100732480 2.38590192164696 90.9503325
9 100783582 0.633685898232763 91.07225686
9 100823811 7.34043765134624 91.09774941
9 101032356 1.71382587612952 92.62856098
9 101100411 7.34818894105695 92.7451954
9 101167289 0 93.23662758
9 101187766 0 93.23662758
9 101228294 0 93.23662758
9 101251044 2.01958015092531 93.23662758
9 101272909 0 93.2807857
9 101303519 6.13369729249925 93.2807857
9 101328302 5.30017594087379 93.43279712
9 101407590 0 93.85303747
9 101473236 0 93.85303747
9 101499991 1.6905071540569 93.85303747
9 101520399 0 93.88753734
9 101604931 7.58756895607894 93.88753734
9 101628678 1.15357334688238 94.06771934
9 101656232 0.0158444987503024 94.0995049
9 101691833 1.34794490927884 94.10006898
9 101755655 2.11618409317456 94.18609752
9 101793777 0 94.26677069
9 101815241 2.09022643062985 94.26677069
9 101846818 2.83898144870079 94.33277377
9 101875064 0.796378109452689 94.41296364
9 101929334 0 94.45618308
9 101969365 0 94.45618308
9 102007881 0 94.45618308
9 102034495 3.22117817947081 94.45618308
9 102068573 0 94.56595439
9 102076614 3.00408382701383 94.56595439
9 102110374 1.4627858373205 94.66737226
9 102136499 0.254787000137779 94.70558754
9 102165607 0.148046794232382 94.71300388
9 102220742 0 94.72116644
9 102242225 0 94.72116644
9 102286977 0 94.72116644
9 102311745 0 94.72116644
9 102338304 4.52025994621795 94.72116644
9 102410819 0 95.04895309
9 102433362 1.53126262932732 95.04895309
9 102499280 7.09494210950423 95.14989086
9 102522859 0.459643388136065 95.3171825
9 102615677 3.38482176746629 95.35984568
9 102683650 1.28233964887883 95.58992217
9 102706662 0 95.61943137
9 102752752 0 95.61943137
9 102815602 0 95.61943137
9 102853934 10.2023011229912 95.61943137
9 102898547 7.90520564406 96.07458663
9 102953472 0 96.50878005
9 102980032 5.84448918632809 96.50878005
9 103006480 0.679244133898763 96.6633551
9 103096787 1.87821253560253 96.7246956
9 103153314 0 96.83086532
9 103233691 1.65027911004522 96.83086532
9 103263715 1.09719023591962 96.8804133
9 103300380 0.170076413183771 96.92064178
9 103322104 0 96.92433652
9 103346085 0.553264127151688 96.92433652
9 103380186 0.691362918343059 96.94320338
9 103427665 0 96.9760286
9 103455006 0 96.9760286
9 103493999 0 96.9760286
9 103588854 0 96.9760286
9 103660539 0 96.9760286
9 103685877 0 96.9760286
9 103741593 0 96.9760286
9 103771813 2.4410500300706 96.9760286
9 103878229 0.645754735075592 97.23579538
9 104003359 0 97.31659867
