Chromosome Position(bp) Rate(cM/Mb) Map(cM)
5 0 0 0
5 121868 2.19674199623352 0
5 156914 0 0.07698702
5 188211 1.68191778365535 0.07698702
5 210518 0 0.11450556
5 443683 0.121363415218607 0.11450556
5 581396 2.08618460660162 0.13121888
5 658468 0 0.2920053
5 757963 0 0.2920053
5 860059 0 0.2920053
5 882265 0 0.2920053
5 935908 0 0.2920053
5 963618 4.92012704882491 0.2920053
5 986680 0 0.40547327
5 1044556 0.424370073596654 0.40547327
5 1067519 0 0.41521808
5 1104904 1.13553983327065 0.41521808
5 1168720 0 0.48768369
5 1210223 8.54502292950034 0.48768369
5 1239443 0 0.73736926
5 1295473 0 0.73736926
5 1318515 0 0.73736926
5 1356140 3.06645392635448 0.73736926
5 1389326 4.12299891301834 0.8391326
5 1432565 0.280973634742374 1.01740695
5 1474059 1.85945244215937 1.02906567
5 1481839 0 1.04353221
5 1520525 3.31977602716469 1.04353221
5 1594150 0 1.28795072
5 1617412 0 1.28795072
5 1651588 1.80053546744271 1.28795072
5 1692823 4.50582432168651 1.3621958
5 1718438 0 1.47761249
5 1751897 0 1.47761249
5 1779853 0 1.47761249
5 1805312 4.29460700055978 1.47761249
5 1835681 0 1.60803541
5 1868160 0 1.60803541
5 1903930 2.91552950008832 1.60803541
5 1926574 2.49192174551558 1.67405466
5 1955173 0 1.74532113
5 1978410 0 1.74532113
5 1999589 0 1.74532113
5 2041086 0.689517253248451 1.74532113
5 2052707 1.24653636572214 1.75333401
5 2087575 0.197453820067834 1.79679824
5 2112640 7.03479232912636 1.80174742
5 2143145 2.07076660646198 2.01634376
5 2173043 0.584677253956375 2.07825554
5 2209124 1.26747529328119 2.09935128
5 2251319 0 2.1528324
5 2294582 5.50466940852533 2.1528324
5 2323273 0 2.31076687
5 2371482 0 2.31076687
5 2401907 3.60562372241054 2.31076687
5 2440554 0 2.45011341
5 2478879 1.63648427760077 2.45011341
5 2514974 0.187915150439336 2.50918231
5 2537508 0 2.51341679
5 2577768 0 2.51341679
5 2646808 0 2.51341679
5 2702263 0.255715514939324 2.51341679
5 2735966 0.490880777055105 2.52203517
5 2770867 1.91444675804781 2.5391674
5 2860674 0.396530064452967 2.71109812
5 2983244 6.64124329490104 2.75970081
5 3015682 0 2.97512946
5 3048286 9.37750840413987 2.97512946
5 3086065 1.11315111236178 3.32940235
5 3206889 0 3.46389772
5 3273207 0 3.46389772
5 3294244 0 3.46389772
5 3317111 0 3.46389772
5 3349859 0 3.46389772
5 3393262 0.804729818358115 3.46389772
5 3428331 0 3.49211879
5 3457055 3.75984912415292 3.49211879
5 3496160 0.329202399630816 3.63914769
5 3550335 1.18501567921004 3.65698223
5 3610287 0.339792719919108 3.72802629
5 3663693 0 3.74617326
5 3684232 0 3.74617326
5 3721013 1.52462869105333 3.74617326
5 3802697 0 3.87071103
5 3841639 3.61721893337487 3.87071103
5 3918667 0 4.14933817
5 3946088 0 4.14933817
5 3969140 13.9433803953207 4.14933817
5 4001367 0 4.59869149
5 4056528 0 4.59869149
5 4097748 0 4.59869149
5 4120819 0 4.59869149
5 4175420 0 4.59869149
5 4228976 0.470571946795653 4.59869149
5 4262056 1.77138149323277 4.61425801
5 4327297 0 4.72982471
5 4349246 0 4.72982471
5 4371208 0 4.72982471
5 4392577 4.1626231308086 4.72982471
5 4457244 12.8217586951617 4.99900906
5 4488267 0 5.39677848
5 4517412 4.00079414739713 5.39677848
5 4559923 1.61333846153847 5.56685624
5 4613223 0 5.65284718
5 4667483 5.30447969391415 5.65284718
5 4692574 1.57844111991746 5.78594188
5 4713897 1.02247330937255 5.81959898
5 4789298 0 5.89669449
5 4839345 0.175004855042299 5.89669449
5 4889808 5.45772047604517 5.90552576
5 4942240 0 6.19168496
5 4988625 0 6.19168496
5 5025515 0 6.19168496
5 5062484 0 6.19168496
5 5099232 0 6.19168496
5 5133833 1.40936496704969 6.19168496
5 5228521 0 6.32513491
5 5256216 4.9654803456455 6.32513491
5 5291628 1.58568765873189 6.5009725
5 5361321 5.86556278442608 6.61148383
5 5390986 2.48798008311768 6.78548575
5 5416492 1.09301915828735 6.84894417
5 5493169 2.97060920616015 6.9327536
5 5516675 0.110349191189635 7.00258074
5 5566934 0 7.00812678
5 5593576 0 7.00812678
5 5621182 0.535737231131256 7.00812678
5 5660281 1.49742846306202 7.02907357
5 5684010 1.76050757006761 7.06460605
5 5709307 0 7.10914161
5 5756462 0.19430583343143 7.10914161
5 5781953 2.28875423534507 7.11409466
5 5872953 2.28875423534504 7.3223712954164
5 5899712 0.194728531405041 7.38361607
5 5939708 0.194728531405021 7.39140443234208
5 6016429 4.72217028050053 7.4063442
5 6147730 0 8.02636988
5 6234962 11.2552198001816 8.02636988
5 6256982 1.05597453072032 8.27420982
5 6281168 0 8.29974962
5 6312610 0.984777640621851 8.29974962
5 6372558 2.50250640337107 8.35878507
5 6396764 0.497079174983363 8.41936074
5 6477926 5.62065931326734 8.45970468
5 6510020 3.97013102493888 8.64009412
5 6543983 0 8.77493168
5 6565442 0 8.77493168
5 6599976 0.375371972856841 8.77493168
5 6632102 0.814254150684371 8.78699088
5 6702753 0.221909333816362 8.84451875
5 6724834 8.28738054140528 8.84941873
5 6748587 0 9.04626888
5 6775069 0 9.04626888
5 6799608 0 9.04626888
5 6826251 3.18301569266391 9.04626888
5 6872897 0 9.19474383
5 6923652 9.72707226726305 9.19474383
5 6952268 0 9.47309373
5 6986999 2.98219284706296 9.47309373
5 7032351 0 9.60834214
5 7063358 1.81854590169038 9.60834214
5 7127604 0 9.72517644
5 7154748 0 9.72517644
5 7184325 1.23626477214341 9.72517644
5 7234927 3.17869700468975 9.78773391
5 7277360 0.616852575654745 9.92261556
5 7320087 0 9.94897182
5 7344217 0.705163408127366 9.94897182
5 7531264 0 10.08087052
5 7585808 0.245120031919812 10.08087052
5 7630921 0.845140897221063 10.09192862
5 7656578 2.0003934619598 10.1136124
5 7680316 0.75632320237213 10.16109774
5 7711343 8.27136671808295 10.18456418
5 7739220 0.0823802607899548 10.41514507
5 7770893 0 10.4177543
5 7813662 0 10.4177543
5 7838156 0 10.4177543
5 7875520 2.3275905938882 10.4177543
5 7930463 5.19934917116105 10.54563911
5 7990909 1.22107373107373 10.85991897
5 8038528 0.620073883582318 10.91806528
5 8063026 6.09181516681525 10.93325585
5 8083228 0 11.0563227
5 8107766 0.595177737986866 11.0563227
5 8141833 0 11.07659862
5 8203831 0.945578965881136 11.07659862
5 8232261 0 11.10348143
5 8266837 0 11.10348143
5 8295898 0.983844069286271 11.10348143
5 8323205 1.53161635052096 11.13034726
5 8368121 1.91109583743497 11.19914134
5 8396565 0 11.25350055
5 8432749 4.57802436518418 11.25350055
5 8473627 0 11.44064103
5 8515040 0 11.44064103
5 8557986 0 11.44064103
5 8578620 0 11.44064103
5 8616456 0 11.44064103
5 8641377 3.97627179555436 11.44064103
5 8678942 2.76876520942061 11.59000968
5 8746581 0 11.77728619
5 8768127 0 11.77728619
5 8802394 0.87502188183812 11.77728619
5 8835298 4.29238230867196 11.80607791
5 8878483 0 11.99144444
5 8912181 1.16372768591045 11.99144444
5 8963886 2.82506720722685 12.05161498
5 9000638 0.685225253732731 12.15544185
5 9085964 0 12.21390938
5 9110521 4.56257239759977 12.21390938
5 9141185 0.0814426042047606 12.3538161
5 9247874 1.05243251199621 12.36250513
5 9281843 0 12.39825521
5 9308242 0 12.39825521
5 9336319 0 12.39825521
5 9359085 0.427424203049163 12.39825521
5 9382173 2.36153935778536 12.40812358
5 9403630 0 12.45879513
5 9438409 0 12.45879513
5 9467316 2.49319955912863 12.45879513
5 9513588 0 12.57416046
5 9619253 0 12.57416046
5 9675393 0.99261108510247 12.57416046
5 9773651 0 12.67169244
5 9804383 0 12.67169244
5 9866394 3.05814516129043 12.67169244
5 9889458 0 12.7422255
5 9917938 3.93269826394224 12.7422255
5 9983028 0 12.99820483
5 10021226 0 12.99820483
5 10059741 0.999795041068544 12.99820483
5 10190011 0 13.12844813
5 10231769 8.60875974847903 13.12844813
5 10280751 2.77879840081283 13.5501224
5 10326024 0.616734921722418 13.67592694
5 10365435 2.5830173201206 13.70023308
5 10423460 0.186196972926897 13.85011266
5 10451606 2.4330218411921 13.85535336
5 10500596 0 13.9745471
5 10566990 1.33085786816838 13.9745471
5 10601261 0 14.02015693
5 10675885 0 14.02015693
5 10729050 1.07758294676987 14.02015693
5 10802561 4.29223254901966 14.09937113
5 10828061 5.51995617979677 14.20882306
5 10880320 0 14.49729045
5 10905363 0 14.49729045
5 10960727 0 14.49729045
5 10994128 0 14.49729045
5 11058496 14.2753574679857 14.49729045
5 11091450 13.7635455613717 14.96772058
5 11110172 0 15.22540168
5 11130635 1.6637147412735 15.22540168
5 11217812 0 15.37043934
5 11246471 0 15.37043934
5 11329783 2.24643410085822 15.37043934
5 11370216 1.76126077024804 15.46126941
5 11395169 1.43770321438594 15.50521815
5 11626784 1.07768095103082 15.83821178
5 11725540 3.10973679318594 15.94463924
5 12053685 0 16.96508382
5 12104374 0.374763140654066 16.96508382
5 12144060 1.1934289438319 16.97995667
5 12267582 4.0904946918313 17.1273714
5 12308274 0 17.29382181
5 12337088 0.618548895899012 17.29382181
5 12371641 2.60733723196889 17.31519453
5 12392161 2.00643537275664 17.36869709
5 12528899 0 17.64305305
5 12654227 0.597959833672429 17.64305305
5 12688136 0 17.66332927
5 12719824 13.2747104835434 17.66332927
5 12739512 0 17.92468177
5 12900205 13.4440864694845 17.92468177
5 12936449 0 18.41194924
5 12993355 1.18019666213494 18.41194924
5 13036017 3.04456654039624 18.46229879
5 13068223 0 18.5603521
5 13156303 0.232463955818364 18.5603521
5 13197225 0 18.56986499
5 13236807 0 18.56986499
5 13284414 2.32317613060835 18.56986499
5 13586508 1.36032106738687 19.27168256
5 13927153 0 19.73506913
5 13970721 1.22841966418557 19.73506913
5 14115146 1.35143532064623 19.91248364
5 14408725 0 20.30923667
5 14483093 1.64460366062264 20.30923667
5 14600013 1.42817631689591 20.50152373
5 14666609 3.19025740516207 20.59663456
5 14695474 0 20.68872134
5 14727426 4.18589565892325 20.68872134
5 14763500 0.166496544801753 20.83972334
5 14789403 0 20.8440361
5 14819458 0 20.8440361
5 14878496 2.97880964935413 20.8440361
5 14901254 1.63853146709418 20.91182785
5 14949908 0 20.99154896
5 14987063 3.31394250422106 20.99154896
5 15009569 0 21.06613255
5 15031112 1.89723909735581 21.06613255
5 15100774 0 21.19829802
5 15127156 0 21.19829802
5 15148621 0.836071766095698 21.19829802
5 15182481 1.35409219735999 21.22660741
5 15246344 0 21.3130838
5 15293572 12.484895723848 21.3130838
5 15347803 0 21.99015218
5 15437741 0 21.99015218
5 15483313 0 21.99015218
5 15595819 0 21.99015218
5 15619297 0 21.99015218
5 15704626 0 21.99015218
5 15860012 0 21.99015218
5 15943853 0.0483500995872086 21.99015218
5 16082425 4.97606826801518 21.99685215
5 16140959 0.587446541193468 22.28812133
5 16221348 0 22.33534557
5 16251125 2.21613047095496 22.33534557
5 16441037 0 22.75621534
5 16463520 0 22.75621534
5 16523294 0 22.75621534
5 16584887 0 22.75621534
5 16630098 3.69176402252698 22.75621534
5 16709292 0.681276400308708 23.0485809
5 16866061 0 23.15538392
5 16896235 3.60710079308729 23.15538392
5 16930027 0.836256253221344 23.27727507
5 17127925 0.69621399481067 23.44276851
5 17249713 0 23.52755902
5 17275447 0 23.52755902
5 17420535 0.333254109716913 23.52755902
5 17929390 0 23.69713704
5 17956721 3.24977849246221 23.69713704
5 17981596 0 23.77797528
5 18009488 1.40458830385926 23.77797528
5 18229116 55.2016304625603 24.0864622
5 18233029 0.599074307070393 24.30246618
5 18367350 0.410391121482984 24.38293444
5 18519042 1.35726578093815 24.44518749
5 18679362 0.377525150905433 24.66278434
5 18882635 0.997828395751772 24.73952501
5 18954195 0.53981776805717 24.81092961
5 19067128 1.58913086886841 24.87189285
5 19219372 1.70008095312825 25.11382849
5 19295836 4.91558822795549 25.24382348
5 19375992 0 25.63783737
5 19396135 0 25.63783737
5 19431606 1.18331781014781 25.63783737
5 19468540 0 25.68154203
5 19531299 1.53876686043736 25.68154203
5 19866403 0 26.19718896
5 19918600 1.48265219743363 26.19718896
5 20149665 0 26.53977799
5 20306689 0.462378702499607 26.53977799
5 20445109 4.58176877201127 26.60378045
5 20544206 0.779632647763991 27.05781999
5 20837004 0.29451797854039 27.28609487
5 20910258 0.533842134431176 27.30766949
5 20960782 0 27.33464133
5 20991208 2.91072858133891 27.33464133
5 21048868 2.05307003281849 27.50247394
5 21115294 0 27.63885117
5 21253589 3.80131940730029 27.63885117
5 21322764 0.553211251280673 27.90180744
5 21419393 6.02831011156546 27.95526369
5 21459011 0 28.19409328
5 21491988 0.923701812410361 28.19409328
5 21694867 0.339518108986209 28.38149298
5 21803211 0.127524478643825 28.41827773
5 21848046 0 28.42399529
5 21873312 1.03442158466513 28.42399529
5 21920994 0 28.47331858
5 21946378 1.30099799082376 28.47331858
5 21979725 4.70863868234472 28.51670296
5 22002857 2.1313165184063 28.62562319
5 22122354 6.60206730769244 28.88030912
5 22151474 3.79234214039974 29.07256132
5 22254081 0 29.46168217
5 22276787 0.404128025032455 29.46168217
5 22396951 0 29.51024381
5 22444556 0 29.51024381
5 22530712 0.999336064470271 29.51024381
5 22582705 2.76773472093671 29.56220229
5 22622678 0 29.67283695
5 22692597 4.08531452277277 29.67283695
5 22726585 0 29.81168862
5 22788696 0.452662965293957 29.81168862
5 22833184 0 29.83182669
5 22875662 5.64538481109269 29.83182669
5 22899245 0 29.9649618
5 22991485 6.46878737679111 29.9649618
5 23015631 0 30.12115714
5 23222610 0 30.12115714
5 23252595 0 30.12115714
5 23304934 4.04156126750975 30.12115714
5 23326993 0.482268587416002 30.21030994
5 23360591 1.94004243390101 30.2265132
5 23412672 0.87614159713201 30.32755255
5 23669019 10.7275654599273 30.55214882
5 23704155 0 30.92907256
5 23767639 0 30.92907256
5 23908264 4.9007613037565 30.92907256
5 23955328 0.490545660364006 31.15972199
5 24011865 0 31.18745597
5 24058133 0.440180323707806 31.18745597
5 24243300 0 31.26896284
5 24267602 7.02368524913652 31.26896284
5 24291926 0.356274741895208 31.43980696
5 24352754 0 31.46147844
5 24373750 0 31.46147844
5 24419864 0 31.46147844
5 24445693 0 31.46147844
5 24468093 1.76189837685248 31.46147844
5 24507769 0 31.53138352
5 24561500 1.68921080194693 31.53138352
5 24772499 0.602689041251562 31.88780531
5 24904494 0.409178768722526 31.96735725
5 24939612 0.111472192992715 31.98172679
5 25042248 0.415027269185834 31.99316785
5 25196268 0.166218647874434 32.05709035
5 25270625 3.49427343817133 32.06944987
5 25352084 2.2817244152351 32.35408989
5 25424207 0 32.5186547
5 25481048 0 32.5186547
5 25527614 0.524350703968019 32.5186547
5 25554959 0.325275176438589 32.53299307
5 25584431 2.49143372015731 32.54257958
5 25623553 0 32.64004945
5 25660326 0 32.64004945
5 25684922 0 32.64004945
5 25836877 0 32.64004945
5 25898212 5.43736614719963 32.64004945
5 25924136 0 32.78100773
5 25994018 0 32.78100773
5 26022257 2.27054944521923 32.78100773
5 26104722 0.189668129965659 32.96824859
5 26298804 0 33.00505976
5 26346656 3.34870877613143 33.00505976
5 26366699 0 33.07217793
5 26374306 0 33.07217793
5 26400674 0 33.07217793
5 26459590 0.306839926749061 33.07217793
5 26499453 0.446760713658659 33.08440949
5 26647535 0.135162337183323 33.15056671
5 26715326 1.53278746045439 33.1597295
5 26750096 0 33.21302452
5 26822206 0.566915963660033 33.21302452
5 26920830 0 33.26893604
5 26964045 2.0804709200505 33.26893604
5 27062257 0 33.47326325
5 27114028 1.65597569219636 33.47326325
5 27324084 0.25734900006732 33.82111088
5 27368637 0 33.83257655
5 27426971 0 33.83257655
5 27458913 0.234071208182573 33.83257655
5 27541235 0 33.85184576
5 27601022 1.30079459219984 33.85184576
5 27670995 6.24760030280056 33.94286626
5 27685526 0 34.03365014
5 27715277 0 34.03365014
5 27744207 0 34.03365014
5 27773400 0.474317146607003 34.03365014
5 27838165 1.4049631142542 34.06436929
5 27870969 1.45067546402764 34.1104577
5 27900978 0.899542519576799 34.15399102
5 27966489 0 34.21292095
5 27997410 0.769336030936064 34.21292095
5 28147914 1.18469483390665 34.3287091
5 28174375 0.302503200366248 34.36005731
5 28281394 4.19155926386177 34.3924309
5 28315192 0.0873853041442624 34.53409722
5 28412580 0 34.5426075
5 28440703 0.0124802089719184 34.5426075
5 28478220 5.21374738684426 34.54307572
5 28498789 0 34.65031729
5 28532816 0 34.65031729
5 28574685 0 34.65031729
5 28594870 0.0954912248753858 34.65031729
5 28682732 1.30512524719837 34.65870734
5 28731276 0 34.72206334
5 28878050 0.661145692811694 34.72206334
5 28929940 4.35183572368314 34.75637019
5 28991507 0 35.02429966
5 29075898 0 35.02429966
5 29099824 0.0941502491313868 35.02429966
5 29221848 1.74095148614747 35.03578825
5 29329879 0 35.22386498
5 29377307 1.1172783045743 35.22386498
5 29672171 0 35.55331013
5 29760798 0 35.55331013
5 29791963 0 35.55331013
5 29820580 0 35.55331013
5 29890348 0 35.55331013
5 29913746 0 35.55331013
5 29943484 0 35.55331013
5 29988420 0 35.55331013
5 30016265 0.430046250782048 35.55331013
5 30105777 0.550200140404635 35.59180443
5 30184122 0 35.63490986
5 30204315 0 35.63490986
5 30247421 0.057857576342691 35.63490986
5 30392425 0.694174917277645 35.64329944
5 30469490 0.237989683196273 35.69679603
5 30490039 0 35.70168648
5 30673689 0.853523864032161 35.70168648
5 30713875 1.13733643410863 35.73598619
5 30746125 0 35.77266529
5 30793169 0 35.77266529
5 30907588 0 35.77266529
5 31079915 0 35.77266529
5 31138462 0.454390981750191 35.77266529
5 31442246 0.634861759284661 35.910702
5 31569741 0.124439401883048 35.9916437
5 31935957 0.155778337961966 36.0372154
5 32052982 0 36.05544536
5 32143139 0 36.05544536
5 32259633 0 36.05544536
5 32334842 1.8258191282828 36.05544536
5 32428588 0 36.2266086
5 32494404 0 36.2266086
5 32519701 2.25324712577385 36.2266086
5 32649736 0 36.51960959
5 32692339 0 36.51960959
5 32730593 0 36.51960959
5 32758717 0 36.51960959
5 32814326 1.35491365988027 36.51960959
5 32844092 0 36.55993995
5 32884873 0 36.55993995
5 32908352 0 36.55993995
5 32966160 5.97820962544244 36.55993995
5 33004018 2.68796660840772 36.78626301
5 33025760 0 36.84470478
5 33076713 0.743050783483993 36.84470478
5 33164143 0 36.90966971
5 33204845 2.37986134446928 36.90966971
5 33266148 6.83356233167454 37.05556235
5 33288055 0 37.2052652
5 33311326 0 37.2052652
5 33338207 0.0968930378947639 37.2052652
5 33441150 0 37.21523966
5 33466762 2.21708807788656 37.21523966
5 33537018 0 37.3710034
5 33560114 0 37.3710034
5 33583787 0.358898685127292 37.3710034
5 33629723 0.986340455248871 37.38748977
5 33682705 2.4010420204391 37.43974806
5 33715094 0 37.51751541
5 33747463 0 37.51751541
5 33776031 0 37.51751541
5 33803338 0.408425549796719 37.51751541
5 33824755 1.36589511579469 37.52626266
5 33897254 0 37.62528869
5 33937384 0 37.62528869
5 33974899 0.0495696714211715 37.62528869
5 34148069 1.06223914666662 37.63387267
5 34194944 0.402864126984247 37.68366513
5 34242194 0 37.70270046
5 34269223 4.65424276307606 37.70270046
5 34293370 0 37.81508646
5 34345530 0.52366923356578 37.81508646
5 34678357 0 37.98937772
5 34715103 1.39308008716298 37.98937772
5 34755946 2.20386629792118 38.04627529
5 34808376 3.74918536427151 38.161824
5 34842293 0.457564451254486 38.28898512
5 34894503 0.0249455306124523 38.31287456
5 35004932 0.413558910146793 38.31562927
5 35053489 0.539252044361553 38.33571045
5 35119402 0.715744480450312 38.37125417
5 35476134 0 38.62658313
5 35508495 0.748873665533252 38.62658313
5 35777891 1.16542818186586 38.8283267
5 35816029 6.34304233517601 38.8727738
5 35860531 0.402943959781167 39.15505187
5 35941687 0 39.18775319
5 36193854 0.49237516733839 39.18775319
5 36333541 8.95302720817033 39.2565316
5 36358607 0 39.48094818
5 36380634 0 39.48094818
5 36491423 3.21098026211914 39.48094818
5 36523088 2.82892675796278 39.58262387
5 36575080 0 39.72970543
5 36614641 0.192319495533341 39.72970543
5 36643186 0 39.73519519
5 36720599 0.2161890221947 39.73519519
5 36790030 1.51238990225319 39.75020541
5 36874841 1.71731665788799 39.87847271
5 37038115 0 40.15886587
5 37062356 0 40.15886587
5 37119727 4.61213222405361 40.15886587
5 37157950 0 40.3351554
5 37192474 0 40.3351554
5 37226382 0 40.3351554
5 37302606 0.312222892635331 40.3351554
5 37358956 0 40.35274916
5 37393685 0.865786409341546 40.35274916
5 37455345 1.27295687263926 40.40613355
5 37590897 0 40.5786854
5 37677811 2.14409287776718 40.5786854
5 37711059 4.70048559713233 40.6499722
5 37749836 1.30773764605219 40.83224293
5 37892422 0.651137778505952 41.01870801
5 37916838 0 41.03460619
5 38033300 0 41.03460619
5 38113620 0 41.03460619
5 38135446 0 41.03460619
5 38174231 3.86439871620457 41.03460619
5 38249944 0 41.32719141
5 38300230 0.0616920829745504 41.32719141
5 38483708 3.49529726230508 41.33851055
5 38531595 0 41.50588985
5 38604633 0 41.50588985
5 38644433 0 41.50588985
5 38700727 0.913228035871672 41.50588985
5 39085320 0.0902798438146444 41.85711096
5 39227971 0.0303173198051211 41.86998947
5 39257342 1.90848044911729 41.87087992
5 39328771 0 42.00720077
5 39414718 0 42.00720077
5 39468760 4.09158985546783 42.00720077
5 39494429 0.387219009152671 42.11222779
5 39694480 0.421299750839511 42.18969134
5 39832945 0 42.24802661
5 39866348 2.85939806019429 42.24802661
5 39886350 0 42.30522029
5 39918212 0 42.30522029
5 39966603 0 42.30522029
5 40006859 3.82673020813059 42.30522029
5 40047987 0 42.46260605
5 40140320 0 42.46260605
5 40175513 0.404488343929876 42.46260605
5 40254785 3.38343463861289 42.49467065
5 40280450 0 42.5815065
5 40321842 0 42.5815065
5 40322491 0 42.5815065
5 40347150 0 42.5815065
5 40365546 0 42.5815065
5 40396147 0 42.5815065
5 40421748 1.15702567685579 42.5815065
5 40450373 0 42.61462636
5 40517551 0.00906648802100895 42.61462636
5 40592933 1.79742482987811 42.61530981
5 40618209 0 42.66074152
5 40644851 0 42.66074152
5 40689866 0 42.66074152
5 40719223 0.906955365687329 42.66074152
5 40893730 1.3389314662873 42.81901158
5 41014634 0.0798820246397883 42.98089375
5 41227136 0 42.99786884
5 41293748 0 42.99786884
5 41337074 0 42.99786884
5 41385866 0 42.99786884
5 41423622 0 42.99786884
5 41451300 0 42.99786884
5 41479355 0.61299295355406 42.99786884
5 41571742 0 43.05450142
5 41682610 0.95578248194525 43.05450142
5 41833540 0 43.19875767
5 41856142 0 43.19875767
5 41937245 0 43.19875767
5 41958597 0 43.19875767
5 41983264 0 43.19875767
5 42010622 0 43.19875767
5 42057068 0.00942261798518234 43.19875767
5 42208337 0.438331061039708 43.20018302
5 42304422 0.849706761492415 43.24230006
5 42382038 1.61095036302913 43.3082509
5 42454484 0.144114237755074 43.42495781
5 42517633 0.0848851161209684 43.43405848
5 42549970 0 43.43680341
5 42611226 0 43.43680341
5 42642755 0.850263709005209 43.43680341
5 42691938 0 43.47862193
5 42775924 0 43.47862193
5 42806841 0 43.47862193
5 42874271 2.96087163436788 43.47862193
5 42897595 0.295260495518175 43.5476813
5 42980821 0.09658810607975 43.57225465
5 43024524 0 43.57647584
5 43047963 0 43.57647584
5 43088080 0.226240598511664 43.57647584
5 43138338 0 43.58784624
5 43190371 1.28139806763276 43.58784624
5 43221421 0.0964041106335257 43.62763365
5 43254214 0 43.63079503
5 43285981 0 43.63079503
5 43313244 0 43.63079503
5 43337891 0 43.63079503
5 43399833 0.646338244092138 43.63079503
5 43506809 1.17998965577593 43.69993771
5 43569646 0 43.77408472
5 43622603 0 43.77408472
5 43709428 0.415922962963109 43.77408472
5 43746553 0.21706352439741 43.78952586
5 43778462 0 43.79645214
5 43875897 0 43.79645214
5 43898744 0 43.79645214
5 43955882 0.192642821659297 43.79645214
5 44036402 0 43.81196374
5 44118721 0 43.81196374
5 44163238 0.561391625007507 43.81196374
5 44345471 0 43.91426782
5 44371937 0.121025461891339 43.91426782
5 44490742 0.133213611438661 43.92864625
5 44645935 0 43.94932007
5 44680408 2.11632573892838 43.94932007
5 44731191 0.00701784866055102 44.05679344
5 44884872 1.31798032235747 44.05787195
5 44905098 2.41996054390697 44.08452942
5 44935765 0 44.15874235
5 44961525 0 44.15874235
5 45004922 0.965995604694859 44.15874235
5 45107759 0 44.25808244
5 45222817 0 44.25808244
5 45327538 2.0517968710187 44.25808244
5 45523768 0.842611647254511 44.66070654
5 45568843 0 44.69868726
5 45602183 2.55593472247857 44.69868726
5 45629298 2.94288266888827 44.76799143
5 45685711 0 44.93400827
5 45721348 0.184028208862567 44.93400827
5 45888884 0 44.96483962
5 46077158 0 44.96483962
5 46159494 1.60574321307381 44.96483962
5 46249078 0.352503053347109 45.10868852
5 46292473 3.48087940131743 45.12398539
5 46321470 0 45.22492045
5 46516496 3.9891577024299 45.22492045
5 46594770 0 45.53716778
5 46670546 0 45.53716778
5 46719438 0 45.53716778
5 46743902 0 45.53716778
5 46770422 0 45.53716778
5 46876955 0 45.53716778
5 46916665 3.2449317550608 45.53716778
5 46983996 2.75178616737766 45.75565228
5 47218890 0.170162263097989 46.40203034
5 47312072 1.33851319083103 46.4178864
5 47520209 0 46.69648052
5 47674422 0.774935463757754 46.69648052
5 47846031 0 46.82946642
5 47897728 0 46.82946642
5 47922920 0 46.82946642
5 48081907 0 46.82946642
5 48120040 3.45260044081464 46.82946642
5 48229383 0 47.20698411
5 48283539 3.27664355805621 47.20698411
5 48402975 1.67194992834867 47.59833331
5 48521605 0 47.79667673
5 48604401 0.234580103328454 47.79667673
5 48814798 1.86030624641452 47.84603168
5 48874064 0.168015318015204 47.95628459
5 48925115 1.68737587423748 47.96486194
5 49034782 0 48.14991139
5 49122318 2.55805727241436 48.14991139
5 49255960 0 48.49177528
5 49323252 0 48.49177528
5 49346909 0 48.49177528
5 49420210 3.93112886104123 48.49177528
5 49458833 6.03874426387446 48.64360727
5 49498276 1.62599730059214 48.88179346
5 49613116 0 49.06852299
5 49747347 0 49.06852299
5 49770524 0.286927722141028 49.06852299
5 49850507 3.01767178412357 49.09147233
5 49945932 0 49.37943366
5 49999738 0 49.37943366
5 50026056 0 49.37943366
5 50106121 0.140877441571259 49.37943366
5 50227508 0.376917861127634 49.39653435
5 50250810 0.95863568158394 49.40531729
5 50459405 3.86016909986176 49.6052839
5 50505709 0.568662657150105 49.78402517
5 50643714 1.67353193723168 49.86250346
5 50803731 0.418994851258577 50.13029702
5 50838691 0 50.14494508
5 50886958 0 50.14494508
5 50914907 1.05915711574043 50.14494508
5 50956526 0.235863408318507 50.18902614
5 50987421 0 50.19631314
5 51026281 0 50.19631314
5 51050849 0 50.19631314
5 51160972 0.60486540994402 50.19631314
5 51331044 2.00890987833706 50.29918381
5 51366141 0 50.36969052
5 51423634 0.656878958127768 50.36969052
5 51493585 0 50.41563986
5 51524093 0 50.41563986
5 51548838 2.27358360836083 50.41563986
5 51621558 0 50.58097486
5 51662795 0 50.58097486
5 51728949 0.229827327756071 50.58097486
5 52009133 0.591874741506541 50.6453688
5 52059908 0.649766213545334 50.67542124
5 52357915 0 50.86905612
5 52526291 0.734718069174659 50.86905612
5 53009069 0.690859788740703 51.22376184
5 53321576 3.88784412169028 51.43966036
5 53355038 1.15457414613059 51.5697554
5 53412863 0.967582975183908 51.63651865
5 53448928 0.866696348174121 51.67141453
5 53478913 0.622007213015219 51.69740242
5 53755635 0 51.8695255
5 53798476 0.289711545927536 51.8695255
5 53849992 0 51.88445028
5 53888071 0.811421248834885 51.88445028
5 53909531 0.0483158201984014 51.90186338
5 53988329 0.700727272727124 51.90567057
5 54011209 0 51.92170321
5 54046935 0 51.92170321
5 54127567 5.1776006992498 51.92170321
5 54155025 0 52.06386977
5 54290006 0 52.06386977
5 54327785 1.29870351153232 52.06386977
5 54387531 0 52.14146211
5 54421524 0.15358463213233 52.14146211
5 54609839 0.583876868670682 52.1703844
5 54640944 0 52.18854589
5 54691624 0.669007563603017 52.18854589
5 54870507 0.184105429265883 52.30821997
5 54940848 1.10472745397479 52.32117013
5 54987996 0.241680433458899 52.37325582
5 55052039 0 52.38873376
5 55080930 0.386115424606691 52.38873376
5 55183837 0.58317411614413 52.42846774
5 55263686 0 52.47503361
5 55325658 1.18252065536387 52.47503361
5 55539646 2.04348659388048 52.72807884
5 55619423 0 52.89110207
5 55641405 0 52.89110207
5 55663243 0 52.89110207
5 55846815 0 52.89110207
5 55871314 0 52.89110207
5 55908074 0.448968140696519 52.89110207
5 56081838 0 52.96911657
5 56183908 0 52.96911657
5 56253512 0.24734624381881 52.96911657
5 56287283 0 52.9774697
5 56329964 0.365257330997146 52.9774697
5 56433838 0.106090494259285 53.01541044
5 56678406 0 53.04135678
5 56720568 0 53.04135678
5 56757096 0 53.04135678
5 56835042 0.120627991478307 53.04135678
5 57012003 1.93026908874853 53.06270323
5 57059125 0 53.15366137
5 57079618 0.247642184896504 53.15366137
5 57146239 0 53.17015954
5 57233497 0.334956224294692 53.17015954
5 57282611 0.884355024454951 53.18661058
5 57356420 0.15247000166197 53.25188394
5 57627185 0 53.29316748
5 57651372 0 53.29316748
5 57677072 0 53.29316748
5 57930196 0.803174400250042 53.29316748
5 58250121 0 53.55012305
5 58305457 1.04524518884678 53.55012305
5 58513827 0 53.76792079
5 59241566 1.3226745800361 53.76792079
5 59313596 0.247158557258398 53.86319304
5 59488208 0.688645082966081 53.90634989
5 59922301 1.88932786725846 54.2052859
5 59953158 1.07225425933659 54.26358489
5 60032337 1.08893877580285 54.34848491
5 60171808 0 54.50036029
5 60214945 6.99419003467512 54.50036029
5 60241477 0 54.68593014
5 60261774 0 54.68593014
5 60299953 0 54.68593014
5 60323282 0.815087926227677 54.68593014
5 60369912 1.12228776691562 54.72393769
5 60510359 0 54.88155964
5 60587074 0 54.88155964
5 60697563 0.64863253340171 54.88155964
5 60791196 0 54.94229305
5 60816786 0 54.94229305
5 60840014 0 54.94229305
5 60889152 0 54.94229305
5 60943222 0.978275189492019 54.94229305
5 60983725 0 54.98191613
5 61021330 0 54.98191613
5 61058294 0 54.98191613
5 61176628 2.60426788798986 54.98191613
5 61220624 1.81923314881158 55.0964935
5 61257476 0.478920850176034 55.16353588
5 61449201 0 55.25535698
5 61519991 0.819801980198003 55.25535698
5 61617456 5.52609733465565 55.33525898
5 61648709 0 55.5079661
5 61707987 1.54361801609403 55.5079661
5 61839092 0 55.71034214
5 61907183 0 55.71034214
5 61934677 0 55.71034214
5 62019657 0 55.71034214
5 62053331 1.95569823788552 55.71034214
5 62094191 0.300201771653423 55.79025197
5 62128735 0.246813040299249 55.80062214
5 62151986 2.00538070137161 55.80636079
5 62294079 0 56.09131135
5 62347935 0.621832963886948 56.09131135
5 62491844 0.859733713079386 56.18079871
5 62542053 3.18943624757996 56.22396508
5 62580279 0 56.34588447
5 62673499 0 56.34588447
5 62886220 1.48082639927548 56.34588447
5 62933691 139.969729729751 56.41618078
5 62933839 0 56.4368963
5 63112255 2.93248776091279 56.4368963
5 63161074 0 56.58005742
5 63187632 0 56.58005742
5 63215228 0 56.58005742
5 63264648 0.510599638196785 56.58005742
5 63373547 0.745809026089811 56.63566121
5 63472283 0.729809278884326 56.70929941
5 63530221 1.61226687931957 56.7515831
5 63558436 0 56.79707321
5 63642060 0.202804929222785 56.79707321
5 63785044 0.18612230459275 56.82607107
5 63850062 0.713382035518598 56.83817237
5 63990439 0 56.9383148
5 64036142 0.323390223146743 56.9383148
5 64163054 0.226990042268963 56.9793569
5 64226221 0 56.99369518
5 64348518 1.84985070530758 56.99369518
5 64457832 0.33671440927177 57.19590976
5 64631262 0.053188638585717 57.25430614
5 64731496 0 57.25963745
5 64842324 0 57.25963745
5 64886300 0 57.25963745
5 64919170 0 57.25963745
5 64958960 0 57.25963745
5 65213718 8.11091700404851 57.25963745
5 65258178 1.01429638129447 57.62024882
5 65318310 0 57.68124049
5 65403370 0 57.68124049
5 65437337 0 57.68124049
5 65511270 0.333336917991174 57.68124049
5 65536377 0.266389123383786 57.68960958
5 65581391 0 57.70160082
5 65645919 0 57.70160082
5 65658136 0.925227698066152 57.70160082
5 65699814 0.149618685121178 57.74016246
5 65743164 0.854143553629403 57.74664843
5 65817004 0.628180330579946 57.80971839
5 66046782 4.04344244243167 57.95406041
5 66139411 0 58.32860044
5 66235858 0.553375420517957 58.32860044
5 66447799 0.781925890342212 58.44588338
5 66493596 4.48323068208136 58.48169324
5 66532433 2.03721300324521 58.65580847
5 66603000 3.20578057783603 58.79956848
5 66639031 2.59558390239441 58.91507596
5 66693946 0.343337985634993 59.05761245
5 66816466 0 59.09967822
5 67007816 0 59.09967822
5 67070552 0.856127168936865 59.09967822
5 67247482 0.935696673331801 59.2511528
5 67440528 0 59.4317853
5 67484582 0 59.4317853
5 67506930 0.530889462901777 59.4317853
5 67563065 2.39244258119771 59.46158678
5 67607432 0.248606350312493 59.56773228
5 67699270 0 59.59056379
5 67879865 1.1896256528661 59.59056379
5 67924476 0 59.64363418
5 67953902 4.79063626932751 59.64363418
5 67994388 0 59.83758788
5 68022595 0 59.83758788
5 68046228 0 59.83758788
5 68093199 6.38886495618202 59.83758788
5 68121612 0 60.0191147
5 68186567 0 60.0191147
5 68209892 4.50256397443647 60.0191147
5 68247915 0 60.19031569
5 68271886 0 60.19031569
5 68293598 0 60.19031569
5 68328031 0.95343184381859 60.19031569
5 68541680 0 60.39401545
5 68607576 0.613570223940398 60.39401545
5 68867288 1.94631989307196 60.553367
5 68903200 0.145224043715756 60.62326324
5 68938885 0.566030959259933 60.62844556
5 69014339 0 60.67115486
5 69115915 2.30403419316126 60.67115486
5 69145921 1.82506342743717 60.74028971
5 69175640 0 60.79452877
5 69211669 0 60.79452877
5 69233867 0 60.79452877
5 69320862 0 60.79452877
5 69349609 0 60.79452877
5 69382314 0 60.79452877
5 69481027 0 60.79452877
5 69546441 0 60.79452877
5 69594877 0 60.79452877
5 69615542 1.38795371386751 60.79452877
5 69637406 2.97366704561597 60.82487499
5 69679628 0 60.95042916
5 69708507 2.42060790622887 60.95042916
5 69734613 0.113644521899341 61.01362155
5 69834456 1.2150624749697 61.02496816
5 69859426 0 61.05530827
5 69917738 2.13396046014728 61.05530827
5 69964071 0 61.15418106
5 69996344 1.3692658709567 61.15418106
5 70025249 0 61.19375969
5 70101566 1.06533695652132 61.19375969
5 70127326 0.727407012126678 61.22120277
5 70416853 0 61.43180674
5 70439711 0.783943370473833 61.43180674
5 70551808 0 61.51968444
5 70623427 0 61.51968444
5 70651696 0 61.51968444
5 70700083 2.00030395319497 61.51968444
5 70749992 0 61.61951761
5 70797526 0 61.61951761
5 70828002 1.92624698023228 61.61951761
5 70923208 0.327980070276449 61.80290788
5 71126121 0 61.8694593
5 71150379 0 61.8694593
5 71176975 0.691387455436311 61.8694593
5 71238404 0 61.91193054
5 71272133 0 61.91193054
5 71321382 0.926841278343091 61.91193054
5 71377392 0.30744486658834 61.96384292
5 71400291 1.94043625213428 61.9708831
5 71428990 0 62.02657168
5 71461815 0 62.02657168
5 71535392 1.30735702935973 62.02657168
5 71605249 0 62.11789972
5 71629712 0 62.11789972
5 71674240 1.73403853620716 62.11789972
5 71694844 0.636608157629144 62.15362785
5 71732502 1.6398245672215 62.17760124
5 71792810 0.212736565507814 62.27649578
5 71893279 0 62.29786921
5 71914501 1.92544072948335 62.29786921
5 71948717 0 62.36375009
5 71994077 0 62.36375009
5 72039459 8.3685490392228 62.36375009
5 72063450 2.60094860212438 62.56451995
5 72112596 1.08291145936124 62.69234617
5 72239261 0 62.82951315
5 72264476 2.80224768698855 62.82951315
5 72337649 0 63.03456202
5 72417962 0.146407059071931 63.03456202
5 72465277 0.527209387574956 63.04148927
5 72585308 0.473472292364816 63.10477074
5 72628870 0.65681031411156 63.12539614
5 72788845 0 63.23046937
5 72834101 0 63.23046937
5 72859701 0 63.23046937
5 72903141 0 63.23046937
5 72979419 0 63.23046937
5 73063778 2.71248549787554 63.23046937
5 73090843 1.70060887673849 63.30388279
5 73199847 0 63.48925596
5 73277034 0.713387061642335 63.48925596
5 73309171 0.61277872116612 63.51218208
5 73442261 3.02749521386163 63.5937368
5 73483526 0 63.71866639
5 73581692 0 63.71866639
5 73619330 0.518896813081915 63.71866639
5 73652842 0.209253337885043 63.73605566
5 73705570 0 63.74708917
5 73730017 0.477332959011518 63.74708917
5 73754951 1.82092061011652 63.75899099
5 73813825 1.64269630458105 63.86619587
5 73835284 0 63.90144649
5 73865108 0 63.90144649
5 73919382 0 63.90144649
5 73992231 0 63.90144649
5 74025900 0.685689141921536 63.90144649
5 74079648 0 63.93830091
5 74162338 0 63.93830091
5 74195396 0 63.93830091
5 74236870 0.257596561227576 63.93830091
5 74261181 0.543394711740215 63.94456334
5 74392226 0 64.0157725
5 74434222 0.39202097284281 64.0157725
5 74512323 0 64.04638973
5 74547557 0.491366397417078 64.04638973
5 74717288 0 64.12978984
5 74740570 0.619274963447587 64.12978984
5 74763824 0 64.14419046
5 74790244 0 64.14419046
5 74831290 5.10728608900105 64.14419046
5 74853402 0 64.25712277
5 74891674 0.873839600305933 64.25712277
5 74945315 0 64.3039964
5 74987687 0 64.3039964
5 75043240 0 64.3039964
5 75086818 0.187512624491248 64.3039964
5 75143850 0 64.31469062
5 75174437 0.949565877231795 64.31469062
5 75224515 0 64.36224298
5 75251968 0 64.36224298
5 75285117 3.88121457995255 64.36224298
5 75309150 0 64.45552021
5 75347213 0 64.45552021
5 75382160 0.177128153898766 64.45552021
5 75557340 0 64.48654952
5 75611311 3.90407908395005 64.48654952
5 75642139 0 64.60690447
5 75672414 0 64.60690447
5 75715294 0 64.60690447
5 75780030 6.20751275573387 64.60690447
5 75800217 0 64.73221553
5 75823353 0 64.73221553
5 75848977 0 64.73221553
5 75907360 0 64.73221553
5 75937665 0 64.73221553
5 75959606 0 64.73221553
5 75999100 1.91584761395523 64.73221553
5 76036505 0 64.80387781
5 76066804 0 64.80387781
5 76089128 0 64.80387781
5 76111431 0 64.80387781
5 76143176 0 64.80387781
5 76209127 0 64.80387781
5 76243949 0 64.80387781
5 76269603 0 64.80387781
5 76301123 2.57379456654451 64.80387781
5 76333883 0 64.88819532
5 76363966 0 64.88819532
5 76419938 0 64.88819532
5 76453951 0.347343675314282 64.88819532
5 76476964 0 64.89618874
5 76536193 0 64.89618874
5 76572526 0 64.89618874
5 76640050 0 64.89618874
5 76666195 0 64.89618874
5 76704018 0 64.89618874
5 76724612 0.0123450889636496 64.89618874
5 76784243 0 64.89692489
5 76888810 0.211759460728041 64.89692489
5 76912249 0.0624578050487624 64.90188832
5 76973690 0 64.90572579
5 77002200 0 64.90572579
5 77042374 0.0610824544373643 64.90572579
5 77362757 1.0859596828326 64.92529557
5 77410429 0.270422071187687 64.97706544
5 77617740 0 65.03312691
5 77741773 0.381574973282034 65.03312691
5 77784815 1.16266414222463 65.04955066
5 77831558 0.618238547255409 65.10389707
5 77976938 0 65.19377659
5 78009026 0 65.19377659
5 78109656 0 65.19377659
5 78190041 0.125115765275956 65.19377659
5 78335335 0 65.21195516
5 78338501 0 65.21195516
5 78401051 0 65.21195516
5 78510349 0.0137906956820749 65.21195516
5 78533693 0 65.21227709
5 78560464 0 65.21227709
5 78581214 0.682279248593782 65.21227709
5 78658722 0 65.26515919
5 78798040 2.96923663621276 65.26515919
5 78859007 0 65.44618464
5 78895966 1.00153139995819 65.44618464
5 78939103 0 65.4893877
5 79017310 0 65.4893877
5 79040394 0 65.4893877
5 79107910 0 65.4893877
5 79170192 0 65.4893877
5 79197520 1.02321192379906 65.4893877
5 79217782 0 65.51012002
5 79245304 0 65.51012002
5 79274000 0 65.51012002
5 79334574 0 65.51012002
5 79395734 0 65.51012002
5 79451082 0 65.51012002
5 79491190 2.89022287550413 65.51012002
5 79520444 0 65.5946706
5 79572206 0 65.5946706
5 79778261 0 65.5946706
5 79810464 3.22051208118535 65.5946706
5 79872544 0.403700437382878 65.79459999
5 80040589 1.18435625357238 65.86243983
5 80121071 0 65.95775919
5 80189414 0 65.95775919
5 80235852 0 65.95775919
5 80281105 0 65.95775919
5 80311437 0 65.95775919
5 80367987 1.44513524478183 65.95775919
5 80488768 2.0714378889175 66.13230407
5 80562209 2.29811678002639 66.28443254
5 80622048 0 66.42194955
5 80663044 0 66.42194955
5 80688472 0 66.42194955
5 80957424 2.91359113724009 66.42194955
5 80993485 0 66.52701656
5 81038371 0.178363543423763 66.52701656
5 81136186 1.17786284544528 66.54446319
5 81170381 1.62634286804624 66.58474021
5 81228030 0 66.67849725
5 81294500 0.0485978101483255 66.67849725
5 81428847 0 66.68502622
5 81480537 0 66.68502622
5 81503473 0.412132393204137 66.68502622
5 81636788 2.53843702709622 66.73996965
5 81706834 0.578804951393123 66.91777701
5 81769685 1.18026327466355 66.95415548
5 81817012 0.110453550255948 67.0100138
5 81935764 1.27366583332348 67.02313038
5 82019363 0.66288121952346 67.12960757
5 82040486 0.672457567351372 67.14360961
5 82061755 0.316959747129433 67.15791211
5 82108261 0.323900108247095 67.17265264
5 82226509 0.510475771913808 67.21095318
5 82333451 0 67.26554448
5 82381244 0 67.26554448
5 82413088 3.16704461715611 67.26554448
5 82447828 0 67.37556761
5 82473232 3.74839771470652 67.37556761
5 82500362 0 67.47726164
5 82539012 0 67.47726164
5 82605166 0 67.47726164
5 82638992 0 67.47726164
5 82691327 0 67.47726164
5 82782033 0 67.47726164
5 82987594 0 67.47726164
5 83029733 3.94880548644085 67.47726164
5 83077560 0.494497534525679 67.66612116
5 83132519 1.62636709462672 67.69329825
5 83170373 0.720842712050555 67.75486275
5 83283306 1.61462307853131 67.83626968
5 83374187 0.598866451968431 67.98300824
5 83512055 0.876351133555433 68.06557276
5 83595818 1.46367509086328 68.13897856
5 83643142 0.245814084904554 68.20824552
5 83671456 1.77659121120835 68.2152055
5 83776021 1.01628331364043 68.40097476
5 83814106 0.295960822439217 68.43967991
5 83959138 1.77099724104678 68.4826037
5 84108470 4.26149943548097 68.74707026
5 84163384 1.09061229946546 68.98108624
5 84197044 0.279999434241959 69.01779625
5 84285421 0 69.04254176
5 84325533 0 69.04254176
5 84327977 0 69.04254176
5 84427424 1.31077259746705 69.04254176
5 84524072 4.52435578671402 69.16922531
5 84547721 0.705097493341447 69.2762218
5 84638958 2.02900952712911 69.34055278
5 84742242 0.0683234242810576 69.550117
5 84797915 0 69.55392077
5 84823965 0 69.55392077
5 84870604 1.38597550104011 69.55392077
5 84931178 0.085399113260688 69.63787485
5 85055228 4.91934292724546 69.64846861
5 85112695 0.198995788875053 69.93116849
5 85151402 0 69.93887102
5 85191780 1.14250465316054 69.93887102
5 85247656 1.14621230829018 70.00270961
5 85407207 0 70.18558893
5 85427636 3.50141676810165 70.18558893
5 85454747 2.56389294291504 70.28051584
5 85476399 0 70.33602925
5 85523262 0 70.33602925
5 85569862 1.555152829295 70.33602925
5 85732429 0.444462016940096 70.58884578
5 85762653 0 70.6022792
5 85848330 0.968918457261811 70.6022792
5 86091871 0.458330975954804 70.83825057
5 86303264 0 70.93513853
5 86343340 2.11625791881152 70.93513853
5 86395589 0 71.04571089
5 86471341 0.0874816331066839 71.04571089
5 86534362 0 71.05122407
5 86555348 1.5521452890921 71.05122407
5 86587656 0 71.10137078
5 86613954 0.821979675521577 71.10137078
5 86641999 0.798656057571255 71.1244232
5 86695915 0.886635190828644 71.16748354
5 86759244 0 71.22363326
5 86817895 4.27509421374899 71.22363326
5 86885348 1.46620075886098 71.51200119
5 86982599 6.0279694422814 71.65459068
5 87019840 2.00565628407612 71.87907829
5 87133556 0 72.1071535
5 87192767 0.218125005122836 72.1071535
5 87436773 4.00572415236531 72.16037731
5 87460663 0 72.25607406
5 87497357 1.56717093589302 72.25607406
5 87519336 0 72.29051891
5 87558801 0 72.29051891
5 87607418 0 72.29051891
5 87697736 0.0223924950752291 72.29051891
5 87780988 0 72.29238313
5 87838676 0 72.29238313
5 87865774 5.56950173518048 72.29238313
5 87901217 0 72.48978298
5 87923946 2.25515531185206 72.48978298
5 88025709 1.35966496197213 72.71927435
5 88117221 1.73039089983331 72.84370001
5 88160429 2.38482045120843 72.91846674
5 88182902 2.35784496124021 72.97206081
5 88213862 0.216809757884811 73.04505969
5 88246615 1.67172419706881 73.05216086
5 88310755 0.0228001272790527 73.15938525
5 88332754 1.79170399711889 73.15988683
5 88360524 0 73.20964245
5 88388939 1.00190726716413 73.20964245
5 88461168 0.0277863326947102 73.28200921
5 88491430 0.36073311504505 73.28285008
5 88527468 0 73.29585018
5 88560515 2.08029716894128 73.29585018
5 88647267 0 73.47632012
5 88679714 2.05032236926224 73.47632012
5 88867418 1.72455889216226 73.86117383
5 89004550 0.745879843964673 74.09766604
5 89051206 0 74.13246581
5 89091952 0 74.13246581
5 89124173 0 74.13246581
5 89147995 0.447695311812776 74.13246581
5 89261685 1.25834497820552 74.18336429
5 89372034 0 74.3222214
5 89431610 0 74.3222214
5 89532116 1.86205352353308 74.3222214
5 89582449 0.696124422600192 74.41594414
5 89626396 0.484216525622334 74.44653672
5 89666927 0.0479793699354672 74.4661625
5 89763679 1.34017591499424 74.4708046
5 89806029 0 74.52756105
5 89833056 0.0473109445273519 74.52756105
5 89849731 0 74.52834996
5 89886403 0 74.52834996
5 89910899 0 74.52834996
5 89940683 0 74.52834996
5 89972770 2.24987291133764 74.52834996
5 90009516 0.638819387434144 74.61102379
5 90254355 0 74.76743169
5 90284943 3.83279082335776 74.76743169
5 90321950 0.600440785493204 74.90927178
5 90376489 1.91813997839696 74.94201922
5 90435741 0.110225420967009 75.05567285
5 90542519 0 75.0674425
5 90614584 1.40281922097615 75.0674425
5 90688420 0 75.17102106
5 90804806 0 75.17102106
5 90832389 1.3957445391115 75.17102106
5 90889431 0 75.25063712
5 90914163 1.69236022588426 75.25063712
5 90974725 0 75.35312984
5 91002438 2.27200039283906 75.35312984
5 91038076 3.84437497214706 75.43409939
5 91060515 0.248764355009826 75.52036332
5 91118857 0 75.53487673
5 91196362 0 75.53487673
5 91243093 0.416006970891202 75.53487673
5 91363881 2.73632832799042 75.58512538
5 91393516 0 75.66621647
5 91512259 17.9260743891812 75.66621647
5 91521427 1.54203229142012 75.83056272
5 91601696 0 75.95434011
5 91639655 0 75.95434011
5 91681565 0 75.95434011
5 91757353 0.691598275430202 75.95434011
5 91849202 1.32624955360624 76.01786272
5 92092821 0.658647405301187 76.34096231
5 92191291 0 76.40581932
5 92258130 1.00163688362414 76.40581932
5 92415826 0.0203318905910608 76.56377345
5 92527188 0 76.56603765
5 92631650 0 76.56603765
5 92664429 0 76.56603765
5 92737305 11.1526751531391 76.56603765
5 92758201 1.49286758584838 76.79908395
5 92796641 0.541373315517568 76.85646978
5 93138660 0 77.04162974
5 93289231 0.768582991695529 77.04162974
5 93441439 1.96680667280729 77.15861422
5 93490294 1.85922228727612 77.25470256
5 93510790 1.46338988824381 77.29280918
5 93587117 1.44197122452224 77.40450534
5 93788469 6.92326255855599 77.69484913
5 93840983 2.17136578307256 78.05841734
5 93953629 0.0431866229564754 78.30301301
5 94046056 0 78.30700462
5 94069559 0 78.30700462
5 94090120 9.89922537758858 78.30700462
5 94112234 0 78.52591609
5 94142375 0 78.52591609
5 94169217 1.22273009393307 78.52591609
5 94217230 0.888732479863073 78.58462303
5 94345725 3.17371144648341 78.69882071
5 94429148 0.120566137774099 78.96358124
5 94480072 0.661218720606926 78.96972095
5 94576821 0.388920474549145 79.0336932
5 94698958 4.22364858115757 79.08119478
5 94720983 1.11787503333269 79.17422064
5 95028489 0 79.51797392
5 95060052 0.18304944944932 79.51797392
5 95085027 1.11623654740842 79.52254558
5 95213348 6.40032744736615 79.66578217
5 95233962 0 79.79771852
5 95310779 0.289037466545578 79.79771852
5 95730380 0 79.91899893
5 95754475 1.13123026324589 79.91899893
5 95829272 0 80.00361156
5 95906867 3.76941405086081 80.00361156
5 95984058 0.767218879904602 80.2945764
5 96041071 1.63045150482616 80.33831785
5 96128822 0 80.4813916
5 96143694 1.84338113116166 80.4813916
5 96184979 0 80.55749559
5 96229534 0 80.55749559
5 96262618 0.0112703108438686 80.55749559
5 96285266 0 80.55775084
5 96314229 1.88040560373591 80.55775084
5 96434149 0 80.78324908
5 96457750 0 80.78324908
5 96516090 0 80.78324908
5 96563734 0 80.78324908
5 96622210 0 80.78324908
5 96667629 1.4514796010879 80.78324908
5 96750354 3.491394147096 80.90332273
5 96843436 1.08149514035435 81.22830868
5 96905992 0.703052122514767 81.29596269
5 96958100 0.570879659211994 81.33259733
5 96995660 0 81.35403957
5 97017695 0 81.35403957
5 97057569 4.05561318254113 81.35403957
5 97080205 0 81.44584243
5 97121073 0.775995970803603 81.44584243
5 97284381 0 81.57256878
5 97357131 0 81.57256878
5 97391475 0 81.57256878
5 97413254 0 81.57256878
5 97434109 3.98808459549322 81.57256878
5 97477421 0.303824049628688 81.7453007
5 97631203 11.0122185750149 81.79202337
5 97636382 0.355699973009486 81.84905565
5 97821632 12.5994228114928 81.91494907
5 97845541 0 82.21618867
5 97866342 0 82.21618867
5 97992184 4.33318730335767 82.21618867
5 98042402 1.37057971985762 82.43379267
5 98072244 0 82.47469351
5 98106200 0 82.47469351
5 98144715 1.64934016156569 82.47469351
5 98219112 0 82.59739947
5 98277542 0 82.59739947
5 98325895 0 82.59739947
5 98360313 1.3978333526246 82.59739947
5 98567661 0 82.88723742
5 98601044 3.90662038984674 82.88723742
5 98622437 0 82.97081175
5 98651643 0 82.97081175
5 98675395 0.747343722509601 82.97081175
5 98902747 0 83.14072184
5 98942162 2.60794729121382 83.14072184
5 98981700 0 83.24383486
5 99094484 0.665367327848398 83.24383486
5 99136177 0.973024469997195 83.27157602
5 99597967 0 83.72090899
5 99698521 0 83.72090899
5 99765487 0 83.72090899
5 99774337 2.93539716430375 83.72090899
5 99804312 1.50890569857462 83.80889752
5 99913971 0 83.97436261
5 99949754 2.42696636195656 83.97436261
5 100010905 0 84.12277403
5 100050721 1.92454515869672 84.12277403
5 100207435 0.110267202680075 84.4243772
5 100356685 1.33732041694992 84.44083458
5 100383163 0 84.47624415
5 100443785 0.243835223397149 84.47624415
5 100671026 0.0806802086572592 84.53165351
5 100815761 2.12966546735057 84.54333076
5 100854950 0 84.62679022
5 100890337 0 84.62679022
5 100918257 6.13536164087773 84.62679022
5 100940489 0 84.76319158
5 100968336 3.34157987104679 84.76319158
5 100994547 0 84.85077773
5 101063586 0 84.85077773
5 101189232 1.39700360488351 84.85077773
5 101265240 0.76527798357748 84.95696118
5 101330028 0 85.00654201
5 101355705 0.10899103273943 85.00654201
5 101422169 0.130376388140135 85.01378599
5 101514919 0 85.0258784
5 101591603 0 85.0258784
5 101625777 0 85.0258784
5 101715045 0 85.0258784
5 101793626 0.597824149628653 85.0258784
5 101848161 0.472863304201417 85.05848074
5 102261568 0 85.25396574
5 102317408 0.45985460617424 85.25396574
5 102341962 0 85.26525701
5 102392647 1.66210591232615 85.26525701
5 102491559 0.0419673042403555 85.42965923
5 103119408 0 85.45600836
5 103156327 0 85.45600836
5 103186163 0 85.45600836
5 103222519 2.19546894778744 85.45600836
5 103299148 0.238044463982892 85.62424495
5 103378763 0 85.64319686
5 103461055 0.0856067370130415 85.64319686
5 103500479 0 85.64657182
5 103549759 3.68846754268967 85.64657182
5 103595496 0 85.81527126
5 103673698 0.706838247962364 85.81527126
5 103749153 5.70206290395592 85.86860574
5 103773444 4.11355821751692 86.00711455
5 103820861 0 86.20216714
5 103863056 0.250839507843592 86.20216714
5 104040398 11.0655698630141 86.24665152
5 104047698 0 86.32743018
5 104120834 1.53844207882343 86.32743018
5 104154276 0.9153191827646 86.37887876
5 104179434 0 86.40190636
5 104205276 5.07233894273971 86.40190636
5 104277595 0.611826402236325 86.76873284
5 104300487 0.803392818213328 86.78273877
5 104332596 1.3713875598086 86.80853491
5 104410553 10.505145934677 86.91544417
5 104430699 0 87.12708084
5 104451224 0.776572562300913 87.12708084
5 104530356 0 87.18853258
5 104579617 0.511040255425546 87.18853258
5 104625971 0.704876185882171 87.21222134
5 104650847 0 87.22975584
5 104688184 6.76868209166568 87.22975584
5 104710788 0 87.38275513
5 104733434 2.35486621655375 87.38275513
5 104757428 0 87.43925779
5 104794913 0 87.43925779
5 104879924 2.47895902754947 87.43925779
5 104901231 2.51382438021482 87.49207697
5 104943060 0.413439170687061 87.59722773
5 104973736 1.62010639396732 87.60991039
5 104993098 2.33975893440832 87.64127889
5 105029810 0 87.72717612
5 105055232 0 87.72717612
5 105098465 2.35162691189667 87.72717612
5 105172083 0 87.90029819
5 105227228 1.19312118408863 87.90029819
5 105270468 0 87.95188875
5 105301690 0.981273519916397 87.95188875
5 105350319 0 87.9996071
5 105474132 2.15526133887644 87.9996071
5 105514061 0 88.08566453
5 105666187 0 88.08566453
5 105687884 0.14558026300645 88.08566453
5 105740050 1.91580370284283 88.09325887
5 105778777 6.54637770302741 88.1674522
5 105882827 0 88.8486028
5 105913523 0 88.8486028
5 105976014 5.50162860992792 88.8486028
5 106003473 0 88.99967202
5 106046476 13.8976321269204 88.99967202
5 106066646 3.16320904791498 89.27998726
5 106150378 2.36200133353834 89.54484908
5 106189372 6.99816282442959 89.63695296
5 106221775 6.45212425213037 89.86371443
5 106287963 1.23286438958409 90.29076763
5 106320490 4.97574950151913 90.33086901
5 106404746 0 90.75010576
5 106439467 0 90.75010576
5 106460773 13.7257823155458 90.75010576
5 106486728 3.60756292820993 91.10635844
5 106540440 1.2201545613015 91.30012786
5 106574860 1.53795475413185 91.34212558
5 106614068 0 91.40242571
5 106650676 0 91.40242571
5 106676639 0 91.40242571
5 106699126 4.09514168818515 91.40242571
5 106728945 0.657205580815391 91.52453874
5 106751379 1.05105337742085 91.53928249
5 106778900 0 91.56820853
5 106811418 1.32449433074685 91.56820853
5 106839905 0 91.6059394
5 106865001 1.14446210298694 91.6059394
5 106906152 0.348064385228725 91.65303516
5 106928331 0.671487739294775 91.66075488
5 106953248 0.951807048984395 91.67748634
5 106990076 0.184471385950786 91.71253949
5 107026946 0 91.71934095
5 107053585 0 91.71934095
5 107090339 0.638155506987038 91.71934095
5 107150735 0 91.75788299
5 107173132 0.912250498187228 91.75788299
5 107203743 3.39280891824432 91.78580789
5 107270662 0 92.01285127
5 107290831 0 92.01285127
5 107382286 0 92.01285127
5 107423031 3.27254102392126 92.01285127
5 107445396 3.37735504717622 92.08604165
5 107484081 6.33788050687214 92.21669463
5 107519514 1.87890426689212 92.44126475
5 107552606 0.168314137098081 92.50344145
5 107606436 5.80594220719441 92.5125018
5 107619448 0.977404168571801 92.58804872
5 107671936 0 92.63935071
5 107707950 0 92.63935071
5 107756962 0.659689288821619 92.63935071
5 107800636 1.52806110789125 92.66816198
5 107861021 0.266882061374394 92.76043395
5 107888459 0 92.76775666
5 107916623 2.1668654894135 92.76775666
5 107950204 5.50949092157803 92.84052217
5 107973501 1.63230022238697 92.96887678
5 108027461 5.34956949254028 93.0569557
5 108050852 4.27856267196022 93.18208748
5 108079565 6.34891152386633 93.30493785
5 108099593 4.37365038030195 93.43209385
5 108138378 0 93.60172588
5 108222067 0 93.60172588
5 108247728 3.8917428918889 93.60172588
5 108312689 0.350191035506847 93.85453739
5 108401573 0.0279751624580991 93.88566377
5 108493289 1.63436125868384 93.88822954
5 108529994 0.29773973287165 93.94821877
5 108590040 6.81580714055406 93.96609685
5 108614856 0 94.13523792
5 108664273 0 94.13523792
5 108705805 0 94.13523792
5 108726380 0 94.13523792
5 108749971 2.8505778109407 94.13523792
5 108771414 0.374722732437503 94.19636286
5 108888467 4.95302664471685 94.24022528
5 108921269 0 94.40269446
5 108996628 0 94.40269446
5 109058472 0 94.40269446
5 109090548 0 94.40269446
5 109132217 0 94.40269446
5 109153222 3.67146408527636 94.40269446
5 109232869 0.78723101029669 94.69511556
5 109273075 0.703988944056404 94.72676697
5 109342359 0.0866277822862176 94.77554214
5 109411367 3.69636330592005 94.78152015
5 109433376 0 94.86287341
5 109541650 0 94.86287341
5 109589766 0 94.86287341
5 109615284 0.693720022660012 94.86287341
5 109647058 0.210978968281111 94.88491567
5 109734640 1.28623226553168 94.90339363
5 109788208 0.756040982401327 94.97229452
5 109808607 0.818975561652104 94.987717
5 109887704 0.761960860838565 95.05249551
5 109923576 0.231909703559565 95.07982857
5 109971950 1.47497464503076 95.09104697
5 109995614 0.262998139062881 95.12595077
5 110054724 0 95.14149659
5 110095374 0 95.14149659
5 110160126 4.7437968754813 95.14149659
5 110192579 3.48827914110426 95.29544703
5 110225179 0.267468405979794 95.40916493
5 110301301 2.181756571979 95.42952516
5 110353226 1.20365632480157 95.54281287
5 110374950 0 95.5689611
5 110398540 0 95.5689611
5 110424821 0 95.5689611
5 110469892 1.54427248122202 95.5689611
5 110565216 0.62222917735587 95.71616733
5 110711391 0.153660177962003 95.80712168
5 110751512 0.950084192439667 95.81328668
5 110798072 0 95.8575226
5 110863812 0 95.8575226
5 110904038 0 95.8575226
5 110965444 0 95.8575226
5 111034737 1.96267202703492 95.8575226
5 111069063 1.34806616205286 95.92489328
5 111116492 0 95.98883071
5 111198351 1.44395540028038 95.98883071
5 111275347 0 96.1000095
5 111321416 0 96.1000095
5 111344131 0 96.1000095
5 111369269 0 96.1000095
5 111394934 0 96.1000095
5 111415590 0.983124037421335 96.1000095
5 111494155 1.23922922270216 96.17724864
5 111530962 1.64889720217081 96.22286095
5 111568920 0 96.28544979
5 111604728 0.619234602626232 96.28544979
5 111735562 0.785103154830262 96.36646673
5 111807008 0 96.42255921
5 111853277 0 96.42255921
5 111951506 0 96.42255921
5 111973840 0 96.42255921
5 112001075 0.82736066328864 96.42255921
5 112070547 0 96.48003761
5 112126293 0 96.48003761
5 112165809 4.10609083687691 96.48003761
5 112208611 0 96.65578651
5 112255017 0.805024981844595 96.65578651
5 112392717 0 96.76663845
5 112425238 1.99352300024039 96.76663845
5 112458542 0.393299775000205 96.83303074
5 112519431 2.32946502537785 96.85697837
5 112553713 0 96.93683709
5 112578998 0.0906112004289486 96.93683709
5 112616318 2.2831651256106 96.9402187
5 112799742 0 97.35900598
5 112885057 0 97.35900598
5 112910361 2.6194569489099 97.35900598
5 112941150 0.2789050141002 97.43965644
5 112970228 1.01455374181422 97.44776644
5 113043067 0 97.52166552
5 113080802 0 97.52166552
5 113205459 0.844391352244141 97.52166552
5 113227245 2.40012437063218 97.54006143
5 113253859 0 97.60393834
5 113282246 0.386403995139222 97.60393834
5 113308578 2.05663487351164 97.61411313
5 113340241 1.53027788361404 97.67923236
5 113379610 0 97.73947787
5 113475544 6.20270733575909 97.73947787
5 113506870 0.103951705876039 97.93378388
5 113617898 0.520133891962102 97.94532543
5 113684967 3.35610140674009 97.98021029
5 113734372 0 98.14601848
5 113769146 0 98.14601848
5 113802134 0 98.14601848
5 113832344 6.40217423626428 98.14601848
5 113875389 0.345887366700346 98.42160007
5 113926777 2.30295916857776 98.43937453
5 113953815 4.04613290203339 98.50164194
5 114007915 1.12958101676809 98.72053773
5 114030398 1.76521792552662 98.7459341
5 114059697 5.03467061923583 98.79765322
5 114149259 3.17354317589106 99.24856839
5 114190671 21.4453535353533 99.37999116
5 114222945 0 100.0721185
5 114253689 0 100.0721185
5 114277451 0 100.0721185
5 114308026 0 100.0721185
5 114343571 0 100.0721185
5 114398760 0 100.0721185
5 114421878 0 100.0721185
5 114454680 0.0891596973315305 100.0721185
5 114492345 0 100.0754767
5 114537205 0 100.0754767
5 114595880 2.1674174104556 100.0754767
5 114768420 4.81021339690684 100.4494429
5 114802816 0 100.614895
5 114829438 0 100.614895
5 114855332 0 100.614895
5 114898265 6.88339915674881 100.614895
5 114935739 2.242762963468 100.8728435
5 114979728 3.90688182118872 100.9715004
5 115016012 0 101.1132577
5 115050053 0.998994937276872 101.1132577
5 115130247 3.35610997894406 101.1933711
5 115160237 3.356109978944 101.294020838269
5 115277948 0.375933871227476 101.6890719
5 115346239 0.85059802835309 101.7147448
5 115381438 0.431484471622892 101.744685
5 115439654 4.29864709699977 101.7698043
5 115479716 0 101.9420167
5 115522926 0 101.9420167
5 115575802 1.93015689597621 101.9420167
5 115653688 1.4861733777889 102.0923489
5 115692678 0.386807897828624 102.1502948
5 115719065 0 102.1605015
5 115826095 0 102.1605015
5 115849577 7.57965927700279 102.1605015
5 115890490 2.43816089334545 102.4706081
5 115916818 2.18315655690292 102.5348
5 115960093 2.56454942162551 102.6292761
5 115988967 11.4997695243129 102.7033249
5 116015434 6.52398777310072 103.0076893
5 116055346 0.535967361900107 103.2680747
5 116078264 1.62990740224233 103.280358
5 116114118 0 103.3387967
5 116134185 1.46929698171786 103.3387967
5 116187626 8.33069714502494 103.4173174
5 116240341 0 103.8564701
5 116269886 1.20831830422237 103.8564701
5 116391317 0 104.0031974
5 116422295 1.86597021779047 104.0031974
5 116483271 1.88448553472179 104.1169768
5 116521777 10.7355115850471 104.1895408
5 116630840 0 105.3603879
5 116661838 4.87049544375531 105.3603879
5 116687956 0.526363927541922 105.4875955
5 116716055 0 105.5023858
5 116743685 0 105.5023858
5 116791394 8.78170410111799 105.5023858
5 116813388 7.31297329613533 105.6955306
5 116828442 0 105.8056201
5 116845970 0 105.8056201
5 116908657 0 105.8056201
5 116953217 7.40997845464832 105.8056201
5 116976888 0 105.9810217
5 117008357 9.9717477819567 105.9810217
5 117035746 0 106.2541379
5 117072309 7.72111066417462 106.2541379
5 117114572 0.0665918308227034 106.5804552
5 117155996 3.05926349140368 106.5832137
5 117194502 1.07950874983097 106.7010137
5 117216731 0 106.7250101
5 117240812 8.39496188114321 106.7250101
5 117262586 17.6782738719824 106.907802
5 117281646 0 107.2447499
5 117320443 0 107.2447499
5 117365223 18.6429938773934 107.2447499
5 117391029 5.29537693926859 107.725851
5 117455164 0.172288055961669 108.06547
5 117493476 0 108.0720707
5 117527584 20.3244337258236 108.0720707
5 117548731 2.00719900528955 108.5018715
5 117596182 10.0803032160518 108.5971151
5 117620653 0 108.8437902
5 117645067 3.57724869044708 108.8437902
5 117685157 0 108.9872021
5 117708287 0 108.9872021
5 117735828 3.0682646473178 108.9872021
5 117768974 0 109.0889028
5 117793535 2.67459929271434 109.0889028
5 117850372 16.3976256339315 109.240919
5 117872062 11.2619362874749 109.5965835
5 117900480 11.2619362874736 109.916625205417
5 117930669 0 110.2566118
5 117960691 0 110.2566118
5 118028673 6.55953962980563 110.2566118
5 118053957 19.0461245763254 110.4224632
5 118085231 7.52665219194467 111.0181117
5 118126222 2.35754840588135 111.3266367
5 118146829 4.78991795806678 111.3752187
5 118152314 3.35150186868447 111.4014914
5 118217333 0 111.6194027
5 118257944 3.96659206558656 111.6194027
5 118300392 0.870147705244387 111.7877766
5 118337019 1.88038696695311 111.8196475
5 118401624 0.961748117995965 111.9411299
5 118483186 1.49309848598482 112.019572
5 118516541 0 112.0693743
5 118543807 6.17390993028006 112.0693743
5 118570342 0.284009009009103 112.233199
5 118620070 7.67499418415308 112.2473222
5 118663056 0 112.5772395
5 118696815 6.32403755868481 112.5772395
5 118720245 0 112.7254117
5 118747438 3.30036217207989 112.7254117
5 118789407 2.92930074335346 112.8639246
5 118829092 0 112.9801739
5 118861762 0 112.9801739
5 118894255 4.724634975053 112.9801739
5 118926924 0 113.134523
5 118954058 0 113.134523
5 118981243 2.61120593021119 113.134523
5 119008898 0 113.2067359
5 119036022 5.94116611705714 113.2067359
5 119085451 6.84033270288798 113.5004018
5 119108715 2.80933336551509 113.6595353
5 119150147 0 113.7759316
5 119406813 0 113.7759316
5 119441240 0 113.7759316
5 119463301 3.98305247752421 113.7759316
5 119511131 0.606356646825716 113.966441
5 119551451 0 113.9908893
5 119618064 0.260442015639888 113.9908893
5 119651185 5.0120580679358 113.9995154
5 119675708 0.791963509351192 114.1224261
5 119743561 0 114.1761632
5 119807160 0 114.1761632
5 119827382 0 114.1761632
5 119900034 0 114.1761632
5 119945721 0 114.1761632
5 120029711 0 114.1761632
5 120055511 0 114.1761632
