Chromosome Position(bp) Rate(cM/Mb) Map(cM)
24 0 0 0
24 300821 10.9497944511725 0
24 391651 0 0.99456983
24 412291 0 0.99456983
24 438309 0 0.99456983
24 465578 0 0.99456983
24 520222 0 0.99456983
24 548386 0 0.99456983
24 622549 0 0.99456983
24 684437 0 0.99456983
24 728865 0.87384097840342 0.99456983
24 857728 1.48538676607643 1.1071756
24 901721 0 1.17252222
24 944453 0 1.17252222
24 980184 0 1.17252222
24 1025273 2.52835211870451 1.17252222
24 1046300 0.875707850495098 1.22568588
24 1167286 0 1.33163427
24 1191783 3.53773425818242 1.33163427
24 1215859 1.21197429948889 1.41680876
24 1271033 8.86934218792066 1.48367823
24 1293319 0 1.68134039
24 1313457 0 1.68134039
24 1346177 0 1.68134039
24 1368237 0 1.68134039
24 1398867 0 1.68134039
24 1468856 0 1.68134039
24 1526726 0 1.68134039
24 1560468 0 1.68134039
24 1570277 0 1.68134039
24 1617104 0 1.68134039
24 1617199 4.57212494708797 1.68134039
24 1657360 0.021228423791549 1.8649615
24 1793795 10.5713147689576 1.8678578
24 1815198 0 2.09411565
24 1855480 0 2.09411565
24 1876881 1.45692563542495 2.09411565
24 1897025 0 2.12346396
24 1921310 0 2.12346396
24 1940886 2.03663029293349 2.12346396
24 1976901 0 2.1968132
24 1993052 0 2.1968132
24 2064684 6.14241031139706 2.1968132
24 2087067 0.0714332410817399 2.33429877
24 2132956 1.53022064039529 2.33757677
24 2173837 0.361273034765541 2.40013372
24 2236514 0 2.42277723
24 2274958 2.14309006883937 2.42277723
24 2295731 0 2.46729564
24 2317459 1.23174418699286 2.46729564
24 2440330 2.6790480309852 2.61864128
24 2491193 1.56309932907871 2.7549057
24 2533970 0 2.8217704
24 2561659 0.902469226013155 2.8217704
24 2597241 10.6848593338981 2.85388206
24 2619670 2.32812796769792 3.09353277
24 2708333 0 3.29995158
24 2741248 0.5098959881129 3.29995158
24 2766149 2.7767281499509 3.3126485
24 2789570 0 3.37768225
24 2816336 0 3.37768225
24 2847285 2.61229676875864 3.37768225
24 2880523 3.65441609238221 3.46450977
24 2901999 4.68705370954162 3.54299201
24 2953070 0 3.78236453
24 2997648 0 3.78236453
24 3020392 0 3.78236453
24 3058858 0 3.78236453
24 3079822 4.3325806298277 3.78236453
24 3121897 2.06884493268985 3.96465786
24 3184889 5.51895537742725 4.09497854
24 3208218 5.24726050079413 4.22373025
24 3237811 4.12219522646442 4.37901243
24 3261148 0 4.4752121
24 3288737 3.20919456772951 4.4752121
24 3337630 1.17821458044353 4.63211925
24 3451536 3.40168132491663 4.76632496
24 3479734 0 4.86224557
24 3510475 1.61541689109126 4.86224557
24 3566173 3.38726346375829 4.95222106
24 3591296 0.65872357185619 5.03731928
24 3654770 16.8281250703802 5.0791311
24 3681411 0 5.52744918
24 3712541 0 5.52744918
24 3725020 0 5.52744918
24 3851938 0 5.52744918
24 3882222 0 5.52744918
24 3943627 0 5.52744918
24 3965211 0 5.52744918
24 4007678 0 5.52744918
24 4048939 1.41310847407553 5.52744918
24 4109866 2.0677803814714 5.61354564
24 4164916 2.94314253744192 5.72737695
24 4188152 1.03481137419272 5.79576381
24 4196979 0.39191515943645 5.80489809
24 4249006 0.622377885395408 5.82528826
24 4330364 0.895709616888193 5.87592368
24 4394314 0.831182305557079 5.93320431
24 4467806 1.46344538338235 5.99428956
24 4532063 0 6.08832617
24 4581542 0.720186104218342 6.08832617
24 4612976 3.8279370176162 6.1109645
24 4646922 0 6.24090765
24 4694753 3.6640947218996 6.24090765
24 4748996 0.422346366862357 6.43965914
24 4779149 1.81158579599618 6.45239415
24 4842089 0.838889179483566 6.56641536
24 4941502 0 6.64981185
24 4963101 0 6.64981185
24 4992922 1.00283525573809 6.64981185
24 5027254 0 6.68424119
24 5052764 3.38952689025599 6.68424119
24 5077959 1.82905314794931 6.76964032
24 5112410 1.39449854165933 6.83265303
24 5169324 5.45577599054425 6.91201952
24 5208242 0.909212802837254 7.12434741
24 5333433 0 7.23817267
24 5415601 6.81392639918223 7.23817267
24 5454731 0 7.50480161
24 5498951 1.75514178940426 7.50480161
24 5548990 0 7.59262715
24 5578819 0.75405736384142 7.59262715
24 5603643 0 7.61134587
24 5633248 1.35171009663446 7.61134587
24 5768293 1.07707487422314 7.79388756
24 5818978 0 7.8484791
24 5843675 0 7.8484791
24 5883498 5.42915488215486 7.8484791
24 5904288 0 7.96135123
24 5956553 0.108771401786161 7.96135123
24 5997087 0 7.96576017
24 6030003 0 7.96576017
24 6066463 1.54434147991543 7.96576017
24 6125588 0 8.05706936
24 6158659 0.209815814188194 8.05706936
24 6230000 1.1462477445098 8.07203783
24 6298167 0 8.1501741
24 6377791 1.60141495544363 8.1501741
24 6429411 2.57799948377281 8.23283914
24 6576633 0.58171276984293 8.61237738
24 6628654 1.73654905542471 8.64263866
24 6732669 0 8.82326581
24 6909242 0.694793296089364 8.82326581
24 6937882 4.51834478367241 8.84316469
24 6967721 2.07336116439126 8.97798758
24 7003173 0 9.05149238
24 7039736 0 9.05149238
24 7065050 0 9.05149238
24 7100407 0 9.05149238
24 7131540 1.17920861671553 9.05149238
24 7201822 0.15124527244711 9.13436952
24 7316046 0 9.15164536
24 7348859 5.3592287917738 9.15164536
24 7392427 0 9.38513624
24 7426213 0 9.38513624
24 7467215 0 9.38513624
24 7499698 0 9.38513624
24 7526945 0 9.38513624
24 7552538 0 9.38513624
24 7613273 1.70787636258283 9.38513624
24 7640886 0 9.43229583
24 7657753 0 9.43229583
24 7660372 0 9.43229583
24 7682625 0 9.43229583
24 7721264 1.56105903664824 9.43229583
24 7785851 4.58245688416219 9.53311995
24 7813683 3.91735512516265 9.66065889
24 7892061 0.137610908538441 9.96769335
24 7918389 1.98745689441814 9.97131637
24 7978996 0 10.09177017
24 8009327 0 10.09177017
24 8028456 5.44614028507128 10.09177017
24 8151092 1.7790459441102 10.75966303
24 8192316 1.58661428526752 10.83300242
24 8256270 0 10.93447275
24 8320822 1.93406428009517 10.93447275
24 8426329 0 11.13853007
24 8448581 2.21481429990071 11.13853007
24 8493896 0.461559295095523 11.23889438
24 8680134 0.612726530419035 11.32485426
24 8764637 0.70417877428254 11.37663149
24 8845096 0 11.43328901
24 8887538 0 11.43328901
24 8922556 1.1694530331278 11.43328901
24 8957421 0 11.47406199
24 9041112 0 11.47406199
24 9062167 1.65597448378675 11.47406199
24 9183580 0.591978536297918 11.67511882
24 9271822 0 11.72735619
24 9314649 0.710115196294876 11.72735619
24 9416562 0 11.79972616
24 9437760 8.5202959740399 11.79972616
24 9465803 0 12.03866082
24 9477890 0 12.03866082
24 9514257 1.30874380339624 12.03866082
24 9552181 0 12.08829362
24 9571010 0 12.08829362
24 9610032 0.23479906138394 12.08829362
24 9687593 0.168053949124502 12.10650487
24 9712320 0.32907393956279 12.11066034
24 9913322 0.590182764833406 12.17680486
24 10044310 1.15817084524119 12.25411172
24 10229062 2.85481460211242 12.4680861
24 10269111 1.79485704797746 12.58241857
24 10332349 0.796193613509579 12.69592174
24 10405660 0 12.75429149
24 10452692 0.437858300688906 12.75429149
24 10511916 0 12.78022321
24 10588074 32.600467519685 12.78022321
24 10590106 0 12.84646736
24 10643239 7.99984676503979 12.84646736
24 10664383 0.77502743102485 13.01561612
24 10714691 0.898973203661682 13.0546062
24 10777722 0 13.11126938
24 10804020 0 13.11126938
24 10859421 6.70684979672563 13.11126938
24 10904926 0 13.41646458
24 10958208 3.74865574146235 13.41646458
24 11010564 2.14833161996972 13.6127292
24 11064065 0 13.72766709
24 11103928 2.05598591900102 13.72766709
24 11164151 0.954617044825698 13.85148473
24 11200291 0 13.88598459
24 11242782 0.0826788332049739 13.88598459
24 11323276 0.602310555307307 13.89263974
24 11343427 2.40193328041448 13.9047769
24 11391299 1.88478623814919 14.01976225
24 11424841 5.47311442087367 14.08298175
24 11451899 1.19978977094441 14.23107328
24 11471021 0.328235597149437 14.25401566
24 11505962 1.05954922175063 14.26548454
24 11550485 1.90105764302854 14.31265885
24 11587558 0 14.38313676
24 11615091 0.0607423492576644 14.38313676
24 11664596 0.208965096080791 14.38614381
24 11738284 0 14.40154203
24 11764479 7.61180221300138 14.40154203
24 11800629 0 14.67670868
24 11843948 0 14.67670868
24 11894653 0 14.67670868
24 11926596 0 14.67670868
24 12020111 2.03823305948486 14.67670868
24 12052489 3.02449206250581 14.74270259
24 12116867 0 14.93741334
24 12195639 0 14.93741334
24 12221462 0 14.93741334
24 12243058 0.414744204838135 14.93741334
24 12381665 0.767625527517012 14.99489979
24 12474553 0 15.06620299
24 12575050 0 15.06620299
24 12616739 1.0916856786145 15.06620299
24 12710452 0.440018656402843 15.16850813
24 12769949 0 15.19468792
24 12855197 0 15.19468792
24 12946991 3.60532347096492 15.19468792
24 12978694 0.653683327267585 15.30898749
24 13028152 0.132407793022738 15.34131736
24 13063209 1.63020226972816 15.34595918
24 13157934 0 15.50038009
24 13228386 0 15.50038009
24 13279469 1.34367833440456 15.50038009
24 13417942 0.508062639055235 15.68644326
24 13458843 2.66376511523018 15.70722353
24 13505402 0.643724193371493 15.83124577
24 13532769 1.56620167324699 15.84886257
24 13675366 0 16.07219823
24 13777849 0.804157670390797 16.07219823
24 13889284 0.356309488960175 16.16180954
24 14049839 1.50355687001973 16.21901681
24 14135552 0 16.34789118
24 14175628 0.101741610980029 16.34789118
24 14397704 0.0918483521881504 16.37048555
24 14466917 0 16.37684265
24 14536021 0 16.37684265
24 14558754 0 16.37684265
24 14600780 4.13132461810691 16.37684265
24 14628471 0 16.49124316
24 14651618 0.85340844463013 16.49124316
24 14725819 0 16.55456692
24 14772616 0.650256172122891 16.55456692
24 14798458 1.11536467830163 16.57137084
24 14875238 0 16.65700854
24 14922727 1.42675194939413 16.65700854
24 14954660 0 16.70256901
24 14988931 0.788639935813013 16.70256901
24 15086147 1.3547454288222 16.77923743
24 15141986 0 16.85488506
24 15183669 0 16.85488506
24 15222152 0.622711411276068 16.85488506
24 15386358 0 16.95713801
24 15423390 0 16.95713801
24 15810051 0 16.95713801
24 15849402 3.51091697358366 16.95713801
24 15965883 1.74061718894296 17.36609313
24 15998369 0.593650108955557 17.42263882
24 16356772 0.240507514601411 17.6354048
24 16464296 0 17.66126513
24 16499172 0 17.66126513
24 16546106 0 17.66126513
24 16577706 1.59204493315402 17.66126513
24 16666193 0.276686924132548 17.80214041
24 16717203 0.173771104097478 17.81625421
24 16789760 0 17.82886252
24 16839012 2.24971585131613 17.82886252
24 16874416 0 17.90851146
24 16947207 0.65943892568071 17.90851146
24 16990695 1.97839531017573 17.93718914
24 17013553 0.372997440312772 17.9824113
24 17120988 0.959483549640361 18.02248428
24 17169376 0.897038297851982 18.06891177
24 17587389 1.84197129568116 18.44388544
24 17625014 0.910194252215689 18.51318961
24 17682671 1.68738555662653 18.56566868
24 17733504 2.48990402387923 18.65144355
24 17820609 2.69892938137835 18.86832664
24 17915853 0 19.12538347
24 17943061 0 19.12538347
24 18007250 0 19.12538347
24 18029890 0 19.12538347
24 18063485 0.638537775366258 19.12538347
24 18293860 0 19.27248661
24 18333563 0 19.27248661
24 18407618 0 19.27248661
24 18473108 0 19.27248661
24 18498586 0 19.27248661
24 18582720 0 19.27248661
24 18629301 3.21786052105845 19.27248661
24 18678355 0.994760131469028 19.43033554
24 18806446 0 19.55775536
24 18873497 0 19.55775536
24 18924463 5.38253518826941 19.55775536
24 18955084 0 19.72257397
24 18993046 0.64182925240954 19.72257397
24 19023758 0 19.74228583
24 19057547 0.903101204382283 19.74228583
24 19151288 0 19.82694344
24 19184936 0.249026878155711 19.82694344
24 19224150 1.7209309366131 19.83670878
24 19261145 0 19.90037462
24 19342724 0.648666177653693 19.90037462
24 19384986 0 19.92778855
24 19437043 0.924837143952016 19.92778855
24 19491846 0 19.9784724
24 19565904 0.798465309271545 19.9784724
24 19672186 0 20.06333489
24 19713870 0 20.06333489
24 19726696 0 20.06333489
24 19747897 0.432537727666965 20.06333489
24 19770957 0.959481695283119 20.07330921
24 19811493 1.76095687264814 20.11220276
24 19851885 1.06376927601461 20.18333133
24 19890988 0 20.2249279
24 19926418 0 20.2249279
24 19999059 0 20.2249279
24 20047195 0 20.2249279
24 20086919 0 20.2249279
24 20134276 0.0812861908733208 20.2249279
24 20201420 0 20.23038578
24 20349623 5.62622646720374 20.23038578
24 20371348 0 20.35261555
24 20453533 2.91274024557907 20.35261555
24 20474626 0 20.41405398
24 20510450 1.81983755382736 20.41405398
24 20572686 0 20.52731339
24 20659175 1.49479983807144 20.52731339
24 20681407 2.04419419831003 20.56054578
24 20730048 0 20.65997743
24 20757957 1.85001070729697 20.65997743
24 20839210 0 20.81029635
24 20862970 2.57050450394092 20.81029635
24 20926914 0 20.97466469
24 20952349 0 20.97466469
24 20973455 0.848290356237883 20.97466469
24 21020418 0.583888276955388 21.01450295
24 21104502 0.583888276955376 21.0635986118795
24 21214702 1.58052554582739 21.1279431
24 21259817 0 21.19924851
24 21306399 0 21.19924851
24 21337842 0 21.19924851
24 21378400 0 21.19924851
24 21409360 0 21.19924851
24 21431369 0 21.19924851
24 21456850 1.56251289891073 21.19924851
24 21488248 4.765129201301 21.24830829
24 21510384 3.38001671971314 21.35378919
24 21560026 0 21.52157998
24 21605659 0 21.52157998
24 21667119 0.933824624151832 21.52157998
24 21783988 1.38323184512388 21.63071513
24 21830890 0 21.69559147
24 21878920 0 21.69559147
24 21903759 1.80015229829455 21.69559147
24 21939938 0.620455047005354 21.76071918
24 21985252 1.97247943778777 21.78883448
24 22087989 0.053050893498084 21.9914811
24 22139528 0 21.99421529
24 22203073 1.0472231382586 21.99421529
24 22365609 3.94327975726766 22.16442675
24 22389998 0 22.2605994
24 22429133 1.30718743877522 22.2605994
24 22464862 0.706776524592502 22.3073039
24 22520631 0 22.34672012
24 22545713 0 22.34672012
24 22571085 1.3683797848965 22.34672012
24 22605673 0.0206574685289426 22.39404964
24 22711564 0 22.39623708
24 22749638 4.66124371305047 22.39623708
24 22772304 0 22.50188883
24 22901743 2.13794054623695 22.50188883
24 23015613 0.193068574341974 22.74533612
24 23172523 0.0226729816633507 22.77563051
24 23230058 1.1040083551158 22.776935
24 23272906 0.275283992583424 22.82423955
24 23402346 1.43791250228812 22.85987231
24 23484291 1.36350853013477 22.97770205
24 23537983 0.659382583667264 23.05091155
24 23839206 2.54110442764575 23.24953275
24 23931806 0 23.48483902
24 24013956 2.10888082042473 23.48483902
24 24039121 2.10888082042463 23.537909005846
24 24144230 0.0307152504727428 23.75957136
24 24210864 1.5870711807864 23.76161804
24 24293597 0 23.8929212
24 24396084 1.13525661963534 23.8929212
24 24470786 4.81620420439639 23.97772714
24 24502039 0 24.12824797
24 24567300 0.376428502181322 24.12824797
24 24598245 0.507613897021772 24.13989655
24 24651868 2.95963973090627 24.16711633
24 24715043 0.0504212001240896 24.35409157
24 24821382 0.383171541244441 24.35945331
24 24968711 1.4723832335329 24.41590559
24 25023821 0 24.49704863
24 25184255 0 24.49704863
24 25259209 1.49223759800781 24.49704863
24 25421441 0 24.73913732
24 25483099 0.02194772905535 24.73913732
24 25550670 0 24.74062035
24 25584461 0 24.74062035
24 25610710 4.26510338428917 24.74062035
24 25633344 0 24.8371567
24 25666802 0.969602532363953 24.8371567
24 25768999 1.29454402977769 24.93624717
24 25840462 0 25.02875917
24 25877147 0.0396355255761293 25.02875917
24 25921622 0.701186564622425 25.03052196
24 26021448 0 25.10051861
24 26063880 0 25.10051861
24 26097329 1.79050713153721 25.10051861
24 26121938 1.08483653576157 25.1445812
24 26321370 0.592548129197276 25.36093232
24 26383910 0 25.39799028
24 26414942 4.39166840599244 25.39799028
24 26444647 0 25.52844479
24 26536102 3.03027370210202 25.52844479
24 26576109 0 25.64967695
24 26616960 0 25.64967695
24 26680497 0.216249094088132 25.64967695
24 26877812 1.95902299147509 25.69234614
24 26955232 1.36014999620254 25.8440137
24 27007900 1.00875140059439 25.91565008
24 27048954 0 25.95706336
24 27078953 0 25.95706336
24 27112777 0.482390970063826 25.95706336
24 27143342 0.121870291827643 25.97180764
24 27174936 0.997051982407694 25.97565801
24 27297035 0 26.09739706
24 27335211 2.17653351667237 26.09739706
24 27393391 1.08373758731363 26.22402778
24 27446361 0 26.28143336
24 27472545 0.241997055820615 26.28143336
24 27514662 0 26.29162555
24 27567865 1.43001055074913 26.29162555
24 27615255 0 26.35939375
24 27671338 0 26.35939375
24 27724269 0 26.35939375
24 27747465 0.769636617153343 26.35939375
24 27817749 0 26.41348689
24 27839597 0.523908102523578 26.41348689
24 27859924 0 26.42413637
24 27882598 0 26.42413637
24 27907715 0 26.42413637
24 27930734 1.32657234307726 26.42413637
24 27966038 0.348973904388672 26.47096968
24 27998189 5.71215433331248 26.48218954
24 28062297 0 26.84838433
24 28087652 1.13876040968703 26.84838433
24 28118993 0 26.88407422
24 28158961 6.3558239049621 26.88407422
24 28183709 1.11574085113429 27.04136815
24 28244099 0.69629564895305 27.10874774
24 28330492 0 27.16890281
24 28353262 1.89431293106118 27.16890281
24 28417928 0 27.29140045
24 28452709 0 27.29140045
24 28487771 0 27.29140045
24 28516684 5.13252160120198 27.29140045
24 28540641 0.577142615862887 27.41436027
24 28570245 0.0120411305078369 27.431446
24 28604672 1.78425859400112 27.43186054
24 28638911 1.71311146709381 27.49295177
24 28676366 0 27.55711636
24 28703207 0 27.55711636
24 28731501 0.38077628294685 27.55711636
24 28795202 0 27.58137219
24 28850850 0.717456648733606 27.58137219
24 28894159 0.317980099217136 27.61244452
24 28963905 1.41400898371699 27.63462236
24 28990620 0 27.67239761
24 29019019 1.09082476792041 27.67239761
24 29071264 2.18057615080798 27.72938775
24 29101395 0.103440365602456 27.79509069
24 29134874 0.817899467539368 27.79855377
24 29155345 2.65109777331669 27.81529699
24 29204162 0.515703668861793 27.94471563
24 29236052 1.51402871126498 27.96116142
24 29309403 0 28.07221694
24 29338071 0.756010227137736 28.07221694
24 29363298 0.202803427199054 28.09128881
24 29381622 9.95182242089013 28.09500498
24 29412718 0 28.40446685
24 29545123 3.16142310461892 28.40446685
24 29593728 3.30071608720186 28.55812782
24 29680561 0.90602987184536 28.8447389
24 29766863 1.54600571404204 28.92293109
24 29790314 0 28.95918647
24 29824697 2.22669975186104 28.95918647
24 29856937 0 29.03097527
24 29888368 1.3137678363425 29.03097527
24 29915840 0.38656531830828 29.0670671
24 30028718 0.594044210710053 29.11070182
24 30074544 0 29.13792449
24 30129550 0 29.13792449
24 30132541 0 29.13792449
24 30164026 1.8176745186494 29.13792449
24 30250034 4.05661486702991 29.29425904
24 30275002 0 29.3955446
24 30381754 1.89837493308342 29.3955446
24 30411642 0.609979064481457 29.45228323
24 30461796 1.48509478379392 29.48287612
24 30486009 0 29.51883472
24 30532388 0 29.51883472
24 30736100 0 29.51883472
24 30756121 1.16697085972846 29.51883472
24 30783746 0.717754332652267 29.55107229
24 30976584 0 29.6894826
24 30999960 0 29.6894826
24 31077790 0 29.6894826
24 31112327 5.10632159023812 29.6894826
24 31163137 0 29.9489348
24 31189035 0 29.9489348
24 31282880 1.07207769960236 29.9489348
24 31315570 1.4731280497614 29.98398102
24 31352868 0.446877679624703 30.03892575
24 31387621 0 30.05445609
24 31415877 2.49897583518358 30.05445609
24 31532079 0 30.34484208
24 31554696 0 30.34484208
24 31602546 0 30.34484208
24 31675938 0 30.34484208
24 31701303 0 30.34484208
24 31814928 1.92126815938979 30.34484208
24 31865797 1.90667723228247 30.44257507
24 31936151 2.79118695972385 30.57671744
24 31961948 0.343162469916436 30.64872169
24 31989787 0.235675364744015 30.65827499
24 32047156 2.74273214207306 30.67179545
24 32069933 0 30.73426666
24 32091221 0 30.73426666
24 32115024 5.50562930583938 30.73426666
24 32136071 0 30.85014364
24 32159647 0 30.85014364
24 32183082 0.150956370114875 30.85014364
24 32209463 0 30.85412602
24 32235079 0 30.85412602
24 32264879 5.25102076614042 30.85412602
24 32317898 1.62276717174059 31.13252989
24 32576870 0 31.55278115
24 32599744 0 31.55278115
24 32638497 0 31.55278115
24 32676013 1.9072413157894 31.55278115
24 32714013 0.557953762129491 31.62525632
24 32732872 1.84057290443767 31.63577877
24 32775462 0 31.71416877
24 32826968 0.550314079333416 31.71416877
24 32867531 0 31.73649116
24 32894188 0.462036887016614 31.73649116
24 32931220 0 31.75360131
24 32988911 4.78874021269134 31.75360131
24 33065924 0.801344902386131 32.12239656
24 33122166 0.0968494170494021 32.1674658
24 33201418 0.79261732726994 32.17514131
24 33244737 0 32.2094767
24 33308884 1.91734114202018 32.2094767
24 33332789 0 32.25531074
24 33353647 0 32.25531074
24 33380101 0.346108376738283 32.25531074
24 33401028 0.42794331759552 32.26255375
24 33476854 1.5665971060859 32.29500298
24 33518113 0.654416990407508 32.35963921
24 33626739 0 32.43072591
24 33668285 4.24118467987612 32.43072591
24 33706692 0 32.59361709
24 33743788 0 32.59361709
24 33780521 0 32.59361709
24 33814573 0 32.59361709
24 33917915 4.04345139303212 32.59361709
24 33973226 0 32.81726443
24 33994132 0.0473648205683566 32.81726443
24 34029215 3.29164454335889 32.81892613
24 34066958 0 32.94316267
24 34098685 0.451815242926534 32.94316267
24 34122422 0.451815242926322 32.9538874084213
24 34194887 0 32.9866282
24 34271240 1.80096041370276 32.9866282
24 34315523 2.8175431681682 33.06638013
24 34395443 0 33.29155818
24 34423196 0 33.29155818
24 34458397 0 33.29155818
24 34511917 2.6702566035149 33.29155818
24 34541106 3.26921324066144 33.3695003
24 34572615 0 33.47250994
24 34605699 0 33.47250994
24 34644739 1.44941961593617 33.47250994
24 34719362 0 33.58066998
24 34750786 0 33.58066998
24 34784596 0 33.58066998
24 34813345 0 33.58066998
24 34843468 0 33.58066998
24 34921944 0 33.58066998
24 35026477 0 33.58066998
24 35149994 0 33.58066998
24 35185903 6.20064848756539 33.58066998
24 35223822 0 33.81579237
24 35260958 0 33.81579237
24 35286213 0.963060894847408 33.81579237
24 35310977 0.962386049333959 33.83964161
24 35452705 1.3143155061186 33.97603866
24 35517344 0 34.0609947
24 35540704 0 34.0609947
24 35600744 6.03252449946068 34.0609947
24 35622071 0 34.18965035
24 35642254 0 34.18965035
24 35695654 0 34.18965035
24 35731647 0 34.18965035
24 35753098 0 34.18965035
24 35777610 0 34.18965035
24 35837457 0 34.18965035
24 35863965 2.66966489195107 34.18965035
24 35889509 0 34.25784427
24 35916951 0 34.25784427
24 35972031 0 34.25784427
24 36004613 10.1588341029025 34.25784427
24 36028869 0.109004390261438 34.50425695
24 36056430 3.01675222271411 34.50726122
24 36081287 0 34.58224863
24 36134480 0 34.58224863
24 36163594 2.66164551408587 34.58224863
24 36195505 4.50225701624848 34.6671844
24 36215815 0 34.75862524
24 36298568 0 34.75862524
24 36498722 0.479251157669677 34.75862524
24 36560484 0 34.78822475
24 36589347 0.149883554689933 34.78822475
24 36685873 0.4769581115018 34.80269241
24 36780791 0.476958111501717 34.8479643200275
24 36835198 4.68710257728176 34.87391418
24 36862436 0 35.00158148
24 36894088 0 35.00158148
24 36934987 0 35.00158148
24 37011897 0 35.00158148
24 37039861 0 35.00158148
24 37125932 0 35.00158148
24 37146245 0 35.00158148
24 37166678 1.18145549232264 35.00158148
24 37203930 0 35.04559306
24 37240387 0 35.04559306
24 37291595 0.0980686160493208 35.04559306
24 37315671 0 35.04795416
24 37346545 1.55061535662265 35.04795416
24 37374025 0 35.09056507
24 37402184 0 35.09056507
24 37427691 0 35.09056507
24 37463872 1.762305890447 35.09056507
24 37524920 0 35.19815032
24 37591281 3.42853818086167 35.19815032
24 37621702 0 35.30244988
24 37668560 3.89013751641217 35.30244988
24 37740915 0 35.58392078
24 37781885 1.40752531096322 35.58392078
24 37809541 0 35.6228473
24 37844634 1.09138354926187 35.6228473
24 37927609 1.39631476683941 35.71340485
24 37963121 0 35.76299078
24 38053171 1.94740601421528 35.76299078
24 38098896 2.99920561271019 35.85203592
24 38161397 0 36.03948927
24 38220372 0 36.03948927
24 38253349 0 36.03948927
24 38274109 0 36.03948927
24 38304311 0 36.03948927
24 38332315 2.2394074141137 36.03948927
24 38475906 0 36.36104802
24 38537297 2.95360909982726 36.36104802
24 38558704 0 36.42427593
24 38588206 4.51777351965231 36.42427593
24 38609603 2.78293447746538 36.52094273
24 38754225 0 36.92341628
24 38781675 0.503233103575931 36.92341628
24 38889760 0.0462277147487315 36.97780823
24 38934184 6.73343076796593 36.97986185
24 38958508 3.52797921950398 37.14364582
24 38982954 0 37.2298908
24 39126646 1.72482140883987 37.2298908
24 39199046 0 37.35476787
24 39219898 0 37.35476787
24 39263853 0 37.35476787
24 39368915 0.383613481063877 37.35476787
24 39446624 0 37.38457809
24 39492890 3.94760483297807 37.38457809
24 39533693 0 37.54565221
24 39568136 0 37.54565221
24 39626094 1.94949477503882 37.54565221
24 39683415 0 37.6573992
24 39828789 0 37.6573992
24 39855359 0.382829559986291 37.6573992
24 39910880 0 37.67865428
24 39938031 1.93298553563354 37.67865428
24 40057497 3.31189437055816 37.90958033
24 40091408 1.90068731457343 38.02188998
24 40247130 3.32543679979474 38.31786881
24 40293902 3.1620859562967 38.47340614
24 40324243 0.578170965679152 38.56934699
24 40352389 1.62219116022094 38.58562019
24 40424789 0.356711700771226 38.70306683
24 40457727 2.10124922957151 38.7148162
24 40488554 0 38.77959141
24 40543846 0 38.77959141
24 40583246 0.137530911294088 38.77959141
24 40627809 4.74976436643418 38.7857202
24 40656922 1.41159448622107 38.92400009
24 40746951 0 39.05108453
24 40779239 0.458818868808799 39.05108453
24 40915803 0.52583899908224 39.11374267
24 40969194 3.26626370142219 39.14181774
24 40991272 0.706500672947604 39.21393031
24 41032137 1.4512887321839 39.24280146
24 41099071 0 39.33994202
24 41138947 0 39.33994202
24 41161783 0 39.33994202
24 41203076 1.3224732003051 39.33994202
24 41252890 0.260966914726141 39.4058197
24 41388207 0.422338070394787 39.44113296
24 41540974 0 39.50565228
24 41676195 0 39.50565228
24 41742652 2.77735866250105 39.50565228
24 41796424 0 39.65499641
24 41856500 0.917934850051585 39.65499641
24 41885510 0 39.6816257
24 41944725 0 39.6816257
24 41981056 1.00546734069128 39.6816257
24 42066315 0.630820917082871 39.76735084
24 42090544 4.26552649512831 39.782635
24 42144837 0 40.01422323
24 42227796 0 40.01422323
24 42260555 0 40.01422323
24 42299241 3.35751427212197 40.01422323
24 42324465 0.0137888568336978 40.09891317
24 42379925 1.14936626061595 40.0996779
24 42426553 0 40.15327055
24 42498471 0 40.15327055
24 42527157 0 40.15327055
24 42571509 0 40.15327055
24 42659099 0 40.15327055
24 42709614 0 40.15327055
24 42729742 0.22985069573038 40.15327055
24 42824247 0 40.17499259
24 42909973 0.697950107804137 40.17499259
24 42959600 0.92318834251001 40.20962976
24 43012270 0 40.25825409
24 43057719 0.370766002098615 40.25825409
24 43195904 0 40.30948839
24 43321539 0.45196304436725 40.30948839
24 43478051 0.41496110018683 40.38022603
24 43641805 0.493568889637212 40.44817757
24 44069431 0 40.65924046
24 44132823 0.04565823123951 40.65924046
24 44173880 0 40.66111505
24 44274218 1.91385283562074 40.66111505
24 44375642 0.260230971031449 40.85522566
24 44591773 1.01626407849596 40.91146964
24 44775120 0 41.09779861
24 44842318 0.818702373550075 41.09779861
24 44888957 0.651253617993027 41.13598207
24 44926616 0 41.16050763
24 45012635 0 41.16050763
24 45038505 0 41.16050763
24 45059395 3.96226497739268 41.16050763
24 45080627 0 41.24463444
24 45152516 1.17149206407729 41.24463444
24 45206763 0.789776012196154 41.30818437
24 45240872 0 41.33512284
24 45277744 0 41.33512284
24 45316923 0.777137835909169 41.33512284
24 45410810 0 41.40808598
24 45435522 2.25157148535836 41.40808598
24 45473257 1.44210607410256 41.49304903
24 45514794 0 41.55294979
24 45540149 0 41.55294979
24 45568791 0 41.55294979
24 45608606 3.15934696869215 41.55294979
24 45637257 0.723437738731888 41.64346824
24 45715797 0 41.70028704
24 45744328 0 41.70028704
24 45922636 0 41.70028704
24 45948420 0.0233164139896184 41.70028704
24 46038258 1.20312208171203 41.70238174
24 46079378 1.01096086261994 41.75185412
24 46116938 0 41.78982581
24 46140787 0.442320173453099 41.78982581
24 46182758 3.29902963645207 41.80839043
24 46201215 0 41.86928062
24 46222141 0 41.86928062
24 46244574 0 41.86928062
24 46297155 5.59771135658065 41.86928062
24 46311006 0.84704271185057 41.94681452
24 46409035 0.666624779779237 42.02984927
24 46464661 4.66355016348312 42.06693094
24 46499527 0 42.22953028
24 46665088 0 42.22953028
24 46730108 1.59664374303751 42.22953028
24 46797433 0 42.33702432
24 46872835 0.221003503990685 42.33702432
24 46893383 0.50084058230953 42.3415655
24 46960289 4.31254892176557 42.37507474
24 47034438 1.5423544464372 42.69484593
24 47080160 0.602212762550391 42.76536546
24 47155098 0 42.81049408
24 47235943 0.968394647074321 42.81049408
24 47274053 3.57612151421251 42.8473996
24 47348283 0.0890317462914682 43.1128551
24 47409424 0 43.11829859
24 47466065 0 43.11829859
24 47695031 0 43.11829859
24 47731227 0 43.11829859
24 47756385 0 43.11829859
24 47814179 13.4955589327929 43.11829859
24 47849711 0 43.59782279
24 47883810 0 43.59782279
24 47991935 4.72906736121005 43.59782279
24 48033977 0 43.79664224
24 48055941 0 43.79664224
24 48094418 3.94651511284534 43.79664224
24 48121845 1.33305901374294 43.90488331
24 48146585 1.44468615284126 43.93786319
24 48177205 0 43.98209948
24 48241168 2.94748323227988 43.98209948
24 48278442 3.19589491160106 44.09196397
24 48312775 0.360763931172834 44.20168863
24 48401461 0 44.23368334
24 48428870 2.29210460207271 44.23368334
24 48457531 3.09272526607328 44.29937735
24 48528658 1.82110220893021 44.51935362
24 48719248 0 44.86643749
24 48760539 0.399834968305871 44.86643749
24 48949533 0 44.9420039
24 49057452 0 44.9420039
24 49077571 0 44.9420039
24 49289629 3.30139917909277 44.9420039
24 49347370 0 45.13262999
24 49383697 0 45.13262999
24 49419528 0 45.13262999
24 49449204 0.829527209941828 45.13262999
24 49496117 0 45.1715456
24 49561807 2.98961854949608 45.1715456
24 49606164 1.64934102728513 45.30415611
24 49634238 0 45.35045971
24 49704768 2.25509399199705 45.35045971
24 49739505 0.282084974494653 45.42879491
24 49801453 1.24464517116476 45.44626951
24 49840655 0 45.49506209
24 49947615 1.1638925604958 45.49506209
24 50103163 0.606051745402619 45.67610325
24 50175324 1.03840284322969 45.71983655
24 50226252 4.00382298634852 45.77272033
24 50259289 1.58978414456116 45.90499463
24 50464102 1.6441714909366 46.23060309
24 50485176 0 46.26525236
24 50559046 0 46.26525236
24 50581201 0 46.26525236
24 50611750 2.32643707236161 46.26525236
24 50756440 1.25692829743294 46.60186454
24 50783552 2.63263951286209 46.63594238
24 50901301 0 46.94593305
24 50983655 0 46.94593305
24 51037914 2.64980415295345 46.94593305
24 51130282 0 47.19069016
24 51261361 4.25186741363202 47.19069016
24 51294562 0.77982949701626 47.33185641
24 51337963 2.09753244643403 47.36570179
24 51393362 0.558207903347554 47.48190299
24 51421173 0.68642155051358 47.49742731
24 51488828 1.21555884198263 47.54386716
24 51578084 3.2489626810704 47.65236308
24 51602522 0 47.73176123
24 51668602 1.79670757944494 47.73176123
24 51696955 0 47.78270328
24 51772057 5.46160139943545 47.78270328
24 51822363 0.51376726425835 48.0574546
24 51859289 0 48.07642597
24 51880260 0.360410073166612 48.07642597
24 51956661 3.6228672892116 48.10396166
24 52037619 0 48.39726175
24 52076455 0.656123141617775 48.39726175
24 52136857 1.04031691716244 48.4368929
24 52257551 1.74158953474026 48.56245291
24 52306169 8.64867081131499 48.64712551
24 52354424 1.27645473170179 49.06446712
24 52568216 0 49.33736293
24 52605497 0 49.33736293
24 52702110 5.95358301223703 49.33736293
24 52725727 0 49.4779687
24 52758712 2.82360644461709 49.4779687
24 52882288 6.05219921500013 49.82689869
24 52964581 0 50.32495232
24 53035129 7.81840682788046 50.32495232
24 53060437 0.618004593118819 50.52282056
24 53106593 1.48462324938886 50.55134518
24 53326659 1.50922127935095 50.87806028
24 53356002 1.02981746058445 50.92234536
24 53385749 0.43354146502974 50.95297934
24 53464273 2.43897108023832 50.98702275
24 53499543 0.496425430970638 51.07304526
24 53789992 0 51.21723153
24 53836923 0.97955925754425 51.21723153
24 54016166 6.5643718023444 51.39281067
24 54047048 0 51.5955316
24 54082062 1.18808162141717 51.5955316
24 54111123 3.75698558470385 51.63005844
24 54137692 0 51.72987779
24 54187542 1.00333358382796 51.72987779
24 54227463 2.12559220085305 51.76993187
24 54355477 0.904068885529562 52.04203743
24 54432213 1.83103708068533 52.11141206
24 54503490 1.17795317529986 52.24192289
24 54571830 2.46393113711555 52.32242421
24 54758636 0 52.78270133
24 54800651 2.33093667305405 52.78270133
24 54822569 4.35859775103555 52.8337908
24 54847914 0 52.94425946
24 54897808 0 52.94425946
24 54918675 0.847638652681532 52.94425946
24 55048622 2.7415302738009 53.05440756
24 55107716 1.18514022471915 53.21641555
24 55129966 0 53.24278492
24 55153166 3.002759905259 53.24278492
24 55196653 0 53.37336594
24 55228382 4.65155969593087 53.37336594
24 55295472 0.117503767542631 53.68543908
24 55380408 4.51744558032516 53.69541938
24 55479499 0 54.14305758
24 55513422 1.71636233287641 54.14305758
24 55592929 2.27340015247318 54.2795204
24 55682125 0 54.4822986
24 55730314 0 54.4822986
24 55767809 0 54.4822986
24 55789132 0 54.4822986
24 55813882 1.11766114509593 54.4822986
24 55886627 0 54.56360286
24 55913890 0 54.56360286
24 55950028 0 54.56360286
24 55952785 0 54.56360286
24 55976547 1.77646286390731 54.56360286
24 56022163 0 54.64463799
24 56046941 1.63722630560961 54.64463799
24 56070206 1.19769238870931 54.68272806
24 56098690 2.85571285140556 54.71684313
24 56161438 0 54.8960334
24 56306749 0 54.8960334
24 56342990 15.5005516644367 54.8960334
24 56368404 3.1038705101808 55.28996442
24 56390259 0 55.35779951
24 56424109 3.28731682607814 55.35779951
24 56457670 3.85433747187234 55.46812515
24 56558994 4.94343364350294 55.85866204
24 56589300 0 56.00847774
24 56651982 0.102386770935303 56.00847774
24 56688810 6.08343285398819 56.01224844
24 56746319 0 56.36210058
24 56785283 0 56.36210058
24 56805748 0 56.36210058
24 56883853 2.86064698985796 56.36210058
24 56971706 4.24750960942337 56.613417
24 57052356 0.906270222764463 56.95597865
24 57108110 3.43602000502404 57.00650684
24 57151899 0 57.15696672
24 57185546 0 57.15696672
24 57210216 16.2045528722155 57.15696672
24 57231541 0 57.50252881
24 57353634 0 57.50252881
24 57400392 2.97525357324258 57.50252881
24 57441741 0.335468355799034 57.62555257
24 57552725 0 57.66278419
24 57565330 37.306345802919 57.66278419
24 57574098 0 57.98988623
24 57596838 16.1358035117857 57.98988623
24 57617796 0 58.3280604
24 57637820 3.67618855411885 58.3280604
24 57766897 1.90450462176948 58.80257179
24 57819907 0.816607673460855 58.90352958
24 57896639 0 58.96618952
24 57927929 11.5604250199203 58.96618952
24 57990679 0 59.69160619
24 58017826 0 59.69160619
24 58069813 0 59.69160619
24 58128861 0 59.69160619
24 58211328 9.04636702515785 59.69160619
24 58274370 0 60.26190726
24 58304918 0 60.26190726
24 58391069 2.05109138104917 60.26190726
24 58451552 2.73481736287969 60.38596342
24 58477861 0 60.45791373
24 58498110 0 60.45791373
24 58529713 1.12863350061464 60.45791373
24 58568769 7.40526918713157 60.50199364
24 58596092 0 60.70432781
24 58671488 0.6311308522297 60.70432781
24 58736271 5.67419441999783 60.74521436
24 58801038 0 61.11271491
24 58877604 0 61.11271491
24 58902927 3.76484687985858 61.11271491
24 59057936 0 61.69630006
24 59109987 0.531270572745155 61.69630006
24 59164671 0 61.72535206
24 59196985 2.80403453658918 61.72535206
24 59404533 7.75377830555662 62.30732382
24 59453375 0.244841631618233 62.68603386
24 59572496 3.30767638664348 62.71519964
24 59622599 0 62.88092415
24 59663050 0 62.88092415
24 59722326 0.886561133839284 62.88092415
24 59907608 0 63.04518797
24 59946141 0 63.04518797
24 59971040 2.94150212543112 63.04518797
24 60035968 2.54067905716115 63.23617382
24 60056629 0.607856760087784 63.28866679
24 60093951 0.277192441540838 63.31135322
24 60126709 1.73552017708173 63.32043349
24 60156074 2.17176929372683 63.37139704
24 60176845 2.74874765487128 63.41650686
24 60230680 1.46292474282658 63.56448569
24 60258385 3.01919272145324 63.60501602
24 60292128 6.97032083391834 63.70689264
24 60356211 0.832241477004508 64.15357171
24 60419745 0.851910619513192 64.20644734
24 60460067 1.82635062386324 64.24079808
24 60515608 0 64.34223542
24 60577000 0 64.34223542
24 60600797 0 64.34223542
24 60623865 0 64.34223542
24 60654872 0 64.34223542
24 60719656 0 64.34223542
24 60749949 0 64.34223542
24 60798822 0 64.34223542
24 60845513 0 64.34223542
24 60875114 0 64.34223542
24 60916827 0 64.34223542
24 60939893 0 64.34223542
24 60968009 3.83244345597962 64.34223542
24 60990332 3.83244345597943 64.4277870552678
24 61058160 0 64.68773403
24 61078816 1.10451509652715 64.68773403
24 61118494 0.555180566911791 64.73155898
24 61162522 0.806266743169228 64.75600247
24 61314151 0 64.87825589
24 61345892 0 64.87825589
24 61367470 0 64.87825589
24 61399943 4.77885253150532 64.87825589
24 61413512 0 64.94310014
24 61440616 0 64.94310014
24 61463290 0 64.94310014
24 61534805 6.40124217004309 64.94310014
24 61562104 0 65.11784765
24 61586508 0 65.11784765
24 61612123 0 65.11784765
24 61651271 0 65.11784765
24 61673663 0 65.11784765
24 61807247 0 65.11784765
24 62053252 2.16499537931549 65.11784765
24 62077058 7.93169621051022 65.16938753
24 62102444 0 65.37074157
24 62127707 0 65.37074157
