Chromosome Position(bp) Rate(cM/Mb) Map(cM)
29 0 0 0
29 426723 0 0
29 656085 1.92392610928608 0
29 699311 0 0.08316363
29 750365 0.137841322953656 0.08316363
29 838229 1.05328536870203 0.09527492
29 862205 0.432403834613538 0.12052849
29 995517 0.410410659501514 0.17817311
29 1045388 1.40034563233377 0.1986407
29 1198788 0 0.41345372
29 1221655 2.96486712521494 0.41345372
29 1272831 0 0.56518376
29 1324792 1.48019356741159 0.56518376
29 1372269 0 0.63545891
29 1404396 0 0.63545891
29 1461210 2.03035187325763 0.63545891
29 1549452 0.316313305543574 0.81462122
29 1591194 0 0.82782477
29 1656340 39.5817673516183 0.82782477
29 1679018 0 1.72546009
29 1772440 0 1.72546009
29 1806321 0 1.72546009
29 1842956 0 1.72546009
29 1928513 0 1.72546009
29 1982095 0 1.72546009
29 2033545 6.6979656372455 1.72546009
29 2070038 0 1.96988895
29 2098278 0 1.96988895
29 2122577 0 1.96988895
29 2170253 0 1.96988895
29 2222528 1.07080847528044 1.96988895
29 2258633 0 2.00855049
29 2325552 0.649156978697649 2.00855049
29 2355314 3.67001127570198 2.0278707
29 2400544 0.441995201181242 2.19386531
29 2427634 0 2.20583896
29 2458689 1.84257780689849 2.20583896
29 2522790 0 2.32395004
29 2553781 1.84898078214165 2.32395004
29 2577613 0.698678816010612 2.36801495
29 2665080 0.481322439825379 2.42912629
29 2715018 0 2.45316257
29 2748677 2.29922550874748 2.45316257
29 2778800 0 2.52242214
29 2836518 1.1825079789893 2.52242214
29 2966547 1.7043924544209 2.67618247
29 2995014 0 2.72470141
29 3105752 2.25882372616791 2.72470141
29 3159566 1.46320206314909 2.84625775
29 3274342 0.202354482649094 3.01419823
29 3375086 2.24573761654086 3.03458423
29 3406620 0 3.10540132
29 3485853 0 3.10540132
29 3511739 0 3.10540132
29 3543080 0 3.10540132
29 3588303 0 3.10540132
29 3627785 0 3.10540132
29 3666170 0 3.10540132
29 3703208 0 3.10540132
29 3730791 4.10772934287573 3.10540132
29 3781512 0 3.31374946
29 3888390 5.66915632630688 3.31374946
29 3908457 0.854315461985821 3.42751242
29 4021599 4.40010720268007 3.52417138
29 4081299 0 3.78685778
29 4124880 2.14217238646418 3.78685778
29 4233392 3.32027835665376 4.01930919
29 4273700 0.0808352534562141 4.15314297
29 4386540 2.21531295634223 4.16226442
29 4426258 0 4.25025222
29 4480435 0 4.25025222
29 4542156 0 4.25025222
29 4602018 2.54732220115695 4.25025222
29 4643160 2.17365127428715 4.35505415
29 4698642 0 4.47565267
29 4730715 2.19827149329452 4.47565267
29 4841296 0 4.71873973
29 4890676 1.61874933012759 4.71873973
29 4959719 0 4.83050304
29 5006464 0 4.83050304
29 5077588 0 4.83050304
29 5100620 0.269589517074678 4.83050304
29 5239627 0.525282354360159 4.86797787
29 5281082 1.68702322690903 4.88975345
29 5358320 1.15976939863241 5.02005575
29 5784033 0 5.51378466
29 5825582 0.15401134418356 5.51378466
29 5864721 0.693915814886536 5.51981251
29 5979872 0.418595858137775 5.59971761
29 6023379 1.59044219571294 5.61792946
29 6259858 1.57427665734826 5.99403564
29 6299922 2.70004345851978 6.05710746
29 6315339 0.403712682070186 6.09873403
29 6373421 0 6.12218247
29 6407063 0 6.12218247
29 6481630 0 6.12218247
29 6512206 1.6657291689323 6.12218247
29 6558183 1.2623346927047 6.1987677
29 6648666 0 6.31298753
29 6675014 2.48700133688783 6.31298753
29 6801427 0 6.62737683
29 6852916 0 6.62737683
29 6888942 4.43202705572544 6.62737683
29 6936030 0 6.83607212
29 6974577 0 6.83607212
29 6982262 11.5023659541438 6.83607212
29 7015758 0 7.22135537
29 7048684 0.461785588792034 7.22135537
29 7136907 0 7.26209548
29 7178271 0 7.26209548
29 7209179 0 7.26209548
29 7234675 2.68715926750725 7.26209548
29 7297092 2.4029190969929 7.4298199
29 7422761 0 7.73179234
29 7452524 1.08198828283691 7.73179234
29 7499293 1.04514820251741 7.78239585
29 7531310 0 7.81585836
29 7618741 4.74964746806726 7.81585836
29 7691472 0 8.16130497
29 7809273 1.47388462605158 8.16130497
29 7895809 1.13019686711176 8.28884905
29 7980587 0 8.38466488
29 8030279 0 8.38466488
29 8052098 5.86668952939769 8.38466488
29 8077321 0 8.53264039
29 8146062 0.911454284697837 8.53264039
29 8236010 0 8.61462388
29 8351807 1.2807806825114 8.61462388
29 8599334 2.88075540084692 8.93165168
29 8627200 0 9.01192681
29 8660878 0 9.01192681
29 8688612 2.47329198821386 9.01192681
29 8759882 0 9.18819833
29 8810783 0 9.18819833
29 8842240 0 9.18819833
29 8880504 0 9.18819833
29 8900529 2.69106158000835 9.18819833
29 8926820 4.88688687368817 9.25894903
29 8963982 0.36108423968113 9.44055552
29 9008391 1.81182345996994 9.45659091
29 9101571 0 9.62541662
29 9104654 0 9.62541662
29 9144133 0.394767343913263 9.62541662
29 9173812 0 9.63713292
29 9198636 0 9.63713292
29 9260099 0.986454029295275 9.63713292
29 9281058 0.955508051990507 9.65780801
29 9342223 0 9.71625166
29 9393847 0 9.71625166
29 9418225 0 9.71625166
29 9459702 0 9.71625166
29 9482127 0 9.71625166
29 9534946 0.0109282657575912 9.71625166
29 9672816 2.30984734361792 9.71775834
29 9697643 2.68900572571117 9.77510492
29 9730652 9.51153154526056 9.86386631
29 9756900 0 10.11352499
29 9816846 0 10.11352499
29 9849477 0 10.11352499
29 9898208 0 10.11352499
29 9933144 0 10.11352499
29 10000576 0.86656133767268 10.11352499
29 10060800 0.0376555238135932 10.16571278
29 10107706 0 10.16747905
29 10158153 1.84200144636115 10.16747905
29 10214847 0 10.27190948
29 10249196 0 10.27190948
29 10281912 0 10.27190948
29 10309282 0 10.27190948
29 10311257 0 10.27190948
29 10331381 0 10.27190948
29 10460822 1.37492422962087 10.27190948
29 10496324 0 10.32072204
29 10512871 0.805451449491313 10.32072204
29 10536362 0 10.3396429
29 10580786 1.40808331471582 10.3396429
29 10638975 0 10.42157786
29 10667753 0.286145059575124 10.42157786
29 10740854 0 10.44249535
29 10765848 0 10.44249535
29 10786348 0 10.44249535
29 10808265 0.935766865584765 10.44249535
29 10863229 0.210885942219371 10.49392884
29 10937060 0 10.50949876
29 10987910 1.20740035514859 10.50949876
29 11034651 0.288708450471293 10.56593386
29 11089074 0 10.58164624
29 11115861 5.76826150817214 10.58164624
29 11147860 0 10.76622484
29 11262527 0 10.76622484
29 11337302 1.41377785261268 10.76622484
29 11426387 3.00323310382461 10.89217124
29 11551001 0 11.26641613
29 11580259 2.08645799457995 11.26641613
29 11617159 6.74930809254955 11.34340643
29 11662324 0.103976745234147 11.64823893
29 11684513 4.17678199657994 11.65054607
29 11744746 0 11.90212618
29 11809498 0 11.90212618
29 11834909 0 11.90212618
29 11870121 0 11.90212618
29 11958579 0 11.90212618
29 12000872 0 11.90212618
29 12043327 2.36141983116159 11.90212618
29 12077324 0.565946531791881 11.98240737
29 12114692 0 12.00355566
29 12168900 0 12.00355566
29 12216282 3.63335780252664 12.00355566
29 12359319 0 12.52326026
29 12432637 0 12.52326026
29 12539426 0 12.52326026
29 12586779 2.99777876037543 12.52326026
29 12651234 1.24127129845907 12.71648209
29 12706461 0 12.78503378
29 12791281 0 12.78503378
29 12849434 0 12.78503378
29 12897927 1.4907744324011 12.78503378
29 13010022 1.23283351508541 12.95214214
29 13037532 0 12.98605739
29 13120237 0 12.98605739
29 13144977 0 12.98605739
29 13208495 0.823772345683757 12.98605739
29 13416477 0.74837306159852 13.15738721
29 13488508 1.81006639148886 13.21129327
29 13574513 0.249446895900907 13.36696803
29 13610546 1.31446602566167 13.37595635
29 13672740 0.923228467912663 13.45770825
29 13700617 0 13.48344509
29 13721921 0 13.48344509
29 13770679 0 13.48344509
29 13812527 0 13.48344509
29 13861613 0 13.48344509
29 13884958 0 13.48344509
29 13938929 0 13.48344509
29 13964488 5.06056178798147 13.48344509
29 13987486 0 13.59982789
29 14033805 3.60609119999999 13.59982789
29 14071305 1.90273556231005 13.73505631
29 14103876 0.485755570417816 13.79703031
29 14189103 0.277427701274682 13.8384298
29 14265280 0 13.85956341
29 14313296 0 13.85956341
29 14374659 4.2192499189356 13.85956341
29 14470262 0 14.26293636
29 14491138 0 14.26293636
29 14532008 2.64248411169424 14.26293636
29 14577167 0 14.3822683
29 14622477 0 14.3822683
29 14665051 0 14.3822683
29 14702202 0 14.3822683
29 14741921 0 14.3822683
29 14783986 2.40365839689682 14.3822683
29 14822399 0 14.47460003
29 14866248 0.647417121555082 14.47460003
29 14896292 0.246121267356514 14.49405103
29 14933598 1.96707242723259 14.50323283
29 15123209 1.34713299639837 14.8762114
29 15395863 0 15.2435126
29 15428950 1.43449290611186 15.2435126
29 15580066 1.5584248170649 15.46028743
29 15683108 0.671901440884255 15.62087064
29 15728705 1.09796168970592 15.65150733
29 15811607 1.06026948480844 15.74253055
29 15864597 2.89393357368766 15.79871423
29 15973048 1.07797762299937 16.11256422
29 16040528 1.9059449679094 16.18530615
29 16069820 0.701166068270695 16.24113509
29 16125803 1.83490199218076 16.28038847
29 16200746 0 16.41790153
29 16262936 3.76362797418671 16.41790153
29 16323835 1.94754219533449 16.64710271
29 16366316 0 16.72983625
29 16441002 8.42407233485344 16.72983625
29 16485296 0 17.10297211
29 16569370 0 17.10297211
29 16619046 3.82452450295119 17.10297211
29 16670550 0 17.29995042
29 16704426 0 17.29995042
29 16744767 0.217383241091403 17.29995042
29 16796262 0 17.31114457
29 16816497 0 17.31114457
29 16837556 3.23315966793234 17.31114457
29 16891280 5.39177179209533 17.48484284
29 16913444 0 17.60434607
29 16938226 0 17.60434607
29 16960955 0 17.60434607
29 16996267 0 17.60434607
29 17037783 2.38147971526535 17.60434607
29 17095240 0 17.74117875
29 17135246 0 17.74117875
29 17168708 0 17.74117875
29 17195274 0.0813511791615138 17.74117875
29 17291020 0 17.7489678
29 17311541 2.03360127689205 17.7489678
29 17370434 0 17.86873268
29 17401412 0 17.86873268
29 17442168 1.69969259677509 17.86873268
29 17550202 0.448281457509615 18.05235727
29 17615711 2.34113714744649 18.08172374
29 17700379 0 18.27994314
29 17779854 0.0332196156787278 18.27994314
29 17901471 0 18.28398321
29 17951025 0.925733425733438 18.28398321
29 17955354 3.88435530811085 18.28799071
29 17994869 0 18.44148101
29 18148928 0 18.44148101
29 18423657 0 18.44148101
29 18464534 0 18.44148101
29 18496023 0 18.44148101
29 18520094 2.44824095174263 18.44148101
29 18549934 0.545674556644208 18.51453652
29 18700885 0.552594695280845 18.59690664
29 18902743 0 18.7084523
29 18998431 0 18.7084523
29 19098109 0 18.7084523
29 19121386 0 18.7084523
29 19175617 1.89253492597779 18.7084523
29 19209188 0 18.77198659
29 19247857 2.07449971852688 18.77198659
29 19281608 0.164472394014105 18.84200303
29 19312815 0.813301645553786 18.84713572
29 19448514 0.266291220913277 18.95749994
29 19568629 0.634362854969034 18.98948551
29 19665891 0 19.05118491
29 19693642 0 19.05118491
29 19755227 2.80071473337868 19.05118491
29 19793521 0 19.15843548
29 19849234 0 19.15843548
29 19905930 2.42323525302476 19.15843548
29 19941717 0 19.2451558
29 19971826 0.225463304321437 19.2451558
29 20024448 1.07913837608813 19.25702013
29 20136794 3.76386765566313 19.37825701
29 20189777 0 19.57767801
29 20242171 3.49857014642159 19.57767801
29 20281168 0 19.71411175
29 20347171 0 19.71411175
29 20397429 0 19.71411175
29 20449498 4.3750924028806 19.71411175
29 20498793 0.0511785285542538 19.92978193
29 20644568 1.0839479311633 19.93724248
29 20674029 0.979546414080509 19.96917667
29 20746981 0 20.04063654
29 20836253 2.37588822704976 20.04063654
29 20916165 0 20.23049852
29 21030974 0 20.23049852
29 21084090 0 20.23049852
29 21113638 1.90827807752371 20.23049852
29 21141810 4.16849561251299 20.28425853
29 21182152 0 20.45242398
29 21215397 3.80676188327584 20.45242398
29 21273020 1.91716724523274 20.67178102
29 21315078 0 20.75241324
29 21392264 0.314278964162978 20.75241324
29 21424856 1.82572131541047 20.76265622
29 21474848 0 20.85392768
29 21499122 4.02454833684094 20.85392768
29 21535709 0 21.00117383
29 21600137 0 21.00117383
29 21701965 0 21.00117383
29 21760045 0 21.00117383
29 21792123 1.02569957751979 21.00117383
29 21932958 1.21783496948797 21.14562823
29 21974417 2.30223450658603 21.19611845
29 22113347 14.154781079408 21.51596789
29 22148885 0 22.0190005
29 22198059 0 22.0190005
29 22300534 6.2582631158304 22.0190005
29 22335568 0 22.23825249
29 22375502 1.66913765520116 22.23825249
29 22433008 0.820034147622799 22.33423792
29 22486306 0.343397373842743 22.3779441
29 22526593 0 22.39177855
29 22576047 1.22217712381241 22.39177855
29 22648358 0 22.4801554
29 22670809 0 22.4801554
29 22702847 2.44989663240822 22.4801554
29 22736610 0 22.56287126
29 22836272 0 22.56287126
29 22875381 0 22.56287126
29 22914199 0 22.56287126
29 22934913 0 22.56287126
29 23033814 1.67489185259392 22.56287126
29 23177553 0 22.80361854
29 23236044 4.01601295788688 22.80361854
29 23276174 0 22.96478114
29 23323806 0 22.96478114
29 23364848 0 22.96478114
29 23394771 0 22.96478114
29 23415986 0 22.96478114
29 23526192 6.02538227892041 22.96478114
29 23560761 0 23.17307258
29 23599253 0 23.17307258
29 23661968 1.60127634989542 23.17307258
29 23693989 0.701123063910714 23.22434705
29 23731823 2.47313330244058 23.25087334
29 23770667 0 23.34693973
29 23802677 0 23.34693973
29 23866049 0 23.34693973
29 23918255 0.365356110735988 23.34693973
29 23955280 4.68513736649809 23.36046704
29 23983744 0 23.49382479
29 24014700 0.437996705668478 23.49382479
29 24049912 0 23.50924753
29 24098223 0 23.50924753
29 24117260 0 23.50924753
29 24154422 0 23.50924753
29 24197067 0 23.50924753
29 24218652 4.25483785778089 23.50924753
29 24244401 0 23.61880535
29 24308939 0 23.61880535
29 24354233 0.955769822009632 23.61880535
29 24482386 0 23.74129012
29 24529656 1.32432115674686 23.74129012
29 24587335 0 23.81767564
29 24653914 1.36545496467087 23.81767564
29 24721139 1.92124674917747 23.90946835
29 24753054 0.218032675110759 23.97078494
29 24791187 1.67237679199352 23.97909918
29 24865127 0 24.10275472
29 24898216 0 24.10275472
29 24940506 1.92903056793841 24.10275472
29 24975052 6.6172110600582 24.16939501
29 25011833 0 24.41278265
29 25036942 0 24.41278265
29 25076585 0 24.41278265
29 25109430 0 24.41278265
29 25169363 0 24.41278265
29 25193462 0 24.41278265
29 25237276 6.00356777286932 24.41278265
29 25274400 0 24.6356591
29 25315898 0 24.6356591
29 25338021 0 24.6356591
29 25405302 0.423276929970142 24.6356591
29 25443243 11.3495483125883 24.65171865
29 25466622 3.0921099845816 24.91705974
29 25509428 0 25.0494206
29 25531402 5.75950457237863 25.0494206
29 25569894 1.49056981840948 25.27111545
29 25632177 0 25.36395261
29 25668375 1.97147619705682 25.36395261
29 25697321 0 25.42101896
29 25759092 0 25.42101896
29 25796255 3.6623908243835 25.42101896
29 25822978 1.55019999999996 25.51888903
29 25866678 0 25.58663277
29 25903150 0 25.58663277
29 25909007 0 25.58663277
29 25969894 20.4382410964099 25.58663277
29 25990981 4.78481371566073 26.01761396
29 26040851 0 26.25623262
29 26105651 0.516083341668343 26.25623262
29 26185635 1.92718751139813 26.29751103
29 26240469 0.751477821837828 26.40318643
29 26286618 0 26.43786638
29 26385070 2.20234180738544 26.43786638
29 26444349 0 26.568419
29 26468274 5.30715873068847 26.568419
29 26498243 1.48526196473551 26.72746924
29 26641163 0.616940713836551 26.93974288
29 26854265 0 27.07121418
29 26912146 0 27.07121418
29 26946315 0 27.07121418
29 26991718 0 27.07121418
29 27012154 0 27.07121418
29 27088596 0 27.07121418
29 27215703 0 27.07121418
29 27236790 6.68301646228278 27.07121418
29 27269653 0.09396530651633 27.29083815
29 27316290 0.0162126483710169 27.29522041
29 27485292 0 27.29796038
29 27514336 0 27.29796038
29 27539927 1.22859250319723 27.29796038
29 27595444 0.000762855150758754 27.36616815
29 27710184 0 27.36625568
29 27779404 3.00440142392575 27.36625568
29 27802158 0 27.43461783
29 27824126 0.483494285625709 27.43461783
29 27856413 0 27.45022841
29 27881130 1.31516242937852 27.45022841
29 27956178 0.0526169036234661 27.54892872
29 28113872 5.56362740707576 27.55722609
29 28154066 0 27.78085053
29 28190477 0.438432539198627 27.78085053
29 28231486 0 27.79883021
29 28252203 0 27.79883021
29 28278699 NA 27.79883021
29 28278699 1.86832026179644 27.79883021
29 28333398 0 27.90102546
29 28385187 0.310516911870724 27.90102546
29 28440651 0 27.91824797
29 28480439 4.25582305345543 27.91824797
29 28518134 0.437001986051404 28.07867122
29 28539785 0.919122807017703 28.08813275
29 28560818 2.95426561719865 28.10746466
29 28628916 0 28.30864424
29 28662696 0 28.30864424
29 28684366 1.08795557172515 28.30864424
29 28731093 0 28.35948114
29 28759876 2.57127781949247 28.35948114
29 28826466 0 28.53070253
29 28865813 4.53696564123046 28.53070253
29 28885837 0 28.62155073
29 28916150 1.53019338422389 28.62155073
29 28949555 1.34092241423697 28.67266684
29 29007826 0 28.75080373
29 29064563 4.83197816107158 28.75080373
29 29117496 0 29.00657483
29 29156812 0 29.00657483
29 29199469 0 29.00657483
29 29224333 0 29.00657483
29 29244401 6.12957160241157 29.00657483
29 29280559 0 29.22820788
29 29316818 2.00135525320299 29.22820788
29 29397445 0.315591937659215 29.38957115
29 29424137 0.304070130729383 29.39799493
29 29505756 3.25943256119604 29.42281283
29 29536191 3.24190498578369 29.52201366
29 29580858 1.11562267163379 29.66681983
29 29629712 0.520943386962213 29.72132246
29 29690811 1.93515091819681 29.75315158
29 29720761 5.98459976149662 29.81110935
29 29747595 0 29.9717001
29 29829302 0 29.9717001
29 29862268 4.63798017948221 29.9717001
29 29893246 0 30.11537545
29 29928524 0 30.11537545
29 29953458 0 30.11537545
29 29975720 5.5457902746075 30.11537545
29 30004634 0 30.27572643
29 30079433 0 30.27572643
29 30136039 0 30.27572643
29 30157180 0 30.27572643
29 30188256 0 30.27572643
29 30209284 0 30.27572643
29 30292622 4.15851519870018 30.27572643
29 30366477 4.3279365206482 30.58285357
29 30403938 2.5265513580362 30.7449824
29 30489650 7.17297169023029 30.96153817
29 30519569 1.77808968122157 31.17614631
29 30587610 2.18366495465452 31.29712931
29 30726433 3.31349610260123 31.60027223
29 30814697 2.84560426213223 31.89273465
29 30869036 1.23699248502068 32.04736194
29 30908424 2.50441003537818 32.0960846
29 30948562 1.71533351098367 32.19660661
29 31008605 1.86970867878609 32.29960038
29 31048046 0 32.37334356
29 31102508 0.142966757919496 32.37334356
29 31128078 0 32.37699922
29 31149650 0 32.37699922
29 31190439 1.57711526198313 32.37699922
29 31265711 9.21338981161528 32.49571184
29 31301595 0.13408956720327 32.82632512
29 31355454 0 32.83354705
29 31414487 1.3373375825422 32.83354705
29 31488540 1.79468867674349 32.93258091
29 31526250 0.880678820634899 33.00025862
29 31625422 2.14453996921506 33.0875973
29 31674147 0.824400204355844 33.19209001
29 31764186 0 33.26631818
29 31837121 4.00299182968641 33.26631818
29 31875920 1.96169649344195 33.42163026
29 31928222 0 33.52423091
29 31971753 0 33.52423091
29 32001278 4.51716169494246 33.52423091
29 32051026 2.3990649200261 33.74895067
29 32078660 0.0961095652874982 33.81524643
29 32128256 0.711962551939269 33.82001308
29 32224763 1.22663949713322 33.88872245
29 32253717 0.39785294932149 33.92423857
29 32289827 0.751898111550338 33.93860504
29 32346752 5.3948309250708 33.98140684
29 32373604 0 34.12626884
29 32394500 0 34.12626884
29 32428132 0 34.12626884
29 32483836 1.44488239583253 34.12626884
29 32616867 1.57035202846977 34.31848299
29 32687117 0 34.42880022
29 32777770 0 34.42880022
29 32801728 1.38629834764145 34.42880022
29 32855893 0 34.50388907
29 32940189 0 34.50388907
29 32984512 3.26124056438507 34.50388907
29 33015909 2.8999778742593 34.60628224
29 33039863 0.268169610053855 34.67574831
29 33079330 4.40022346155318 34.68633216
29 33105509 0.275130975975067 34.80152561
29 33217018 5.2766783391694 34.83220519
29 33237008 0 34.93768599
29 33302205 2.84052879712127 34.93768599
29 33406139 0 35.23291351
29 33436030 2.53881225290817 35.23291351
29 33471189 4.68190364911002 35.32217561
29 33487878 0 35.4003119
29 33510120 0 35.4003119
29 33533953 0 35.4003119
29 33560766 0 35.4003119
29 33603831 0.991293703290204 35.4003119
29 33638754 0 35.43493085
29 33704537 21.1468473245249 35.43493085
29 33739428 0 36.1727655
29 33772630 0 36.1727655
29 33800899 2.32788131731564 36.1727655
29 33897459 2.38668123955258 36.39754572
29 33959675 0 36.54603548
29 33988543 0 36.54603548
29 34019420 11.9076833976834 36.54603548
29 34046874 0.901924741821754 36.87294902
29 34079216 0 36.90211907
29 34105016 6.94294499655595 36.90211907
29 34125342 3.25175412405764 37.04324137
29 34152136 3.22555885046467 37.13036887
29 34175067 2.23406522265239 37.20433416
29 34208123 0 37.27818342
29 34239637 2.47084058671823 37.27818342
29 34438165 0 37.76871446
29 34497097 2.66288990379957 37.76871446
29 34558843 0 37.93313726
29 34592350 0 37.93313726
29 34625654 9.63785430508923 37.93313726
29 34654852 5.87017693071758 38.21454333
29 34687068 0 38.40365695
29 34707179 0.282532028988829 38.40365695
29 34751748 0 38.41624912
29 34777538 4.49939061329511 38.41624912
29 34808241 0 38.55439391
29 34835983 2.41981298701293 38.55439391
29 34880258 0.382017432358888 38.66153113
29 34902286 0 38.66994621
29 34950943 0 38.66994621
29 34985663 5.05575134968807 38.66994621
29 35057161 0 39.03142232
29 35087995 0 39.03142232
29 35115957 2.92808182977959 39.03142232
29 35137905 4.07702927286488 39.09568786
29 35193383 0 39.32187329
29 35237784 0.0103247932217594 39.32187329
29 35262569 0.499277162864298 39.32212919
29 35333401 5.15153759932238 39.35749399
29 35373548 0.0305503593581205 39.56431277
29 35393862 2.56041602465333 39.56493337
29 35447080 0 39.70119359
29 35513044 2.31666957957081 39.70119359
29 35564539 0 39.82049049
29 35611056 0 39.82049049
29 35663522 2.23524812074233 39.82049049
29 35697578 1.64551250644661 39.8966141
29 35852698 0 40.151866
29 35884893 6.54786853766632 40.151866
29 35918743 0 40.37351135
29 35951280 4.04617874066247 40.37351135
29 35999607 0 40.56905103
29 36048959 0.745798812282894 40.56905103
29 36062767 7.37797573948637 40.57934902
29 36088900 1.70174573884326 40.77215766
29 36130086 0.117821042561487 40.84224576
29 36179215 2.74428421052647 40.84803419
29 36221965 0 40.96535234
29 36281003 0 40.96535234
29 36308509 2.612726997078 40.96535234
29 36344787 1.4871827209241 41.06013685
29 36412661 0.84923425216447 41.16107789
29 36432759 0 41.1781458
29 36519917 0 41.1781458
29 36569113 3.84558591644864 41.1781458
29 36619214 1.89573192839335 41.3708135
29 36654518 3.13176576739163 41.43774042
29 36676684 1.25756319657734 41.50715914
29 36796825 0 41.65824404
29 36856435 2.69147024611244 41.65824404
29 36889103 1.7985574105939 41.74616899
29 36932109 0 41.82351775
29 36986707 0 41.82351775
29 37011073 0 41.82351775
29 37040601 3.75394510759026 41.82351775
29 37115329 0 42.10404256
29 37141033 0 42.10404256
29 37168472 0 42.10404256
29 37201360 0 42.10404256
29 37230796 0.695810253499646 42.10404256
29 37283656 0.510875940027579 42.14082309
29 37304799 0 42.15162454
29 37332830 3.73442246901839 42.15162454
29 37368577 0 42.28511894
29 37411101 2.4858431644693 42.28511894
29 37432716 0 42.33885044
29 37455841 0.481177919924183 42.33885044
29 37519156 0 42.36931622
29 37570969 0 42.36931622
29 37610625 0 42.36931622
29 37723064 0.3732993079413 42.36931622
29 37824067 0.525051422770247 42.40702057
29 37959999 0.0838789854608487 42.47839186
29 39334495 0.230272501478393 42.59368319
29 39461320 1.72493215031333 42.6228875
29 39495808 0 42.68237696
29 39535036 0.702805956083306 42.68237696
29 39588091 1.48074386900791 42.71966433
29 39628582 0 42.77962113
29 39651176 0 42.77962113
29 39676646 10.1070614120235 42.77962113
29 39707552 0 43.09198997
29 39734672 0 43.09198997
29 39812893 0 43.09198997
29 39879121 0 43.09198997
29 39928279 0 43.09198997
29 39951513 0 43.09198997
29 40000094 0.128294780780073 43.09198997
29 40063341 0 43.10010423
29 40086556 0.214772270525368 43.10010423
29 40133827 0.217877901109888 43.11025673
29 40163557 1.07232923072857 43.11673424
29 40314843 3.81837229461433 43.27896264
29 40386367 0 43.5520679
29 40414181 0 43.5520679
29 40438138 3.48146580384715 43.5520679
29 40471826 0.277700480728375 43.66935152
29 40565850 2.32357102012783 43.69546203
29 40600826 0 43.77673125
29 40631214 0.0492213756037721 43.77673125
29 40660612 0.579801276647025 43.77817826
29 40710430 1.41071443546699 43.8070628
29 40772437 0.651448020397426 43.89453697
29 40814011 0 43.92162027
29 40894539 0 43.92162027
29 40918237 0 43.92162027
29 40942262 0.71073880657444 43.92162027
29 40966964 0 43.93917694
29 40988760 0 43.93917694
29 41017006 1.88288234158574 43.93917694
29 41058448 0 44.01720735
29 41081569 0 44.01720735
29 41130738 5.72994111690357 44.01720735
29 41157401 0 44.16998477
29 41193917 0 44.16998477
29 41242525 0 44.16998477
29 41292229 0 44.16998477
29 41338346 0.144973552338549 44.16998477
29 41388634 0.616730817032854 44.1772752
29 41493232 0 44.24178401
29 41582769 1.60555301753332 44.24178401
29 41646248 0 44.34370291
29 41725399 0.0641376116638608 44.34370291
29 41792341 0 44.34799641
29 41841458 0 44.34799641
29 42006089 2.34234190454727 44.34799641
29 42037162 0 44.42078
29 42082502 0.597862136360225 44.42078
29 42135714 0.908418067543441 44.45259344
29 42228632 0.52677955372683 44.53700183
29 42291822 0 44.57028903
29 42303823 0 44.57028903
29 42330369 0 44.57028903
29 42355381 0 44.57028903
29 42416823 0 44.57028903
29 42445128 0 44.57028903
29 42493218 0 44.57028903
29 42513535 2.01304295566645 44.57028903
29 42649978 0 44.84495465
29 42684470 5.4980243922473 44.84495465
29 42708822 1.32989652042359 44.97884254
29 42807972 4.21140099372813 45.11070178
29 42844803 0 45.26581189
29 42876534 0 45.26581189
29 42905396 0 45.26581189
29 42991227 0 45.26581189
29 43031835 2.50676805214102 45.26581189
29 43066817 4.53678035003649 45.35350365
29 43090186 0.518116294301675 45.45952367
29 43158891 1.65020158814618 45.49512085
29 43207753 0 45.575753
29 43221648 0 45.575753
29 43251697 1.62582079429095 45.575753
29 43387340 0 45.79628421
29 43405875 0 45.79628421
29 43422582 139.857075268816 45.79628421
29 43424442 0 46.05641837
29 43506380 0 46.05641837
29 43529957 0 46.05641837
29 43556809 0 46.05641837
29 43577103 0 46.05641837
29 43626014 0 46.05641837
29 43659524 0 46.05641837
29 43706730 2.9018054264595 46.05641837
29 43729323 1.96640348020291 46.12197886
29 43750816 0.4925896356063 46.16424277
29 43880703 0 46.22822376
29 43919917 0.436793501345282 46.22822376
29 43948169 0 46.24056405
29 43962351 0 46.24056405
29 43984121 0.386593376406427 46.24056405
29 44075129 0 46.27574714
29 44090714 1.68875279944372 46.27574714
29 44103663 0 46.2976148
29 44141940 1.56298482366133 46.2976148
29 44188328 0.52765786109932 46.37011854
29 44235268 12.5832859531771 46.3948868
29 44262776 0 46.74102783
29 44322319 0 46.74102783
29 44333425 0 46.74102783
29 44353561 0 46.74102783
29 44377660 0.931885708513775 46.74102783
29 44456861 8.69750442611229 46.81483411
29 44483408 0 47.04572676
29 44541421 0 47.04572676
29 44641806 0 47.04572676
29 44680883 0 47.04572676
29 44721351 0 47.04572676
29 44766079 0 47.04572676
29 44836518 0 47.04572676
29 44884552 0.786718719950738 47.04572676
29 45014547 0 47.14799626
29 45041058 1.20609769016127 47.14799626
29 45118466 2.43277199570813 47.24135787
29 45230306 0 47.51343909
29 45329818 3.27746801517081 47.51343909
29 45369368 0 47.64306295
29 45417677 1.19338050185095 47.64306295
29 45454142 1.04553871552067 47.68657957
29 45497755 0 47.73217865
29 45566805 0.650191454736939 47.73217865
29 45629483 0.628968730106574 47.77293135
29 45681322 1.46799893960152 47.80553646
29 45749221 1.34785254455513 47.90521212
29 45882034 0 48.08422446
29 45923008 1.87678387882075 48.08422446
29 45963675 0.525038257367431 48.16054763
29 45990990 0 48.17488905
29 46020695 0 48.17488905
29 46047863 0 48.17488905
29 46077556 2.11872721956011 48.17488905
29 46183568 5.59178741487875 48.39949956
29 46203099 0 48.50871276
29 46227745 0 48.50871276
29 46250336 0 48.50871276
29 46314080 6.2177279492013 48.50871276
29 46344317 0.12885638688806 48.6967182
29 46398741 4.38762075318997 48.70373108
29 46456814 0 48.95853338
29 46486200 0 48.95853338
29 46513927 0 48.95853338
29 46537055 1.87409206789521 48.95853338
29 46612760 5.16866174576227 49.10041152
29 46661667 1.03594178923153 49.35319526
29 46700354 0 49.39327274
29 46720868 5.24202396775708 49.39327274
29 46767514 17.2398287692404 49.63779219
29 46799868 0 50.19556961
29 46823027 0 50.19556961
29 46844718 0 50.19556961
29 46871788 0 50.19556961
29 46917621 17.9370449322452 50.19556961
29 46942859 0.820923170131127 50.64826475
29 46969268 0.214460502046903 50.66994451
29 47058184 1.75244973393241 50.68901348
29 47089567 7.26481407647371 50.74401061
29 47125684 0 51.0063939
29 47150455 0 51.0063939
29 47171895 0 51.0063939
29 47197566 0 51.0063939
29 47220004 4.27097310666362 51.0063939
29 47290356 1.82775449454765 51.3068654
29 47358216 0.0216560370541707 51.43089682
29 47379272 0.0216560370536926 51.4313528095162
29 47399453 0 51.43178985
29 47433659 5.17314589531362 51.43178985
29 47467608 3.81679876206349 51.60741298
29 47522215 0.552216494845274 51.81583691
29 47568581 7.52393611596741 51.84144098
29 47596037 2.25171699449023 52.04801817
29 47628524 0.872892895364915 52.1211697
29 47677112 0 52.16358182
29 47697206 3.68479642285893 52.16358182
29 47752222 7.43975741828955 52.36630458
29 47793404 0 52.67268867
29 47813103 0 52.67268867
29 47839262 3.96138461538463 52.67268867
29 47883072 0 52.84623693
29 47917646 0 52.84623693
29 47939136 0.214909409115059 52.84623693
29 48008845 2.49743434032052 52.86121805
29 48041285 5.84208793068437 52.94223482
29 48070831 7.00351255398575 53.11484515
29 48098153 2.72326311881193 53.30619512
29 48178953 0.170910394870086 53.52623478
29 48250065 0.39744675666425 53.53838856
29 48270584 7.60589733111192 53.54654377
29 48302395 0 53.78849497
29 48333057 0.337742221346845 53.78849497
29 48363525 0 53.7987853
29 48402454 18.485519303761 53.7987853
29 48454620 2.4919362276313 54.7631009
29 48530954 20.3272983479105 54.95332036
29 48553592 0 55.41348974
29 48576150 0 55.41348974
29 48602322 4.97297208464651 55.41348974
29 48646742 0 55.63438916
29 48717093 0.459432414281368 55.63438916
29 48772186 0 55.65970067
29 48800246 10.1992589906315 55.65970067
29 48833336 1.29368697781625 55.99719415
29 48916640 0.428791545189291 56.10496345
29 48950940 0.429246019186518 56.119671
29 49134194 0 56.19833205
29 49234278 0 56.19833205
29 49254930 5.4925562610685 56.19833205
29 49278081 1.0564632208135 56.32549022
29 49335967 0 56.38664465
29 49378009 0 56.38664465
29 49403810 0 56.38664465
29 49448377 14.1167030500294 56.38664465
29 49484016 2.65541245631959 56.88974983
29 49563285 0 57.10024172
29 49601476 0 57.10024172
29 49657267 22.7423631696824 57.10024172
29 49697006 0.258822571677972 58.00400049
29 49722188 0 58.01051816
29 49742398 3.7653910444555 58.01051816
29 49798274 0.513466299123855 58.22091315
29 49910007 0 58.27828428
29 49929793 0 58.27828428
29 49953631 0 58.27828428
29 49998560 0 58.27828428
29 50117068 0 58.27828428
29 50217955 0 58.27828428
29 50229562 12.7037354299184 58.27828428
29 50260533 0.403192748134256 58.67173167
29 50305156 3.88345912248955 58.68972334
29 50326170 0 58.77133035
29 50416855 0 58.77133035
29 50486884 0 58.77133035
29 50522805 10.4826438898251 58.77133035
29 50548328 0 59.03887887
29 50595638 0 59.03887887
29 50621629 0 59.03887887
