Chromosome Position(bp) Rate(cM/Mb) Map(cM)
11 0 0 0
11 122657 0 0
11 159352 6.28010368376452 0
11 199474 0 0.25197032
11 237780 0 0.25197032
11 265663 3.04825627476882 0.25197032
11 300485 0 0.3581167
11 332384 0 0.3581167
11 365695 6.62733651659846 0.3581167
11 387685 1.00767389707304 0.50385183
11 491137 0.590619405716568 0.60809771
11 671455 4.62538342489055 0.71459702
11 743177 0 1.04633877
11 783187 0 1.04633877
11 818745 0 1.04633877
11 840272 0 1.04633877
11 897007 10.1030343064596 1.04633877
11 943558 0 1.51664512
11 1022700 0 1.51664512
11 1079356 0 1.51664512
11 1108647 0 1.51664512
11 1129271 0 1.51664512
11 1164276 0 1.51664512
11 1186334 7.44060314730416 1.51664512
11 1244479 6.1429734408102 1.94927899
11 1283185 0 2.18704892
11 1313643 3.85914841029098 2.18704892
11 1340346 0 2.29009976
11 1371301 0 2.29009976
11 1391662 4.00001955865471 2.29009976
11 1415181 0.967272641657507 2.38417622
11 1447036 0 2.41498869
11 1469542 2.5599214209567 2.41498869
11 1527700 0 2.5638686
11 1552062 2.04416223184476 2.5638686
11 1582315 5.68448860519624 2.62571064
11 1622421 1.94660789623717 2.85369274
11 1692581 0 2.99026675
11 1729993 2.39766861547506 2.99026675
11 1760610 4.94890342024874 3.06367617
11 1833938 2.18246163987256 3.42656936
11 1861245 1.82134550790803 3.48616584
11 1891910 2.40855776366786 3.5420174
11 1928291 4.37096273625429 3.62964314
11 1946915 0 3.71104795
11 1989902 0 3.71104795
11 2025372 1.4910361362057 3.71104795
11 2054152 0 3.75395997
11 2091173 10.0735034108962 3.75395997
11 2101874 0 3.86175653
11 2143332 4.33682073995137 3.86175653
11 2173361 0 3.99198692
11 2199833 5.23568418054961 3.99198692
11 2227925 8.1243191782538 4.13906776
11 2259857 0 4.39849352
11 2292247 0.793172985698732 4.39849352
11 2320706 3.78512716703 4.42106643
11 2359238 2.40785996612085 4.56691495
11 2382261 0 4.62235111
11 2403508 0.529486818575134 4.62235111
11 2490183 0.81834269727868 4.66824438
11 2576685 4.82829864764297 4.73903266
11 2615654 0 4.92718663
11 2635883 11.3155969994367 4.92718663
11 2669610 0 5.30882777
11 2690165 0 5.30882777
11 2723971 1.60581868857799 5.30882777
11 2779224 6.87658227848103 5.39755407
11 2799685 3.37966248186234 5.53825582
11 2831387 0 5.64539788
11 2853274 0 5.64539788
11 2884493 0 5.64539788
11 2909967 0 5.64539788
11 2944607 1.45101042513442 5.64539788
11 3014726 0 5.74714128
11 3048066 0 5.74714128
11 3075331 0.365119615707785 5.74714128
11 3138408 0 5.77017193
11 3171417 0 5.77017193
11 3224077 0 5.77017193
11 3246454 0 5.77017193
11 3269560 1.87113542643621 5.77017193
11 3336733 1.9828923626188 5.89586171
11 3378187 6.72378671150916 5.97806053
11 3403758 3.86126448675494 6.14999448
11 3442414 3.41178917042183 6.29925552
11 3483025 1.12744144838212 6.43781169
11 3508985 0 6.46708007
11 3588915 0 6.46708007
11 3610640 0 6.46708007
11 3649393 0.34324398831779 6.46708007
11 3686030 5.62540534104441 6.4796555
11 3715425 0 6.64501429
11 3744831 0 6.64501429
11 3767245 3.10261017641852 6.64501429
11 3796607 0 6.73611313
11 3834575 0.451231187844653 6.73611313
11 3876104 6.02273822912294 6.75485231
11 3935679 3.23321940243679 7.11365694
11 4001011 0.394087546097973 7.32488963
11 4044668 0 7.34209431
11 4130467 0 7.34209431
11 4156192 12.0378169946175 7.34209431
11 4178858 0.415912931080431 7.61494347
11 4403990 6.35675804817898 7.70857878
11 4449404 3.93505011302085 7.99726459
11 4496298 0 8.18179483
11 4555835 0 8.18179483
11 4573244 0.0711174414639554 8.18179483
11 4643628 0.48114336417799 8.18680036
11 4730407 0.20895774647884 8.2285535
11 4764132 1.07981123327593 8.2356006
11 4794328 0.255165540540546 8.26820658
11 4832808 5.05842431663765 8.27802535
11 4858124 0 8.40608442
11 4881133 1.0668677373992 8.40608442
11 4908155 0 8.43491332
11 4950432 2.44545578394842 8.43491332
11 4975389 0 8.49594456
11 4996418 0 8.49594456
11 5038925 7.75337072761585 8.49594456
11 5067539 6.40739126515519 8.71779951
11 5089726 1.79050801128272 8.8599603
11 5124115 0 8.92153408
11 5157964 0 8.92153408
11 5180952 2.23774404720341 8.92153408
11 5238236 1.61509302105958 9.04972101
11 5280592 0 9.11812989
11 5308860 0 9.11812989
11 5318049 4.47793416523241 9.11812989
11 5341289 0.91970760779917 9.22219708
11 5405552 0 9.28130025
11 5444893 2.01378403813501 9.28130025
11 5493772 0 9.379732
11 5517891 0 9.379732
11 5570448 0 9.379732
11 5596358 2.55500697300199 9.379732
11 5624323 0 9.45118277
11 5660221 2.71899689111014 9.45118277
11 5736454 4.07390780723331 9.65846006
11 5791339 5.92488451555668 9.88205649
11 5821776 0 10.0623922
11 5842433 1.03711279007017 10.0623922
11 5873934 0 10.09506229
11 5899228 0 10.09506229
11 5933786 11.4610655265734 10.09506229
11 5968520 0.664507278835388 10.49315094
11 6045318 0 10.54418377
11 6115951 0 10.54418377
11 6136933 0 10.54418377
11 6192173 0 10.54418377
11 6217716 6.97366835345563 10.54418377
11 6290438 16.9341770214299 11.05132288
11 6312650 0 11.42746482
11 6353928 0 11.42746482
11 6390618 0 11.42746482
11 6425053 0 11.42746482
11 6477854 0.933673233213198 11.42746482
11 6515875 0 11.46296401
11 6543030 0 11.46296401
11 6590132 0 11.46296401
11 6616229 17.4156833872447 11.46296401
11 6636942 0 11.82369506
11 6670300 5.96614116726105 11.82369506
11 6693294 1.47441094438555 11.96088051
11 6729148 0 12.01374404
11 6776731 0 12.01374404
11 6842315 0 12.01374404
11 6876724 7.15965680152048 12.01374404
11 6913554 0.872277845946795 12.2774342
11 7014610 0 12.36558311
11 7059583 0 12.36558311
11 7130154 2.59930006094862 12.36558311
11 7202346 0 12.55323178
11 7226332 0 12.55323178
11 7257740 19.005479787939 12.55323178
11 7287920 0 13.12681716
11 7308948 0 13.12681716
11 7333551 2.23474641393431 13.12681716
11 7356975 0 13.17916386
11 7394112 0 13.17916386
11 7417300 0.828165817340716 13.17916386
11 7444969 13.1078642583046 13.20207838
11 7470768 0 13.54024817
11 7493053 0 13.54024817
11 7519936 0 13.54024817
11 7550642 0 13.54024817
11 7569713 0 13.54024817
11 7595786 0.421540541906792 13.54024817
11 7635350 3.18650680736143 13.556926
11 7707184 0.15852654375579 13.78582553
11 7795378 1.22587318908753 13.79980662
11 7821953 2.55665468254565 13.8323842
11 7862006 0 13.93478589
11 7907641 0.0959311485935523 13.93478589
11 7988627 2.98764568424136 13.94255497
11 8016015 4.88797818942334 14.02438061
11 8049485 1.87203130007967 14.18798124
11 8158686 0 14.39240893
11 8194895 0.863191525958212 14.39240893
11 8229778 2.99031746529189 14.42251964
11 8293596 3.55247304471332 14.61335572
11 8409065 0.514835738022087 15.02355623
11 8432838 0.189838590851225 15.03579542
11 8462700 0.474124726148701 15.04146438
11 8496021 0.913764582804933 15.05726269
11 8559109 2.7150711776669 15.11491027
11 8580745 0 15.17365355
11 8604987 0 15.17365355
11 8628565 3.34148765987007 15.17365355
11 8726457 0.498591032581779 15.50075846
11 8776884 1.35855261352723 15.52590091
11 8849774 4.43102686148151 15.62492581
11 8928139 0 15.97216323
11 8950166 0 15.97216323
11 8972907 2.61717420449729 15.97216323
11 9031832 0.286595459077964 16.12638022
11 9057906 0 16.13385291
11 9101533 3.44483500135244 16.13385291
11 9145897 0 16.28667957
11 9173346 5.64662638367015 16.28667957
11 9212734 0 16.50908889
11 9242958 0 16.50908889
11 9303545 0 16.50908889
11 9345296 3.18036275948832 16.50908889
11 9378679 3.52740077999536 16.61525894
11 9400474 0.0348122215150015 16.69213864
11 9436607 1.80546045909677 16.69339651
11 9465969 0 16.74640844
11 9489683 1.4180336078111 16.74640844
11 9537410 0.0365382906742145 16.81408693
11 9566673 0 16.81515615
11 9647038 0 16.81515615
11 9686998 2.54980210235407 16.81515615
11 9707261 0 16.86682279
11 9743288 0 16.86682279
11 9775693 0 16.86682279
11 9809096 0.559530001134835 16.86682279
11 9870777 4.79697933718386 16.90133516
11 9903154 1.56749337998866 17.05664696
11 9924302 1.42273776362912 17.08979631
11 10060004 0 17.28286467
11 10104936 5.65921565199147 17.28286467
11 10133533 0 17.44470126
11 10211360 0.353515121074343 17.44470126
11 10287016 0.0522239296089507 17.4714468
11 10334522 2.24501578052923 17.47392775
11 10379831 0.724680119844923 17.57564717
11 10425223 0 17.60854185
11 10452880 0 17.60854185
11 10498811 12.3461295657681 17.60854185
11 10527229 2.4262243224582 17.95939416
11 10573573 0 18.0718351
11 10581290 0.244969128813624 18.0718351
11 10647533 6.60068561744088 18.08806259
11 10660514 0 18.17374609
11 10681151 0.0569060045517191 18.17374609
11 10739590 5.72036988561998 18.17707162
11 10774736 0 18.37811974
11 10798042 0.484448564828731 18.37811974
11 10894581 0 18.42488792
11 10918582 0 18.42488792
11 10958385 0 18.42488792
11 10998286 0 18.42488792
11 11021785 0.821590629611406 18.42488792
11 11054313 3.44406294617924 18.45161262
11 11086531 0 18.56257344
11 11128883 0.240898037657206 18.56257344
11 11221986 3.02964146600558 18.58500177
11 11267170 2.20216629466621 18.72189309
11 11315109 0.698318593894533 18.82746274
11 11369159 2.29171295490165 18.86520686
11 11392131 0 18.91785209
11 11412114 0 18.91785209
11 11497356 0 18.91785209
11 11547855 0.887188589060144 18.91785209
11 11620452 0.678920814434483 18.98225932
11 11670499 0.234179862225134 19.01623727
11 11723484 2.28244965148283 19.02864529
11 11762363 0.0207228721258212 19.11738465
11 11811943 0 19.11841209
11 11937048 0 19.11841209
11 11962826 0 19.11841209
11 12001967 0.767489086670903 19.11841209
11 12096347 0 19.19084771
11 12178068 0 19.19084771
11 12209379 0.258481765775772 19.19084771
11 12274257 0.408720664690758 19.20761749
11 12294838 0.0141905948711019 19.21602937
11 12371073 5.25195497214967 19.21711119
11 12396746 0 19.35194463
11 12422349 0 19.35194463
11 12451246 2.42420575471144 19.35194463
11 12484888 0.416635634488625 19.43349976
11 12519798 2.77576960309773 19.44804451
11 12543557 2.58267318663424 19.51399402
11 12565643 1.2430422377622 19.57103494
11 12601393 0.46046620732148 19.6154737
11 12672799 0.040934134428768 19.64835375
11 12721732 0.439210339375281 19.65035678
11 12765371 0.618364837398486 19.66952348
11 12794891 0 19.68777761
11 12860734 0 19.68777761
11 12882489 0.203534961871518 19.68777761
11 12952122 1.97339056530871 19.70195036
11 12975419 0 19.74792444
11 13041787 1.82285131789751 19.74792444
11 13055521 0 19.77295948
11 13094818 3.67721051852582 19.77295948
11 13135356 2.12079737264183 19.92202624
11 13174635 0 20.00532904
11 13213006 0 20.00532904
11 13246972 0 20.00532904
11 13282493 1.97748664355627 20.00532904
11 13380573 2.39501988197454 20.19928093
11 13420056 4.79467894979276 20.2938435
11 13441766 2.0839303088916 20.39793598
11 13510010 2.3762969247962 20.54015172
11 13534171 0 20.59756543
11 13560514 0 20.59756543
11 13585007 0 20.59756543
11 13607710 0.807341573816173 20.59756543
11 13670894 0 20.6485765
11 13695174 0 20.6485765
11 13720045 3.79959065759184 20.6485765
11 13740468 0 20.72617554
11 13766539 1.24969758699628 20.72617554
11 13814156 1.71937124134203 20.78568239
11 13838267 0 20.82713815
11 13859460 1.17968648235906 20.82713815
11 13903987 6.85464133299859 20.87966605
11 13935855 0 21.09810976
11 13982740 0 21.09810976
11 14026883 0 21.09810976
11 14051485 0 21.09810976
11 14122455 1.02991230925168 21.09810976
11 14229992 2.51636981023028 21.20886344
11 14271516 0 21.31335318
11 14311262 0.600191328514695 21.31335318
11 14504124 0.59406085066749 21.42910728
11 14790793 1.03252251006691 21.59940611
11 14848656 0 21.65915096
11 14928527 0 21.65915096
11 14989250 0 21.65915096
11 15010708 0 21.65915096
11 15051829 0 21.65915096
11 15096210 0 21.65915096
11 15137835 0 21.65915096
11 15154070 1.34813992089274 21.65915096
11 15182386 0.492485372196333 21.69732489
11 15219302 0.739728459396625 21.71550548
11 15258449 0 21.74446363
11 15317275 0 21.74446363
11 15408451 4.35411480903686 21.74446363
11 15443065 0 21.89517696
11 15480543 1.69650969308541 21.89517696
11 15505664 0.529390398188834 21.93779498
11 15625808 3.1462943814297 22.00139806
11 15796403 0 22.53814015
11 15838674 0 22.53814015
11 15858872 0.313031914893711 22.53814015
11 15879740 0.629230805003902 22.5446725
11 15901243 0 22.55820285
11 15927021 0 22.55820285
11 15980030 0 22.55820285
11 16000971 1.38578562661939 22.55820285
11 16110966 0 22.71063234
11 16135406 0.936664854368895 22.71063234
11 16174031 4.30704030772569 22.74681102
11 16210947 0.266572196356632 22.90580972
11 16242950 3.59210103160897 22.91434083
11 16270189 0 23.01218607
11 16324998 0 23.01218607
11 16354068 4.31140927831707 23.01218607
11 16384871 2.957540929151 23.14499041
11 16405944 0 23.20731467
11 16467306 0 23.20731467
11 16494277 0 23.20731467
11 16591322 1.05616667352906 23.20731467
11 16737044 3.20480771601139 23.36122139
11 16769496 0 23.46522381
11 16798030 0.190018893624469 23.46522381
11 16934584 0 23.49117165
11 16963343 0 23.49117165
11 17005906 0 23.49117165
11 17038154 0.698312380487482 23.49117165
11 17062733 5.99284720271051 23.50833547
11 17123238 0 23.87093269
11 17165651 0 23.87093269
11 17217588 0 23.87093269
11 17233280 0 23.87093269
11 17260688 1.31906279705326 23.87093269
11 17361680 0 24.00414748
11 17424910 0 24.00414748
11 17465587 0.533804972394321 24.00414748
11 17643449 0 24.0990911
11 17688360 0 24.0990911
11 17736027 0 24.0990911
11 17766274 1.38709372183838 24.0990911
11 17792906 0 24.13603218
11 17840900 2.24485898652494 24.13603218
11 17867245 3.09102290415839 24.19517299
11 17903221 0 24.30637563
11 17940427 0 24.30637563
11 17969917 0.311304609692597 24.30637563
11 18016406 0 24.32084787
11 18040286 0 24.32084787
11 18085733 6.0735608710724 24.32084787
11 18117464 0.336727474871257 24.51356803
11 18161537 0.00660766810747124 24.52840862
11 18200634 0.153062462849253 24.52866696
11 18241010 0.325578253250977 24.53484701
11 18284382 0 24.54896799
11 18320346 0 24.54896799
11 18344213 0 24.54896799
11 18370765 0 24.54896799
11 18396456 7.12318463567423 24.54896799
11 18426786 2.35803835917612 24.76501418
11 18461354 2.43510859971002 24.84652685
11 18524798 0 25.00101988
11 18547348 0 25.00101988
11 18577507 0 25.00101988
11 18615658 3.30304312189763 25.00101988
11 18637619 0.596764340937375 25.07355801
11 18679527 0 25.09856721
11 18713660 9.0028674035355 25.09856721
11 18738721 0 25.32418807
11 18811589 0 25.32418807
11 18845712 1.38384532940337 25.32418807
11 18875569 0 25.36550554
11 18912379 0 25.36550554
11 18948217 0.409090950394126 25.36550554
11 19080278 0 25.4195305
11 19103598 2.27399540790302 25.4195305
11 19138876 0.303088986306284 25.49975251
11 19161003 1.69749851983412 25.50645896
11 19194783 0 25.56380046
11 19227097 0.090409634281261 25.56380046
11 19322963 0 25.57246767
11 19349632 2.6156494863062 25.57246767
11 19454461 1.93590899599635 25.84666359
11 19564610 0.275851393747108 26.05990203
11 19620072 0.493852218821158 26.0752013
11 19757938 0 26.14328673
11 19779915 0 26.14328673
11 19802126 0 26.14328673
11 19837210 3.18987385634313 26.14328673
11 19895794 0 26.3301623
11 19947915 0.157765144184203 26.3301623
11 20009919 11.3013539917046 26.33994437
11 20039092 0 26.66963877
11 20097111 0 26.66963877
11 20180335 0 26.66963877
11 20249271 1.65621790068179 26.66963877
11 20303984 6.32462232620321 26.76025542
11 20327920 0 26.91164158
11 20370338 1.36040435695092 26.91164158
11 20475641 0 27.05489624
11 20535470 8.94151772629476 27.05489624
11 20599612 0 27.62842307
11 20631927 2.03389759773745 27.62842307
11 20689914 0 27.74636269
11 20711683 0 27.74636269
11 20736496 2.49349595532944 27.74636269
11 20764434 0.173699303564137 27.81602598
11 20798608 0.371924015009494 27.82196198
11 20819928 0.118599736025623 27.8298914
11 20878267 0 27.83681039
11 20941473 0.930982344990025 27.83681039
11 21062062 0 27.94907662
11 21104283 0 27.94907662
11 21136876 2.50588641355488 27.94907662
11 21162372 0 28.0129667
11 21187541 0 28.0129667
11 21221643 0 28.0129667
11 21255440 0.137785498008037 28.0129667
11 21286815 0 28.01728972
11 21348448 1.87659157092182 28.01728972
11 21386222 2.8685843347454 28.08817609
11 21409356 1.78058217881748 28.15453792
11 21435774 0.885075435979834 28.20157734
11 21470638 0 28.23243461
11 21510038 0 28.23243461
11 21531267 0 28.23243461
11 21555819 0 28.23243461
11 21626518 0.0324295762796184 28.23243461
11 21656231 0 28.23339819
11 21678788 1.01704791569168 28.23339819
11 21740751 4.84051041329438 28.29641753
11 21768552 0 28.43098856
11 21792140 7.17336311142738 28.43098856
11 21839938 0 28.77386097
11 21862341 1.13032554657065 28.77386097
11 21895731 0 28.81160254
11 21942536 6.25191385753668 28.81160254
11 21969027 1.00991863570346 28.97722199
11 22033060 0 29.04189011
11 22067934 4.33550102914096 29.04189011
11 22095627 1.89241227985001 29.16195314
11 22147126 3.37171929329949 29.25941048
11 22168408 6.55805607091333 29.33116741
11 22197514 0 29.52204619
11 22268921 2.04453051089626 29.52204619
11 22341010 2.05494989794033 29.66943435
11 22362566 0 29.71373085
11 22403523 0.0298053721434702 29.71373085
11 22432450 0 29.71459303
11 22464913 5.91951813595974 29.71459303
11 22485728 0 29.8378078
11 22525949 3.98397201762346 29.8378078
11 22555682 0 29.95626324
11 22580674 19.6376420545748 29.95626324
11 22605594 0 30.44563328
11 22633550 0 30.44563328
11 22655158 0 30.44563328
11 22684069 0 30.44563328
11 22713761 0 30.44563328
11 22750633 0 30.44563328
11 22796195 0 30.44563328
11 22822615 0 30.44563328
11 22876855 0 30.44563328
11 22900356 0 30.44563328
11 23014582 0 30.44563328
11 23047670 0 30.44563328
11 23084381 0 30.44563328
11 23109219 3.59393535476876 30.44563328
11 23138703 1.25637389299992 30.55159687
11 23163432 0 30.58266574
11 23197713 0 30.58266574
11 23270242 0 30.58266574
11 23302850 3.81905326995579 30.58266574
11 23363860 0 30.81566618
11 23404233 1.42400646238125 30.81566618
11 23497697 1.38803596660236 30.94875952
11 23536622 5.54108864468869 31.00278882
11 23563922 0 31.15406054
11 23592030 0 31.15406054
11 23638171 4.89570360879785 31.15406054
11 23656903 0 31.24576686
11 23699822 0 31.24576686
11 23740579 0.509852813718774 31.24576686
11 23805191 0 31.27870947
11 23860078 3.23319577579207 31.27870947
11 23927783 0 31.49761299
11 23960426 2.84402432756542 31.49761299
11 23989611 0 31.58061584
11 24003452 0.125287043703182 31.58061584
11 24040955 0 31.58531448
11 24066981 1.843123487729 31.58531448
11 24090125 0.563395021556993 31.62797173
11 24114711 0 31.64182336
11 24137728 0 31.64182336
11 24183267 2.94363157596692 31.64182336
11 24218585 0.379329645654186 31.74578654
11 24255103 0.999025820290748 31.7596389
11 24318038 1.31484697869214 31.82251259
11 24383225 0.316631285171783 31.90822352
11 24405082 2.7029702699984 31.91514413
11 24474675 1.60144700113162 32.10325194
11 24487930 0 32.12447912
11 24506755 0 32.12447912
11 24526912 1.07710584662838 32.12447912
11 24568406 0 32.16917255
11 24590162 0 32.16917255
11 24611468 3.03946560604503 32.16917255
11 24679227 0 32.3751237
11 24728140 0.253639355929214 32.3751237
11 24750622 1.77635900876014 32.38082602
11 24775964 0 32.42584251
11 24815868 0.0107665986501386 32.42584251
11 24847723 3.0038766942197 32.42618548
11 24916560 0 32.63296334
11 24958975 0 32.63296334
11 25014067 1.5520441337939 32.63296334
11 25163431 0 32.86478286
11 25259103 0 32.86478286
11 25282786 12.367479945135 32.86478286
11 25306845 0 33.16233206
11 25341825 0 33.16233206
11 25366465 0 33.16233206
11 25467022 0 33.16233206
11 25557367 0.404348346448052 33.16233206
11 25630059 0 33.19172495
11 25660041 0 33.19172495
11 25760288 0 33.19172495
11 25788178 2.49135172645419 33.19172495
11 25990645 0 33.69614146
11 26051306 0 33.69614146
11 26085746 0 33.69614146
11 26107605 0.699163616792294 33.69614146
11 26144765 0.104157561157424 33.72212238
11 26179634 1.56770518615441 33.72575425
11 26213262 0 33.77847304
11 26317389 2.53003480844271 33.77847304
11 26362493 0 33.89258773
11 26384861 0 33.89258773
11 26656689 4.59572229822174 33.89258773
11 26678619 0.0653136117638819 33.99337192
11 26771377 0.456262416262476 33.99943028
11 26896918 1.2886641581616 34.05670992
11 26976381 0.878845341914444 34.15911104
11 27102860 0 34.27026652
11 27150645 0 34.27026652
11 27220739 0 34.27026652
11 27245662 0.598124393919109 34.27026652
11 27312691 0 34.3103582
11 27337126 0 34.3103582
11 27370617 2.8556654043302 34.3103582
11 27422901 0.685341198979581 34.45966381
11 27545205 0.148740848420707 34.54348378
11 27583040 2.92917041938552 34.54911139
11 27648326 0 34.74034521
11 27678911 1.43213481648244 34.74034521
11 27746425 0.768801167492145 34.83703436
11 27830023 0.161570230963574 34.9013046
11 28054041 6.04163401143708 34.93749924
11 28107376 0 35.25972979
11 28191703 1.63673951443932 35.25972979
11 28216046 0 35.29957294
11 28241864 0 35.29957294
11 28267866 0 35.29957294
11 28342775 0 35.29957294
11 28367097 1.81136471234733 35.29957294
11 28414411 0.0659168419350045 35.38527585
11 28445316 4.02218523324341 35.38731301
11 28492327 2.76698341984969 35.57639996
11 28518141 1.47755531542055 35.64782687
11 28689341 3.27138624675731 35.90078434
11 28711314 0.531755296320636 35.97266651
11 28736945 0 35.98629593
11 28761952 7.53538175388265 35.98629593
11 28821899 0 36.43801946
11 28896192 0 36.43801946
11 28934504 6.71710880966618 36.43801946
11 28964630 0 36.64037908
11 29002450 0 36.64037908
11 29024122 0 36.64037908
11 29060501 0 36.64037908
11 29089320 17.8957915844837 36.64037908
11 29104530 2.90616043510814 36.91257407
11 29149944 0 37.04455444
11 29204047 0 37.04455444
11 29237085 0.611519391375801 37.04455444
11 29301624 0 37.08402129
11 29333199 9.64141453591243 37.08402129
11 29365973 0.316673293858398 37.40000901
11 29389110 0.69688952502929 37.40733588
11 29415659 0 37.4258376
11 29454559 0.23694729875664 37.4258376
11 29483268 0.0659100436464916 37.43264012
11 29523821 3.67969467920489 37.43531297
11 29574227 0 37.62079166
11 29601504 0 37.62079166
11 29624765 0 37.62079166
11 29652000 0 37.62079166
11 29735099 0 37.62079166
11 29758847 0 37.62079166
11 29781002 0 37.62079166
11 29847696 1.85798826123416 37.62079166
11 29879897 4.34350277966611 37.68062074
11 29904900 1.14043224299088 37.78922134
11 29929724 0 37.81753143
11 29977957 0 37.81753143
11 30005267 0 37.81753143
11 30067317 0 37.81753143
11 30123686 1.03459515614507 37.81753143
11 30218982 0 37.91612421
11 30282753 3.93369936915355 37.91612421
11 30305738 0.896772989611597 38.00654029
11 30331728 0 38.02984742
11 30352564 3.3854865100086 38.02984742
11 30381289 0.406583517524568 38.12709552
11 30412959 1.00679643621287 38.13997202
11 30532607 0 38.2604332
11 30554447 0 38.2604332
11 30580303 3.72247254118831 38.2604332
11 30604339 0 38.34990655
11 30707231 0 38.34990655
11 30730288 0.156536706142072 38.34990655
11 30763811 0.0911882637007008 38.35515413
11 30804812 1.46650727402826 38.35889294
11 30829970 0 38.39578733
11 30916713 0 38.39578733
11 30942534 0 38.39578733
11 30980897 5.15286930166922 38.39578733
11 31004983 0 38.51989934
11 31041776 0 38.51989934
11 31067544 0.652298439417592 38.51989934
11 31096059 0 38.53849963
11 31222933 0 38.53849963
11 31250678 0 38.53849963
11 31274292 0 38.53849963
11 31275179 2.95772322253006 38.53849963
11 31318499 1.7688262217631 38.6666282
11 31338818 0 38.70256898
11 31369325 0 38.70256898
11 31404624 0.601152035298326 38.70256898
11 31441793 0 38.7249132
11 31477914 1.24541813219548 38.7249132
11 31529943 0.647570220854856 38.78971106
11 31609905 1.37977095131139 38.84149207
11 31641514 0 38.88510525
11 31665059 0 38.88510525
11 31688814 3.65860942223439 38.88510525
11 31718255 0 38.99281837
11 31882807 1.6910077337996 38.99281837
11 31964009 0 39.13013158
11 31989098 2.44975892057807 39.13013158
11 32020374 0.13104905151283 39.20675024
11 32214578 2.57626448009568 39.23220049
11 32301594 2.94659483541184 39.45637672
11 32373197 0 39.66736175
11 32482451 0 39.66736175
11 32557680 5.22785535021697 39.66736175
11 32583978 0 39.80484389
11 32606999 2.02649297423879 39.80484389
11 32659947 0 39.91214264
11 32798205 3.03593744587138 39.91214264
11 32879031 0 40.15752532
11 32901532 0.688922622631248 40.15752532
11 32936413 1.64657096570992 40.18155563
11 32958635 0 40.21814573
11 33039000 1.09938910929294 40.21814573
11 33067483 1.49514293139311 40.24945963
11 33098267 0 40.29548611
11 33124236 0.278282933231368 40.29548611
11 33160810 0.128649456156801 40.30566403
11 33190598 0 40.30949624
11 33319260 0.361626608905589 40.30949624
11 33343267 1.06809327470629 40.31817781
11 33412632 0 40.3922661
11 33439951 0 40.3922661
11 33483917 0 40.3922661
11 33523211 1.05265601709232 40.3922661
11 33563463 0 40.43463761
11 33637760 1.25908871978845 40.43463761
11 33718317 1.57501036076731 40.53606602
11 33774780 0 40.62499583
11 33818468 0.84031864322836 40.62499583
11 33858858 0 40.6589363
11 33907492 0 40.6589363
11 33945908 0 40.6589363
11 34052418 4.49833969630004 40.6589363
11 34087255 6.03832761029669 40.81564496
11 34129482 0 41.07062542
11 34166826 0 41.07062542
11 34232482 0 41.07062542
11 34311436 0 41.07062542
11 34369905 0 41.07062542
11 34439864 0 41.07062542
11 34617407 0 41.07062542
11 34648625 2.91099670061671 41.07062542
11 34683480 0 41.17208821
11 34743909 0 41.17208821
11 34889621 0 41.17208821
11 34973786 0 41.17208821
11 35028247 1.51109529258878 41.17208821
11 35079804 0 41.24999575
11 35127003 0 41.24999575
11 35213569 7.3316678972846 41.24999575
11 35237947 1.33468303896403 41.42872715
11 35368452 0 41.60290996
11 35409639 0.978112946131699 41.60290996
11 35445727 2.41331345412103 41.6382081
11 35476580 5.08268881657842 41.71266606
11 35499936 0.407612099396705 41.83137734
11 35629397 0 41.88414721
11 35652551 0 41.88414721
11 35687316 0.409654601164011 41.88414721
11 35755527 0.244573818701595 41.91209016
11 35840878 0 41.93296478
11 35871974 1.39779023717355 41.93296478
11 35939393 0.270001789789223 42.0272024
11 36051138 0 42.05737375
11 36103640 1.97249208276154 42.05737375
11 36141532 0.0575507729614712 42.13211542
11 36181120 2.27628953934486 42.13439374
11 36218393 0 42.21923788
11 36238832 1.44703041156384 42.21923788
11 36394628 0.616989852271127 42.44467943
11 36481544 0.371142954444419 42.49830572
11 36519717 0.628986854305945 42.51247336
11 36745114 0.691287797417003 42.65424511
11 36861491 1.01481393449489 42.73469511
11 36956995 0.535451016941217 42.8316139
11 37041759 0 42.87700087
11 37079751 0 42.87700087
11 37101530 0 42.87700087
11 37131360 0 42.87700087
11 37164923 0 42.87700087
11 37216915 1.0413533542289 42.87700087
11 37258072 0 42.91985985
11 37283583 0 42.91985985
11 37317009 0 42.91985985
11 37354417 0.589428914660766 42.91985985
11 37376060 0 42.93261686
11 37408868 0 42.93261686
11 37527980 3.26187921282314 42.93261686
11 37583317 1.74009253863137 43.11311947
11 37696567 0.527478169036283 43.31018495
11 37760009 0 43.34364922
11 37846680 0 43.34364922
11 37880132 2.07523007829389 43.34364922
11 37921770 0 43.43005765
11 38023147 0 43.43005765
11 38101318 1.04889010084581 43.43005765
11 38303012 0.466232885155357 43.64161249
11 38522047 0.875351000200256 43.74373381
11 38591933 0 43.80490859
11 38620543 0 43.80490859
11 38658373 2.45186748678117 43.80490859
11 38704708 0.347058317810523 43.91851587
11 38774498 0 43.94273707
11 38796116 0 43.94273707
11 38836917 0 43.94273707
11 38878078 0 43.94273707
11 38904622 0 43.94273707
11 38929977 0.576097976219913 43.94273707
11 39002811 0 43.98469659
11 39088424 1.49969422745598 43.98469659
11 39148207 0.650035264825265 44.07435281
11 39251426 0 44.1414488
11 39298167 0 44.1414488
11 39358843 0.00372461907304418 44.1414488
11 39446852 1.83935449547784 44.1417766
11 39475047 0.255908343104376 44.1936372
11 39585066 3.18264602967852 44.22179198
11 39624219 0 44.34640212
11 39700338 0.422501971250061 44.34640212
11 39782773 0 44.38123107
11 39810644 0 44.38123107
11 39833889 0.821236664795013 44.38123107
11 39855261 0.508420684617933 44.39878254
11 40079795 1.00411264802326 44.51294027
11 40219469 0 44.6531887
11 40241594 0 44.6531887
11 40324446 -4.32535408291889e-08 44.6531887
11 40377330 -4.32535321667922e-08 44.6531886977126
11 40555641 1.24507966022301 44.65318869
11 41255865 2.52284078727806 45.52502335
11 41346354 1.72619882243904 45.75331269
11 41419726 1.09447949275744 45.87996735
11 41457420 3.12404099606647 45.92122266
11 41521231 1.5091380627926 46.12057084
11 41676950 0 46.35557231
11 41749747 0.926493799323575 46.35557231
11 41785227 0.219401485552398 46.38844431
11 41878391 0 46.40888463
11 41928191 2.09243445090426 46.40888463
11 41971708 0 46.4999411
11 41992469 0 46.4999411
11 42034454 0 46.4999411
11 42128997 1.24959368635437 46.4999411
11 42207557 3.70413415794483 46.59810918
11 42239087 0 46.71490053
11 42269861 1.0029017614494 46.71490053
11 42468561 0 46.91417711
11 42517100 4.24459834967215 46.91417711
11 42545458 0 47.03454543
11 42568364 0 47.03454543
11 42618575 2.95246007651481 47.03454543
11 42659090 1.558761244717 47.15416435
11 42753023 0.260617879640786 47.30058347
11 42850016 0 47.32586158
11 42936195 0 47.32586158
11 42988746 0 47.32586158
11 43013219 5.48616815651217 47.32586158
11 43064231 2.72139436734039 47.60572199
11 43113515 6.43238998992255 47.73984319
11 43137331 1.49143844458128 47.89303699
11 43187684 0 47.96813539
11 43356088 0 47.96813539
11 43431638 1.47168748595821 47.96813539
11 43520658 0 48.09914501
11 43555823 0 48.09914501
11 43607481 0.22099899828681 48.09914501
11 43714298 0.3236422614861 48.12275146
11 43853640 0 48.16784842
11 44020164 0 48.16784842
11 44045461 4.68286268550543 48.16784842
11 44076390 0 48.31268468
11 44153677 0 48.31268468
11 44195517 0 48.31268468
11 44256684 0 48.31268468
11 44314266 4.33717762519349 48.31268468
11 44342083 0 48.43333195
11 44377857 0 48.43333195
11 44402222 0 48.43333195
11 44431373 1.30521435009456 48.43333195
11 44510146 0.0354714013489548 48.5361476
11 44576268 0 48.53849304
11 44596424 0 48.53849304
11 44616476 0 48.53849304
11 44669598 0 48.53849304
11 44699662 0.933780040927122 48.53849304
11 44720675 0.350281573212528 48.55811456
11 44749584 0.61206390973254 48.56824085
11 44928962 0 48.67803165
11 44980969 0.126815786689119 48.67803165
11 45028224 2.14873983851866 48.68402433
11 45064513 0.419047465449174 48.76199995
11 45104816 0.35697199880851 48.77888882
11 45145100 0.429508480830072 48.79326908
11 45234537 0 48.83168303
11 45268510 8.17999636446253 48.83168303
11 45290515 0 49.01168385
11 45313347 0 49.01168385
11 45404810 0.037693930338309 49.01168385
11 45484452 0.428737128204295 49.01468587
11 45608075 2.11609096443169 49.06768764
11 45723065 0 49.31101694
11 45779577 0.166054633256631 49.31101694
11 45827826 3.98075539568341 49.31902891
11 45875642 0.326988623062881 49.50937271
11 45897001 0.958705983549203 49.51635686
11 45952804 2.54218088010489 49.56985553
11 45989436 0 49.6629807
11 46032032 0.00934611709523422 49.6629807
11 46124128 0 49.66384144
11 46145719 0 49.66384144
11 46191301 3.51844489557549 49.66384144
11 46227260 0 49.7903612
11 46278924 0.899324840895937 49.7903612
11 46375716 1.72778146356444 49.87740865
11 46440831 0 49.98991314
11 46473832 0 49.98991314
11 46539442 9.58240968886929 49.98991314
11 46544231 0.761350263446575 50.0358033
11 46619009 0 50.09273555
11 46654785 0 50.09273555
11 46694753 0 50.09273555
11 46721707 0.138243053179881 50.09273555
11 46748014 0 50.09637231
11 46788429 1.27533463939121 50.09637231
11 46832327 0 50.15235695
11 46866227 0 50.15235695
11 46889998 0 50.15235695
11 46926303 0 50.15235695
11 46950778 0 50.15235695
11 46977787 3.22376862603203 50.15235695
11 47008188 1.4770605371259 50.25036274
11 47069291 0 50.34061557
11 47096563 1.02656614828362 50.34061557
11 47188387 0 50.43487898
11 47245215 1.15542680814897 50.43487898
11 47276974 0.637740877731522 50.47157418
11 47315095 0.708741287878661 50.4958855
11 47341495 0.727056543423934 50.51459627
11 47378387 0 50.54141884
11 47414576 0 50.54141884
11 47431717 0.818346200623907 50.54141884
11 47469539 0 50.57237033
11 47492472 2.3167770764328 50.57237033
11 47524474 0.466669363974902 50.64651183
11 47561548 1.04904668053184 50.66381313
11 47653385 0 50.76015443
11 47797834 1.02358342475531 50.76015443
11 47933651 0.782552213248476 50.89917446
11 48007818 0.880741030138737 50.95721401
11 48070528 3.36012336936295 51.01244528
11 48097358 0 51.10259739
11 48124958 0.214466255609973 51.10259739
11 48196481 0 51.11793666
11 48285040 5.85217232010558 51.11793666
11 48309332 0.594790375305827 51.26009763
11 48365313 0 51.29339459
11 48429814 0 51.29339459
11 48519745 0.608517385887461 51.29339459
11 48555061 0 51.31488499
11 48602940 0 51.31488499
11 48625186 0.655921412436233 51.31488499
11 48675652 0.831721698356797 51.34798672
11 48869298 0 51.5090463
11 48924918 0 51.5090463
11 48957259 0 51.5090463
11 49010974 2.84057483975803 51.5090463
11 49099590 0 51.76076668
11 49165587 0.0375094226644289 51.76076668
11 49409414 0 51.76991249
11 49467653 0 51.76991249
11 49489664 0 51.76991249
11 49541972 2.12026143191763 51.76991249
11 49640162 0 51.97810096
11 49775602 0 51.97810096
11 49831537 5.34471593071989 51.97810096
11 49852553 0 52.09042551
11 49896067 0.251720165180178 52.09042551
11 49924884 0 52.09767933
11 49955362 0 52.09767933
11 49986305 0 52.09767933
11 50014361 1.81026086230646 52.09767933
11 50038320 0 52.14105137
11 50073439 0 52.14105137
11 50116125 0.758188108272437 52.14105137
11 50142429 0.617734505862592 52.16099475
11 50166309 1.47950190103667 52.17574625
11 50202868 0 52.22983536
11 50239045 0.0352168028005332 52.22983536
11 50324745 0 52.23285344
11 50352756 0 52.23285344
11 50418333 0 52.23285344
11 50440749 0 52.23285344
11 50461985 0.212420150610065 52.23285344
11 50492793 3.58739062670904 52.23939768
11 50529365 0 52.37059573
11 50565893 0 52.37059573
11 50607517 0 52.37059573
11 50659119 0 52.37059573
11 50682579 0.273418736715185 52.37059573
11 50997789 1.77891651659155 52.45678005
11 51109955 0.261642018157133 52.656314
11 51168444 0.348345929821276 52.67161718
11 51338068 0 52.73070501
11 51479638 0 52.73070501
11 51567982 0.798400741811522 52.73070501
11 51604649 0.429705778243431 52.75997997
11 51745903 0 52.82067763
11 51791442 0 52.82067763
11 51827225 3.52237994563563 52.82067763
11 51870268 0.965979492517525 52.97229143
11 51979789 0 53.07808647
11 52132672 0 53.07808647
11 52242437 0 53.07808647
11 52281751 0.299752712119186 53.07808647
11 52442050 1.28464630962863 53.12613653
11 52574977 0 53.29690071
11 52621574 0.632791312903102 53.29690071
11 52758789 1.19952192891289 53.38372917
11 53124425 0.102604116115185 53.82231757
11 53270728 0 53.83732886
11 53413882 0 53.83732886
11 53509885 0.759162486968616 53.83732886
11 53855205 0.583989176428559 54.09948285
11 54269486 4.70786734894701 54.34141847
11 54294891 0 54.46102184
11 54322540 0 54.46102184
11 54442682 0 54.46102184
11 54492825 0 54.46102184
11 54540659 0 54.46102184
11 54566436 1.13913147186756 54.46102184
11 54773119 2.0858640401019 54.69646095
11 54807232 0 54.76761603
11 54841971 0 54.76761603
11 54871764 0 54.76761603
11 54932791 5.78406764715141 54.76761603
11 54964544 0 54.95127753
11 55025522 0 54.95127753
11 55049570 0.691219708856441 54.95127753
11 55141346 1.66218862602625 55.01471491
11 55276778 0 55.23982844
11 55308730 0 55.23982844
11 55343739 5.19186070197432 55.23982844
11 55369267 0 55.37236626
11 55424621 0 55.37236626
11 55451036 0.748761914861111 55.37236626
11 55535909 1.2104635494208 55.43591593
11 55575538 0 55.48388539
11 55610655 0 55.48388539
11 55677550 2.91002207234843 55.48388539
11 55702015 0 55.55507908
11 55730117 1.15679767871268 55.55507908
11 55824892 0.18103864499216 55.66471458
11 55845438 0.733015417628641 55.6684342
11 55888311 1.51250451253646 55.69986077
11 56025152 0 55.9068334
11 56117126 0.00226703698128121 55.9068334
11 56190217 0.418242456189723 55.9069991
11 56694836 0.457601178630635 56.11805219
11 56785789 0.984955571420738 56.15967239
11 56876834 0 56.24934767
11 56902126 0 56.24934767
11 56934848 0 56.24934767
11 57009516 0 56.24934767
11 57033279 0 56.24934767
11 57061281 0.995406170262184 56.24934767
11 57104391 0 56.29225963
11 57153770 0.415320571564444 56.29225963
11 57183233 0 56.30449622
11 57209322 0 56.30449622
11 57262795 0 56.30449622
11 57353356 0 56.30449622
11 57373473 0.7204429620318 56.30449622
11 57443479 0.114057902326335 56.35493155
11 57542646 0.0416166344612591 56.36624233
11 57579389 0 56.36777145
11 57599614 0 56.36777145
11 57625409 0.220113156040768 56.36777145
11 57716257 0 56.38776829
11 57957745 2.09136189195406 56.38776829
11 57988232 0.0307410216491793 56.45152764
11 58288844 0.460886045799518 56.46076876
11 58318233 0.0499763360889166 56.47431374
11 58383311 1.72689039275699 56.4775661
11 58415672 0 56.53345
11 58497959 0 56.53345
11 58520739 0 56.53345
11 58557598 0 56.53345
11 58580437 0 56.53345
11 58601087 0 56.53345
11 58625315 0 56.53345
11 58727945 0 56.53345
11 58759980 0 56.53345
11 58782207 0 56.53345
11 58828979 0 56.53345
11 58857246 0.446955753370811 56.53345
11 58918358 0 56.56076436
11 58929479 0 56.56076436
11 58971050 0 56.56076436
11 59035881 0 56.56076436
11 59078754 0 56.56076436
11 59119877 1.91008936391053 56.56076436
11 59181535 0 56.67853665
11 59231803 0 56.67853665
11 59257245 0 56.67853665
11 59352731 2.15628676756934 56.67853665
11 59391250 0 56.76159466
11 59423113 0 56.76159466
11 59453674 0 56.76159466
11 59493904 2.05258211079457 56.76159466
11 59530440 0 56.8365878
11 59594780 0.172672087212333 56.8365878
11 59694032 1.23475061848408 56.85372585
11 59739304 0.215747185074487 56.90962548
11 59794190 0 56.92146698
11 59822134 0 56.92146698
11 59864476 0 56.92146698
11 59913743 0.239898531491817 56.92146698
11 60096854 0 56.96539504
11 60196196 0 56.96539504
11 60218517 0 56.96539504
11 60271069 4.60212676815872 56.96539504
11 60295176 1.16337745218747 57.07633851
11 60343908 0 57.13303222
11 60372219 0.584959059006926 57.13303222
11 60402995 0 57.15103492
11 60445456 0 57.15103492
11 60468952 0.637413332300666 57.15103492
11 60494769 0 57.16749102
11 60517676 0.0744325662859995 57.16749102
11 60567347 0.566570782615819 57.17118816
11 60616886 0 57.19925551
11 60641182 0.248376375100553 57.19925551
11 60670998 0.657931320963688 57.2066611
11 60725163 0 57.24229795
11 60775322 1.4776635055089 57.24229795
11 60807905 0.381795505499048 57.29044466
11 60864552 0.212809523809357 57.31207223
11 60906972 1.15789664744857 57.32109961
11 60949119 0 57.36990148
11 60982579 0 57.36990148
11 61007636 0 57.36990148
11 61043046 1.0824821142466 57.36990148
11 61106085 1.43088462882505 57.43814007
11 61126116 0 57.46680212
11 61149380 0 57.46680212
11 61204281 0 57.46680212
11 61361997 0 57.46680212
11 61548155 0.357812084978355 57.46680212
11 61768776 0.870925593954813 57.54574298
11 61812845 0 57.5841238
11 61853060 0 57.5841238
11 61911290 0.131344633689193 57.5841238
11 62021729 0 57.59862937
11 62042659 0 57.59862937
11 62068027 0 57.59862937
11 62120566 0 57.59862937
11 62175861 0 57.59862937
11 62196882 0 57.59862937
11 62263463 0.401322802048176 57.59862937
11 62309358 0.737988832897828 57.61704808
11 62437950 0.383950436059084 57.71194754
11 62519017 0.168660725545328 57.74307325
11 62542806 0 57.74708552
11 62583295 0 57.74708552
11 62610532 0.607396782186833 57.74708552
11 62639185 0 57.76448926
11 62675142 0.941534266497021 57.76448926
11 62752156 0.270841871585042 57.83700058
11 62781436 1.78718832097337 57.84493083
11 62811507 0.530421948127948 57.89867337
11 62893555 0 57.94219343
11 62914151 0.330761557585797 57.94219343
11 62979714 0.739857516650841 57.96387915
11 63105834 0.473582326764064 58.05718998
11 63156170 0 58.08102822
11 63187417 1.45768346457513 58.08102822
11 63379048 0 58.36036556
11 63414618 0 58.36036556
11 63451999 0.715570376957809 58.36036556
11 63472240 0.0973121402830546 58.37484942
11 63509422 1.42580100555707 58.37846768
11 63547212 0.098898269664622 58.4323487
11 63571138 0 58.43471494
11 63615492 1.09554242440589 58.43471494
11 63726678 6.23358423851576 58.55652392
11 63762030 0 58.77689359
11 63799791 0 58.77689359
11 63838185 0 58.77689359
11 63881213 0 58.77689359
11 63904471 0 58.77689359
11 63953518 0 58.77689359
11 63980697 0.538477330404104 58.77689359
11 64059900 0.192993380223406 58.81954261
11 64098572 2.78277715519042 58.82700605
11 64146758 0.148371435910439 58.96109695
11 64177902 0 58.96571783
11 64199959 0 58.96571783
11 64223170 0 58.96571783
11 64262677 0 58.96571783
11 64307937 2.40805677836679 58.96571783
11 64352461 5.61105359223289 59.07293415
11 64378211 0 59.21741878
11 64406151 0 59.21741878
11 64472503 1.20828752418819 59.21741878
11 64576376 0.416151765626528 59.34292723
11 64780836 2.66941975068176 59.42801362
11 64883516 0 59.70210964
11 64943508 0.758097097447288 59.70210964
11 65103574 2.61010640686045 59.82345521
11 65170393 0 59.99785991
11 65283441 4.20337690225004 59.99785991
11 65326285 0 60.17794939
11 65351784 2.13186765216521 60.17794939
11 65379259 2.13186765216491 60.2365224537432
11 65412261 0.182759918749215 60.30687835
11 65519583 0 60.32649251
11 65591562 5.77700501050623 60.32649251
11 65616310 0 60.46946183
11 65681864 0 60.46946183
11 65712102 0.544802379814706 60.46946183
11 65948591 0 60.5983016
11 65998851 6.68248878840653 60.5983016
11 66025832 0.0100364094864008 60.77860183
11 66096418 0 60.77931026
11 66141532 0 60.77931026
11 66176884 2.22580644666611 60.77931026
11 66242096 0 60.92445955
11 66304348 0 60.92445955
11 66365240 0.6390915470848 60.92445955
11 66473534 0 60.99366933
11 66500339 2.61688073394503 60.99366933
11 66556801 0 61.14142365
11 66577777 0 61.14142365
11 66598672 0.729015738717771 61.14142365
11 66814255 2.28374557648218 61.29858705
11 66889704 0 61.47089337
11 66971573 0.825070407239691 61.47089337
11 66999198 1.47468243590354 61.49368594
11 67042024 1.90776171345807 61.55684069
11 67084838 0 61.6385196
11 67108786 0 61.6385196
11 67211111 0 61.6385196
11 67282276 0 61.6385196
11 67345159 1.5880315080485 61.6385196
11 67371438 1.17214765855716 61.68025148
11 67406993 2.26412295573674 61.72192719
11 67445332 3.9133641623209 61.8087314
11 67469876 0 61.90478101
11 67522022 0 61.90478101
11 67549232 0 61.90478101
11 67582999 0 61.90478101
11 67616388 0.783146873976077 61.90478101
11 67649961 0 61.9310736
11 67736102 0 61.9310736
11 67776969 0 61.9310736
11 67829550 0 61.9310736
11 67856557 0 61.9310736
11 67889140 9.15131897484433 61.9310736
11 67918716 2.10766397056026 62.20173301
11 67970890 0 62.31169827
11 68062927 3.04666891257291 62.31169827
11 68111905 0 62.46091802
11 68147744 0.685150024279917 62.46091802
11 68304252 5.89081308060445 62.56814948
11 68325566 1.48868240656325 62.69370627
11 68380416 0.875056370836314 62.7753605
11 68423346 0 62.81292667
11 68620427 0.918232327780117 62.81292667
11 68642637 0.938167182923649 62.83332061
11 68690094 0.450790496413753 62.87784321
11 68715053 0 62.88909449
11 68755556 0.370381039140656 62.88909449
11 68787390 0.907806400577827 62.9008852
11 68845541 2.64796121741361 62.95367505
11 68884476 1.9996379354934 63.05677342
11 68938610 0 63.16502182
11 68962608 0 63.16502182
11 68996672 0.247816410009581 63.16502182
11 69063168 1.37944764406181 63.18150062
11 69126370 0 63.26868447
11 69177619 3.59238755230142 63.26868447
11 69212035 0 63.39232008
11 69238031 0 63.39232008
11 69262838 0 63.39232008
11 69292496 0 63.39232008
11 69325299 1.77019317289596 63.39232008
11 69405538 0 63.53435861
11 69443503 2.28286558396713 63.53435861
11 69472443 2.69738002646026 63.60042474
11 69497386 3.23149285837192 63.66770549
11 69532252 2.31819194013685 63.78037472
11 69554436 0 63.83180149
11 69591975 0 63.83180149
11 69619152 0 63.83180149
11 69660450 0 63.83180149
11 69692560 0.54689221677448 63.83180149
11 69861436 0 63.92415846
11 69910290 1.26322930357291 63.92415846
11 70041919 0 64.09043607
11 70091030 0 64.09043607
11 70131600 1.04546599930952 64.09043607
11 70160570 0.064638964210871 64.12072322
11 70216257 0 64.12432277
11 70300762 0 64.12432277
11 70324676 0 64.12432277
11 70348153 0.41997599999973 64.12432277
11 70378153 0.455097628825027 64.13692205
11 70453643 0.114034079410682 64.17127737
11 70552471 0 64.18254713
11 70611797 1.22221558366634 64.18254713
11 70660335 0 64.24187103
11 70718274 0 64.24187103
11 70764561 0.889422052467642 64.24187103
11 70844153 0.380927408781858 64.31266191
11 70893732 0 64.33154791
11 71062901 0.0812658164911665 64.33154791
11 71103128 0 64.33481699
11 71130818 2.0302619023242 64.33481699
11 71179653 0 64.43396483
11 71263018 3.53934918035895 64.43396483
11 71316151 0 64.62202107
11 71354308 0 64.62202107
11 71376590 0 64.62202107
11 71401956 0 64.62202107
11 71476581 0.459834424335768 64.62202107
11 71531118 0.491190043873581 64.64709906
11 71659441 1.5698494148458 64.71013004
11 71744974 0 64.84440397
11 71821318 0.576080687125742 64.84440397
11 71885120 0.0782914176106672 64.88115907
11 72100433 0 64.89801623
11 72169040 0 64.89801623
11 72258221 0 64.89801623
11 72447524 0 64.89801623
11 72487911 7.03617276966962 64.89801623
11 72535736 7.03617276966978 65.2345211927095
11 72567462 0.262706743038679 65.45775081
11 72743792 4.05024339765635 65.50407389
11 72778098 2.67205231678308 65.64302154
11 72819729 5.07447453561692 65.75426175
11 72855583 0 65.93620196
11 72875949 0 65.93620196
11 72911805 0 65.93620196
11 72951477 1.34682375316969 65.93620196
11 72984601 0 65.98081415
11 73025557 0 65.98081415
11 73053087 8.35080045138233 65.98081415
11 73079672 0 66.20282018
11 73102935 0 66.20282018
11 73130439 0 66.20282018
11 73161721 0 66.20282018
11 73226816 0.294517113144959 66.20282018
11 73316630 0.652494140726722 66.22927194
11 73431832 0 66.30444057
11 73478626 0 66.30444057
11 73523402 0.61378939888322 66.30444057
11 73761226 0.130939860379981 66.45041442
11 73831130 0 66.45956764
11 73942367 0.101479754484404 66.45956764
11 73984401 0 66.46383324
11 74018181 0.785257945114247 66.46383324
11 74087343 0 66.51814325
11 74124726 0 66.51814325
11 74147335 1.12999397255263 66.51814325
11 74168903 1.01100899918162 66.54251496
11 74205573 1.48640157854 66.57958866
11 74245610 0 66.63909972
11 74285975 0 66.63909972
11 74307700 0 66.63909972
11 74367904 0 66.63909972
11 74411915 0.297235796432736 66.63909972
11 74557125 0.978884054036165 66.68226133
11 74693404 0.0773131780958508 66.81566267
11 74818202 1.85910331826351 66.8253112
11 74990069 0.102143029571682 67.14482971
11 75039779 0.898951606704634 67.14990724
11 75208914 0 67.30195142
11 75245474 0.757514554820661 67.30195142
11 75278281 0 67.3268032
11 75301517 0 67.3268032
11 75330473 0 67.3268032
11 75410689 0 67.3268032
11 75420581 0 67.3268032
11 75445492 4.03457134517552 67.3268032
11 75469474 2.92806255214576 67.42356029
11 75513821 0 67.55341108
11 75535853 0 67.55341108
11 75610538 0 67.55341108
11 75632852 1.35076402842431 67.55341108
11 75673662 0 67.60853576
11 75708285 0.383283828707376 67.60853576
11 75759122 0 67.62802076
11 75826371 0.88895230809421 67.62802076
11 75879965 2.72733797169838 67.67566327
11 75922365 1.55131153115853 67.7913024
11 75957652 1.67209691138157 67.84604353
11 76108140 0.0960041827115935 68.09767405
11 76228636 1.06900597647359 68.10924217
11 76291884 2.16121757130743 68.17685466
11 76425215 0 68.46501196
11 76460052 3.39995542666865 68.46501196
11 76515915 0 68.65494367
11 76550085 0 68.65494367
11 76609383 2.52088167937301 68.65494367
11 76842994 0.0170583421584536 69.24384936
11 76863768 1.46198729915189 69.24420373
11 76981083 0 69.41571677
11 77009264 0 69.41571677
11 77031279 0 69.41571677
11 77091873 0 69.41571677
11 77168298 0 69.41571677
11 77205722 0.515768660666794 69.41571677
11 77262392 0.289299278474146 69.44494538
11 77284983 0.0307841680192298 69.45148094
11 77336120 0.637657770181433 69.45305515
11 77427392 1.71566723919044 69.51125545
11 77494347 0.249899546019766 69.62612795
11 77667262 0 69.66933933
11 77695156 1.61127039906311 69.66933933
11 77732719 0.777491083008863 69.72986348
11 77757391 0 69.74904574
11 77817486 0 69.74904574
11 77843893 0 69.74904574
11 77868254 1.7230660440892 69.74904574
11 77957346 0.277361770244837 69.90255714
11 78010446 0 69.91728505
11 78051004 0 69.91728505
11 78083413 0.606788096860276 69.91728505
11 78224317 0 70.00278392
11 78254844 0.174886578952211 70.00278392
11 78311315 0 70.01265994
11 78354433 3.34221076297906 70.01265994
11 78402914 0 70.17469366
11 78444403 0 70.17469366
11 78479299 0.649475492191454 70.17469366
11 78580022 0.97697692054917 70.24011078
11 78619581 3.07975863576705 70.27875901
11 78642451 0 70.34919309
11 78663074 0 70.34919309
11 78689536 6.99002959638333 70.34919309
11 78720283 0 70.56411553
11 78765412 0 70.56411553
11 78949970 0 70.56411553
11 78986878 0 70.56411553
11 79007862 4.58885528083248 70.56411553
11 79027963 0 70.65635611
11 79055566 1.06949861892912 70.65635611
11 79084167 4.96977269919705 70.68694484
11 79108452 0.062530713055395 70.80763577
11 79248946 1.32227025407763 70.81642096
11 79412518 0 71.03270735
11 79435597 0.249581074745836 71.03270735
11 79572113 0 71.06677916
11 79604076 0 71.06677916
11 79627826 0 71.06677916
11 79691780 9.34978252032537 71.06677916
11 79716380 0 71.29678381
11 79750751 0 71.29678381
11 79788304 0.63309170255816 71.29678381
11 79945955 0 71.39659135
11 80005355 0 71.39659135
11 80118902 4.09812792360472 71.39659135
11 80160161 0 71.56567601
11 80182206 0 71.56567601
11 80231798 1.89129050117542 71.56567601
11 80349202 0.998453697341474 71.78772108
11 80490371 0.671545466485494 71.92867179
11 80513212 1.28328217776576 71.94401056
11 80535106 3.6007740743853 71.97210674
11 80558928 0.801862023051629 72.05788438
11 80582961 2.00383953068188 72.07715553
11 80627792 0.986014525156778 72.16698966
11 80692645 1.59806212916863 72.23093566
11 80751297 0 72.3246652
11 80776116 1.4086732281942 72.3246652
11 80801923 9.69299093210861 72.36101883
11 80835889 0.381212697454492 72.69025096
11 81134059 1.86938658587357 72.80391715
11 81203702 1.16765220018891 72.93410684
11 81336077 4.76709498931346 73.0886748
11 81420297 0.669539588131032 73.49015954
11 81541015 1.32344929562325 73.57098502
11 81671201 0 73.74327959
11 81697133 0.178310569792559 73.74327959
11 81739745 0 73.75087776
11 81800852 1.55504235477462 73.75087776
11 81840635 1.38068611836985 73.81274201
11 82034654 0 74.08062135
11 82088678 2.24177304194959 74.08062135
11 82134757 8.3242377432925 74.18392001
11 82176836 0 74.53419561
11 82253766 0.927576535983677 74.53419561
11 82277513 1.99267151711127 74.55622277
11 82351733 3.48296429972543 74.70411885
11 82402713 0.67853094765514 74.88168037
11 82539250 0 74.97432495
11 82579861 0 74.97432495
11 82664600 0 74.97432495
11 82687072 0.554980507159073 74.97432495
11 82774027 0 75.02258328
11 82812502 0.00300438531694495 75.02258328
11 83049429 0.180613385333996 75.0232951
11 83118146 0 75.03570631
11 83151735 0.70241443081937 75.03570631
11 83186882 3.03076457290458 75.06039407
11 83211654 0 75.13547217
11 83238656 0 75.13547217
11 83304668 0.297254221900714 75.13547217
11 83445659 0.540278055651989 75.17738234
11 83543625 0 75.23031122
11 83602245 1.85411407950414 75.23031122
11 83655173 0 75.32844577
11 83678318 0 75.32844577
11 83752938 0 75.32844577
11 83812509 4.45301991712345 75.32844577
11 83849914 0 75.49501098
11 83882569 2.45890476642598 75.49501098
11 83924697 0 75.59859972
11 83951577 0.888895231404232 75.59859972
11 83985738 0 75.62896527
11 84097016 2.87646698141434 75.62896527
11 84447985 0.0217867251258892 76.63851601
11 84678345 0 76.6435348
11 84738147 8.26734144888059 76.6435348
11 84820376 0 77.32335002
11 84864365 0 77.32335002
11 84904571 0 77.32335002
11 84931500 0.22651011790938 77.32335002
11 85006812 6.19465339264905 77.34040895
11 85029965 0 77.48383376
11 85052992 0.551904513297793 77.48383376
11 85185157 1.64778487862701 77.55677622
11 85223963 0 77.62072016
11 85247389 0 77.62072016
11 85302066 0 77.62072016
11 85398026 0 77.62072016
11 85476555 3.68147438314109 77.62072016
11 85606528 0 78.09921243
11 85771451 0 78.09921243
11 85810220 2.60909972038082 78.09921243
11 85937536 2.2951812842379 78.43139257
11 85972950 0 78.51267412
11 86020099 1.91934728417726 78.51267412
11 86081075 4.23214007948427 78.62970824
11 86104476 6.55477639564388 78.72874455
11 86127709 0.629119814626424 78.88103167
11 86216179 0 78.9366899
11 86275817 0.226614346677789 78.9366899
11 86529130 3.09474718361596 78.99409426
11 86601297 2.03681713575443 79.21743288
11 86682554 3.63137284247049 79.38293853
11 86777318 3.63137284247096 79.7270619460439
11 86804163 2.9948478567278 79.82454615
11 86828285 0 79.89678787
11 86890387 0 79.89678787
11 86912838 0.982830124068151 79.89678787
11 86950801 3.59623533053082 79.93409905
11 86989572 0 80.07352869
11 87027954 0.601536625487366 80.07352869
11 87058957 9.85419206146001 80.09217813
11 87082387 0 80.32306185
11 87104511 0 80.32306185
11 87147107 0 80.32306185
11 87194574 0 80.32306185
11 87223121 0 80.32306185
11 87279961 0 80.32306185
11 87301374 0 80.32306185
11 87364810 3.78849007518411 80.32306185
11 87403249 0.911383595345848 80.46868762
11 87427230 0 80.49054351
11 87450947 6.11570778283616 80.49054351
11 87477968 0 80.65579605
11 87520652 3.37155898430938 80.65579605
11 87574251 0 80.83650824
11 87600557 1.24307230909221 80.83650824
11 87624731 3.29177906557773 80.86655827
11 87691339 0 81.08581709
11 87712603 0 81.08581709
11 87767351 0 81.08581709
11 87813671 0 81.08581709
11 87844209 0 81.08581709
11 87933139 1.61906667762112 81.08581709
11 88018340 1.5500633897954 81.22376319
11 88047209 0 81.26851197
11 88072000 1.44049407881934 81.26851197
11 88092604 3.33180036128857 81.29819191
11 88204426 0 81.67076049
11 88275211 0 81.67076049
11 88387791 0.950333955998204 81.67076049
11 88435971 6.18906463137366 81.71654758
11 88457524 0 81.84994049
11 88557682 0.286050778571372 81.84994049
11 88617471 0 81.86704318
11 88641958 0 81.86704318
11 88689586 0 81.86704318
11 88733426 6.39136815607293 81.86704318
11 88765206 2.45817977014709 82.07016086
11 88922785 2.11103438613343 82.45751837
11 89047690 0.968111985031679 82.72119712
11 89105412 2.15207751203732 82.77707848
11 89219433 0 83.02246051
11 89260613 1.43687652911424 83.02246051
11 89303530 1.84108829499896 83.08412694
11 89363137 0 83.19386869
11 89396164 0 83.19386869
11 89490915 0 83.19386869
11 89522248 0.993231113205571 83.19386869
11 89613489 2.8405906813095 83.28449209
11 89651005 4.53722093059314 83.39105969
11 89683264 0.584274735444374 83.5374259
11 89708117 1.85187239403321 83.55194688
11 89797815 1.96960310581119 83.71805613
11 89870824 1.9696031058112 83.8618548831522
11 89907416 0.306064506301969 83.9339266
11 89959938 3.32321466099582 83.95000172
11 89999908 1.57307369653995 84.08283061
11 90126264 4.44596193826976 84.28159791
11 90157529 0.0123799053151149 84.42060091
11 90202098 0 84.42115267
11 90242322 0 84.42115267
11 90307530 0.549057502310134 84.42115267
11 90391944 1.62381331863809 84.46750081
11 90415535 0.726073810116816 84.50580819
11 90768847 0.990104300185459 84.76233878
11 90905376 0.276707491324306 84.89751673
11 90939669 2.90644275486775 84.90700586
11 91095132 6.51574034552869 85.35885017
11 91134492 1.18037626336877 85.61530971
11 91199101 0 85.69157264
11 91231669 0 85.69157264
11 91275080 0 85.69157264
11 91463253 15.0833846901577 85.69157264
11 91483828 1.95864492646706 86.00191328
11 91524490 14.2575733798317 86.0815557
11 91548577 0 86.42497787
11 91569938 3.91410088873747 86.42497787
11 91602231 2.23263066461501 86.55137593
11 91662672 7.03460231451973 86.68631836
11 91703458 8.23124077800133 86.97323165
11 91727314 0 87.16959613
11 91811390 3.36273867530828 87.16959613
11 91897176 0 87.45807203
11 91983019 0 87.45807203
11 92016623 15.6246193098981 87.45807203
11 92041315 0 87.84387513
11 92079563 0 87.84387513
11 92106297 0 87.84387513
11 92150329 0 87.84387513
11 92176140 0 87.84387513
11 92199563 0 87.84387513
11 92265933 0 87.84387513
11 92317695 0.660057171252961 87.84387513
11 92520944 1.47704613444165 87.97803109
11 92582785 0 88.0693731
11 92614595 0 88.0693731
11 92712210 0 88.0693731
11 92748563 0 88.0693731
11 92804942 0 88.0693731
11 92931923 10.8527378717517 88.0693731
11 92982528 0 88.6185759
11 93007158 0 88.6185759
11 93044539 0 88.6185759
11 93104301 0.473480530497084 88.6185759
11 93165602 0 88.64760073
11 93210754 0 88.64760073
11 93237964 7.80239339686258 88.64760073
11 93258742 1.47524497175142 88.80971886
11 93302992 5.59606593831575 88.87499845
11 93344364 0 89.10651889
11 93511201 0 89.10651889
11 93586086 0 89.10651889
11 93606537 0 89.10651889
11 93630239 0 89.10651889
11 93739462 0 89.10651889
11 93777282 1.17346066577247 89.10651889
11 94074771 0 89.45561053
11 94103600 0.762964253111017 89.45561053
11 94228478 0 89.55088798
11 94448742 1.32553587972736 89.55088798
11 94496234 0 89.61384033
11 94560903 2.89806658002579 89.61384033
11 94580909 0 89.67181905
11 94642615 0 89.67181905
11 94689615 0 89.67181905
11 94715801 0.350408742215447 89.67181905
11 94775374 0 89.69269395
11 95028686 1.40818328357713 89.69269395
11 95150279 0 89.86391918
11 95214006 0 89.86391918
11 95323503 0 89.86391918
11 95381284 0 89.86391918
11 95469182 2.62598624475893 89.86391918
11 95502333 0 89.95097325
11 95517203 0.284973437019032 89.95097325
11 95543179 0 89.95837572
11 95567878 2.83388090722489 89.95837572
11 95606369 0 90.06745463
11 95637161 0 90.06745463
11 95802210 0 90.06745463
11 95837864 0.288475077881638 90.06745463
11 95985524 0 90.11005086
11 96024175 0.887546741532795 90.11005086
11 96074398 0 90.15462612
11 96235663 1.03439691193436 90.15462612
11 96285921 0.934713416145606 90.20661284
11 96322228 0 90.24054948
11 96421902 0 90.24054948
11 96454896 0.571667212176095 90.24054948
11 96479338 0 90.25452217
11 96515021 0.336978615846634 90.25452217
11 96609577 0 90.28638552
11 96699491 0.253157087087668 90.28638552
11 96780949 0 90.30700719
11 96820150 2.11566381495577 90.30700719
11 96858022 1.25741480449669 90.38713161
11 96908993 1.05367926674683 90.4512233
11 97062828 0 90.61331605
11 97096340 0.701352022171002 90.61331605
11 97162012 0 90.65937524
11 97200967 0 90.65937524
11 97225356 7.56759961494824 90.65937524
11 97254443 3.19012976852075 90.87949401
11 97291509 1.8737549989477 90.99773936
11 97391280 4.21390041538428 91.18468577
11 97484206 0 91.57626668
11 97602761 0 91.57626668
11 97641811 0 91.57626668
11 97669268 2.16728711091131 91.57626668
11 97758258 0.669260466936045 91.76913356
11 97788926 1.18832530208455 91.78965844
11 97843712 0.686197507959729 91.85476203
11 97883599 0 91.88213239
11 97906954 0 91.88213239
11 97935252 0 91.88213239
11 98000915 2.89802085454797 91.88213239
11 98025466 0 91.9532817
11 98152606 0 91.9532817
11 98174140 0.169504974087221 91.9532817
11 98207714 0 91.95897266
11 98242854 0 91.95897266
11 98314848 2.01586688709925 91.95897266
11 98352350 0 92.0345717
11 98373888 0 92.0345717
11 98394619 0.632251575984281 92.0345717
11 98470286 0 92.08241228
11 98501220 1.86932457647932 92.08241228
11 98541950 3.46936162749898 92.15854987
11 98593268 0 92.33659057
11 98633647 0 92.33659057
11 98689366 0 92.33659057
11 98732077 0 92.33659057
11 98758830 0 92.33659057
11 98859170 0 92.33659057
11 98921066 2.73509954183483 92.33659057
11 99031070 0 92.63746246
11 99084325 2.03837745065683 92.63746246
11 99129772 0 92.7301006
11 99160662 0 92.7301006
11 99292200 1.35018063076502 92.7301006
11 99396169 1.17889678402237 92.87047753
11 99480187 2.41032468321146 92.96952608
11 99529589 0.190904253409149 93.08860094
11 99668842 0 93.11518493
11 99693004 11.2384691999572 93.11518493
11 99720715 0 93.42661415
11 99756997 0 93.42661415
11 99779968 0 93.42661415
11 99831957 0 93.42661415
11 99868665 0.0201514040356709 93.42661415
11 99910936 4.58701346045993 93.42746597
11 99932332 2.88207173009613 93.52560971
11 99962891 0 93.61368294
11 100011096 4.84045927127038 93.61368294
11 100032064 0 93.71517769
11 100067494 9.44072637902716 93.71517769
11 100087635 0.294503640276601 93.90532336
11 100131313 0.293032574365323 93.91818669
11 100152526 0 93.92440279
11 100164556 0 93.92440279
11 100199908 0 93.92440279
11 100241308 9.35530019803913 93.92440279
11 100262011 1.45940885329111 94.11808557
11 100348284 1.4161884912268 94.24399315
11 100450241 1.88099374217775 94.38838348
11 100498181 0 94.47855832
11 100523909 1.57155232974893 94.47855832
11 100551809 2.07034456420263 94.52240463
11 100634290 1.04552247609589 94.69316872
11 100730926 0 94.79420383
11 100768179 0 94.79420383
11 100788959 0 94.79420383
11 100814724 0.0452395302458713 94.79420383
11 100837289 2.29100808600344 94.79522466
11 100880450 0 94.89410686
11 100903015 0 94.89410686
11 100949824 5.11733166984323 94.89410686
11 101000721 0.196344729144969 95.15456369
11 101088856 0.196344729145469 95.1718685327032
11 101114915 2.93212244798304 95.17698508
11 101155863 4.72806164261498 95.29704963
11 101195154 3.97089881148905 95.4828199
11 101243618 1.39318320880178 95.67526554
11 101277612 3.04300872694524 95.72262541
11 101333187 0 95.89174062
11 101360482 3.88407801939489 95.89174062
11 101401318 0 96.05035083
11 101427888 3.10650851843864 96.05035083
11 101497443 0 96.26642403
11 101538111 0 96.26642403
11 101574968 0.884657191225445 96.26642403
11 101603322 0.532217356484303 96.2915076
11 101720696 0 96.35397608
11 101773238 0.132572176514702 96.35397608
11 101799978 0 96.35752106
11 101869729 1.82222175949143 96.35752106
11 101987388 0 96.57192185
11 102074309 0 96.57192185
11 102100140 0.932611118852085 96.57192185
11 102121671 1.2265749672502 96.5920019
11 102146862 1.11481549165886 96.62290055
11 102206507 0 96.68939372
11 102254371 0 96.68939372
11 102292633 1.63877150851553 96.68939372
11 102338022 0 96.76377592
11 102378089 0.421349946471581 96.76377592
11 102455618 3.94648658462788 96.79644276
11 102480403 0 96.89425643
11 102511812 11.0519952494061 96.89425643
11 102536651 0 97.16877694
11 102567442 0.0316043648569917 97.16877694
11 102603182 0 97.16990648
11 102635653 8.88267712650503 97.16990648
11 102666055 0 97.43995763
11 102752125 0 97.43995763
11 102784479 1.60053865751589 97.43995763
11 102822945 0 97.50152395
11 102847045 0 97.50152395
11 102873312 2.52192938787536 97.50152395
11 102934378 7.0355704796738 97.65552809
11 102981952 0 97.99023832
11 103007477 0 97.99023832
11 103015286 0.837357946514473 97.99023832
11 103068347 0 98.03466937
11 103120186 0.175860148016931 98.03466937
11 103219634 7.79859063494766 98.05215831
11 103243510 0 98.23835746
11 103304846 0 98.23835746
11 103328484 0.699689333908199 98.23835746
11 103358645 0 98.25946079
11 103379022 7.21629004076821 98.25946079
11 103406494 0 98.45770671
11 103426923 7.45093408628036 98.45770671
11 103480933 0 98.86013166
11 103502000 0 98.86013166
11 103562010 4.35962829408828 98.86013166
11 103668223 12.9860952335284 99.32318086
11 103689077 0 99.59399289
11 103745368 7.53819989941038 99.59399289
11 103767239 0 99.75886086
11 103779040 0 99.75886086
11 103804187 0 99.75886086
11 103827391 1.16944734066411 99.75886086
11 103992357 2.71657345204394 99.95177991
11 104066487 0 100.1531595
11 104095753 0 100.1531595
11 104128751 0 100.1531595
11 104163320 9.47837587620585 100.1531595
11 104186003 0 100.3681575
11 104237596 3.54912509616878 100.3681575
11 104400071 0 100.9448016
11 104437370 2.69293262997084 100.9448016
11 104493671 0.105216949439802 101.0964164
11 104529094 16.334474352463 101.1001435
11 104578319 0 101.904208
11 104599450 0 101.904208
11 104624672 0 101.904208
11 104681538 0 101.904208
11 104713571 0 101.904208
11 104734562 0 101.904208
11 104756387 0 101.904208
11 104776732 0 101.904208
11 104801220 19.0008705876468 101.904208
11 104841193 4.74930398858504 102.6637298
11 105082281 0 103.80873
11 105115876 0 103.80873
11 105149164 0 103.80873
11 105160059 0 103.80873
11 105181625 0 103.80873
11 105209496 7.02352449530668 103.80873
11 105256158 0 104.1364617
11 105282616 0.946982497358334 104.1364617
11 105469045 8.60156696060367 104.3130067
11 105532097 0 104.8553527
11 105565466 6.35703852834405 104.8553527
11 105590798 0 105.0163892
11 105629294 0 105.0163892
11 105659230 0 105.0163892
11 105692412 1.65842292938561 105.0163892
11 105729430 0 105.0777807
11 105761760 0.0890761043790703 105.0777807
11 105839745 1.35293079601272 105.0847273
11 105923613 7.22822241984092 105.1981949
11 105964095 0 105.4908078
11 105990867 0.30738736225442 105.4908078
11 106026712 1.62082549604426 105.5018261
11 106271801 8.65209958576015 105.8990726
11 106319358 0 106.3105405
11 106330114 0 106.3105405
11 106392020 4.24951514188056 106.3105405
11 106417182 0 106.4174668
11 106485352 0.567742537313681 106.4174668
11 106522872 0 106.4387685
11 106559561 0 106.4387685
11 106583909 0.986636379832471 106.4387685
11 106640039 2.1987652213499 106.4941484
11 106692761 3.19189240494293 106.6100717
11 106745440 0 106.7782174
11 106932443 0 106.7782174
