Chromosome Position(bp) Rate(cM/Mb) Map(cM)
6 0 0 0
6 188606 1.4503727110679 0
6 219461 0 0.04475125
6 246599 0 0.04475125
6 341775 0 0.04475125
6 377725 0 0.04475125
6 415422 0 0.04475125
6 447706 0 0.04475125
6 504170 0 0.04475125
6 529300 0 0.04475125
6 566952 2.84587512836311 0.04475125
6 591297 3.06213987869598 0.11403408
6 622953 0 0.21096918
6 641260 0 0.21096918
6 670124 0 0.21096918
6 711091 0 0.21096918
6 757140 0 0.21096918
6 808313 0 0.21096918
6 844252 0 0.21096918
6 866656 0 0.21096918
6 898495 0 0.21096918
6 929478 2.5593635707411 0.21096918
6 962726 0 0.2960629
6 996944 0 0.2960629
6 1038474 0 0.2960629
6 1064279 0 0.2960629
6 1089730 0 0.2960629
6 1115355 0 0.2960629
6 1149552 0 0.2960629
6 1173982 0 0.2960629
6 1211440 0 0.2960629
6 1285962 0 0.2960629
6 1333796 0 0.2960629
6 1360469 0 0.2960629
6 1459698 0 0.2960629
6 1488718 0 0.2960629
6 1526650 0 0.2960629
6 1593628 0 0.2960629
6 1624657 0 0.2960629
6 1761563 0 0.2960629
6 1774727 0.148124863976465 0.2960629
6 1907976 0 0.31580039
6 1951302 0 0.31580039
6 1972442 0.450798104185182 0.31580039
6 1996073 0.0950505196827579 0.3264532
6 2106525 0.199717210508598 0.33695172
6 2186726 0.232125588279945 0.35296924
6 2239422 1.06356617647059 0.36520133
6 2267438 1.36444835429749 0.3949982
6 2318875 0 0.46518133
6 2349249 0 0.46518133
6 2364486 2.71051455721795 0.46518133
6 2394162 0 0.54561856
6 2418816 1.97752250685831 0.54561856
6 2496459 0 0.69915934
6 2603132 0 0.69915934
6 2660270 0.0389037536676046 0.69915934
6 2874647 0 0.70749941
6 2956073 0.340469217220332 0.70749941
6 3004899 0 0.72412316
6 3026364 0 0.72412316
6 3047877 0 0.72412316
6 3071977 0 0.72412316
6 3108854 3.89770503016697 0.72412316
6 3165870 0 0.94635471
6 3273444 2.18871568542443 0.94635471
6 3331109 0.967264877624549 1.072567
6 3395501 0.660147543423261 1.13485112
6 3442538 0 1.16590248
6 3488908 0.335434417129262 1.16590248
6 3520433 0 1.17647705
6 3541132 0 1.17647705
6 3589994 0 1.17647705
6 3629382 3.98125061449219 1.17647705
6 3680237 0 1.37894355
6 3741604 0 1.37894355
6 3770459 2.72352404012452 1.37894355
6 3799369 0.490931460126684 1.45768063
6 3823997 0 1.46977129
6 3909551 0 1.46977129
6 3936875 0 1.46977129
6 3961334 0 1.46977129
6 4011125 0 1.46977129
6 4049650 0 1.46977129
6 4105683 0 1.46977129
6 4129278 0 1.46977129
6 4168463 0 1.46977129
6 4201894 0.121169372531814 1.46977129
6 4238358 0 1.47418961
6 4263275 2.34475724205273 1.47418961
6 4300143 0.621550629722916 1.56063612
6 4329918 0 1.57914279
6 4355800 4.47917798766552 1.57914279
6 4378987 6.66925634657833 1.68300149
6 4386235 0 1.73134026
6 4424160 4.42189495818867 1.73134026
6 4485507 0 2.00261025
6 4520821 0.707135958861159 2.00261025
6 4584605 2.88602373609942 2.04771421
6 4616708 0 2.14036423
6 4671403 0 2.14036423
6 4704883 2.48194580828104 2.14036423
6 4781057 0.302220773334263 2.32942397
6 4924462 4.08369257394587 2.37276394
6 4949886 0.241146075356686 2.47658774
6 5063081 1.45165410237594 2.50388427
6 5168008 0 2.65620198
6 5215646 0.893340394462641 2.65620198
6 5680633 0 3.07159365
6 5720609 5.27708826224592 3.07159365
6 5768625 7.08140049435271 3.32497832
6 5826883 0 3.73752655
6 5857663 0 3.73752655
6 5926377 0.335450962260874 3.73752655
6 6012892 0 3.76654809
6 6043233 0.236861878631895 3.76654809
6 6105012 0 3.78118118
6 6135571 0 3.78118118
6 6173070 0 3.78118118
6 6208457 2.87723901597676 3.78118118
6 6252521 0 3.90796384
6 6277254 0 3.90796384
6 6318873 0 3.90796384
6 6358918 0 3.90796384
6 6399976 0.868007935248369 3.90796384
6 6431481 0 3.93531043
6 6458237 0 3.93531043
6 6482619 5.76629110536582 3.93531043
6 6504666 1.90783669000926 4.06243985
6 6557645 0 4.16351513
6 6609727 3.84347987313979 4.16351513
6 6630222 0 4.24228725
6 6653707 0.946265711398488 4.24228725
6 6741780 0 4.32562771
6 6784036 0.128686894120624 4.32562771
6 6807865 0.752391900698684 4.32869419
6 6873846 2.85357740289198 4.37833776
6 6916170 0 4.49911257
6 6942629 0 4.49911257
6 6982184 0 4.49911257
6 7024154 0 4.49911257
6 7070264 0 4.49911257
6 7165068 0 4.49911257
6 7197472 0 4.49911257
6 7221841 12.7661474702951 4.49911257
6 7242713 0.188667564406963 4.7655676
6 7299151 1.01326295700912 4.77621562
6 7415478 0 4.89408546
6 7438139 0 4.89408546
6 7474743 1.48274854279023 4.89408546
6 7511457 0 4.94852309
6 7537167 1.89602345769001 4.94852309
6 7627713 0 5.12020043
6 7797311 0 5.12020043
6 7882295 3.4831866642158 5.12020043
6 7925817 0 5.27179568
6 7968676 0.351636581663248 5.27179568
6 8047065 0 5.29936012
6 8106489 9.79024924278362 5.29936012
6 8133892 0.203677301670788 5.56764232
6 8223251 1.7223307012848 5.58584272
6 8342803 0 5.7917508
6 8368753 0 5.7917508
6 8429499 0 5.7917508
6 8450316 2.18774824612135 5.7917508
6 8529854 1.43772147564838 5.96575992
6 8553220 2.42015736878354 5.99935372
6 8630173 0.560886032030095 6.18559209
6 8794456 0.0734466937194534 6.27773613
6 8881200 1.08921898162205 6.28410719
6 9049173 0.992415007624072 6.46706657
6 9142299 0 6.55948621
6 9166519 0 6.55948621
6 9189316 1.37402243937751 6.55948621
6 9216946 1.17242711462023 6.59745045
6 9272547 1.21009537982229 6.66263857
6 9387456 0.615446830733071 6.80168942
6 9418094 3.64323590173089 6.82054548
6 9453914 0 6.95104619
6 9483232 0 6.95104619
6 9504486 0 6.95104619
6 9560592 0 6.95104619
6 9604848 0 6.95104619
6 9630729 0 6.95104619
6 9659863 0 6.95104619
6 9682870 0.681232451519206 6.95104619
6 9717987 0.811412146872039 6.97496903
6 9800181 2.80009432947167 7.04166224
6 9828062 0 7.11973167
6 9860743 0 7.11973167
6 9890007 0 7.11973167
6 9960757 0 7.11973167
6 9988186 0 7.11973167
6 10048213 0 7.11973167
6 10069300 0 7.11973167
6 10139671 0 7.11973167
6 10168980 2.99901000398773 7.11973167
6 10284334 0 7.46567947
6 10358565 0 7.46567947
6 10374686 1.65252455766169 7.46567947
6 10407975 0 7.52069036
6 10432822 0 7.52069036
6 10509217 4.5207706039869 7.52069036
6 10546188 0 7.68782777
6 10583779 2.33880964049932 7.68782777
6 10653153 0.455809484906009 7.85008035
6 10778004 4.31620483521137 7.90698862
6 10834713 0 8.15175628
6 10880772 0 8.15175628
6 10916396 6.63521986802761 8.15175628
6 10955192 0 8.40917627
6 10982092 0 8.40917627
6 11005263 0 8.40917627
6 11039608 2.3596503280851 8.40917627
6 11097977 12.4654942246253 8.5469067
6 11118322 0 8.80051718
6 11144134 0 8.80051718
6 11189703 3.20118453439081 8.80051718
6 11218955 7.29570221974035 8.89415823
6 11247607 15.6269441819171 9.10319469
6 11282524 0 9.6488407
6 11356941 0 9.6488407
6 11394489 0 9.6488407
6 11438874 9.84540540540542 9.6488407
6 11463553 16.5214453443236 9.89181546
6 11484420 0 10.23656846
6 11505013 0 10.23656846
6 11539567 0 10.23656846
6 11577471 0 10.23656846
6 11619092 0 10.23656846
6 11638228 0 10.23656846
6 11680693 7.04547913515431 10.23656846
6 11714410 0 10.47412088
6 11776690 1.21514077738517 10.47412088
6 11847440 1.41721707710661 10.56009209
6 11875946 0 10.60049128
6 11920613 0 10.60049128
6 11951562 0 10.60049128
6 11980891 0 10.60049128
6 12021019 1.42971650959595 10.60049128
6 12047228 0.774305460451943 10.63796272
6 12110025 2.73342609532978 10.68658678
6 12130795 0 10.74336004
6 12153791 4.15212590103943 10.74336004
6 12217190 3.37061044440792 11.00660067
6 12253688 0 11.12962121
6 12311997 6.74665243780431 11.12962121
6 12341983 1.52168497501903 11.33192633
6 12402429 1.48192400898196 11.4239061
6 12447408 0 11.49056156
6 12478100 3.29629550112227 11.49056156
6 12498594 0 11.55811584
6 12523570 5.0030045076929 11.55811584
6 12550413 2.43633275074353 11.69241149
6 12583026 0 11.77186761
6 12656495 0.447893316899514 11.77186761
6 12729515 0 11.80457278
6 12732175 0.44824688699555 11.80457278
6 12753537 0.126317895004801 11.81414823
6 12808530 0 11.82109483
6 12873396 0 11.82109483
6 12900652 7.29369124534241 11.82109483
6 12929905 0 12.03445718
6 12996961 0 12.03445718
6 13027415 0 12.03445718
6 13108718 0 12.03445718
6 13159525 5.21402581932016 12.03445718
6 13195622 0 12.22266787
6 13237535 5.23902361893465 12.22266787
6 13267892 0 12.38170891
6 13289410 1.79736896111819 12.38170891
6 13325468 0.142441311954652 12.44651844
6 13415776 1.89498657793182 12.45938203
6 13451538 0.692747148750333 12.52715054
6 13492748 1.46120880068405 12.55569865
6 13631919 0 12.75905654
6 13668294 1.6688395939609 12.75905654
6 13707108 4.42368597504204 12.82383088
6 13728584 0 12.91883396
6 13752432 0.344911079586368 12.91883396
6 13801071 3.63778715814503 12.93561009
6 13826301 0 13.02739146
6 13891221 0.0467244108733995 13.02739146
6 13913330 0 13.02842449
6 13961568 2.79884870848709 13.02842449
6 13999508 0 13.13461281
6 14037496 0 13.13461281
6 14075733 0 13.13461281
6 14117601 0 13.13461281
6 14152432 0 13.13461281
6 14173755 0 13.13461281
6 14236444 5.14150474063367 13.13461281
6 14282113 0.351349211349856 13.36942019
6 14329726 4.05327431733587 13.38614898
6 14390444 0 13.63225569
6 14425410 0.189179777057421 13.63225569
6 14450708 2.44925788929996 13.63704156
6 14480717 0 13.71054134
6 14515552 1.82746314102563 13.71054134
6 14546752 3.43586032151597 13.76755819
6 14593717 1.67199241232837 13.92892337
6 14655396 0.33217309283869 14.03205019
6 14737560 0 14.05934286
6 14823483 0 14.05934286
6 14931583 12.8310023961662 14.05934286
6 14966639 6.66713326067571 14.50914648
6 15017104 0 14.84560336
6 15178943 0.185810372986087 14.84560336
6 15292218 4.42676579059216 14.86665103
6 15365157 2.48536023916289 15.1895349
6 15391917 1.75281930461245 15.25604314
6 15426085 0 15.31593347
6 15457416 0 15.31593347
6 15486588 0 15.31593347
6 15511470 2.38358130234901 15.31593347
6 15574986 0 15.46732902
6 15697784 5.04183296541584 15.46732902
6 15724964 0 15.60436604
6 15769093 0 15.60436604
6 15795246 0.365615066493655 15.60436604
6 15819910 0.0422527399645122 15.61338357
6 15940532 0 15.61848018
6 15979177 25.5754502844141 15.61848018
6 16001152 0 16.1805007
6 16024226 0 16.1805007
6 16047381 1.37431947325693 16.1805007
6 16069555 9.27579000826335 16.21097486
6 16127643 0 16.74978695
6 16173201 8.18273391664462 16.74978695
6 16222460 0 17.15286024
6 16260375 0 17.15286024
6 16300708 7.34151931660313 17.15286024
6 16334539 0 17.40123118
6 16367079 0 17.40123118
6 16387845 0.887407518346678 17.40123118
6 16407876 0 17.41900684
6 16451202 0 17.41900684
6 16480654 5.15031838655464 17.41900684
6 16555029 2.50716446997278 17.80206177
6 16613526 1.2998397657533 17.94872337
6 16706078 2.56965398736971 18.06902614
6 16740123 0 18.15651001
6 16783120 1.71613284838067 18.15651001
6 16918116 0 18.38818108
6 16963160 0 18.38818108
6 16983286 6.42014212448656 18.38818108
6 17009389 6.42014212448669 18.5557660498755
6 17036127 1.22119309729264 18.72742781
6 17056293 3.14651447389815 18.75205439
6 17080889 6.47381059877144 18.82944606
6 17107911 0 19.00438137
6 17148783 0 19.00438137
6 17199828 4.07831964489804 19.00438137
6 17237451 0 19.15781999
6 17261709 1.4956801775306 19.15781999
6 17373915 1.02429573149978 19.32564428
6 17403293 0.587359056002993 19.35573604
6 17472700 5.66362401251775 19.39650287
6 17498903 0 19.54490681
6 17613880 0 19.54490681
6 17645455 0 19.54490681
6 17733381 11.1012949139675 19.54490681
6 17749189 0 19.72039608
6 17780343 0 19.72039608
6 17803183 0 19.72039608
6 17919901 0 19.72039608
6 17940909 9.32036256363896 19.72039608
6 17961926 6.26844314577922 19.91628214
6 17989989 0 20.09219346
6 18024019 0 20.09219346
6 18051873 0 20.09219346
6 18134829 0 20.09219346
6 18170362 0 20.09219346
6 18195932 0 20.09219346
6 18228611 15.9586128906132 20.09219346
6 18261860 2.86411927377661 20.62280138
6 18320079 1.6884112625313 20.78954754
6 18371151 0 20.87577808
6 18413478 0 20.87577808
6 18513461 0 20.87577808
6 18598550 0 20.87577808
6 18624438 0 20.87577808
6 18645293 0 20.87577808
6 18887049 3.31508771929828 20.87577808
6 18917943 3.44084614769612 20.9781944
6 18955466 0 21.10730527
6 19002834 0 21.10730527
6 19021424 0 21.10730527
6 19054240 0 21.10730527
6 19074455 1.21458543942592 21.10730527
6 19098987 0 21.13710148
6 19154954 2.33968094541269 21.13710148
6 19200056 2.28189669959664 21.24262577
6 19231537 6.03259078032442 21.31446216
6 19293665 0 21.68925496
6 19419854 0 21.68925496
6 19455356 3.42749016153666 21.68925496
6 19579105 4.38576323360768 22.11340344
6 19628808 0 22.33138903
6 19649377 0 22.33138903
6 19671329 0 22.33138903
6 19717817 0 22.33138903
6 19757600 0 22.33138903
6 19790891 0 22.33138903
6 19825512 3.59894675876271 22.33138903
6 19848821 0 22.41527688
6 19923403 2.55680232119978 22.41527688
6 20016286 0 22.65276035
6 20054035 0.169736569176482 22.65276035
6 20135992 0 22.66667145
6 20194793 0 22.66667145
6 20215365 6.03469410061751 22.66667145
6 20249216 0 22.87095188
6 20273699 2.39925806251158 22.87095188
6 20305885 6.12590970688349 22.9481744
6 20399602 0.429219674709353 23.52227628
6 20447928 0 23.54301875
6 20512333 0 23.54301875
6 20533962 0 23.54301875
6 20546001 0 23.54301875
6 20600966 0 23.54301875
6 20625823 0 23.54301875
6 20672447 0 23.54301875
6 20779771 6.78198805785508 23.54301875
6 20821807 4.44479816361994 23.8281064
6 20845985 0 23.93557273
6 20921214 0 23.93557273
6 20989037 0.97190681078803 23.93557273
6 21017624 0 23.96335663
6 21077787 1.53211080202846 23.96335663
6 21159031 2.22779146407355 24.08783144
6 21186796 1.7657233479091 24.14968607
6 21251744 0 24.26436627
6 21288355 1.10461458277651 24.26436627
6 21325769 1.15268387619951 24.30569432
6 21362764 2.15644241324458 24.34833786
6 21407401 6.26701514577055 24.44459498
6 21457514 0 24.75865391
6 21614174 0 24.75865391
6 21682567 0 24.75865391
6 21732184 2.22266494049139 24.75865391
6 21822171 0 24.95866486
6 21857115 0 24.95866486
6 22080199 0 24.95866486
6 22108505 0.594246454644647 24.95866486
6 22132339 0 24.97282813
6 22169669 0 24.97282813
6 22210848 0 24.97282813
6 22214029 3.0579216186446 24.97282813
6 22265776 3.20535513465513 25.1310664
6 22306324 0 25.26103714
6 22349534 2.24099210644423 25.26103714
6 22387413 0 25.34592368
6 22427189 1.67183226933431 25.34592368
6 22649307 0 25.71726772
6 22681971 0.59964276323863 25.71726772
6 22796069 1.3870517825455 25.78568576
6 22827064 4.00295808920824 25.82867743
6 22869392 0.575062754262904 25.99811464
6 22904051 0 26.01804574
6 22994242 0 26.01804574
6 23067288 0 26.01804574
6 23099805 1.95635759737069 26.01804574
6 23128407 0.686252737397598 26.07400148
6 23176354 2.06468641785299 26.10690524
6 23243928 3.9542330803983 26.24642436
6 23266727 0.529392119953226 26.33657692
6 23297539 0.637113533408813 26.35288855
6 23339923 0 26.37989197
6 23397161 0 26.37989197
6 23460002 0 26.37989197
6 23503327 1.9675087108015 26.37989197
6 23533175 6.32731863442398 26.43861817
6 23564107 0.839209652321283 26.63433479
6 23607164 0 26.67046864
6 23665616 0 26.67046864
6 23697957 0 26.67046864
6 23807252 0 26.67046864
6 23835936 0 26.67046864
6 23885602 0.986288679984389 26.67046864
6 23921344 0 26.70572057
6 23989103 0 26.70572057
6 24106763 0 26.70572057
6 24156443 0 26.70572057
6 24188452 0 26.70572057
6 24252543 0 26.70572057
6 24273824 0 26.70572057
6 24301082 12.6495514363484 26.70572057
6 24345535 0.761422649402539 27.26803108
6 24503782 0.227599549979495 27.38852393
6 24562446 0.588009012945411 27.40187583
6 24679167 0 27.47050883
6 24764063 0 27.47050883
6 24799079 8.26385664361286 27.47050883
6 24839998 0.490656442486016 27.80865758
6 25007705 0 27.8909441
6 25113885 1.68324736782095 27.8909441
6 25166503 1.08302552483118 27.97951321
6 25188129 1.04135546344209 28.00293472
6 25333843 0 28.15467479
6 25426771 1.44531984617691 28.15467479
6 25553410 0 28.33770865
6 25667530 0 28.33770865
6 25695593 0 28.33770865
6 25782545 0 28.33770865
6 25807680 6.26327390874421 28.33770865
6 25843075 0 28.55939723
6 25865074 0 28.55939723
6 25909383 2.10086044198624 28.55939723
6 25950606 0 28.646001
6 25978766 2.71383099676127 28.646001
6 26022919 2.5010949929808 28.76582478
6 26078481 1.32197729924265 28.90479062
6 26331336 1.29984760795867 29.23905919
6 26389738 0 29.31497289
6 26502184 1.60749752373086 29.31497289
6 26550644 1.00240152231541 29.39287222
6 26679658 0 29.52219605
6 26727840 0.476496885983859 29.52219605
6 26760274 0 29.53765075
6 26792379 0 29.53765075
6 26815537 1.62902886479818 29.53765075
6 27042457 1.78320291352042 29.90730998
6 27154761 0.94684919119299 30.1075708
6 27332801 0.00204760040016008 30.27614783
6 27355784 0 30.27619489
6 27406476 2.86894330861987 30.27619489
6 27446535 0.111769145466708 30.39112189
6 27660254 1.57631479671687 30.41500908
6 27806577 0 30.64566019
6 27931170 0 30.64566019
6 27964530 0 30.64566019
6 28048764 1.12903879253273 30.64566019
6 28131847 0.98374137458748 30.73946412
6 28285173 2.3097927244563 30.89029725
6 28366514 1.58926003074559 31.0781781
6 28626714 0 31.49170356
6 28814662 5.12470404665673 31.49170356
6 28873303 0 31.79222133
6 28940832 0 31.79222133
6 28978809 0 31.79222133
6 29021266 0 31.79222133
6 29062262 2.28605650284193 31.79222133
6 29128064 0 31.94264842
6 29160173 0 31.94264842
6 29187511 1.2959394328917 31.94264842
6 29332210 0 32.13016956
6 29357249 0 32.13016956
6 29386298 0 32.13016956
6 29406846 2.52555923108489 32.13016956
6 29565251 0 32.53023077
6 29591601 0 32.53023077
6 29642427 0 32.53023077
6 29700842 2.58588147410358 32.53023077
6 29785178 0 32.74831367
6 29850442 0 32.74831367
6 29928530 0 32.74831367
6 30017114 0 32.74831367
6 30037311 7.37832716940266 32.74831367
6 30059483 0.171541896045944 32.91190594
6 30145040 0.915299999999924 32.92658255
6 30186140 0 32.96420138
6 30252288 0.935565022235151 32.96420138
6 30276349 0 32.98671201
6 30329721 0 32.98671201
6 30426017 0.982918548411048 32.98671201
6 30594522 0.599984258447664 33.1523387
6 30706328 0.207577595246429 33.21942054
6 30820768 1.92549737411177 33.24317572
6 30872560 0.862819123372775 33.34290108
6 31016133 0.849546558631077 33.46677861
6 31126467 0.400045867400149 33.56051248
6 31258805 0.624185211773216 33.61345375
6 31308953 0 33.64475539
6 31380855 1.81663325524827 33.64475539
6 31425251 0 33.72540664
6 31479415 0 33.72540664
6 31502542 0 33.72540664
6 31523083 0.350110204081608 33.72540664
6 31576983 0.954709701901299 33.74427758
6 31600700 0 33.76692043
6 31634556 0 33.76692043
6 31669870 0 33.76692043
6 31700657 0 33.76692043
6 31738269 1.40529332434261 33.76692043
6 31761997 0 33.80026523
6 31802402 0 33.80026523
6 31823982 0 33.80026523
6 31857310 0 33.80026523
6 31922816 6.91973534527339 33.80026523
6 31944089 0 33.94746876
6 31965891 0 33.94746876
6 32011040 0 33.94746876
6 32037709 0 33.94746876
6 32078652 3.20192584777698 33.94746876
6 32111827 0 34.05369265
6 32151495 0 34.05369265
6 32254947 0 34.05369265
6 32283315 0 34.05369265
6 32337636 0.77677087917241 34.05369265
6 32892112 0 34.48439346
6 33249833 3.07355140186916 34.48439346
6 33451849 0.289510636134831 35.10530002
6 33530543 0 35.12808277
6 33555068 0 35.12808277
6 33709997 0 35.12808277
6 33774948 10.104593155639 35.12808277
6 33804812 0.131857195549806 35.42984634
6 33921391 1.39103273834007 35.44521812
6 34018647 0 35.5805044
6 34086214 0 35.5805044
6 34139287 0 35.5805044
6 34174152 0 35.5805044
6 34211778 0 35.5805044
6 34239830 1.34821296242405 35.5805044
6 34291379 0 35.65000343
6 34351631 0.475304507337515 35.65000343
6 34485191 0 35.7134851
6 34630347 0 35.7134851
6 34845861 2.05213808981801 35.7134851
6 34884517 0 35.79281255
6 35078271 0 35.79281255
6 35140608 0 35.79281255
6 35166725 3.03939465068868 35.79281255
6 35215292 0.222725573157588 35.94042683
6 35245781 1.19719035061158 35.94721751
6 35268912 0 35.97490972
6 35344992 0.550746264616908 35.97490972
6 35381936 3.32862622098734 35.99525649
6 35404254 1.28626619911567 36.06954477
6 35469844 0 36.15391097
6 35504728 1.40932561114269 36.15391097
6 35561016 1.27737914550348 36.23323909
6 35594486 0 36.27599297
6 35640725 0 36.27599297
6 35678704 0 36.27599297
6 35792391 3.16048524844727 36.27599297
6 35825879 0 36.3818313
6 35868374 0 36.3818313
6 35897314 0 36.3818313
6 35909397 3.58627676009706 36.3818313
6 35972831 0 36.60932318
6 36013751 0 36.60932318
6 36036595 0 36.60932318
6 36074911 0 36.60932318
6 36100172 0 36.60932318
6 36125455 0 36.60932318
6 36157622 0 36.60932318
6 36184467 8.16678586919855 36.60932318
6 36205216 0 36.77877582
6 36226965 0 36.77877582
6 36277826 0 36.77877582
6 36316317 0 36.77877582
6 36374148 0 36.77877582
6 36412092 0 36.77877582
6 36441375 1.57754872537261 36.77877582
6 36498019 0 36.86813449
6 36556442 0 36.86813449
6 36614641 0 36.86813449
6 36635943 0 36.86813449
6 36706370 4.38113861914394 36.86813449
6 36743854 0 37.03235709
6 36773960 0.74473694925814 37.03235709
6 36857461 0 37.09454337
6 36892307 0 37.09454337
6 36914212 0 37.09454337
6 36936613 0.405275336380172 37.09454337
6 37030480 0 37.13258535
6 37142174 3.1581567352693 37.13258535
6 37193241 0 37.29386294
6 37255945 1.5350869063472 37.29386294
6 37312270 0 37.38032671
6 37391915 0 37.38032671
6 37412062 3.41694693054308 37.38032671
6 37435861 0 37.46164663
6 37458923 5.24267941686598 37.46164663
6 37480256 0 37.57348871
6 37505093 0 37.57348871
6 37599145 0 37.57348871
6 37634657 0 37.57348871
6 37658434 0 37.57348871
6 37678993 0 37.57348871
6 37736960 3.02503598322378 37.57348871
6 37778924 0 37.70043132
6 37817589 0 37.70043132
6 37837605 0 37.70043132
6 37908478 0 37.70043132
6 37933250 0 37.70043132
6 37999069 0 37.70043132
6 38021694 0.348496874276519 37.70043132
6 38043289 1.0226795703184 37.70795711
6 38063490 0 37.72861626
6 38089862 0 37.72861626
6 38116481 8.23166585674011 37.72861626
6 38157637 0 38.0673987
6 38227779 0 38.0673987
6 38247802 0 38.0673987
6 38281450 0 38.0673987
6 38312868 1.32235112527392 38.0673987
6 38332952 0 38.0939568
6 38375856 0 38.0939568
6 38396789 1.06143724216883 38.0939568
6 38599441 0 38.30905918
6 38621930 0 38.30905918
6 38644939 0 38.30905918
6 38686142 0 38.30905918
6 38714391 1.08096172926072 38.30905918
6 38789984 0 38.39077232
6 38855070 0 38.39077232
6 38879287 0 38.39077232
6 38907049 0 38.39077232
6 38929469 0 38.39077232
6 38970621 1.7575604480364 38.39077232
6 39030259 0 38.49558971
6 39082331 0 38.49558971
6 39109137 0 38.49558971
6 39132864 0 38.49558971
6 39181262 0 38.49558971
6 39236822 3.10786514018996 38.49558971
6 39268529 0 38.59413079
6 39322799 0 38.59413079
6 39371669 0 38.59413079
6 39429145 10.399253117207 38.59413079
6 39437165 0 38.6775328
6 39470632 0 38.6775328
6 39532147 0 38.6775328
6 39552833 0 38.6775328
6 39573948 0 38.6775328
6 39611090 0.655693048428904 38.6775328
6 39667998 0 38.71484698
6 39721697 0 38.71484698
6 39755061 1.23261914944177 38.71484698
6 39797151 5.13059277533052 38.76672792
6 39825526 0.0170611104360781 38.91230849
6 39858450 0 38.91287021
6 39885647 1.38923234902323 38.91287021
6 39921679 2.0995080416271 38.96292703
6 39959731 1.61307728428883 39.04281751
6 39985286 2.96624573571827 39.0840397
6 40038343 0 39.2414198
6 40072649 0.0103699828472675 39.2414198
6 40130949 0 39.24202437
6 40153879 0.612614555256066 39.24202437
6 40203593 0.605640637419858 39.27247989
6 40230012 0.167334424063451 39.28848031
6 40261795 0 39.2937987
6 40294706 0 39.2937987
6 40338033 2.12609683961456 39.2937987
6 40373535 0.176638286700254 39.36927939
6 40400197 0.619483339458463 39.37398892
6 40432849 0.618193949057902 39.39421629
6 40456680 0.83004684526423 39.40894847
6 40511328 0.213022711352066 39.45430887
6 40565574 1.99897173997185 39.4658645
6 40599155 0 39.53299197
6 40636686 0.391189828504084 39.53299197
6 40662051 0 39.5429145
6 40696320 0 39.5429145
6 40731922 0 39.5429145
6 40758035 5.95494543063744 39.5429145
6 40780850 0 39.67877658
6 40808612 3.00039283003882 39.67877658
6 40836283 0.38384704663203 39.76180045
6 40860408 0.395326503916861 39.77106076
6 40928447 0 39.79795838
6 40951315 0 39.79795838
6 40986739 0 39.79795838
6 41033792 0 39.79795838
6 41107836 0.506927705157848 39.79795838
6 41150218 0 39.81944299
6 41177334 5.4606140160557 39.81944299
6 41204988 0 39.97045081
6 41308067 0 39.97045081
6 41331258 0 39.97045081
6 41374743 5.24768248352064 39.97045081
6 41416007 0 40.18699118
6 41592300 0 40.18699118
6 41616377 0 40.18699118
6 41644574 0 40.18699118
6 41677493 0 40.18699118
6 41708129 2.36223893466196 40.18699118
6 41729005 0 40.23630528
6 41764522 0 40.23630528
6 41827472 10.2843289843223 40.23630528
6 41855601 0 40.52559317
6 41881755 0.104495747080877 40.52559317
6 41947357 0 40.5324483
6 41968146 0 40.5324483
6 42004652 0 40.5324483
6 42037316 1.75678919958703 40.5324483
6 42079944 0 40.60733671
6 42118698 0 40.60733671
6 42163671 0 40.60733671
6 42207718 0 40.60733671
6 42247338 0 40.60733671
6 42305546 0 40.60733671
6 42344085 0 40.60733671
6 42350563 0 40.60733671
6 42397259 3.13451177091061 40.60733671
6 42441818 40.2363974495197 40.74700742
6 42444641 0 40.86059477
6 42464801 0.398920744070299 40.86059477
6 42837669 0.426102073267791 41.00933955
6 42870371 1.76373576309778 41.02327394
6 42896272 0.111519054307915 41.06895646
6 42951089 2.03594655075968 41.0750696
6 42974326 0.987786400039841 41.12237889
6 42994429 0 41.14223636
6 43078266 2.1735781980599 41.14223636
6 43149911 1.87082983855999 41.29796237
6 43176856 0 41.34837188
6 43200009 0 41.34837188
6 43225858 1.87817654397997 41.34837188
6 43257918 0 41.40858622
6 43290601 0 41.40858622
6 43317249 0 41.40858622
6 43346886 0 41.40858622
6 43377340 0.409314686614414 41.40858622
6 43420386 0 41.42620558
6 43452999 1.75082625095495 41.42620558
6 43494887 0 41.49954419
6 43518582 0 41.49954419
6 43544441 0 41.49954419
6 43579172 1.77312482940554 41.49954419
6 43601154 2.57086790393021 41.53852102
6 43657946 0.207714714851337 41.68452575
6 43679917 0 41.68908945
6 43721038 0.529923197154294 41.68908945
6 43758146 1.82068484490893 41.70875384
6 43805602 0 41.79515626
6 43829217 0.655122631964591 41.79515626
6 43886543 0 41.83271182
6 43944737 0 41.83271182
6 43983354 3.05711746750678 41.83271182
6 44003666 0 41.89480799
6 44026498 0 41.89480799
6 44072335 0 41.89480799
6 44106074 1.45313963806502 41.89480799
6 44254830 4.08944553713618 42.11097123
6 44276184 0 42.19829725
6 44371392 0 42.19829725
6 44407372 0.780466059644605 42.19829725
6 44545423 1.29870761817663 42.30604137
6 44602287 5.25462327223561 42.37989108
6 44628911 0.117602936130655 42.51979017
6 44710515 0.26029787484278 42.52938704
6 44931581 0 42.58693005
6 44962254 0 42.58693005
6 44983137 8.51119328454608 42.58693005
6 45006367 3.14512010704492 42.78464507
6 45053450 0 42.93272676
6 45135036 0 42.93272676
6 45156602 0 42.93272676
6 45205382 0 42.93272676
6 45242968 0 42.93272676
6 45274484 0 42.93272676
6 45322366 0 42.93272676
6 45364629 0 42.93272676
6 45398429 0.06182739568149 42.93272676
6 45486932 0.528756215698579 42.93819867
6 45595528 0 42.99561948
6 45642819 0.257454542376301 42.99561948
6 45760951 0 43.0260331
6 45885499 0.00489822796941795 43.0260331
6 45935611 0.968626595139912 43.02627856
6 46241697 2.05487962457709 43.3227616
6 46287512 3.53207773244579 43.41690591
6 46310797 0 43.49915034
6 46364510 0 43.49915034
6 46432547 0 43.49915034
6 46474043 3.45747072250898 43.49915034
6 46514347 0 43.63850024
6 46639664 0.831366056507893 43.63850024
6 46665395 1.02275775812958 43.65989212
6 46705772 0 43.70118801
6 46751512 0 43.70118801
6 46870589 0 43.70118801
6 46921742 0 43.70118801
6 46946921 0 43.70118801
6 46979620 4.14678413743275 43.70118801
6 47016991 0 43.85615748
6 47076270 1.7184994897137 43.85615748
6 47113504 0 43.92014409
6 47147481 0 43.92014409
6 47195095 0 43.92014409
6 47219584 0 43.92014409
6 47256173 0 43.92014409
6 47295059 17.0780877896614 43.92014409
6 47317499 0.895985274280573 44.30337638
6 47353083 1.30974960353881 44.33525912
6 47365064 0 44.35095123
6 47424087 0.702858978527064 44.35095123
6 47488680 0 44.396351
6 47539722 0 44.396351
6 47570425 0 44.396351
6 47602961 0 44.396351
6 47641213 2.32282736730742 44.396351
6 47669568 1.43217184380011 44.46221477
6 47736175 0.0177238127978382 44.55760744
6 47776901 0 44.55832926
6 47843766 0 44.55832926
6 47866852 0 44.55832926
6 47888349 0 44.55832926
6 47914482 0 44.55832926
6 47939531 3.10651680883086 44.55832926
6 47989356 0 44.71311146
6 48009747 0.258445942668796 44.71311146
6 48030364 0.803115438108505 44.71843984
6 48095074 0 44.77040944
6 48120650 1.84453092520021 44.77040944
6 48149995 0 44.8245372
6 48243155 0 44.8245372
6 48297773 0 44.8245372
6 48335051 0 44.8245372
6 48470983 1.57500953420434 44.8245372
6 48626738 2.21588128796148 45.06985281
6 48678106 0 45.1836782
6 48736780 0.529380795320079 45.1836782
6 48768918 0.365428777982777 45.20069144
6 48809032 0 45.21535025
6 48853315 0 45.21535025
6 48893818 0 45.21535025
6 48963611 0.934606055837787 45.21535025
6 49052583 1.76580741128589 45.29850402
6 49094600 0 45.37269795
6 49140436 0 45.37269795
6 49174800 0 45.37269795
6 49210618 0 45.37269795
6 49261272 0 45.37269795
6 49295440 0 45.37269795
6 49322258 0.0652737893850923 45.37269795
6 49442259 0.910082590776483 45.38053087
6 49503646 0 45.43639811
6 49530294 0 45.43639811
6 49588438 0 45.43639811
6 49642620 1.19815361953458 45.43639811
6 49783826 2.20922078524091 45.60558459
6 49848545 0 45.74856315
6 49878456 1.65538792314691 45.74856315
6 49900316 0 45.78474993
6 49974410 0 45.78474993
6 50009636 0 45.78474993
6 50045715 0.677285889844807 45.78474993
6 50090470 0 45.81506186
6 50150082 2.40323076923072 45.81506186
6 50190187 0 45.91144343
6 50212682 0 45.91144343
6 50252554 0.85167424281127 45.91144343
6 50291712 0 45.94479329
6 50316384 0 45.94479329
6 50385741 0.492749636119937 45.94479329
6 50455132 0 45.97898568
6 50488378 0 45.97898568
6 50521945 0.567596710662689 45.97898568
6 50594300 0 46.02005414
6 50672369 0.182380830343444 46.02005414
6 50703585 0.697440707049323 46.02574734
6 50746128 0 46.05541856
6 50779278 0 46.05541856
6 50802477 0.162037507180881 46.05541856
6 50856440 0 46.06416259
6 50930019 0.2366517071452 46.06416259
6 50952747 1.03015944029314 46.06954121
6 50973758 0 46.09118589
6 51037196 1.5925969745025 46.09118589
6 51093319 1.29480870489962 46.18056721
6 51131872 1.42253168336551 46.23048597
6 51162014 0 46.27336392
6 51200048 0 46.27336392
6 51254431 0 46.27336392
6 51289600 0 46.27336392
6 51325072 0 46.27336392
6 51362285 0.757123927309498 46.27336392
6 51441525 0 46.33335842
6 51504602 2.31496495240859 46.33335842
6 51518155 0 46.36473314
6 51530010 0 46.36473314
6 51555020 0 46.36473314
6 51578052 0 46.36473314
6 51661334 14.4366360205169 46.36473314
6 51682000 0.214657174524579 46.66308066
6 51740645 0 46.67566923
6 51795980 0 46.67566923
6 51856578 0.974764314957182 46.67566923
6 51927902 1.35838379964641 46.74519332
6 51987876 0 46.82666103
6 52028036 0 46.82666103
6 52049307 0 46.82666103
6 52097852 0 46.82666103
6 52230455 0 46.82666103
6 52250315 0 46.82666103
6 52275948 0 46.82666103
6 52298494 0 46.82666103
6 52320441 0 46.82666103
6 52362501 1.60181844701394 46.82666103
6 52400209 0 46.8870624
6 52433313 1.90404307170691 46.8870624
6 52471064 0.0599690753668626 46.95894193
6 52545115 0.643930798532113 46.9633827
6 52645662 1.29653288312456 47.02812801
6 52671724 0 47.06191825
6 52731958 0.819590759666407 47.06191825
6 52776675 0 47.09856789
6 52798083 0 47.09856789
6 52820575 6.42296063866136 47.09856789
6 52843999 0 47.24901932
6 52864424 0 47.24901932
6 52890739 0 47.24901932
6 52923001 0 47.24901932
6 52954024 0 47.24901932
6 52981779 0 47.24901932
6 53024244 0.118094792440476 47.24901932
6 53195207 0 47.26920916
6 53220820 0 47.26920916
6 53285747 5.97422526510857 47.26920916
6 53314886 0.468598383399606 47.44329211
6 53356331 0 47.46271317
6 53397301 0 47.46271317
6 53443172 0 47.46271317
6 53471919 0 47.46271317
6 53498256 2.53211089070602 47.46271317
6 53518925 0 47.51504937
6 53542273 0 47.51504937
6 53569421 0 47.51504937
6 53629077 0 47.51504937
6 53661568 0 47.51504937
6 53686303 4.99509060424321 47.51504937
6 53717317 0 47.66996711
6 53752557 0 47.66996711
6 53776387 0.214300538604374 47.66996711
6 53852324 1.38641027154661 47.68624045
6 53886204 4.16631628396403 47.73321203
6 53912813 0.333840072283858 47.84407354
6 53934948 1.76373165094625 47.85146309
6 53982975 0 47.93616983
6 54004873 0.600370000739477 47.93616983
6 54031927 0.351798128710754 47.95241224
6 54086328 0.114054570028743 47.97155041
6 54145518 0.920625790459019 47.9783013
6 54185052 2.06656106434079 48.01469732
6 54270814 0 48.19192973
6 54307348 0.214030288364401 48.19192973
6 54520169 0 48.23747987
6 54555809 0 48.23747987
6 54579394 0 48.23747987
6 54620773 0 48.23747987
6 54666635 0 48.23747987
6 54705683 5.88987072670762 48.23747987
6 54735929 0 48.4156249
6 54783996 0.557498338480697 48.4156249
6 54809575 0 48.42988515
6 54854046 0 48.42988515
6 54912380 0 48.42988515
6 54996178 0 48.42988515
6 55028199 0 48.42988515
6 55051839 0.873790855803052 48.42988515
6 55073164 0.489863271498501 48.44851874
6 55099201 0.55438062506708 48.46127331
6 55145756 0 48.4870825
6 55218038 4.9968208072374 48.4870825
6 55246778 0 48.63069113
6 55277164 0 48.63069113
6 55303674 4.31037082818275 48.63069113
6 55327944 0 48.73530383
6 55397822 0.194457881647143 48.73530383
6 55450495 1.23789461003659 48.74554651
6 55479549 14.3429995664113 48.7815123
6 55514144 0 49.27770837
6 55587973 0 49.27770837
6 55630581 0 49.27770837
6 55679868 0.334070976525997 49.27770837
6 56143317 0.264884402025976 49.43253323
6 56317455 0 49.47865967
6 56361780 0 49.47865967
6 56589533 0.512302261110681 49.47865967
6 56635705 0 49.50231369
6 56684389 4.10559272167637 49.50231369
6 56706482 0 49.59301855
6 56748419 7.4726126668994 49.59301855
6 56779950 0 49.8286375
6 56837772 0.641874467480857 49.8286375
6 56862419 0 49.84445778
6 56900473 1.08100912990017 49.84445778
6 57003760 0 49.95611197
6 57118257 0 49.95611197
6 57179884 0 49.95611197
6 57236961 1.37355608693809 49.95611197
6 57260380 0 49.98827928
6 57353195 0 49.98827928
6 57377656 0 49.98827928
6 57465157 4.92615352428756 49.98827928
6 57491446 2.54185966640673 50.11778293
6 57564529 0 50.30354966
6 57676151 0.738343449367826 50.30354966
6 57842883 1.10260101996288 50.42665514
6 57929945 0.615028217430408 50.52264979
6 57984344 0 50.55610671
6 58038612 1.85744733833034 50.55610671
6 58077967 1.14681261118818 50.62920655
6 58148793 0.383070491461828 50.7104307
6 58244833 0.32879048931756 50.74722079
6 58285461 0 50.76057889
6 58333974 0.173704737096822 50.76057889
6 58528228 5.17694664031576 50.79432173
6 58550492 0.52091827006434 50.90958127
6 58573568 0 50.92160198
6 58601971 0 50.92160198
6 58669402 1.2377707446047 50.92160198
6 58746181 1.23913744049907 51.01663678
6 58782735 0 51.06193221
6 58872176 0 51.06193221
6 59006553 0.635790705199795 51.06193221
6 59046726 0.861909794335507 51.08747383
6 59155544 0.218705252049672 51.18126513
6 59192501 0.404911925895441 51.18934782
6 59272604 0 51.22178248
6 59337990 0 51.22178248
6 59370967 0 51.22178248
6 59422750 0 51.22178248
6 59485220 3.96289200363012 51.22178248
6 59534805 0.451354923204809 51.41828248
6 59551603 1.94551770490657 51.42586434
6 59579872 0 51.48086218
6 59612719 1.42025632646792 51.48086218
6 59716766 0 51.62863559
6 59759324 0 51.62863559
6 59783802 4.56152344616427 51.62863559
6 59806343 0 51.73145689
6 59844096 4.08513154072142 51.73145689
6 59875075 0 51.85801018
6 59907442 0.602036153652952 51.85801018
6 59943289 0 51.87959137
6 59966318 0 51.87959137
6 59992877 0 51.87959137
6 60054431 0 51.87959137
6 60085027 2.01070122701772 51.87959137
6 60162206 0 52.03477528
6 60191863 0 52.03477528
6 60229800 5.21287808586104 52.03477528
6 60257426 0.280149996606601 52.17878625
6 60301627 1.3929710061221 52.19116916
6 60336255 1.22530236319535 52.23940496
6 60369642 0 52.28031413
6 60400323 0 52.28031413
6 60436535 0 52.28031413
6 60471218 0 52.28031413
6 60495871 5.93993120674816 52.28031413
6 60520292 0.135042391071082 52.42537319
6 60557564 3.00086534591492 52.43040649
6 60579925 2.77538435544045 52.49750884
6 60647987 0 52.68640705
6 60693344 2.55833320479407 52.68640705
6 60758175 0 52.85226635
6 60780598 0 52.85226635
6 60802613 0 52.85226635
6 60861142 0 52.85226635
6 60926012 4.90394457600189 52.85226635
6 60992734 0 53.17946734
6 61037429 0 53.17946734
6 61083256 0 53.17946734
6 61139012 0 53.17946734
6 61185257 1.71654421225876 53.17946734
6 61285512 0 53.35155948
6 61329374 0 53.35155948
6 61390096 0 53.35155948
6 61421440 0.381049156832137 53.35155948
6 61487026 0 53.37655097
6 61515144 0 53.37655097
6 61539588 0 53.37655097
6 61581893 0 53.37655097
6 61625983 0.933547533732823 53.37655097
6 61697427 0 53.44324734
6 61752222 4.38994077436869 53.44324734
6 61790550 1.36983123678833 53.61150499
6 61877121 0.761778523396015 53.73009265
6 62234468 0.289904404495715 54.00231192
6 62338657 0 54.03251677
6 62379628 0 54.03251677
6 62402038 0 54.03251677
6 62439488 0 54.03251677
6 62526534 2.68093032198891 54.03251677
6 62594145 1.45581565971588 54.21377715
6 62627811 0 54.26278864
6 62773878 0 54.26278864
6 62814916 0 54.26278864
6 62862206 3.16143186567742 54.26278864
6 62889960 0 54.35053102
6 62925583 0 54.35053102
6 62956966 0 54.35053102
6 62988117 0 54.35053102
6 63010380 2.21529001258432 54.35053102
6 63080308 0 54.50544182
6 63122811 0 54.50544182
6 63170295 0 54.50544182
6 63209301 0 54.50544182
6 63244734 0 54.50544182
6 63347756 2.7450580822409 54.50544182
6 63381243 0.0637952101661742 54.59736558
6 63430347 0.123078265711549 54.60049818
6 63523734 1.21332745042223 54.61199209
6 63576429 0 54.67592838
6 63597098 0 54.67592838
6 63703421 2.23691358721727 54.67592838
6 63738844 0 54.75516657
6 63753704 0.0519542886181587 54.75516657
6 63836353 0 54.75946054
6 63860874 1.04945458475289 54.75946054
6 64036685 0 54.9439662
6 64058814 0.279495577899646 54.9439662
6 64088551 0.385727406997426 54.95227756
6 64110217 0 54.96063473
6 64151594 0 54.96063473
6 64193050 2.92966170672749 54.96063473
6 64224502 0.214145728643326 55.05277845
6 64248780 0.162642477152066 55.05797748
6 64285435 0 55.06393914
6 64338397 0 55.06393914
6 64393259 0 55.06393914
6 64442086 0 55.06393914
6 64567530 0 55.06393914
6 64594135 1.70308610589125 55.06393914
6 64621276 0 55.1101626
6 64665326 0 55.1101626
6 64721131 0 55.1101626
6 64752896 0 55.1101626
6 64784619 0 55.1101626
6 64812182 0.359801779113578 55.1101626
6 64836801 0 55.11902056
6 64865529 0 55.11902056
6 64905777 0 55.11902056
6 64928624 0 55.11902056
6 64950832 0 55.11902056
6 64988467 0 55.11902056
6 65016132 0 55.11902056
6 65067130 0 55.11902056
6 65104049 1.9413845544553 55.11902056
6 65129299 0.970935311655058 55.16804052
6 65158145 0.344795779735388 55.19604812
6 65343631 0.31458932050668 55.26000291
6 65376479 0 55.27033654
6 65401996 0 55.27033654
6 65422497 0 55.27033654
6 65456807 0 55.27033654
6 65520848 0.0500166752180441 55.27033654
6 65544236 0 55.27150633
6 65564456 0 55.27150633
6 65590423 0 55.27150633
6 65615857 0 55.27150633
6 65636995 2.53898974478123 55.27150633
6 65667126 0.452246028710805 55.34800863
6 65774333 0 55.39649257
6 65796512 0 55.39649257
6 65955295 0 55.39649257
6 65992280 0 55.39649257
6 66039725 0.942063607032404 55.39649257
6 66070099 0.115330958363559 55.42510681
6 66101538 2.68480059746099 55.4287327
6 66128318 0 55.50063166
6 66155012 0 55.50063166
6 66226532 0 55.50063166
6 66274006 0 55.50063166
6 66299180 0.898262471655324 55.50063166
6 66412076 0 55.6020419
6 66470390 0 55.6020419
6 66507621 0 55.6020419
6 66643917 0 55.6020419
6 66719491 4.78070249374188 55.6020419
6 66845727 0 56.20553866
6 66896326 1.13244181131468 56.20553866
6 66969665 1.23184906315607 56.28859081
6 67159718 0 56.52270742
6 67216723 0.914688224572533 56.52270742
6 67378025 0 56.67024846
6 67516417 0.807334447361856 56.67024846
6 67537362 0 56.68715808
6 67582129 0.432967904078181 56.68715808
6 67767947 0 56.76761131
6 67835794 0.142161444869324 56.76761131
6 67864807 0.457306730920893 56.77173584
6 67953621 0 56.81235108
6 67991798 0 56.81235108
6 68159201 0 56.81235108
6 68192608 5.31683942697276 56.81235108
6 68234072 0 57.03280851
6 68331252 0 57.03280851
6 68352179 0.138612868135723 57.03280851
6 68377000 0 57.03624902
6 68416278 0.618258226335411 57.03624902
6 68560206 0 57.12523369
6 68587651 1.82535854722248 57.12523369
6 68671573 1.18248864002288 57.27842143
6 68727471 0 57.34452018
6 68762304 1.1715442191156 57.34452018
6 68828972 0 57.42262469
6 68860609 0 57.42262469
6 68896760 0.510323198737579 57.42262469
6 68932249 0.965442231205605 57.44073555
6 69054945 0.313939159927576 57.55919145
6 69216812 2.86707285737521 57.61000784
6 69278302 2.72061824656177 57.78630415
6 69310878 0.960320026478096 57.87493101
6 69350156 0 57.91265046
6 69424834 3.41779079116627 57.91265046
6 69462146 0 58.04017507
6 69505539 0 58.04017507
6 69543698 0 58.04017507
6 69628883 0 58.04017507
6 69651236 0 58.04017507
6 69700321 0 58.04017507
6 69724839 0 58.04017507
6 69771283 0 58.04017507
6 69802467 0 58.04017507
6 69826263 3.33506631299727 58.04017507
6 69869995 0 58.18602419
6 69903337 0 58.18602419
6 69929538 0 58.18602419
6 70209643 3.80007072288518 58.18602419
6 70246689 1.13103349483883 58.32680161
6 70365364 2.03221263986565 58.46102701
6 70387975 0.32482115915779 58.50697737
6 70431058 0 58.52097164
6 70454752 0 58.52097164
6 70475010 2.25460837002873 58.52097164
6 70503851 0.671692610485067 58.5859968
6 70531796 0 58.60476725
6 70563493 0 58.60476725
6 70594567 0 58.60476725
6 70635750 1.06621134504491 58.60476725
6 70673035 0 58.64452094
6 70716954 0 58.64452094
6 70789469 3.18167571651144 58.64452094
6 70810648 0 58.71190565
6 70831773 0 58.71190565
6 70978405 0 58.71190565
6 71028209 0 58.71190565
6 71098680 0 58.71190565
6 71172594 0 58.71190565
6 71206985 0 58.71190565
6 71230710 0 58.71190565
6 71305377 3.71151027424018 58.71190565
6 71343774 0 58.85441651
6 71368790 9.79515200330438 58.85441651
6 71393000 0 59.09155714
6 71428675 0 59.09155714
6 71482358 0 59.09155714
6 71517282 0 59.09155714
6 71547812 0 59.09155714
6 71589866 2.65521532384848 59.09155714
6 71615943 0 59.16079719
6 71642644 0 59.16079719
6 71703879 0.411576871679632 59.16079719
6 71795922 0.526564197357743 59.19867996
6 71910070 2.44526116888153 59.25878621
6 71951614 0 59.36037214
6 71974040 0 59.36037214
6 72022899 0 59.36037214
6 72068578 0 59.36037214
6 72092553 0 59.36037214
6 72153601 0 59.36037214
6 72189556 0 59.36037214
6 72227266 0 59.36037214
6 72267108 0 59.36037214
6 72290274 2.38910692140093 59.36037214
6 72349944 0 59.50293015
6 72385883 0 59.50293015
6 72419275 0 59.50293015
6 72447764 3.46429467755153 59.50293015
6 72475815 0.208385090218404 59.60010708
6 72581115 0 59.62205003
6 72614036 0.737734995930599 59.62205003
6 72713559 0 59.69547163
6 72769966 0 59.69547163
6 72783452 0 59.69547163
6 72851470 4.88037391700902 59.69547163
6 72884365 0 59.85601153
6 72917788 0 59.85601153
6 72945112 0 59.85601153
6 72982095 0 59.85601153
6 73044605 0 59.85601153
6 73145656 0 59.85601153
6 73194150 0 59.85601153
6 73361730 1.39289351348632 59.85601153
6 73481332 2.12619101643189 60.02260438
6 73643517 0 60.36744067
6 73725516 0.161830883165467 60.36744067
6 73770751 0.921665865669699 60.37476109
6 74091185 0.825183217215492 60.67009417
6 74479440 0 60.99047568
6 74554942 0 60.99047568
6 74881006 0.910169946525189 60.99047568
6 75066888 0 61.15965989
6 75102649 0.586688964369113 61.15965989
6 75535728 0.482496052501399 61.41374256
6 75576260 0.42108953094953 61.43329909
6 75636552 0.388682723943019 61.45868742
6 75684879 0 61.47747129
6 75736334 1.22551689074687 61.47747129
6 75798291 0 61.55340064
6 75866932 0 61.55340064
6 75937938 2.17098875850047 61.55340064
6 76002787 0 61.69418709
6 76256609 0.860755871669683 61.69418709
6 76605147 0 61.99419322
6 76634488 0.719033404101722 61.99419322
6 76774381 0.418446995464802 62.09478096
6 76880221 4.97909221513837 62.13906939
6 76902495 0.778058990705918 62.24997369
6 77345141 0 62.59437839
6 77464761 0 62.59437839
6 77489098 0.36860343339396 62.59437839
6 77541233 0 62.61359553
6 77603159 2.65427999181817 62.61359553
6 77661825 0 62.76931152
6 77688509 0.545295956796661 62.76931152
6 77787020 0 62.82302917
6 77858619 1.40426254130356 62.82302917
6 77878593 0 62.85107791
6 77926323 2.34194623084 62.85107791
6 77967685 0.0648989558774085 62.94794549
6 78015189 0 62.95102845
6 78040327 0 62.95102845
6 78066538 2.38949574875903 62.95102845
6 78147926 0 63.14550473
6 78173933 0.568255813953438 63.14550473
6 78200335 0 63.16050782
6 78231805 0 63.16050782
6 78272759 0 63.16050782
6 78307178 0 63.16050782
6 78312412 0 63.16050782
6 78392353 0 63.16050782
6 78457965 0 63.16050782
6 78516221 0 63.16050782
6 78579915 4.20200328593301 63.16050782
6 78615217 0.406240974944067 63.30884694
6 78678236 0.330651992662794 63.33444784
6 78714218 0.681774886306132 63.34634536
6 78761714 0 63.37872694
6 78852015 0 63.37872694
6 78963886 0 63.37872694
6 78989075 0 63.37872694
6 79085032 2.03740667564738 63.37872694
6 79185247 0 63.58290565
6 79206416 0 63.58290565
6 79227704 0 63.58290565
6 79297518 0 63.58290565
6 79320274 0 63.58290565
6 79359856 0 63.58290565
6 79422323 0 63.58290565
6 79446058 0 63.58290565
6 79469689 0 63.58290565
6 79502698 0 63.58290565
6 79534555 0 63.58290565
6 79563012 0 63.58290565
6 79620230 4.38999999999992 63.58290565
6 79645304 0 63.69298051
6 79743662 0 63.69298051
6 79775750 0 63.69298051
6 79827806 0 63.69298051
6 79881067 0 63.69298051
6 79928360 0 63.69298051
6 80043649 0 63.69298051
6 80246429 7.14185459674321 63.69298051
6 80285424 1.1823085944324 63.97147713
6 80324517 1.182308594432 64.0176971198821
6 80355367 1.18230859443241 64.0541713400204
6 80405653 2.05621133223359 64.11362491
6 80444445 0.496216840753893 64.19338946
6 80530130 0 64.2359078
6 80567921 0 64.2359078
6 80590178 0 64.2359078
6 80626467 2.98830286450806 64.2359078
6 80664484 0 64.34951411
6 80685724 0 64.34951411
6 80713045 3.80131585065263 64.34951411
6 80734552 0 64.43126901
6 80755066 0 64.43126901
6 80817275 3.87200386286884 64.43126901
6 80837985 0 64.51145821
6 80858441 0 64.51145821
6 80882968 0.666703853004394 64.51145821
6 80936303 0 64.54701686
6 80956681 6.85415962510598 64.54701686
6 80983782 0 64.73277144
6 81242217 0.862941022434969 64.73277144
6 81394970 0 64.86458827
6 81424842 0 64.86458827
6 81507132 0 64.86458827
6 81534175 0 64.86458827
6 81568128 0 64.86458827
6 81593543 3.41195473787069 64.86458827
6 81624253 5.94023409847523 64.9693694
6 81652788 0 65.13887398
6 81695051 0.683764591744233 65.13887398
6 81790910 0 65.20441897
6 81960519 0 65.20441897
6 82198978 0.57614839172098 65.20441897
6 82628692 0 65.451998
6 82726360 0 65.451998
6 82855050 0.527778358076391 65.451998
6 82945042 0 65.49949383
6 82968804 0 65.49949383
6 82992397 0 65.49949383
6 83067971 0 65.49949383
6 83098669 0.456779338876126 65.49949383
6 83247567 0 65.56750736
6 83420763 4.07829542302382 65.56750736
6 83456813 0.803567479002301 65.71452991
6 83771133 1.53995027759119 65.96710724
6 83803915 0.0704793633012294 66.01758989
6 83923532 1.37376553195271 66.02602042
6 83979787 0 66.1033016
6 84020457 0.401207785269109 66.1033016
6 84216982 0 66.18214896
6 84628765 11.4532124412238 66.18214896
6 84654711 0 66.47931401
6 84734130 0 66.47931401
6 84916418 0 66.47931401
6 85067620 0 66.47931401
6 85092523 0 66.47931401
6 85177598 1.42287141593823 66.47931401
6 85295202 0 66.64664938
6 85383787 0 66.64664938
6 85422786 0 66.64664938
6 85469199 0 66.64664938
6 85490348 0 66.64664938
6 85512651 0 66.64664938
6 85548797 1.14728348763642 66.64664938
6 85574396 0 66.67601869
6 85595154 0.617557484072329 66.67601869
6 85633295 0 66.69957295
6 85662466 2.46176025723051 66.69957295
6 85784380 0.222086253658679 66.99969599
6 85896097 1.17508978441025 67.0245068
6 85989376 0.01081577715368 67.134118
6 86074816 0 67.1350421
6 86112142 0.769911886531879 67.1350421
6 86151977 0.933943456341997 67.16571154
6 86275952 0 67.28149718
6 86337334 0 67.28149718
6 86378938 2.35901471927896 67.28149718
6 86399795 0.846836885418586 67.33069915
6 86442446 0 67.36681759
6 86478657 1.05654342564576 67.36681759
6 86689788 0 67.58988666
6 86710155 2.11169249647772 67.58988666
6 86754161 0 67.6828138
6 86815869 0 67.6828138
6 86860291 0.122029491413728 67.6828138
6 86924174 0 67.69060941
6 87011619 1.67505794921711 67.69060941
6 87090740 0.932382907796099 67.82314167
6 87156735 0 67.88467428
6 87266808 0 67.88467428
6 87341418 0 67.88467428
6 87369626 3.81439158619749 67.88467428
6 87399244 2.46124502898159 67.99764893
6 87437717 1.52261003277042 68.09234041
6 87497222 0.131373419553919 68.18294332
6 87590471 0 68.19519376
6 87645687 0.0316291721256222 68.19519376
6 87725832 3.94524026560837 68.19772868
6 87751283 1.15490962680405 68.29813899
6 87774354 0 68.32478391
6 87796536 0 68.32478391
6 87818793 0 68.32478391
6 88024804 0 68.32478391
6 88075494 0 68.32478391
6 88164411 0 68.32478391
6 88215102 0 68.32478391
6 88327574 0 68.32478391
6 88412357 8.13901985283914 68.32478391
6 88441169 4.83862363533271 68.55928535
6 88469381 0.107973318797813 68.6957926
6 88577622 0.116114037153121 68.70747974
6 88739008 0 68.72621892
6 88813590 6.95287242002921 68.72621892
6 88845664 1.92558072770375 68.94922535
6 88893733 4.17701540852016 69.04178609
6 88916902 0.82875634760882 69.13856336
6 88937776 1.2732611822571 69.15586282
6 88980880 0 69.21074547
6 89033579 0.374504674723881 69.21074547
6 89125670 2.22855325734147 69.24523398
6 89152164 0 69.30427727
6 89181036 2.38973397376675 69.30427727
6 89218927 0 69.39482668
6 89242122 0.942953931899521 69.39482668
6 89276571 1.74369619634896 69.4273105
6 89309329 0 69.4844305
6 89319529 0 69.4844305
6 89359390 0 69.4844305
6 89397955 0 69.4844305
6 89432291 0.606874943749409 69.4844305
6 89565623 0.389645589846958 69.56534635
6 89663250 0.733735852543503 69.60338628
6 89684897 1.18796319355038 69.61926946
6 89732280 0 69.67555872
6 89736709 0 69.67555872
6 89769208 0 69.67555872
6 89794467 0.0205779542625302 69.67555872
6 89828968 0 69.67626868
6 89881968 2.37064428374635 69.67626868
6 89911008 0 69.74511219
6 89935361 1.77690545084056 69.74511219
6 90033511 0 69.91951546
6 90103125 0 69.91951546
6 90169101 0 69.91951546
6 90260850 0 69.91951546
6 90317176 0 69.91951546
6 90416932 0.489185069098118 69.91951546
6 90459046 3.26557381577145 69.940117
6 90480769 0 70.01105506
6 90505918 0 70.01105506
6 90543297 0 70.01105506
6 90573016 0 70.01105506
6 90627043 0 70.01105506
6 90662075 4.85491773540298 70.01105506
6 90685779 0.686923673450275 70.12613603
6 90728333 1.69444860577833 70.15536738
6 90760107 0 70.20920679
6 90790360 0 70.20920679
6 90810672 0 70.20920679
6 90836960 0 70.20920679
6 90882324 0.31780344734219 70.20920679
6 90948810 0 70.23033627
6 91009305 0 70.23033627
6 91082791 0 70.23033627
6 91107751 0.97724624371451 70.23033627
6 91174173 0 70.29524692
6 91223593 0 70.29524692
6 91291024 1.23869255553665 70.29524692
6 91332303 0.998475940026562 70.34637891
6 91357781 0 70.37181808
6 91386493 0 70.37181808
6 91425117 0 70.37181808
6 91492398 1.98355231414453 70.37181808
6 91519341 0 70.42526093
6 91546036 2.61432236661543 70.42526093
6 91629835 2.64844531978128 70.64433853
6 91686702 1.73167769820232 70.79494767
6 91734595 0.25101394595757 70.87788291
6 91800062 0 70.89431604
6 91894575 0 70.89431604
6 91918248 0 70.89431604
6 91984247 5.54176658823422 70.89431604
6 91994872 1.28441783480699 70.95319731
6 92180352 5.03287577133569 71.19143113
6 92206119 0.137149771265701 71.32111324
6 92281534 0 71.33145639
6 92344263 0 71.33145639
6 92383295 0 71.33145639
6 92400382 0 71.33145639
6 92430962 0 71.33145639
6 92470502 0 71.33145639
6 92504637 0 71.33145639
6 92542745 0 71.33145639
6 92576043 0 71.33145639
6 92601926 0 71.33145639
6 92640898 2.94374449121066 71.33145639
6 92681288 1.782195605405 71.45035423
6 92805395 0 71.67153718
6 92832560 1.20695720537767 71.67153718
6 92870719 0 71.71759346
6 92911232 0.655843950443551 71.71759346
6 92933994 0.386716993253894 71.73252178
6 92955785 0 71.74094873
6 92980797 2.03488204833152 71.74094873
6 92987749 1.63064215489708 71.75509523
6 93060068 0 71.87302164
6 93107171 1.65522749871407 71.87302164
6 93194666 0 72.01784577
6 93233475 3.24395095972514 72.01784577
6 93296566 0 72.22250988
6 93316562 0.191787789737744 72.22250988
6 93437706 1.93884150222811 72.24574382
6 93476981 0 72.32189182
6 93499814 1.47384862190668 72.32189182
6 93596433 0.927660000756064 72.4642936
6 93622886 1.04108433298255 72.48883299
6 93650479 3.03308889268081 72.51755963
6 93679784 0.184466027052547 72.6064443
6 93806944 0 72.629901
6 93832672 0 72.629901
6 93867935 0 72.629901
6 93903969 0 72.629901
6 93925268 0 72.629901
6 93950149 0 72.629901
6 93968454 0 72.629901
6 93989787 5.1200911969341 72.629901
6 94087378 0 73.12957582
6 94108959 0 73.12957582
6 94158006 0 73.12957582
6 94184374 4.12028560761599 73.12957582
6 94221873 1.43368939531533 73.28408241
6 94243901 0.456971360859833 73.31566372
6 94303819 1.63578354654863 73.34304453
6 94493846 2.04733891532204 73.65388757
6 94724827 0.382989390626849 74.12678396
6 94886288 0.900579138725106 74.18862181
6 94948173 0 74.24435415
6 95073466 0 74.24435415
6 95108908 0 74.24435415
6 95150730 0 74.24435415
6 95175538 0.125491066908706 74.24435415
6 95323695 0 74.26294653
6 95345674 10.4558356423837 74.26294653
6 95374185 0 74.56105286
6 95406549 0 74.56105286
6 95440611 1.40840068944014 74.56105286
6 95556067 0.992205553466456 74.72366117
6 95606594 1.1574540980139 74.77379434
6 95658607 0.841616178291557 74.833997
6 95707067 2.04604848425642 74.87478172
6 95768489 0.821762482280534 75.00045411
6 95812932 0 75.0369757
6 95838200 2.47697925251758 75.0369757
6 95866107 0.228706057832335 75.10610076
6 95895606 1.07430136815917 75.11284736
6 95976006 0 75.19922119
6 96009245 0.453239268152328 75.19922119
6 96054391 0 75.21968313
6 96100064 0.324100325940016 75.21968313
6 96162959 3.18986908424419 75.24006742
6 96178236 0.398064287273619 75.28879905
6 96196560 2.85208345268775 75.29609318
6 96217506 0 75.35583292
6 96237689 0.921714311893491 75.35583292
6 96259517 0 75.3759521
6 96280829 1.95685539505676 75.3759521
6 96325620 0 75.46360161
6 96424013 0 75.46360161
6 96455799 0 75.46360161
6 96491283 6.54227734442715 75.46360161
6 96520128 2.11089287967373 75.6523136
6 96567682 0 75.752695
6 96586097 0.495933756505216 75.752695
6 96773255 4.29042275745045 75.84551297
6 96806844 1.76411882610506 75.98962398
6 97039335 0 76.39976573
6 97072470 0.720686035670124 76.39976573
6 97105719 3.22104263343926 76.42372782
6 97156360 0 76.58684464
6 97179203 0 76.58684464
6 97206452 0 76.58684464
6 97255320 0.552528148170763 76.58684464
6 97320866 4.79661396727611 76.62306065
6 97355275 0 76.78810734
6 97376588 0 76.78810734
6 97414601 3.79160815613847 76.78810734
6 97430638 0 76.84891336
6 97519455 6.66570071014449 76.84891336
6 97548604 0.97855035875649 77.04321187
6 97571182 2.77345966882012 77.06530558
6 97634954 0 77.24217465
6 97672322 2.31552498805042 77.24217465
6 97709980 3.41797823853314 77.32937269
6 97785894 0 77.58884509
6 97812251 0 77.58884509
6 97903575 3.15564387301452 77.58884509
6 97957786 0 77.7599157
6 98010222 0 77.7599157
6 98038899 0 77.7599157
6 98149838 0 77.7599157
6 98176217 0 77.7599157
6 98212193 3.35764984227161 77.7599157
6 98238187 6.52432833605483 77.84719445
6 98258398 0 77.97905765
6 98273212 0 77.97905765
6 98379814 0 77.97905765
6 98404504 0 77.97905765
6 98429766 12.673400342767 77.97905765
6 98451355 0 78.25266369
6 98510667 8.62765510110303 78.25266369
6 98545483 0 78.55304413
6 98593983 0 78.55304413
6 98644881 7.22903248746108 78.55304413
6 98671599 0.00778783886398492 78.74618942
6 98761163 11.8210514433149 78.74688693
6 98779766 0 78.96679395
6 98925784 3.83083833494683 78.96679395
6 98951609 3.90507746167165 79.06572535
6 98976460 0 79.16277043
6 99019571 0 79.16277043
6 99044653 0 79.16277043
6 99093853 5.64750802139061 79.16277043
6 99120033 13.9392885290145 79.31062219
6 99138558 1.13288108693962 79.56884751
6 99164392 3.11004349462603 79.59811436
6 99188303 0 79.67247861
6 99236618 0.747674909726185 79.67247861
6 99313329 0 79.7298335
6 99350994 0 79.7298335
6 99392910 0 79.7298335
6 99442084 0 79.7298335
6 99466286 0 79.7298335
6 99515981 1.98911009451442 79.7298335
6 99539152 0 79.77592317
6 99575820 0.637226913431483 79.77592317
6 99638822 0 79.81606974
6 99653607 0.365166921898927 79.81606974
6 99666667 0.809779365297168 79.82083882
6 99703062 0 79.85031074
6 99749089 0 79.85031074
6 99778737 1.66958639849774 79.85031074
6 99804293 7.4055341936156 79.89297869
6 99842575 3.21939295449777 80.17647735
6 99861651 0.238510591951285 80.23789049
6 99898377 0 80.24665003
6 99936579 1.08972483392937 80.24665003
6 99975719 1.61869722137719 80.28930186
6 99998716 0 80.32652704
6 100026934 1.6759011025963 80.32652704
6 100139940 0 80.51591392
6 100180758 0.997647582675507 80.51591392
6 100239149 0 80.57416756
6 100289666 0 80.57416756
6 100312773 0 80.57416756
6 100335818 0 80.57416756
6 100378593 0 80.57416756
6 100409119 0 80.57416756
6 100434654 0.916609868253896 80.57416756
6 100505548 0 80.6391497
6 100540754 0 80.6391497
6 100585876 0 80.6391497
6 100642496 0 80.6391497
6 100713814 3.38436700557557 80.6391497
6 100744304 0 80.74233905
6 100832897 6.14455862635704 80.74233905
6 100856018 0 80.88440739
6 100880402 0 80.88440739
6 100905218 0 80.88440739
6 100928943 0 80.88440739
6 100948258 3.98621600041903 80.88440739
6 100997897 3.98621600041847 81.0822791660448
6 101024656 15.6785317400293 81.18894632
6 101044489 0 81.49989864
6 101078062 0 81.49989864
6 101117396 0 81.49989864
6 101156203 0.745159711814356 81.49989864
6 101211584 0 81.54116633
6 101272004 0 81.54116633
6 101294671 0 81.54116633
6 101349420 0.753551169973355 81.54116633
6 101444935 1.0039720394738 81.61314177
6 101470471 0 81.6387792
6 101492004 4.75548921525469 81.6387792
6 101516993 1.22208438413207 81.75761412
6 101541974 0 81.78814301
6 101564868 1.24904564226094 81.78814301
6 101611360 0.306079655962547 81.84621364
6 101657634 1.42768773070341 81.86037717
6 101712087 0.80494279176183 81.93811905
6 101740929 1.54698381006094 81.96133521
6 101763968 1.87143414029273 81.99697617
6 101904289 0 82.25957768
6 101928805 0 82.25957768
6 101951985 0 82.25957768
6 101972560 2.61971575993478 82.25957768
6 101994654 16.2368774544801 82.31745768
6 102017062 2.03542245324248 82.68129363
6 102079779 3.56037643422597 82.80894922
6 102148370 8.60751214534494 83.053159
6 102238528 0.669038139960742 83.82919508
6 102282183 0 83.85840194
6 102328995 0 83.85840194
6 102376801 0 83.85840194
6 102426230 2.81699029126249 83.85840194
6 102466503 0.153379349501133 83.97185059
6 102528148 3.9946051639652 83.98130566
6 102570596 0.408978922716703 84.15086866
6 102594081 0 84.16047353
6 102608907 0 84.16047353
6 102632299 0 84.16047353
6 102655350 0 84.16047353
6 102676968 0 84.16047353
6 102771937 0.702837473885546 84.16047353
6 102811666 0.690674167623527 84.18839656
6 102855216 0 84.21847542
6 102881334 0.871210664147819 84.21847542
6 102951213 1.71430027173931 84.27935475
6 103013037 0 84.38533965
6 103081140 0.966591512942994 84.38533965
6 103120659 0 84.42353838
6 103146851 0 84.42353838
6 103163753 0 84.42353838
6 103186091 2.64353421934292 84.42353838
6 103213254 0 84.4953447
6 103243734 0 84.4953447
6 103272319 0 84.4953447
6 103297386 0.260065886517515 84.4953447
6 103317724 2.18568864177922 84.50063392
6 103393264 0 84.66574084
6 103449743 0 84.66574084
6 103480813 0 84.66574084
6 103504700 0 84.66574084
6 103542349 0 84.66574084
6 103568081 3.11823459355939 84.66574084
6 103610904 0 84.799273
6 103741666 0 84.799273
6 103786765 0 84.799273
6 103808744 1.04418051635826 84.799273
6 103847012 1.33224426959659 84.8392317
6 103911228 1.33224426959609 84.9247830980164
6 103950810 1.33224426959638 84.9775159906956
6 104177966 0 85.28014327
6 104227404 2.33559412583246 85.28014327
6 104267648 0 85.37413692
6 104287858 0 85.37413692
6 104310525 0 85.37413692
6 104350026 0 85.37413692
6 104379509 1.81644315166366 85.37413692
6 104418701 0.492977068751662 85.44532696
6 104466278 4.95654423061902 85.46878133
6 104543080 0 85.84945384
6 104574959 0 85.84945384
6 104608422 0 85.84945384
6 104643125 0 85.84945384
6 104770454 17.239709445484 85.84945384
6 104790760 0 86.19952338
6 104824234 0 86.19952338
6 104858596 0 86.19952338
6 104884663 0 86.19952338
6 104960055 3.03312386973871 86.19952338
6 105104933 3.36802081197465 86.6389563
6 105143949 1.7570936783489 86.770363
6 105174479 0 86.82400707
6 105190997 0 86.82400707
6 105211294 0 86.82400707
6 105234399 2.77232222934011 86.82400707
6 105265619 2.27923773950324 86.91055897
6 105294533 0 86.97646085
6 105410704 5.22208439323661 86.97646085
6 105450802 0.217472417338363 87.18585599
6 105566545 0 87.2110269
6 105596054 4.23071453907703 87.2110269
6 105621427 0 87.31837282
6 105650631 2.25992920593446 87.31837282
6 105694985 2.14620777548927 87.41860972
6 105733825 1.48370946199143 87.50196843
6 105837894 0 87.65637659
6 105860748 0.39902468852735 87.65637659
6 105886914 0.0412707675885656 87.66681747
6 105973106 0 87.67037468
6 106006717 0 87.67037468
6 106019199 3.11001909648014 87.67037468
6 106054284 0 87.7794897
6 106074781 0.784448400049668 87.7794897
6 106098938 10.2395604917175 87.79843962
6 106120007 0 88.01417692
6 106161251 0 88.01417692
6 106223763 0 88.01417692
6 106245112 0 88.01417692
6 106268992 4.04898098014722 88.01417692
6 106312210 0.200161406873126 88.18916578
6 106456132 2.00807055477349 88.21797341
6 106525043 0 88.35635156
6 106545466 0 88.35635156
6 106569893 0.972700294287936 88.35635156
6 106606252 0 88.39171797
6 106632393 0 88.39171797
6 106671500 0 88.39171797
6 106702510 1.7511880571135 88.39171797
6 106739419 0.700965031654872 88.45635257
6 106840825 0 88.52743463
6 106847441 0 88.52743463
6 106879119 2.25554982817879 88.52743463
6 106931499 0 88.64558033
6 106972364 0 88.64558033
6 107007541 0 88.64558033
6 107039826 0 88.64558033
6 107075816 0 88.64558033
6 107120615 1.70070226929533 88.64558033
6 107167634 3.7619199850439 88.72554565
6 107199728 0.955979867882523 88.84628071
6 107225160 0 88.87059319
6 107281039 0 88.87059319
6 107330690 0.624480335487056 88.87059319
6 107365982 0 88.89263235
6 107430039 0 88.89263235
6 107483385 17.8280802189957 88.89263235
6 107508591 0.664595636190893 89.34200694
6 107542323 0 89.36442508
6 107587043 0 89.36442508
6 107619308 0 89.36442508
6 107679328 0 89.36442508
6 107726849 3.69402647617818 89.36442508
6 107757367 0.602078233922326 89.47715938
6 107916454 1.66827893871786 89.5729422
6 107937749 0 89.6084682
6 107972125 3.69358326412791 89.6084682
6 107997412 0 89.70186784
6 108045293 0 89.70186784
6 108074935 1.89709346220469 89.70186784
6 108129770 9.1114384895861 89.80589496
6 108149791 0.849556341523789 89.98831507
6 108230371 7.42107093254022 90.05677232
6 108250531 0 90.20638111
6 108286070 0 90.20638111
6 108323183 0 90.20638111
6 108345480 0 90.20638111
6 108429984 1.78458752111 90.20638111
6 108539529 0.078291492574166 90.40187375
6 108596491 0 90.40633339
6 108627357 0 90.40633339
6 108668355 6.24256737168051 90.40633339
6 108698709 0 90.59582028
6 108736771 0 90.59582028
6 108802871 3.54936787987615 90.59582028
6 108864141 2.24923049459693 90.81329005
6 108906155 0.54413729168486 90.90778922
6 108951999 2.79815922447397 90.93273465
6 108988413 0.758461872192667 91.03462682
6 109027597 0 91.06434639
6 109070928 0 91.06434639
6 109116452 0 91.06434639
6 109148144 0.84301551249207 91.06434639
6 109168837 2.50745242340771 91.08179091
6 109199682 0 91.15913328
6 109282605 4.81185371728827 91.15913328
6 109291738 9.89401121248781 91.20307994
6 109319029 0.484761123913977 91.4730974
6 109341593 0.981069865583083 91.48403555
6 109443961 0 91.58446571
6 109475875 3.51334032008804 91.58446571
6 109532172 0 91.78225623
6 109552273 3.94930093955937 91.78225623
6 109595059 3.43609765657834 91.95123102
6 109666493 6.57212058768411 92.19668522
6 109703860 3.82978969944315 92.44226565
6 109737431 2.68132443342479 92.57083552
6 109835035 0 92.83254351
6 109865079 0 92.83254351
6 109902740 0 92.83254351
6 109936053 0 92.83254351
6 109995580 2.39073150673045 92.83254351
6 110018683 4.43355179230858 92.88777658
6 110045492 0.106705974469967 93.00663567
6 110087638 0 93.0111329
6 110120583 0 93.0111329
6 110158847 0 93.0111329
6 110189780 0 93.0111329
6 110240470 0 93.0111329
6 110265918 0 93.0111329
6 110316376 0 93.0111329
6 110345462 0 93.0111329
6 110365490 0 93.0111329
6 110389495 5.8499805294144 93.0111329
6 110411066 3.86937127439305 93.13732283
6 110442940 0.774629842437202 93.26065517
6 110482099 3.51963715240252 93.2909889
6 110542262 0.287640889193768 93.50274083
6 110562628 0.287640889194064 93.5085989243493
6 110600517 8.96998735219752 93.51949735
6 110634515 0 93.82445898
6 110714073 0 93.82445898
6 110762534 8.38880277271514 93.82445898
6 110796003 0 94.10522382
6 110817889 11.503526085839 94.10522382
6 110856799 5.52800630733945 94.55282602
6 110891679 0.491236551357987 94.74564288
6 110933133 2.12683208669721 94.7660066
6 110997172 0 94.9022068
6 111019950 0 94.9022068
6 111062301 1.46300593740558 94.9022068
6 111092112 0 94.94582047
6 111137953 0 94.94582047
6 111158298 0 94.94582047
6 111197457 16.3635314180243 94.94582047
6 111222379 0 95.3536324
6 111246611 0 95.3536324
6 111269455 0 95.3536324
6 111429024 1.01916753767091 95.3536324
6 111474948 3.98574271991673 95.40043665
6 111498059 0.508752116120285 95.49255115
6 111561855 0 95.5250075
6 111583139 0 95.5250075
6 111610968 0 95.5250075
6 111651428 0 95.5250075
6 111758758 0 95.5250075
6 111797972 0 95.5250075
6 111844582 0 95.5250075
6 111880060 14.8863960356238 95.5250075
6 111910060 14.8863960356237 95.9715993810687
6 111944736 0 96.48780005
6 111979482 0 96.48780005
6 112000254 0 96.48780005
6 112022311 2.2617365687731 96.48780005
6 112088165 0 96.63674445
6 112350163 3.05160142597538 96.63674445
6 112407387 2.79337889912612 96.81136929
6 112470446 0 96.98751697
6 112494969 2.16770234462831 96.98751697
6 112544785 3.3983542486571 97.09550323
6 112585186 0 97.23280014
6 112610160 7.83972990211739 97.23280014
6 112650923 0 97.55237105
6 112688361 0.77466530598114 97.55237105
6 112746175 4.69546457996649 97.59715755
6 112771542 0.517541502950411 97.7162674
6 112909484 4.57846044373066 97.78765811
6 112936888 4.04106885957027 97.91312624
6 112964553 0 98.02492241
6 113005937 0.283032666711875 98.02492241
6 113197600 0 98.0791693
6 113217685 3.58332381753709 98.0791693
6 113284241 2.4758486810191 98.317661
6 113344022 3.3187535506976 98.46566971
6 113376410 0.0489348772949422 98.5731575
6 113461818 0 98.57733693
6 113484974 0.393054409566582 98.57733693
6 113551874 0 98.60363227
6 113587269 0 98.60363227
6 113627723 0 98.60363227
6 113649705 4.03886615704094 98.60363227
6 113672336 0 98.69503585
6 113707684 0 98.69503585
6 113736661 0.367906946570841 98.69503585
6 113852272 2.33777279142265 98.73756994
6 113950763 0 98.96781952
6 113986362 2.57631523384567 98.96781952
6 114036566 1.3216428669319 99.09716085
6 114073051 6.45216544449311 99.14538099
6 114116280 1.59535361920871 99.42430165
6 114147599 3.64055897694741 99.47426653
6 114177314 12.0540631569334 99.58244574
6 114199196 3.65802048131076 99.84621275
6 114248021 0 100.0248156
6 114271753 0.106405044900207 100.0248156
6 114336452 0 100.0316999
6 114371692 0 100.0316999
6 114406200 0 100.0316999
6 114592024 0 100.0316999
6 114657205 55.7525439580986 100.0316999
6 114678589 0 101.2239123
6 114712485 12.0440331388857 101.2239123
6 114744713 0 101.6120674
6 114785574 0 101.6120674
6 114812953 0 101.6120674
6 114834040 0 101.6120674
6 114882223 13.6143254075585 101.6120674
6 114922892 2.5772596988414 102.1657484
6 114972434 2.10794316593067 102.293431
6 114998897 0 102.3492135
6 115025395 0 102.3492135
6 115074885 0 102.3492135
6 115107065 0 102.3492135
6 115144059 0 102.3492135
6 115178628 0 102.3492135
6 115207452 2.73159984315241 102.3492135
6 115248256 0 102.4606737
6 115257175 0 102.4606737
6 115277519 0 102.4606737
6 115299938 2.48355496545843 102.4606737
6 115348141 0 102.5803885
6 115452671 3.80980734081843 102.5803885
6 115559907 0.554796074154493 102.988937
6 115605757 0 103.0143744
6 115648265 0 103.0143744
6 115670310 0 103.0143744
6 115691700 0 103.0143744
6 115719172 0 103.0143744
6 115765863 0 103.0143744
6 115804547 5.45078331134606 103.0143744
6 115840931 1.01963111096395 103.2126957
6 115871184 0 103.2435426
6 115919174 0 103.2435426
6 115942196 0.353082552693184 103.2435426
6 115976356 0 103.2556039
6 116018494 0 103.2556039
6 116045596 0.541909772291489 103.2556039
6 116108703 0.135616668346156 103.2898022
6 116138484 0 103.293841
6 116166307 0 103.293841
6 116193252 2.94467941810316 103.293841
6 116222948 0.753448085796584 103.3812862
6 116286447 0 103.4291294
6 116305086 0 103.4291294
6 116325904 0.340845384468525 103.4291294
6 116357298 6.84481564764256 103.4398299
6 116385315 0 103.6316011
6 116445790 0 103.6316011
6 116478138 0 103.6316011
6 116514529 0 103.6316011
6 116555166 7.88403273657293 103.6316011
6 116604041 0 104.0169332
6 116634572 0 104.0169332
6 116669816 0 104.0169332
6 116694382 0 104.0169332
6 116752336 0 104.0169332
6 116788648 0 104.0169332
6 116818420 0 104.0169332
6 116860426 0 104.0169332
6 116935159 0 104.0169332
6 117015280 0 104.0169332
6 117124190 0 104.0169332
6 117198612 2.60666183131906 104.0169332
6 117271685 0 104.2074098
6 117334310 0 104.2074098
6 117368760 0 104.2074098
6 117390034 0 104.2074098
6 117411122 0 104.2074098
6 117445935 0 104.2074098
6 117470280 0 104.2074098
6 117498176 0 104.2074098
6 117547776 6.09769669618627 104.2074098
6 117571264 3.04845864522995 104.3506325
6 117625502 0 104.5159748
6 117667615 4.82782902429555 104.5159748
6 117698403 0 104.664614
6 117723375 0 104.664614
6 117744633 0 104.664614
