Chromosome Position(bp) Rate(cM/Mb) Map(cM)
4 0 0 0
4 190991 0.380241664654624 0
4 373227 0 0.06929372
4 436528 0 0.06929372
4 535625 0.345165001218621 0.06929372
4 740775 0.764438752380089 0.14010432
4 806949 0.194928264832128 0.19069029
4 1045047 0 0.23710232
4 1195792 8.28399817397078 0.23710232
4 1219888 0.0814486839780954 0.43671354
4 1446328 0 0.45515678
4 1479697 0 0.45515678
4 1517484 0 0.45515678
4 1538039 0 0.45515678
4 1578287 0 0.45515678
4 1620950 3.23889212676276 0.45515678
4 1697818 0 0.70412394
4 1945493 2.74171866787711 0.70412394
4 1987351 0 0.8188868
4 2043549 0.513876348022487 0.8188868
4 2124130 2.17312578531682 0.86029547
4 2168698 0 0.95714734
4 2230586 1.76966437506413 0.95714734
4 2337789 0.526863081970127 1.14686067
4 2472826 1.61793799522508 1.21800668
4 2617331 0.701812304708551 1.45180681
4 2645174 0 1.47134737
4 2665234 0.644262680488708 1.47134737
4 2773274 0 1.54095351
4 2913421 2.26764952416671 1.54095351
4 3020076 0.62713590186452 1.78280967
4 3314200 0.308434356501627 1.96726539
4 3441745 0.40600911172267 2.00660465
4 3614709 3.19654233687405 2.07682961
4 3680609 0 2.28748175
4 3848970 2.18465136054422 2.28748175
4 3932466 0 2.4698914
4 3969160 3.88498611967921 2.4698914
4 4008064 0 2.6210329
4 4185091 1.86080102086505 2.6210329
4 4229759 0 2.70415116
4 4276701 5.69132385677497 2.70415116
4 4345432 0 3.09532154
4 4369530 1.43452852673915 3.09532154
4 4389669 12.3576181919083 3.12421151
4 4427510 0.684224386359987 3.59183614
4 4595809 0 3.70699042
4 4651861 0 3.70699042
4 4681609 3.98629035082599 3.70699042
4 4733002 0.375696056761834 3.91185784
4 4786841 2.40451592188268 3.93208494
4 4813314 0.169876232591226 3.99573969
4 4852662 0 4.00242398
4 4925664 2.01013038770248 4.00242398
4 5015243 2.79192954400074 4.18248945
4 5037129 0.118127964827018 4.24359362
4 5071701 0 4.24767754
4 5115112 1.87966952642415 4.24767754
4 5144252 2.22023349217157 4.30245111
4 5173632 0 4.36768157
4 5212181 1.52935017423494 4.36768157
4 5304298 0 4.50856072
4 5345462 0 4.50856072
4 5372879 0 4.50856072
4 5395651 4.22548067721752 4.50856072
4 5422821 1.44350681723128 4.62336703
4 5482596 0 4.70965265
4 5505661 6.39399667991348 4.70965265
4 5545419 1.44560052860749 4.96386517
4 5604442 0 5.04918885
4 5631619 0.761711016456316 5.04918885
4 5758865 0.940549882385507 5.14611353
4 5795000 2.00844695073997 5.1801003
4 6130688 0.820936804650694 5.85431184
4 6330228 0 6.01812157
4 6418053 3.07649986105792 6.01812157
4 6551202 0.882877364042995 6.42775445
4 6653146 0 6.5177585
4 6678303 0 6.5177585
4 6766553 0 6.5177585
4 6798318 8.55836451561761 6.5177585
4 6823546 0 6.73366892
4 6872647 0 6.73366892
4 6923900 0 6.73366892
4 6948069 2.6694685000142 6.73366892
4 6983196 0 6.82743934
4 7009102 0 6.82743934
4 7049839 4.3855143504855 6.82743934
4 7073218 0 6.92996828
4 7106157 0.409265317919075 6.92996828
4 7140757 0 6.94412886
4 7167859 0 6.94412886
4 7192396 0 6.94412886
4 7225482 0 6.94412886
4 7295838 4.52004497240032 6.94412886
4 7372107 0 7.28886817
4 7402633 0 7.28886817
4 7427468 1.15445625021991 7.28886817
4 7455891 1.68104116706634 7.32168128
4 7510935 0 7.41421251
4 7564729 3.24629691689009 7.41421251
4 7600537 4.30274375485227 7.53045591
4 7622434 0.793177459680754 7.62467309
4 7658831 0.0841092619126289 7.65354237
4 7686050 3.50113152046017 7.65583174
4 7716646 5.59366338828093 7.76295236
4 7752741 0 7.96485564
4 7803131 0 7.96485564
4 7830808 1.48225277172255 7.96485564
4 7873471 3.32337355624469 8.02809299
4 7917973 3.62867184185969 8.17598976
4 7965121 5.62852272425774 8.34707438
4 8002812 0 8.55921903
4 8036956 0 8.55921903
4 8059203 3.35425821619238 8.55921903
4 8140871 0.882766810639649 8.83315459
4 8247604 1.40116575793029 8.92737494
4 8292905 6.22488627329511 8.99084915
4 8389760 0 9.59376051
4 8427382 0 9.59376051
4 8487620 0 9.59376051
4 8523238 0 9.59376051
4 8559144 0 9.59376051
4 8579280 0 9.59376051
4 8670471 0 9.59376051
4 8693683 0 9.59376051
4 8794043 3.01995849896251 9.59376051
4 8834042 0 9.71455583
4 8886977 0 9.71455583
4 8948692 0.792525451129446 9.71455583
4 8994466 0.328486981785682 9.75083289
4 9018525 0.32848698178569 9.75873595829478
4 9110803 0.929734450261756 9.78904808
4 9158553 3.54146827773277 9.8334429
4 9215327 0 10.03450622
4 9258983 0 10.03450622
4 9356778 0 10.03450622
4 9402430 0 10.03450622
4 9439592 3.94764101080751 10.03450622
4 9477621 0 10.18463106
4 9557423 0.419207702020207 10.18463106
4 9623951 0 10.21252011
4 9664664 0 10.21252011
4 9706609 1.61767293214505 10.21252011
4 9767312 0 10.31071771
4 9818598 0.57617580310052 10.31071771
4 9849883 0 10.32874337
4 9873717 0 10.32874337
4 9895901 0 10.32874337
4 9949236 2.95158751236052 10.32874337
4 9984631 4.18262783107508 10.43321481
4 10014964 3.80229867811002 10.56008646
4 10081611 0 10.81349826
4 10115683 0 10.81349826
4 10147900 2.11736397163119 10.81349826
4 10183150 4.80325389152513 10.88813534
4 10295895 0 11.4296782
4 10319594 0 11.4296782
4 10383490 2.41821270078152 11.4296782
4 10408953 0.0288660549289393 11.49125315
4 10471725 0 11.49306513
4 10697650 5.54432296940832 11.49306513
4 10777639 0 11.93654998
4 10817058 0 11.93654998
4 10857725 1.57377232400041 11.93654998
4 10883762 0 11.97752629
4 10906324 0 11.97752629
4 10933115 0 11.97752629
4 10962938 0 11.97752629
4 11009756 1.55399132422222 11.97752629
4 11052634 0 12.04415833
4 11078261 4.45189704959201 12.04415833
4 11102156 0 12.15053641
4 11135865 2.77060107085223 12.15053641
4 11163133 3.44755087366073 12.22608516
4 11190947 0.201386585479848 12.32197534
4 11265836 7.06022099999995 12.33705698
4 11285836 0 12.4782614
4 11344256 0 12.4782614
4 11383248 0 12.4782614
4 11414051 7.8109863352037 12.4782614
4 11451300 0 12.76921283
4 11489447 4.44411572349894 12.76921283
4 11511465 0 12.86706337
4 11541902 0.370653460252098 12.86706337
4 11596320 0.286818252270724 12.88723359
4 11628579 0 12.89648606
4 11657268 0 12.89648606
4 11672688 3.7533091180495 12.89648606
4 11712883 0 13.04735032
4 11774467 4.43051474609018 13.04735032
4 11801898 2.00904091824924 13.16888377
4 11895206 1.37376790326369 13.35634336
4 11963350 7.587367053525 13.4499574
4 11992215 0.484146208401523 13.66896675
4 12032541 2.36826023047978 13.68849043
4 12100573 3.21635689129834 13.84960791
4 12151115 0 14.01216902
4 12221690 0 14.01216902
4 12297483 1.8930530137981 14.01216902
4 12380103 0 14.16857306
4 12495114 1.4965989844965 14.16857306
4 12679653 0 14.44475394
4 12713687 0 14.44475394
4 12740142 0 14.44475394
4 12783996 9.32489453188384 14.44475394
4 12808648 0.331171880976062 14.67463124
4 12860940 0 14.69194888
4 12888127 0.325891278927471 14.69194888
4 13071992 1.85029782156806 14.75186888
4 13179271 4.14287425651345 14.95036698
4 13203145 1.19926336614705 15.04927396
4 13265822 2.80319604384965 15.12444019
4 13352573 4.78196087815533 15.36762025
4 13434062 5.59446331671595 15.75729746
4 13502063 0 16.13772656
4 13536325 0.104857864374586 16.13772656
4 13579488 0.9960071743929 16.14225254
4 13637472 0 16.20000502
4 13669055 0 16.20000502
4 13695387 0.998561089230371 16.20000502
4 13981534 0 16.48574028
4 14019682 0 16.48574028
4 14084187 3.77550410106526 16.48574028
4 14137222 2.87445380477299 16.68597414
4 14220315 0 16.92482113
4 14277959 1.14583213781961 16.92482113
4 14360908 0 17.01986676
4 14385400 1.14618071394128 17.01986676
4 14462129 0.666272644989966 17.10781206
4 14679782 3.8846189594207 17.2528283
4 14709477 0 17.36818206
4 14792978 0 17.36818206
4 14882279 0.517476983499582 17.36818206
4 14921490 0.766124108233216 17.38847285
4 14983726 0.299478075113264 17.43615335
4 15122290 1.30420564660114 17.47765023
4 15203507 0.814085881977126 17.5835739
4 15253599 0 17.62435309
4 15301136 0 17.62435309
4 15372082 0.138996627589494 17.62435309
4 15434352 4.47022382206287 17.63300841
4 15470050 0 17.79258646
4 15495171 0.200674538608156 17.79258646
4 15559704 0.0883952567459745 17.80553659
4 15605917 0.839220593337929 17.8096216
4 15628973 5.49515287840353 17.82897067
4 15667206 0.512993125946513 18.03906685
4 15692955 1.8538982317018 18.05227591
4 15736839 4.58448146345913 18.13363238
4 15802601 0 18.43511705
4 15841057 2.72114098678634 18.43511705
4 15882302 6.45339398180546 18.54735051
4 15935175 0 18.88856081
4 15961687 0 18.88856081
4 16006412 0 18.88856081
4 16124536 0 18.88856081
4 16162098 0 18.88856081
4 16183409 0 18.88856081
4 16215151 NA 18.88856081
4 16215151 0 18.88856081
4 16299403 0 18.88856081
4 16372283 0 18.88856081
4 16402667 3.90285674500309 18.88856081
4 16496025 2.72932688599484 19.25292371
4 16529734 0 19.34492659
4 16569973 0 19.34492659
4 16611662 0.984864888440906 19.34492659
4 16714836 0.581177845800271 19.44653904
4 16815783 0 19.5052072
4 16910014 0 19.5052072
4 16948576 1.27015806256527 19.5052072
4 16984954 0 19.55141301
4 17035938 0 19.55141301
4 17065068 7.0246218619247 19.55141301
4 17122428 0 19.95434532
4 17182158 0 19.95434532
4 17203868 0 19.95434532
4 17322859 0 19.95434532
4 17508210 0 19.95434532
4 17572213 1.12984916846483 19.95434532
4 17618092 0 20.00618167
4 17677748 0 20.00618167
4 17734849 0 20.00618167
4 17809297 2.482398506808 20.00618167
4 17921004 1.37263340944077 20.28348296
4 17958670 4.06619855282199 20.33518457
4 17993220 -7.2086336765544e-05 20.47567173
4 18017219 0 20.47567
4 18078676 2.59990080707577e-05 20.47567
4 18145217 0 20.47567173
4 18172340 0 20.47567173
4 18206975 4.96904259264551 20.47567173
4 18242028 1.0604234756633 20.64985158
4 18281865 2.5598249239763 20.69209567
4 18315736 0 20.7787995
4 18368097 0 20.7787995
4 18397050 3.80647051474261 20.7787995
4 18517110 5.28717660704486 21.23580435
4 18533491 3.22966638744217 21.32241359
4 18560948 0 21.41109054
4 18609348 1.08022206454828 21.41109054
4 18661495 0 21.46742088
4 18691345 8.74616483733817 21.46742088
4 18711571 0 21.64432081
4 18757766 0 21.64432081
4 18837954 0.929311947425948 21.64432081
4 18994381 1.85533972189982 21.78969029
4 19034870 2.16600615455412 21.86481114
4 19069641 0 21.94012534
4 19115874 0 21.94012534
4 19200647 1.11398797235433 21.94012534
4 19245211 5.49232571750139 21.9897691
4 19289636 6.94246053182184 22.23376567
4 19315923 0 22.41626213
4 19348580 0 22.41626213
4 19406201 0 22.41626213
4 19469354 0 22.41626213
4 19511881 2.36685898394279 22.41626213
4 19578767 4.92322703304867 22.57457186
4 19646092 0 22.90602812
4 19685555 0 22.90602812
4 19711700 0 22.90602812
4 19783036 0 22.90602812
4 19881613 4.41724418801971 22.90602812
4 19958222 0 23.24442878
4 19993580 7.85955252338673 23.24442878
4 20027146 1.29176681072546 23.50824252
4 20048665 0 23.53604005
4 20089949 0 23.53604005
4 20123515 0 23.53604005
4 20178396 0 23.53604005
4 20205649 0 23.53604005
4 20303118 0 23.53604005
4 20329251 0 23.53604005
4 20372464 0 23.53604005
4 20430208 0 23.53604005
4 20477053 0 23.53604005
4 20500429 0 23.53604005
4 20530946 1.83393583796436 23.53604005
4 20551974 1.83393583796459 23.5746040528007
4 20574492 0.597194939137718 23.61590062
4 20607846 1.51629782937912 23.63581946
4 20637561 0 23.68087625
4 20652215 0 23.68087625
4 20672262 0.163186536406579 23.68087625
4 20698466 0.650262122785448 23.68515239
4 20730245 1.48450603334341 23.70581707
4 20753698 0.947919877675825 23.74063319
4 20802748 2.16627477047062 23.78712866
4 20826819 0 23.83927306
4 20862531 0 23.83927306
4 20891559 0.263110978163407 23.83927306
4 20924989 1.40478991596635 23.84806886
4 20974731 0 23.91794592
4 21023255 0.256787275626208 23.91794592
4 21062141 1.06057603272346 23.92793135
4 21106635 0.0603239971012272 23.97512062
4 21130092 0.389668612709386 23.97653564
4 21153901 2.23261042498305 23.98581326
4 21223292 0 24.14073633
4 21255897 0 24.14073633
4 21278900 0.460008833511559 24.14073633
4 21321918 0.734329758713132 24.16052499
4 21383090 2.34579780795387 24.20544541
4 21473964 2.3101565503288 24.41861744
4 21513504 1.27390283911671 24.50996103
4 21576904 3.59236351462716 24.59072647
4 21635152 0.121838227207713 24.79997446
4 21671524 0 24.80440596
4 21711802 1.29496987428307 24.80440596
4 21884412 3.94829098360649 25.02793071
4 21916132 5.10656289623361 25.1531705
4 21998943 0 25.57605008
4 22035476 0 25.57605008
4 22084365 0 25.57605008
4 22111851 0 25.57605008
4 22151097 0 25.57605008
4 22237945 0 25.57605008
4 22285549 2.51368012388491 25.57605008
4 22331398 0 25.6912998
4 22352000 9.75222755792363 25.6912998
4 22380529 2.577417972664 25.9695211
4 22561170 0.42512443313793 26.43510846
4 22606375 1.96648051177544 26.45432621
4 22645142 13.1762052892562 26.53056076
4 22675392 0 26.92914097
4 22702596 0 26.92914097
4 22763246 0 26.92914097
4 22802072 0.912917662824194 26.92914097
4 22867741 2.95198895888517 26.98909136
4 22912664 3.81872300706966 27.12170356
4 22995695 1.34126206543333 27.43877595
4 23173372 0 27.67708737
4 23209116 1.119010278467 27.67708737
4 23313509 1.47499090307627 27.79390421
4 23349785 0 27.84741098
4 23388516 7.33315183309231 27.84741098
4 23421684 0 28.09063696
4 23572668 0 28.09063696
4 23601651 0 28.09063696
4 23682659 7.10723877504015 28.09063696
4 23704374 0 28.24497065
4 23739639 0.386422128176119 28.24497065
4 23798948 0 28.26788896
4 23835238 0 28.26788896
4 23863959 0 28.26788896
4 23971784 0 28.26788896
4 24012373 0 28.26788896
4 24036029 0 28.26788896
4 24060706 0 28.26788896
4 24122462 0.397285321234032 28.26788896
4 24143179 0.49643274204295 28.27611952
4 24206205 0 28.30740769
4 24239851 1.39156356794512 28.30740769
4 24265894 0 28.34364818
4 24288012 1.48040059022845 28.34364818
4 24416098 4.28793398262409 28.53326677
4 24452240 0 28.68824128
4 24489986 0 28.68824128
4 24498873 0 28.68824128
4 24536891 0 28.68824128
4 24583647 0 28.68824128
4 24614217 3.54448227161245 28.68824128
4 24641123 0.835874717365283 28.78360912
4 24810069 0.971337140606599 28.92482681
4 24840537 0.891519765762647 28.95442151
4 24966563 2.08679993427895 29.06677618
4 25057858 0 29.25729058
4 25081061 0 29.25729058
4 25103411 1.37847149240392 29.25729058
4 25187336 1.49709570090189 29.3729788
4 25244441 0.907248763009566 29.45847045
4 25267885 1.59973619076375 29.47973999
4 25301015 0.191237299088449 29.53273925
4 25373746 2.21978203000203 29.54664813
4 25405677 1.57060569759431 29.61752799
4 25466615 0 29.71323756
4 25553014 2.01524484577797 29.71323756
4 25583911 1.21402530606328 29.77550258
4 25666737 0 29.87605544
4 25701635 0 29.87605544
4 25742989 5.19309751308899 29.87605544
4 25773549 1.03350361197113 30.0347565
4 25856883 4.19658210332098 30.12088249
4 25880731 0 30.22096258
4 25907831 3.38455039602434 30.22096258
4 25933587 0.076211879259958 30.30813506
4 26010612 1.58784476222847 30.31400528
4 26087114 5.30317061275149 30.43547858
4 26109668 0.738817020961169 30.55508629
4 26163625 1.95953259361996 30.59495064
4 26206885 0 30.67972002
4 26235250 1.81440270059248 30.67972002
4 26257023 0.379218957050303 30.71922501
4 26282681 0 30.72895501
4 26323846 0 30.72895501
4 26349932 0.495148851065598 30.72895501
4 26397933 0 30.75272265
4 26456038 0.38639505504423 30.75272265
4 26511448 2.03650246805067 30.7741328
4 26541026 0 30.83436847
4 26573580 1.20073046998219 30.83436847
4 26611624 0 30.88004906
4 26648480 1.25490967190013 30.88004906
4 26688224 0.355710336282883 30.92992419
4 26746730 0.355710336282749 30.9507353789346
4 26796377 3.06626696215492 30.96839533
4 26825707 0 31.05832894
4 26854185 0 31.05832894
4 26901086 0 31.05832894
4 26934291 0 31.05832894
4 26981345 0 31.05832894
4 27021431 1.0891973978619 31.05832894
4 27045565 0 31.08461563
4 27094376 0 31.08461563
4 27127668 5.30859575440706 31.08461563
4 27162669 0 31.27042179
4 27194794 0 31.27042179
4 27230191 0 31.27042179
4 27282816 0 31.27042179
4 27365699 1.16196307300504 31.27042179
4 27441091 0.0835284704627087 31.35802451
4 27463588 0 31.35990365
4 27536078 3.43327973460835 31.35990365
4 27587323 0 31.53584207
4 27630616 3.35093437218169 31.53584207
4 27698255 5.9547043999456 31.76249592
4 27727619 0 31.93734986
4 27806907 0 31.93734986
4 27869991 1.04041259305744 31.93734986
4 27892289 1.95500119752658 31.96054898
4 27984145 0.38492557412544 32.14012757
4 28025730 0 32.1561347
4 28080299 0.405003333427174 32.1561347
4 28186796 4.47727664852987 32.19926634
4 28222267 0 32.35807982
4 28253982 0 32.35807982
4 28307693 5.20387300570632 32.35807982
4 28342041 0.255499421365424 32.53682245
4 28367100 0.923819035551878 32.54322501
4 28407351 0 32.58040965
4 28525757 0 32.58040965
4 28552591 0 32.58040965
4 28575072 5.83171375717005 32.58040965
4 28650211 0 33.01859879
4 28717072 0 33.01859879
4 28755034 0 33.01859879
4 28801888 0 33.01859879
4 28896262 0 33.01859879
4 28939049 0 33.01859879
4 29093215 0.986677705708312 33.01859879
4 29348370 0 33.27035454
4 29383460 0 33.27035454
4 29426122 1.22236389975769 33.27035454
4 29499983 1.77503738541473 33.36063956
4 29571000 0 33.48669739
4 29633678 0.0780758678054988 33.48669739
4 29794774 0 33.4992751
4 29832636 0 33.4992751
4 29919319 0 33.4992751
4 29943313 0 33.4992751
4 29973345 0.377316270981395 33.4992751
4 30105605 0 33.54917895
4 30212321 0.322904625807173 33.54917895
4 30297344 0 33.57663327
4 30332111 0 33.57663327
4 30362161 2.59106303191874 33.57663327
4 30430428 2.37836954852586 33.75351737
4 30456476 0 33.81546914
4 30511081 0 33.81546914
4 30585439 1.32110401127892 33.81546914
4 30629415 0 33.87356601
4 30668053 0.329503364737559 33.87356601
4 30697773 0.556892872005133 33.88335885
4 30731415 4.68502239495284 33.90209384
4 30788794 0 34.17091574
4 30867683 1.27608299748122 34.17091574
4 30947083 0 34.27223673
4 31019317 0 34.27223673
4 31051367 0.866074946308156 34.27223673
4 31172894 1.41296040458873 34.37748822
4 31205322 1.43301057777197 34.4233077
4 31449986 0 34.7739138
4 31578995 0.640272647471898 34.7739138
4 31635955 0.751473622824417 34.81038373
4 31680539 0 34.84388743
4 31715516 0 34.84388743
4 31759087 5.11558186837102 34.84388743
4 31772853 1.26486325656726 34.91430853
4 31854356 0 35.01739868
4 31879325 0 35.01739868
4 31983419 0 35.01739868
4 32010653 0 35.01739868
4 32071130 0 35.01739868
4 32258867 0 35.01739868
4 32392946 2.03639437625475 35.01739868
4 32563793 0 35.36531055
4 32641770 0 35.36531055
4 32667619 3.74557758527944 35.36531055
4 32704791 0 35.50454116
4 32903859 1.61958435728556 35.50454116
4 32964897 0 35.60339735
4 33009376 0 35.60339735
4 33122529 0 35.60339735
4 33175457 4.08496756562781 35.60339735
4 33211684 3.17203422234988 35.75138347
4 33243067 0.912867210514345 35.85093142
4 33287197 0 35.89121625
4 33325825 0 35.89121625
4 33375916 0 35.89121625
4 33411976 2.49625646015771 35.89121625
4 33458221 0 36.00665563
4 33465954 0 36.00665563
4 33491475 0 36.00665563
4 33518290 0 36.00665563
4 33555283 0 36.00665563
4 33588842 2.00509150923161 36.00665563
4 33626106 0 36.08137336
4 33665235 0 36.08137336
4 33711848 0.52017745435969 36.08137336
4 33751013 0 36.10174611
4 33795400 1.01923513350596 36.10174611
4 33823601 1.50640797244086 36.13048956
4 33843921 0 36.16109977
4 33844286 0 36.16109977
4 33876391 0 36.16109977
4 33916387 0.58341479354861 36.16109977
4 33959230 0.347690095846595 36.18609501
4 33987400 1.06421298954862 36.19588944
4 34161540 0.129298966019684 36.38121149
4 34289879 1.74625445519354 36.39780559
4 34321303 3.7729390752366 36.45267989
4 34406687 0 36.77482852
4 34467666 0 36.77482852
4 34504581 0 36.77482852
4 34564005 0 36.77482852
4 34590723 0 36.77482852
4 34686027 0 36.77482852
4 34742329 0 36.77482852
4 34778313 1.1532732792186 36.77482852
4 34823772 0 36.82725517
4 34942975 0.333905045454737 36.82725517
4 35181784 0.508509701614161 36.9069947
4 35243114 0 36.9381816
4 35274417 0 36.9381816
4 35347999 0 36.9381816
4 35381822 0 36.9381816
4 35407175 2.17446001311064 36.9381816
4 35431583 1.43385710479239 36.99125582
4 35457854 0.534842735560169 37.02892468
4 35487581 0.430239880059896 37.04482395
4 35531603 0.585176028534949 37.06376397
4 35568330 0 37.08525573
4 35590051 0.874691377590513 37.08525573
4 35697318 0 37.17908125
4 35729098 0.365128838686886 37.17908125
4 35765927 2.76969289906597 37.19252858
4 35790121 0 37.25953853
4 35813626 0 37.25953853
4 35840146 0.49170510926775 37.25953853
4 35866549 0.501333690191967 37.27252102
4 35890835 0.679289989397743 37.28469641
4 35920074 0 37.30455817
4 35971843 0 37.30455817
4 36039808 0 37.30455817
4 36089192 0 37.30455817
4 36195941 4.40164987581271 37.30455817
4 36231774 1.16306832546606 37.46228249
4 36356764 0 37.6076544
4 36381457 0.00722600112513367 37.6076544
4 36420563 0.985918956539593 37.60793698
4 36439960 1.50153043174983 37.62706085
4 36480099 0.917349716626158 37.68733078
4 36585084 3.2287678853334 37.78363874
4 36624991 0 37.91248918
4 36665416 1.01878701803257 37.91248918
4 36719984 0.149371158249953 37.96808235
4 36786360 0.798883326985491 37.97799701
4 36841497 0 38.02204504
4 36897202 3.08096602972384 38.02204504
4 36929230 0 38.12072222
4 36942637 0 38.12072222
4 36966333 3.99714232084782 38.12072222
4 36990307 0 38.21654971
4 37083351 0.433801702917509 38.21654971
4 37132913 0 38.23804979
4 37162499 1.09370508082625 38.23804979
4 37206606 0 38.28628984
4 37228637 0 38.28628984
4 37260138 2.9921993341655 38.28628984
4 37308198 0.897173805090204 38.43009494
4 37340418 0.95061145898542 38.45900188
4 37372358 3.50980609002431 38.48936441
4 37412325 0.00783691615923069 38.62964083
4 37451912 3.14826503271088 38.62995107
4 37525435 0 38.86142096
4 37557056 0.157660378701629 38.86142096
4 37697536 0.460829416066019 38.88356909
4 37735828 0 38.90121517
4 37781358 8.1405117155435 38.90121517
4 37834962 2.51738908382788 39.33757916
4 37889395 0.148028675765625 39.4746082
4 37982226 4.99791670398566 39.48834985
4 38004556 0 39.59995333
4 38029032 1.16487792770442 39.59995333
4 38051191 0.488211836308354 39.62576586
4 38073208 5.08496873558506 39.63651482
4 38112230 0 39.83494047
4 38150074 1.68376253560308 39.83494047
4 38301044 0 40.0891381
4 38363077 3.04918520041122 40.0891381
4 38387402 0 40.16330953
4 38467787 0 40.16330953
4 38495028 0 40.16330953
4 38577586 0.970949628695486 40.16330953
4 38606134 0 40.1910282
4 38631379 0 40.1910282
4 38654540 2.07337288084552 40.1910282
4 38720958 0.302029015885375 40.32873748
4 38854540 1.5121487320949 40.36908312
4 38933568 0 40.48858521
4 39023860 0 40.48858521
4 39056475 0 40.48858521
4 39096904 1.39445135815053 40.48858521
4 39253919 0 40.70753499
4 39299282 0.0186259147653115 40.70753499
4 39345742 0.254677210475097 40.70840035
4 39432997 0 40.73062221
4 39484834 0 40.73062221
4 39518865 2.47670148508117 40.73062221
4 39562903 0 40.83969119
4 39646984 0 40.83969119
4 39687661 2.26782215350171 40.83969119
4 39718058 0 40.90862618
4 39753002 0 40.90862618
4 39786318 0 40.90862618
4 39865501 2.20123673202246 40.90862618
4 39900642 0 40.98597984
4 39937192 0 40.98597984
4 40104843 0.0640635163932479 40.98597984
4 40158341 2.80693411099054 40.98940711
4 40238582 0.7432904168327 41.21463831
4 40502117 0 41.41052135
4 40545187 0 41.41052135
4 40575998 2.86928675301825 41.41052135
4 40605567 2.20327042445558 41.49536329
4 40689180 1.54045880093606 41.67958534
4 40722506 0.029774306911384 41.73092267
4 40850556 1.59261663939042 41.73473527
4 40925102 0 41.85345847
4 40946237 0 41.85345847
4 40974337 3.18224822639341 41.85345847
4 41012536 0 41.97501717
4 41024109 0 41.97501717
4 41057877 0 41.97501717
4 41096799 0.862768314752675 41.97501717
4 41169186 3.32370945778645 42.03747038
4 41201498 8.74897612232065 42.14486608
4 41230144 0 42.39548925
4 41346098 0 42.39548925
4 41400156 0 42.39548925
4 41434124 0 42.39548925
4 41553518 0 42.39548925
4 41668377 0 42.39548925
4 41727384 0 42.39548925
4 41815635 0 42.39548925
4 41837832 0 42.39548925
4 41866810 0 42.39548925
4 41947025 0 42.39548925
4 41973807 0 42.39548925
4 42001110 0 42.39548925
4 42048079 0 42.39548925
4 42098743 0 42.39548925
4 42245395 0.0351090240915653 42.39548925
4 42282130 0 42.39677898
4 42305789 0 42.39677898
4 42342470 0 42.39677898
4 42392476 3.6847766836514 42.39677898
4 42459399 0.949156189241707 42.64337529
4 42497974 0 42.67998899
4 42583028 0.0239955960852426 42.67998899
4 42849609 2.30675388661408 42.68638576
4 42939726 0.662225526017302 42.8942635
4 42979411 1.82750022666342 42.92054392
4 43056618 0.528546532660201 43.06163973
4 43120197 0.126551464525109 43.09524419
4 43203876 0 43.10583389
4 43292970 0 43.10583389
4 43321772 0 43.10583389
4 43366471 1.25640465380248 43.10583389
4 43475715 0 43.24308856
4 43528807 0.27090810262362 43.24308856
4 43625393 0.653383122135322 43.26925449
4 43681028 0.235849458167302 43.30560546
4 43942271 0 43.36721948
4 43988798 1.7452830270583 43.36721948
4 44057908 0 43.48783599
4 44121669 0.0318868197824859 43.48783599
4 44232130 4.89813598996806 43.49135824
4 44268015 0.368082790467635 43.66712785
4 44304396 1.04567009577875 43.68051907
4 44332586 0.615944945419852 43.70999651
4 44374726 2.44771873304395 43.73595243
4 44433702 0 43.88030909
4 44456308 0 43.88030909
4 44554757 0 43.88030909
4 44599064 0 43.88030909
4 44646802 3.80843889152074 43.88030909
4 44689022 0 44.04110138
4 44713603 0 44.04110138
4 44729017 0 44.04110138
4 44753880 0 44.04110138
4 44782489 0 44.04110138
4 44814712 0.333856879228707 44.04110138
4 44839097 0.702541348471014 44.04924248
4 44863584 0.929951108064866 44.06644561
4 44885469 0 44.08679759
4 44908985 0.1332783598175 44.08679759
4 45048628 0 44.10540898
4 45074558 0 44.10540898
4 45095680 0 44.10540898
4 45161683 0 44.10540898
4 45208793 0 44.10540898
4 45248806 0 44.10540898
4 45313027 0 44.10540898
4 45337849 0.739505294717979 44.10540898
4 45400553 0 44.15177892
4 45446553 2.7665267710302 44.15177892
4 45479387 0 44.24261506
4 45539741 0 44.24261506
4 45597060 0 44.24261506
4 45618675 0 44.24261506
4 45682029 0 44.24261506
4 45708458 2.40593216108274 44.24261506
4 45744514 0 44.32936335
4 45779722 0 44.32936335
4 45820330 0 44.32936335
4 45875396 1.61043398915463 44.32936335
4 45932932 0.281895351687788 44.42202128
4 46026751 0 44.44846842
4 46086251 2.42809122927585 44.44846842
4 46109533 0 44.50499924
4 46190578 0 44.50499924
4 46212366 0 44.50499924
4 46242543 0.512116395184656 44.50499924
4 46311240 1.32904440538361 44.5401801
4 46389181 0 44.64376715
4 46562939 0 44.64376715
4 46618372 0 44.64376715
4 46640654 0 44.64376715
4 46666074 0 44.64376715
4 46708987 0 44.64376715
4 46738296 0.0228360277867697 44.64376715
4 46864543 0 44.64665013
4 46894686 0 44.64665013
4 46921993 0 44.64665013
4 46943050 0 44.64665013
4 46989439 0.22305355679705 44.64665013
4 47056564 6.40296371733334 44.6616226
4 47085531 0 44.84709725
4 47123170 0 44.84709725
4 47155659 0 44.84709725
4 47190294 0 44.84709725
4 47228083 0.794042363316737 44.84709725
4 47266182 0.826779309655836 44.87734947
4 47346258 0 44.94355465
4 47423462 1.35739390479962 44.94355465
4 47463756 4.50029719931485 44.99824948
4 47488857 0 45.11121144
4 47513570 0 45.11121144
4 47546933 0 45.11121144
4 47570007 0 45.11121144
4 47595277 0 45.11121144
4 47634872 0 45.11121144
4 47674986 0 45.11121144
4 47697476 0 45.11121144
4 47751036 0 45.11121144
4 47781004 0.218233341495946 45.11121144
4 48001522 1.27915662459689 45.15933582
4 48127741 0.213914132536689 45.32078969
4 48150497 0.400086071987123 45.32565752
4 48155609 1.02802239585509 45.32770276
4 48179542 0 45.35230642
4 48244839 0 45.35230642
4 48307294 0 45.35230642
4 48335958 0 45.35230642
4 48370072 0 45.35230642
4 48408851 0 45.35230642
4 48496688 0 45.35230642
4 48540768 0 45.35230642
4 48591927 0.109033753634694 45.35230642
4 48666556 1.10336707324847 45.3604435
4 48697874 1.03455903259803 45.39499875
4 48757663 1.32009298548901 45.456854
4 48795841 3.96492104085422 45.50725251
4 48827123 0 45.63128317
4 48851345 0 45.63128317
4 48952233 0 45.63128317
4 48996098 0 45.63128317
4 49040661 1.55898459383746 45.63128317
4 49093497 2.12947292911249 45.71365368
4 49136015 3.54830216366408 45.80419461
4 49168044 0 45.91784318
4 49216223 0 45.91784318
4 49257006 3.18574209639801 45.91784318
4 49318750 0 46.11454364
4 49339002 0 46.11454364
4 49364306 0 46.11454364
4 49384807 0 46.11454364
4 49415313 1.37032869938798 46.11454364
4 49439986 0 46.14835376
4 49461342 5.21740841963951 46.14835376
4 49482198 0 46.25716803
4 49523314 0 46.25716803
4 49546705 0 46.25716803
4 49580096 0 46.25716803
4 49629161 0 46.25716803
4 49723245 0 46.25716803
4 49751560 0 46.25716803
4 49813182 0.428314262080244 46.25716803
4 49842196 0 46.26959514
4 49888592 0 46.26959514
4 50020297 0 46.26959514
4 50042121 0 46.26959514
4 50167432 0.560522744531352 46.26959514
4 50208255 0.581519907748424 46.29247736
4 50239474 5.59468003107075 46.31063183
4 50306418 0 46.68516209
4 50382468 0 46.68516209
4 50387403 0 46.68516209
4 50634502 1.9478259755291 46.68516209
4 50755462 2.68329870703942 46.92077112
4 50855001 0 47.18786399
4 51038233 3.38480939144254 47.18786399
4 51078525 0 47.32424473
4 51114124 2.08636425570577 47.32424473
4 51149352 0 47.39774317
4 51179378 0 47.39774317
4 51252859 0.766938052616277 47.39774317
4 51363243 1.21227502527815 47.48240086
4 51407748 0.380333882934969 47.53635316
4 51434434 0 47.54650275
4 51502627 0 47.54650275
4 51576527 0.496656407386634 47.54650275
4 51637285 0.192722140189478 47.5766786
4 51683337 0 47.58555384
4 51708061 0.675867950239306 47.58555384
4 51730810 0 47.60092916
4 51805909 0 47.60092916
4 51831608 0 47.60092916
4 52001133 6.78195415959272 47.60092916
4 52030583 0 47.80065771
4 52112139 1.27130634565652 47.80065771
4 52226611 1.55186433031375 47.94618669
4 52282025 0 48.0321817
4 52315044 0.952755864855695 48.0321817
4 52359589 1.71018472313417 48.07462221
4 52382434 0 48.11369138
4 52488450 0 48.11369138
4 52510424 0 48.11369138
4 52535885 0.896930079039691 48.11369138
4 52661012 3.94597873843977 48.22592155
4 52693559 0 48.35435132
4 52830377 0 48.35435132
4 52862909 0 48.35435132
4 52927347 1.40408754996845 48.35435132
4 53003395 0 48.46112937
4 53087136 1.31936953899562 48.46112937
4 53121127 0.945992694841591 48.50597606
4 53210379 0 48.5904078
4 53246761 0 48.5904078
4 53292836 0 48.5904078
4 53366879 0.919355386623012 48.5904078
4 53463433 2.32796510087437 48.67917524
4 53516271 1.97313184406487 48.80218026
4 53543667 1.00269952083711 48.85623618
4 53613998 0 48.92675704
4 53659215 0 48.92675704
4 53686289 0 48.92675704
4 53713282 0 48.92675704
4 53747397 0 48.92675704
4 53768333 0 48.92675704
4 53799375 0 48.92675704
4 53830035 0 48.92675704
4 53887527 1.06905026762733 48.92675704
4 54068936 0 49.12069238
4 54098770 0 49.12069238
4 54130613 0.716252061331154 49.12069238
4 54159114 0 49.14110628
4 54199834 0 49.14110628
4 54232335 0 49.14110628
4 54264127 0 49.14110628
4 54391051 0 49.14110628
4 54466948 0 49.14110628
4 54517494 0 49.14110628
4 54558116 0 49.14110628
4 54588923 2.03884217074681 49.14110628
4 54616250 0.454163325058991 49.19682172
4 54647672 0.503191143542299 49.21109244
4 54735653 0.919421072013688 49.2553637
4 54814402 0 49.32776719
4 54993341 0 49.32776719
4 55031477 0 49.32776719
4 55064396 0 49.32776719
4 55119203 0 49.32776719
4 55247076 0 49.32776719
4 55274927 0 49.32776719
4 55301993 0 49.32776719
4 55336428 0 49.32776719
4 55367536 0 49.32776719
4 55403027 0.614864334749788 49.32776719
4 55430558 3.29038494231932 49.34469502
4 55471733 0 49.48017662
4 55579875 0 49.48017662
4 55648043 0 49.48017662
4 55737238 0.0851862805979899 49.48017662
4 56022265 0 49.50445701
4 56059409 1.04677244916872 49.50445701
4 56091771 0 49.53833266
4 56119324 0 49.53833266
4 56189947 0 49.53833266
4 56212197 0.527882559409749 49.53833266
4 56379720 2.8242082460215 49.62676513
4 56415034 0.310724956707859 49.72649922
4 56449105 1.50398913747663 49.73708593
4 56561786 0 49.90655693
4 56680255 0.552206801235701 49.90655693
4 56766357 0 49.95410304
4 56793643 0 49.95410304
4 56820961 0 49.95410304
4 56847089 0 49.95410304
4 56885166 3.14863006998299 49.95410304
4 56911744 1.53078566359096 50.03778733
4 56939924 0 50.08092487
4 56977371 0 50.08092487
4 57013997 0 50.08092487
4 57056675 0 50.08092487
4 57094891 0 50.08092487
4 57187364 3.77266451831733 50.08092487
4 57210948 0 50.16989939
4 57264079 0 50.16989939
4 57308028 0 50.16989939
4 57378431 0 50.16989939
4 57421426 1.68570281857161 50.16989939
4 57443352 0 50.20686011
4 57463786 0 50.20686011
4 57508960 1.12313181473051 50.20686011
4 57574810 0.321111777727201 50.28081834
4 57623147 0 50.29633992
4 57661880 0.425824704443485 50.29633992
4 57710940 0.246525404263046 50.31723088
4 57754476 4.33238718433454 50.32796361
4 57775107 0 50.41734509
4 57810438 3.61276345933579 50.41734509
4 57841866 0 50.53088702
4 57942652 0 50.53088702
4 57985447 0 50.53088702
4 58032022 0 50.53088702
4 58070541 1.68436828355967 50.53088702
4 58104227 1.18700578222625 50.58762665
4 58147290 2.30912068932057 50.63874268
4 58198819 0.0577565545178514 50.75772936
4 58241282 0.0577565545175287 50.7601818765745
4 58269915 0 50.76183562
4 58305146 0 50.76183562
4 58326318 0 50.76183562
4 58392104 0 50.76183562
4 58437736 0 50.76183562
4 58478967 4.07275673469404 50.76183562
4 58515717 0 50.91150943
4 58552828 0 50.91150943
4 58574397 0 50.91150943
4 58607490 0 50.91150943
4 58628868 0 50.91150943
4 58650720 0 50.91150943
4 58716728 1.12152118900812 50.91150943
4 58772842 0 50.97444247
4 58841554 0 50.97444247
4 58877494 0 50.97444247
4 58916379 2.59156807537913 50.97444247
4 58952251 0 51.0674072
4 59089497 0 51.0674072
4 59132820 3.29668359675188 51.0674072
4 59162747 0 51.16606705
4 59208529 0 51.16606705
4 59234606 0 51.16606705
4 59296142 0 51.16606705
4 59339276 4.4946388140162 51.16606705
4 59368956 0.998460228771473 51.29946793
4 59410657 0 51.34110472
4 59421575 0.577441564602408 51.34110472
4 59467951 3.40220571103845 51.36788415
4 59503146 1.04854511815683 51.48762478
4 59526928 0.293530611049217 51.51256128
4 59612273 5.25059865138985 51.53761265
4 59666996 0 51.82494116
4 59706564 0 51.82494116
4 59730602 0 51.82494116
4 59761221 3.71516170461062 51.82494116
4 59769786 0 51.85676152
4 59797205 0 51.85676152
4 59818356 0 51.85676152
4 59877069 8.56751226096775 51.85676152
4 59899294 0 52.04717448
4 59934845 0 52.04717448
4 59964328 0 52.04717448
4 60043761 0 52.04717448
4 60083966 0 52.04717448
4 60132585 1.20022943338815 52.04717448
4 60164141 0.459625006065981 52.08504892
4 60246569 0 52.12293489
4 60288317 0.749207472130148 52.12293489
4 60371292 0 52.18510038
4 60392991 1.66672646850656 52.18510038
4 60421251 1.09066496436829 52.23220207
4 60524249 1.44028205592782 52.34453838
4 60573920 0 52.41607863
4 60622595 0 52.41607863
4 60682372 0 52.41607863
4 60705326 2.77965036330998 52.41607863
4 60730924 3.58651672082311 52.48723212
4 60760468 0 52.59319217
4 60784303 4.53610325134648 52.59319217
4 60815121 0 52.7329858
4 60871913 0 52.7329858
4 60919555 0 52.7329858
4 60944790 0 52.7329858
4 60970503 0 52.7329858
4 61038754 0 52.7329858
4 61066181 0 52.7329858
4 61099796 0 52.7329858
4 61136165 0.301262156064566 52.7329858
4 61174726 0.746879045529361 52.74460277
4 61247646 0 52.79906519
4 61270873 0 52.79906519
4 61295304 0 52.79906519
4 61322228 0 52.79906519
4 61411164 0.627878472583444 52.79906519
4 61439997 0.289688205649623 52.81716881
4 61506868 0 52.83654055
4 61543875 0 52.83654055
4 61611130 0 52.83654055
4 61654663 2.73641104409424 52.83654055
4 61681356 0 52.90958357
4 61714108 1.67063881843931 52.90958357
4 61781138 2.50207818733067 53.02156649
4 61812473 0.472227906308412 53.09996911
4 61916858 0.685251658212962 53.14926262
4 61939925 3.59879747289813 53.16506932
4 61967783 0 53.26532462
4 62007579 0 53.26532462
4 62039188 0 53.26532462
4 62069745 0 53.26532462
4 62140764 0 53.26532462
4 62161649 2.13419171405384 53.26532462
4 62197348 0 53.34151313
4 62228844 0 53.34151313
4 62251912 7.20081931832036 53.34151313
4 62276469 0.408739832442088 53.51834365
4 62333882 0 53.54181063
4 62357256 1.74143787471572 53.54181063
4 62386278 1.03715826394811 53.59235064
4 62447290 0 53.65562974
4 62482335 0 53.65562974
4 62573018 6.63647890782287 53.65562974
4 62593381 0.536801699029179 53.79076836
4 62634581 0 53.81288459
4 62670422 2.4609871864284 53.81288459
4 62703668 0 53.89470257
4 62733153 2.30808831536529 53.89470257
4 62751519 0 53.93709292
4 62884886 2.31889475412919 53.93709292
4 62927510 1.44895235083712 54.03593349
4 62978109 1.64073090817433 54.10924903
4 63049527 0 54.22642675
4 63083724 0 54.22642675
4 63146701 4.78285613641405 54.22642675
4 63223350 3.4413242580997 54.59302789
4 63260080 0.959259659817306 54.71942773
4 63280422 2.56741926448741 54.73894099
4 63316125 0.0676404310526383 54.83060556
4 63444462 0.86116346236716 54.83928633
4 63467660 0 54.8592636
4 63512286 1.21489389662219 54.8592636
4 63656108 0 55.03399207
4 63826138 0.872126563649927 55.03399207
4 63890011 0.613214023580862 55.08969741
4 63954046 1.80986195965422 55.12896457
4 63988746 3.01108358547624 55.19176678
4 64020474 0 55.28730244
4 64096251 3.29293128564717 55.28730244
4 64136752 0 55.42066945
4 64156852 0 55.42066945
4 64183427 0.925003221569047 55.42066945
4 64383640 0.327594174865404 55.60586712
4 64527362 0.342208908569905 55.65294961
4 64596464 1.90423532017802 55.67659693
4 64650637 0.492635362714854 55.77975507
4 64776521 0 55.84176998
4 64824826 0 55.84176998
4 64865479 0 55.84176998
4 64895434 0 55.84176998
4 64924442 3.38925608757173 55.84176998
4 64951300 5.31700662713648 55.93279862
4 64979970 0 56.0852372
4 65005030 0 56.0852372
4 65059400 0.912734826459893 56.0852372
4 65170844 0 56.18695602
4 65212561 0 56.18695602
4 65401531 3.87205794268138 56.18695602
4 65449613 1.16495765219991 56.37313231
4 65586456 0 56.53254861
4 65615404 0 56.53254861
4 65640777 0 56.53254861
4 65679259 0 56.53254861
4 65712709 0 56.53254861
4 65757109 0 56.53254861
4 65780006 0 56.53254861
4 65887160 4.13489607457157 56.53254861
4 65921704 0 56.67538446
4 65945948 4.60533856502238 56.67538446
4 65968248 0 56.77808351
4 65997571 0 56.77808351
4 66020911 0 56.77808351
4 66082279 0 56.77808351
4 66103436 0 56.77808351
4 66129484 0.001609074011429 56.77808351
4 66153156 6.18709613332841 56.7781216
4 66180337 0 56.94629306
4 66219758 1.36751668079397 56.94629306
4 66265769 0 57.00921387
4 66351372 0.518095868374323 57.00921387
4 66400481 2.70691160452474 57.03465704
4 66424351 0 57.09927102
4 66504351 0.887060938342512 57.09927102
4 66548855 4.03422110731564 57.13874878
4 66576959 0 57.25212653
4 66647902 0 57.25212653
4 66684784 0 57.25212653
4 66715652 0 57.25212653
4 66753486 5.83199769536974 57.25212653
4 66791670 0 57.47481553
4 66882641 0 57.47481553
4 66948425 0.964289606148558 57.47481553
4 67059279 0.418809529780697 57.58171089
4 67099154 0.0156355565804628 57.59841092
4 67168542 0.968020009306615 57.59949584
4 67207224 0 57.63694079
4 67253953 5.83232661504488 57.63694079
4 67325499 0 58.05422043
4 67350669 0 58.05422043
4 67374218 1.21184555243119 58.05422043
4 67432542 0.31293779218429 58.12490011
4 67587410 0 58.17336416
4 67613839 2.68037378176964 58.17336416
4 67692334 1.05072145655856 58.3837601
4 67743633 1.19503077000052 58.43766106
4 67803594 0 58.5093163
4 67863247 0 58.5093163
4 67980140 1.723925494651 58.5093163
4 68001266 0 58.54573595
4 68076862 1.61930790819885 58.54573595
4 68127101 0 58.62708836
4 68147700 1.46038523002983 58.62708836
4 68319156 0 58.87748017
4 68369426 0 58.87748017
4 68429731 0 58.87748017
4 68489355 0 58.87748017
4 68557052 1.53616567358421 58.87748017
4 68586254 0 58.92233928
4 68669575 3.91899885021996 58.92233928
4 68705234 0 59.06208686
4 68767481 0 59.06208686
4 68808125 0.781177526896854 59.06208686
4 68936207 1.0110661728636 59.16214164
4 68976979 0 59.20336483
4 69045936 0.210661061992194 59.20336483
4 69085070 0 59.21160884
4 69236841 1.72307953818707 59.21160884
4 69325968 0 59.36518175
4 69373135 2.28208951098171 59.36518175
4 69412929 1.60616849361516 59.45599522
4 69466023 0 59.54127313
4 69495047 0.754828054258222 59.54127313
4 69607030 0 59.62580104
4 69627336 0.429769363487931 59.62580104
4 69734561 0.899670570917399 59.67188306
4 69813364 0 59.7427798
4 69841418 0 59.7427798
4 69886479 0 59.7427798
4 69934722 0 59.7427798
4 69955182 0 59.7427798
4 69987659 0.270226090962903 59.7427798
4 70018045 0 59.75099089
4 70045272 0.334550685217917 59.75099089
4 70073949 0 59.7605848
4 70201858 0 59.7605848
4 70230001 1.27092495219917 59.7605848
4 70250921 0.0902101649793048 59.78717255
4 70279470 0.085086537758657 59.78974796
4 70388902 1.72978390872073 59.79905915
4 70416159 0.837541935980447 59.84620787
4 70442151 0 59.86797726
4 70539870 0 59.86797726
4 70581054 0.0911174501227848 59.86797726
4 70610326 1.09469945355172 59.87064445
4 70638508 0 59.90149527
4 70663356 0 59.90149527
4 70708025 1.99230631233305 59.90149527
4 70740913 0.326535822074205 59.96701824
4 70904262 1.26447255150998 60.02035754
4 70960950 0 60.09203796
4 70981392 0.921170547514073 60.09203796
4 71005227 0.3667341818185 60.11399406
4 71032727 2.90751746529303 60.12407925
4 71077387 0 60.25392898
4 71101797 0 60.25392898
4 71151729 0 60.25392898
4 71173356 3.0437959398809 60.25392898
4 71298574 0 60.63506702
4 71447235 0 60.63506702
4 71497071 0 60.63506702
4 71526199 1.81112271959283 60.63506702
4 71619713 0 60.80443235
4 71823194 1.59121458869861 60.80443235
4 71876002 0.676711865226123 60.88846121
4 72082867 4.0624866207951 61.02844921
4 72119491 3.2722409950194 61.17723372
4 72155832 0.31740345528455 61.29615023
4 72246360 0 61.32488413
4 72324871 0 61.32488413
4 72465978 2.94221143360762 61.32488413
4 72532921 7.02699240824258 61.52184459
4 72567959 3.19844571825025 61.76805635
4 72628495 1.86055683398065 61.96167746
4 72670213 0.40503791803695 62.03929617
4 72803395 1.52196839999173 62.09323993
4 72900357 0 62.24081303
4 72923009 0 62.24081303
4 73064273 0 62.24081303
4 73095991 1.49396926241916 62.24081303
4 73129045 0 62.29019469
4 73199829 0.816324663442893 62.29019469
4 73230433 1.36794088572516 62.31517749
4 73260781 0 62.35669176
4 73288742 1.25446154773067 62.35669176
4 73321939 0 62.39833612
4 73368289 0 62.39833612
4 73392097 0 62.39833612
4 73424213 0 62.39833612
4 73463439 0 62.39833612
4 73493416 0 62.39833612
4 73535701 0 62.39833612
4 73571440 0 62.39833612
4 73606213 2.16616689238436 62.39833612
4 73654208 0 62.5023013
4 73677884 3.56130160622426 62.5023013
4 73709760 1.92389677520399 62.61582135
4 73760833 0 62.71408053
4 73792768 0 62.71408053
4 73828897 0 62.71408053
4 73877237 2.65328733869941 62.71408053
4 73924199 1.11061002879632 62.83868421
4 73986360 1.21931727231218 62.90772084
4 74023593 0 62.95311968
4 74056882 0.86289477229843 62.95311968
4 74101414 0.594441651971085 62.99154611
4 74196113 0 63.04783914
4 74229287 0.972996567879519 63.04783914
4 74302711 0 63.11928044
4 74342845 0 63.11928044
4 74454166 0 63.11928044
4 74580984 3.99973339530195 63.11928044
4 74628320 0 63.30861182
4 74678087 0.943534313266427 63.30861182
4 74699449 0 63.3287676
4 74720248 0 63.3287676
4 74806618 2.28588321650094 63.3287676
4 74833865 0 63.39105106
4 74914735 0 63.39105106
4 74941550 0 63.39105106
4 74966310 0 63.39105106
4 74986579 0 63.39105106
4 75006995 0 63.39105106
4 75029410 6.86531024981157 63.39105106
4 75067879 0 63.65515268
4 75093494 0 63.65515268
4 75168184 3.14515267952562 63.65515268
4 75207482 0 63.77875089
4 75308936 0 63.77875089
4 75369659 0.12082217272389 63.77875089
4 75405126 1.00362792877222 63.78303609
4 75437136 0 63.81516222
4 75467077 3.01379338175958 63.81516222
4 75490618 1.67506086206556 63.88610993
4 75541635 0 63.97156651
4 75566919 0.526555136268418 63.97156651
4 75602694 0.992616349525599 63.99040402
4 75757830 0 64.14439455
4 75785106 2.73106655255297 64.14439455
4 75809643 0 64.21140673
4 75876798 0 64.21140673
4 75895448 0 64.21140673
4 75935941 0 64.21140673
4 75956278 0 64.21140673
4 75994815 0 64.21140673
4 76027943 0.238896468311463 64.21140673
4 76069283 0 64.22128271
4 76150526 2.07876743601162 64.22128271
4 76202215 1.90742032616822 64.32873212
4 76247713 3.50080040589171 64.41551593
4 76312755 0 64.64321499
4 76377517 0 64.64321499
4 76409098 0 64.64321499
4 76449707 0.750195329001438 64.64321499
4 76549129 0.85526957250847 64.71780091
4 77016647 0.013859230034024 65.11765483
4 77081533 0.299463636090391 65.1185541
4 77114794 1.51927859787053 65.12851456
4 77158556 4.9134770779738 65.19500123
4 77212587 0 65.46048131
4 77272270 0 65.46048131
4 77313539 2.04302217253567 65.46048131
4 77356475 0 65.54820051
4 77380540 1.8124935373609 65.54820051
4 77462163 0.894570483650882 65.69614167
4 77545012 0 65.77025594
4 77565031 0 65.77025594
4 77636338 7.13215448075783 65.77025594
4 77658399 0 65.9275984
4 77703231 0 65.9275984
4 77752013 2.20913662918902 65.9275984
4 77788301 0 66.00776355
4 77833438 0 66.00776355
4 77864342 0.125145899687898 66.00776355
4 77895425 2.57035098659265 66.01165346
4 77917876 0.0281815707619928 66.06936041
4 78046476 2.09734179254799 66.07298456
4 78071301 0 66.12505107
4 78120093 0 66.12505107
4 78148172 0 66.12505107
4 78182052 0 66.12505107
4 78281567 0.109720736355145 66.12505107
4 78519550 0 66.15116274
4 78559066 0.646705690279903 66.15116274
4 78759970 0.752053028178751 66.2810885
4 78984643 2.61617109649343 66.45005451
4 79040740 0 66.59681386
4 79088581 1.1453832855293 66.59681386
4 79139483 0 66.65511616
4 79207232 0 66.65511616
4 79231632 1.75538589631124 66.65511616
4 79298891 0 66.77318166
4 79369347 0 66.77318166
4 79412562 0 66.77318166
4 79476126 0.279676612368808 66.77318166
4 79563668 0 66.79766511
4 79581997 0 66.79766511
4 79604811 0 66.79766511
4 79628097 0 66.79766511
4 79651895 0 66.79766511
4 79695764 0 66.79766511
4 79708382 0 66.79766511
4 79843398 0 66.79766511
4 79908456 0 66.79766511
4 79930421 4.15558586097195 66.79766511
4 80002392 0.509896517929203 67.09674678
4 80106468 0 67.14981477
4 80128883 0 67.14981477
4 80150755 5.89138691672244 67.14981477
4 80173150 0.736400178651206 67.28175238
4 80224647 0.519393653963955 67.31967478
4 80312765 0 67.36544271
4 80347612 0.349192290300553 67.36544271
4 80400688 0 67.38397644
4 80423235 0 67.38397644
4 80460200 0 67.38397644
4 80495322 1.28992915099956 67.38397644
4 80520587 0 67.4165665
4 80544515 9.62223805836596e-05 67.4165665
4 80687621 8.30687761932056 67.41658027
4 80720788 0 67.69209448
4 80784074 0 67.69209448
4 80911716 0.327649931861522 67.69209448
4 81003441 0 67.72214817
4 81058202 0.196830668905305 67.72214817
4 81099299 0 67.73023732
4 81185186 0 67.73023732
4 81269949 0 67.73023732
4 81304427 14.1209690824469 67.73023732
4 81316459 0 67.90014082
4 81340756 0 67.90014082
4 81404005 0 67.90014082
4 81432770 0.554551590553517 67.90014082
4 81499885 1.53096031188096 67.93735955
4 81578120 0 68.05713423
4 81600782 0 68.05713423
4 81635406 0 68.05713423
4 81651671 3.67786847380795 68.05713423
4 81674617 2.39351446099904 68.1415266
4 81709988 0 68.2261876
4 81760979 0.0975780760542088 68.2261876
4 81813652 0 68.23132733
4 81866760 0 68.23132733
4 81894066 0 68.23132733
4 81922427 0 68.23132733
4 81965971 2.0251737327598 68.23132733
4 82056167 1.6887625838924 68.4139899
4 82094311 0 68.47840606
4 82122068 0 68.47840606
4 82144750 0 68.47840606
4 82183463 1.73248091518112 68.47840606
4 82228394 4.58354982386555 68.55624816
4 82253091 0 68.66944809
4 82300658 0 68.66944809
4 82347285 2.50123265694169 68.66944809
4 82380944 0.488991636321651 68.75363708
4 82476237 0 68.80023456
4 82498161 0.792698833458384 68.80023456
4 82600772 0 68.88157418
4 82649833 0 68.88157418
4 82715307 0.139056359001965 68.88157418
4 82824766 0 68.89679515
4 82856823 0.792231254790131 68.89679515
4 82972946 0 68.98879142
4 83000740 0.864760357865682 68.98879142
4 83038296 0 69.02126836
4 83071733 0 69.02126836
4 83108884 0 69.02126836
4 83166849 0 69.02126836
4 83198958 0.391023374851005 69.02126836
4 83228263 0 69.0327273
4 83266331 0.854007043906707 69.0327273
4 83287626 0.986035560292502 69.05091338
4 83349549 0 69.11197166
4 83387242 0 69.11197166
4 83420381 0 69.11197166
4 83573297 0 69.11197166
4 83605492 0.36635202788991 69.11197166
4 83654829 2.74453255461838 69.13004637
4 83677944 0.113495257725527 69.19348624
4 83806996 0.0302740969933153 69.20813303
4 83896198 2.88924914675761 69.21083354
4 83932237 1.92176366188448 69.31495919
4 84080423 0.761548499755957 69.59973766
4 84133681 0 69.64029621
4 84215114 0 69.64029621
4 84241236 2.34208520964656 69.64029621
4 84281208 0.808239790366993 69.73391404
4 84391496 0.9281555809644 69.82305319
4 84416859 1.16779201404177 69.846594
4 84439649 2.52743693685994 69.87320798
4 84498360 0.173907499310922 70.02159633
4 84527376 0 70.02664243
4 84580012 3.02769141452096 70.02664243
4 84609294 0 70.11529929
4 84636118 0.75316707117725 70.11529929
4 84656307 0.225284157040436 70.13050498
4 84736210 0 70.14850586
4 84766058 0 70.14850586
4 84792163 0 70.14850586
4 84829041 0 70.14850586
4 84856898 2.13119326720805 70.14850586
4 84886841 0 70.21232018
4 84915773 0.779801115851256 70.21232018
4 84961478 0 70.24796099
4 85008727 0 70.24796099
4 85034221 0 70.24796099
4 85066884 0 70.24796099
4 85154300 4.33885209235258 70.24796099
4 85182020 1.58653874479987 70.36823397
4 85232259 0 70.44794009
4 85257645 0.378504656178268 70.44794009
4 85358264 1.77808679516666 70.48602485
4 85470897 0 70.6862961
4 85501472 1.67819919832142 70.6862961
4 85565338 3.06717172050064 70.79347597
4 85595678 1.91574289792845 70.88653396
4 85687447 0 71.06233977
4 85722325 0 71.06233977
4 85782318 2.66981326858928 71.06233977
4 85832979 0 71.19759518
4 85887613 2.79038299239601 71.19759518
4 85934298 0.770798253729556 71.32786421
4 85968886 9.88340758021198 71.35452458
4 86000178 0 71.66379617
4 86035452 0 71.66379617
4 86077441 0 71.66379617
4 86107048 3.0235578430227 71.66379617
4 86149793 0 71.79303815
4 86171841 0.615568910156234 71.79303815
4 86251880 0 71.84230767
4 86283849 0.166147808780263 71.84230767
4 86310478 0 71.84673202
4 86369934 3.40115166195674 71.84673202
4 86407089 0.211935906555045 71.97310181
4 86433800 0 71.97876283
4 86522372 2.03340608241523 71.97876283
4 86607963 0 72.15280409
4 86653223 1.78016693497236 72.15280409
4 86755718 0 72.3352623
4 86778721 0 72.3352623
4 86821185 0 72.3352623
4 86856521 0 72.3352623
4 86929394 6.85402502971456 72.3352623
4 86958000 2.50053947166285 72.53132854
4 86984044 2.48951470942874 72.59645259
4 87033808 0.256350986567271 72.7203408
4 87158280 0 72.75224932
4 87198287 1.28986941538743 72.75224932
4 87329160 2.77868813388743 72.9210584
4 87366923 0 73.02599
4 87461569 0 73.02599
4 87498590 1.69557456593338 73.02599
4 87601224 0 73.2000136
4 87648361 0 73.2000136
4 87669502 0.521867888469606 73.2000136
4 87954952 0.521867888469729 73.3489807887637
4 87975607 0 73.35975997
4 87995912 0 73.35975997
4 88047331 0 73.35975997
4 88120245 0.980869801003452 73.35975997
4 88186628 0 73.42487305
4 88230965 0 73.42487305
4 88309768 0 73.42487305
4 88352080 0.167186574989021 73.42487305
4 88459849 0 73.44289058
4 88482375 0 73.44289058
4 88516050 0.43845209409086 73.44289058
4 88559625 0 73.46199613
4 88596777 0 73.46199613
4 88618820 0 73.46199613
4 88652344 0 73.46199613
4 88686550 0 73.46199613
4 88783875 0.659080065526668 73.46199613
4 88842477 7.31689065452219 73.50061954
4 88863118 2.07755316845697 73.65164748
4 88923163 0 73.77639416
4 88959058 2.27257795032329 73.77639416
4 89008256 4.90196160229708 73.88820045
4 89030549 0.0278363934143592 73.99747988
4 89065352 0 73.99844867
4 89094214 0 73.99844867
4 89136643 0.0512532404060941 73.99844867
4 89183705 1.20876568866673 74.00086075
4 89269356 4.530526550742 74.10439274
4 89316398 0 74.31751777
4 89487474 1.15156849371166 74.31751777
4 89524127 0.0520524478236445 74.35972621
4 89717462 0 74.36978977
4 89780265 0 74.36978977
4 89807975 3.35889605457771 74.36978977
4 89883024 2.38887046979848 74.62187156
4 89912824 0 74.6930599
4 89938910 0 74.6930599
4 90010959 0 74.6930599
4 90017540 0 74.6930599
4 90110496 5.6434720732799 74.6930599
4 90155256 0 74.94566171
4 90256644 0 74.94566171
4 90285593 0 74.94566171
4 90332134 0.171461246230735 74.94566171
4 90357667 2.67174623866157 74.95003963
4 90394489 1.29212580662079 75.04841867
4 90432611 0.435366812949923 75.09767709
4 90456765 0.235874128058386 75.10819294
4 90552815 0.530844532991123 75.13084865
4 90582429 0.738568847738821 75.14656908
4 90617855 2.32727927927944 75.17273362
4 90657815 0 75.2657317
4 90699304 0 75.2657317
4 90758875 0 75.2657317
4 90798299 1.1299864109454 75.2657317
4 90830678 1.73780752485999 75.30231953
4 90970561 0 75.54540926
4 91071208 0.0670000779912421 75.54540926
4 91096852 1.11242054267365 75.54712741
4 91148043 4.36548259660549 75.60407333
4 91200188 0 75.83171142
4 91221680 0.605638313944448 75.83171142
4 91248156 2.14224718346145 75.8477463
4 91292803 0.683414758980225 75.94339121
4 91335787 2.1914831667767 75.97276711
4 91370510 0.365837616870207 76.04886198
4 91395217 1.09549825330087 76.05790073
4 91428995 0.231430189534028 76.09490447
4 91455481 0.672642331490536 76.10103413
4 91482794 0 76.11940601
4 91525544 0 76.11940601
4 91558162 0 76.11940601
4 91587893 0 76.11940601
4 91629746 0 76.11940601
4 91673440 0 76.11940601
4 91712681 0.484440799832286 76.11940601
4 91750789 4.04975882172414 76.13786708
4 91783379 1.37755793530754 76.26984872
4 91824373 0 76.32632033
4 91872901 0 76.32632033
4 91899970 1.54837744380919 76.32632033
4 91937565 2.59175801540366 76.38453158
4 91959897 0 76.44241072
4 91990021 0 76.44241072
4 92016885 0 76.44241072
4 92050350 0.267376361775971 76.44241072
4 92150036 0 76.4690644
4 92206455 2.44927518521348 76.4690644
4 92245734 0.0414204890272001 76.56526948
4 92398977 0 76.57161688
4 92444591 0 76.57161688
4 92474426 4.91652402922004 76.57161688
4 92500436 0 76.69949567
4 92585519 0 76.69949567
4 92677005 0 76.69949567
4 92703589 0 76.69949567
4 92751188 1.02117660725549 76.69949567
4 92811446 0 76.76102973
4 92832567 0.10885084787701 76.76102973
4 92872962 4.46042759311849 76.76542676
4 92896910 0 76.87224508
4 92926956 0 76.87224508
4 92956921 0 76.87224508
4 93016182 0 76.87224508
4 93059809 0.178708329181817 76.87224508
4 93250500 2.50540805223015 76.90632315
4 93270718 0.33833057851242 76.95697749
4 93300363 0 76.9670073
4 93338554 0 76.9670073
4 93361477 NA 76.9670073
4 93361477 1.50570342084299 76.9670073
4 93392902 0 77.01432403
4 93412720 0 77.01432403
4 93459666 0 77.01432403
4 93491261 0 77.01432403
4 93517701 0.0166274645456048 77.01432403
4 93540829 0 77.01470859
4 93564741 0 77.01470859
4 93588285 1.2412569429189 77.01470859
4 93652019 0 77.09381886
4 93683022 0.59072763436566 77.09381886
4 93752906 0.782824628242631 77.13510127
4 93945303 0 77.28571438
4 94028896 1.57818088998546 77.28571438
4 94087661 0 77.37845618
4 94110001 0 77.37845618
4 94134577 0 77.37845618
4 94158290 0 77.37845618
4 94227977 0 77.37845618
4 94253812 0 77.37845618
4 94373553 10.3333405999302 77.37845618
4 94396489 0 77.61546168
4 94543945 0.495848448508827 77.61546168
4 94570629 0 77.6286929
4 94593797 4.7411744587707 77.6286929
4 94623036 1.78499475183661 77.7673201
4 94649712 1.15864038475039 77.81493662
4 94678198 0 77.84794165
4 94699823 0 77.84794165
4 94740679 0 77.84794165
4 94835535 0 77.84794165
4 94879799 2.01717310900017 77.84794165
4 94907377 0.38630103168735 77.90357125
4 94934517 0.409780219780228 77.91405546
4 95141997 0 77.99907666
4 95250718 1.20789627675702 77.99907666
4 95316682 0.411346866047197 78.07875433
4 95402548 1.05607721455624 78.11407504
4 95472483 0 78.1879318
4 95497229 4.84899957609145 78.1879318
4 95523178 2.97569829559916 78.31375849
4 95625384 6.12567390962004 78.61789271
4 95650788 0 78.77350933
4 95700864 0 78.77350933
4 95743784 11.3248694954456 78.77350933
4 95764971 0 79.01344934
4 95794903 0 79.01344934
4 95819040 0 79.01344934
4 95845561 4.81428721957871 79.01344934
4 95874981 0.923844897231607 79.15508567
4 95908649 1.48596594245465 79.18618968
4 95942709 6.84826736456028 79.23680168
4 95968883 0.429636406176722 79.41604823
4 96011623 2.64045508000459 79.43441089
4 96039684 0 79.5085047
4 96084352 9.69113688901275 79.5085047
4 96120257 0 79.85646497
4 96201713 1.17530558368285 79.85646497
4 96257017 0 79.92146407
4 96278565 0 79.92146407
4 96335085 0 79.92146407
4 96429329 0 79.92146407
4 96542059 0 79.92146407
4 96657850 2.08756369749261 79.92146407
4 96805972 0 80.23067818
4 96914389 0 80.23067818
4 96980813 0 80.23067818
4 97084202 2.60874529454286 80.23067818
4 97164428 0 80.43996738
4 97208607 0 80.43996738
4 97420797 17.2037565342599 80.43996738
4 97452744 0 80.98957579
4 97555198 2.62544333986045 80.98957579
4 97634866 0 81.19873961
4 97668449 0.0641510245020365 81.19873961
4 97724281 0.733805558659681 81.20232129
4 98037486 0.667937153419528 81.43215286
4 98180851 6.58725188362972 81.52791167
4 98208590 0.0110188350796425 81.71063545
4 98479733 0.164371604360916 81.71362313
4 98535319 1.67571374596357 81.72275989
4 98564433 6.78586570076757 81.77154662
4 98601842 0 82.02539907
4 98640953 3.89745598809809 82.02539907
4 98673217 0 82.15114659
4 98734344 0 82.15114659
4 98761107 0 82.15114659
4 98790061 0 82.15114659
4 98828352 0 82.15114659
4 98855926 0 82.15114659
4 99171476 0 82.15114659
4 99193138 0 82.15114659
4 99270409 3.18262132878103 82.15114659
4 99385221 0 82.51654971
4 99490819 2.19367525272716 82.51654971
4 99525837 0.231176671000009 82.59336783
4 99637372 2.49285496672832 82.61915212
4 99674791 0 82.71243226
4 99697859 0 82.71243226
4 99754080 1.04518837489084 82.71243226
4 99790656 0 82.75066107
4 99815736 0 82.75066107
4 99864153 1.49890912967243 82.75066107
4 99906367 0.562622858403421 82.81393602
4 99947166 0.260449733772722 82.83689047
4 100010270 1.68416277289425 82.85332589
4 100048151 0.158606923826394 82.91712366
4 100083045 2.21341033216945 82.92265809
4 100127721 4.98513487190318 83.02154441
4 100151336 0 83.13926837
4 100273642 0 83.13926837
4 100374665 2.70662856720272 83.13926837
4 100496364 6.660848449183 83.46866236
4 100554140 0 83.85349954
4 100649180 3.93215211621747 83.85349954
4 100720770 0 84.13500231
4 100762424 0 84.13500231
4 100785162 3.00309156698931 84.13500231
4 100878296 0 84.41469224
4 100911401 0 84.41469224
4 100958339 0 84.41469224
4 100990430 0 84.41469224
4 101054913 1.01799601844535 84.41469224
4 101104140 2.39328364645005 84.46480513
4 101189944 5.70129301405867 84.67015844
4 101231413 0 84.90658536
4 101283299 0 84.90658536
4 101328770 0 84.90658536
4 101359498 0 84.90658536
4 101385356 0.693425910627753 84.90658536
4 101633509 0 85.07866108
4 101689426 0 85.07866108
4 101720088 3.75024188576593 85.07866108
4 101775238 8.49487864998076 85.28548692
4 101796334 0 85.46469488
4 102079408 0 85.46469488
4 102115711 0 85.46469488
4 102165407 0 85.46469488
4 102223375 0 85.46469488
4 102244404 0.052197348857937 85.46469488
4 102292157 0 85.46718746
4 102345265 0.487875539219179 85.46718746
4 102384442 0 85.48630096
4 102421582 9.74636390017455 85.48630096
4 102442258 0 85.68781678
4 102477361 0.616753142154714 85.68781678
4 102524542 1.62208291259927 85.71691581
4 102560194 1.47237981913435 85.77474631
4 102585406 0 85.81186795
4 102606205 0 85.81186795
4 102672717 1.36983651172019 85.81186795
4 102773397 0.356423985535229 85.94978309
4 102942082 1.36762928954509 86.00990647
4 103014613 0 86.10910199
4 103046494 0.795544930308159 86.10910199
4 103081003 0.405571025399556 86.13655545
4 103118208 0 86.15164472
4 103142613 0 86.15164472
4 103200214 0 86.15164472
4 103279224 0.707346340855257 86.15164472
4 103359434 0 86.20838097
4 103388731 0 86.20838097
4 103409974 1.22246352892636 86.20838097
4 103443905 0.299852553427454 86.24986038
4 103472729 1.07417510861459 86.25850333
4 103567790 0 86.36061549
4 103589653 0.138670256835061 86.36061549
4 103683799 10.8629591746374 86.37367074
4 103706383 0 86.61899981
4 103739455 1.33616878455716 86.61899981
4 103945635 0 86.89449109
4 103979600 0 86.89449109
4 104004614 2.43920321680799 86.89449109
4 104072010 2.5420662719846 87.05888363
4 104152919 0.180750334672058 87.26455967
4 104332199 4.88354346453348 87.29696459
4 104360705 0.714364891660049 87.43617488
4 104402564 0 87.46607748
4 104440941 1.62121678776724 87.46607748
4 104487046 0 87.54082368
4 104521615 7.8294981809435 87.54082368
4 104554874 0 87.80122496
4 104664971 0 87.80122496
4 104699947 0.0355024826215112 87.80122496
4 104720087 0.453140002712401 87.80193998
4 104742208 2.48227422535276 87.81196389
4 104956725 1.16665964637309 88.34445391
4 105140478 0 88.55883112
4 105180444 1.60478722677214 88.55883112
4 105356030 1.18921295384416 88.84060929
4 105416954 4.94757475528528 88.9130609
4 105439327 0 89.02375299
4 105485378 0 89.02375299
4 105546934 0 89.02375299
4 105567518 2.01539300839848 89.02375299
4 105720759 0 89.33259383
4 105757195 0 89.33259383
4 105800360 0.837683033552626 89.33259383
4 106025469 0 89.52116382
4 106069205 0 89.52116382
4 106109340 0 89.52116382
4 106144190 0 89.52116382
4 106191183 0 89.52116382
4 106217430 4.2847934706513 89.52116382
4 106244569 0 89.63744883
4 106308774 1.56644475685752 89.63744883
4 106435387 0 89.8357811
4 106493723 0 89.8357811
4 106536218 0 89.8357811
4 106557726 0.0569315248623579 89.8357811
4 106598792 0 89.83811905
4 106661275 7.31195928439208 89.83811905
4 106693695 0 90.07517277
4 106723818 0 90.07517277
4 106803445 0 90.07517277
4 106848043 0.768119738929317 90.07517277
4 106880831 0 90.10035788
4 106912463 1.33985857039249 90.10035788
4 106986917 7.84257139953246 90.20011571
4 107016434 0.37945353920553 90.43160489
4 107037936 0.0367929848746852 90.4397639
4 107165603 0.035972448716841 90.44446115
4 107188905 0 90.44529938
4 107232885 5.0378150436821 90.44529938
4 107256350 2.12345764697943 90.56351171
4 107300727 0 90.65774439
4 107348686 0.89669069603802 90.65774439
4 107418323 0 90.72018724
4 107492370 0 90.72018724
4 107578320 5.75329993447049 90.72018724
4 107625627 0.625774725137844 90.9923586
4 107665738 0.383312340560987 91.01745905
4 107703370 0 91.03188386
4 107749164 0.190813134234484 91.03188386
4 107787202 0 91.03914201
4 107888167 0 91.03914201
4 107933164 0 91.03914201
4 107965831 0 91.03914201
4 108013761 0 91.03914201
4 108046559 3.26277670641257 91.03914201
4 108083376 2.17552186323558 91.15926766
4 108107549 1.32881245270797 91.21185655
4 108153804 2.10368870359342 91.27332077
4 108501357 0 92.00446409
4 108526688 0 92.00446409
4 108551776 0 92.00446409
4 108666329 4.56787974541148 92.00446409
4 108866338 1.58006566800938 92.91808115
4 109104658 1.70205480263594 93.2946424
4 109391615 2.48930587828138 93.78305894
4 109533204 0.848550900913928 94.13551727
4 109568557 3.51109217707711 94.16551609
4 109634517 0.682960534298868 94.39710773
4 109840544 0 94.53781604
4 109881961 2.77227919949804 94.53781604
4 109953666 1.14652489795898 94.73660232
4 109990416 3.37924809298933 94.77873711
4 110020699 0.645131802065783 94.88107088
4 110053134 1.75909483526288 94.90199573
4 110098054 0 94.98101427
4 110120572 0 94.98101427
4 110142588 2.37812188192312 94.98101427
4 110260850 1.79052241936161 95.26225572
4 110308532 1.03735977843673 95.34763141
4 110354388 2.13482788578967 95.39520058
4 110396976 0.460056362138684 95.48611863
4 110458897 0 95.51460578
4 110491198 1.46291306819418 95.51460578
4 110582672 0.423043087163861 95.64842429
4 110627140 1.38777428044534 95.66723617
4 110730711 0 95.81096934
4 110759085 1.99522211836463 95.81096934
4 110799739 0.090517377992246 95.8920831
4 110901966 0 95.90133642
4 110953550 2.56013164155424 95.90133642
4 110997685 0.19347999482067 96.01432783
4 111036300 12.3266243419015 96.02179906
4 111071819 0 96.45962843
4 111094990 3.45578307952604 96.45962843
4 111124540 0 96.56174682
4 111148338 2.38546829664607 96.56174682
4 111174187 3.41707704402513 96.62340879
4 111199627 5.3543426992329 96.71033923
4 111257888 0 97.02228859
4 111290586 0 97.02228859
4 111372627 0 97.02228859
4 111393524 0 97.02228859
4 111416155 0 97.02228859
4 111441512 0 97.02228859
4 111467052 3.47805162936768 97.02228859
4 111528180 4.08450370007974 97.23489493
4 111593584 0 97.50203781
4 111618766 0.676847555432595 97.50203781
4 111644067 3.85876867770389 97.51916273
4 111684958 3.73993266355055 97.67695164
4 111740797 2.97804838054779 97.88578574
4 111804831 2.15929418779819 98.07648209
4 111836695 0 98.14528584
4 111857633 1.15923131131442 98.14528584
4 111911556 0 98.20779507
4 111965385 2.38136432576136 98.20779507
4 112024066 0.845345202489325 98.34753591
4 112144097 24.364368157167 98.44900354
4 112153870 0 98.68711651
4 112194449 0 98.68711651
4 112231032 1.94502852280239 98.68711651
4 112262761 2.32567978290438 98.74883032
4 112288556 0.265443205496172 98.80882123
4 112324070 0 98.81824818
4 112358898 2.94790566637913 98.81824818
4 112380905 0 98.88312274
4 112452844 3.66338461538434 98.88312274
4 112499124 1.37962924188278 99.05266418
4 112565987 2.81821291925471 99.14491033
4 112606237 0 99.2583434
4 112646257 0 99.2583434
4 112692746 0 99.2583434
4 112719377 0 99.2583434
4 112741810 0 99.2583434
4 112769671 0.307710386103344 99.2583434
4 112797073 0 99.26677528
4 112822204 0.740857369605686 99.26677528
4 112899067 0 99.3237198
4 113089385 0.169732197299977 99.3237198
4 113394423 3.24952851241081 99.37549457
4 113481806 0 99.65944812
4 113503432 0 99.65944812
4 113527605 0 99.65944812
4 113551826 0 99.65944812
4 113575714 0 99.65944812
4 113597756 0.0333255004354875 99.65944812
4 113632226 1.95693991221445 99.66059685
4 113665261 0 99.72524436
4 113718615 0 99.72524436
4 113741071 0 99.72524436
4 113767002 3.75021400569235 99.72524436
4 113804244 0 99.86490983
4 113865614 0 99.86490983
4 113889552 0 99.86490983
4 113914394 0.257893935959799 99.86490983
4 113945281 3.69935536820136 99.8728754
4 113972087 0.673917006597079 99.97204032
4 114051515 0 100.0255682
4 114103350 1.78438428976547 100.0255682
4 114176347 0.079030299607352 100.1558229
4 114211760 0.959224814683013 100.1586216
4 114248319 2.39617831444376 100.1936899
4 114313081 0 100.3488712
4 114369237 0 100.3488712
4 114401519 0 100.3488712
4 114435203 0.772909772777483 100.3488712
4 114602924 1.00810115810091 100.4785044
4 114711032 3.00924066029558 100.5874882
4 114739807 1.90264311555657 100.6740791
4 114763302 8.6575918334537 100.7187817
4 114788184 0.444200935730281 100.9341999
4 114812550 3.49092449127185 100.9450233
4 114860955 0.406686097245685 101.1140015
4 114918253 0.373600520400472 101.1373038
4 114945924 0 101.1476417
4 114973258 0 101.1476417
4 114979762 0 101.1476417
4 115007344 0.462318405220298 101.1476417
4 115127185 0.64676094377115 101.2030464
4 115153844 9.19645759789875 101.2202884
4 115178206 0.722066863982817 101.4443325
4 115246793 0 101.4938569
4 115276937 0.699857417837027 101.4938569
4 115319018 1.38558483290508 101.5233076
4 115365698 5.94670852319264 101.5879867
4 115413321 0 101.8711868
4 115440044 0 101.8711868
4 115461900 0 101.8711868
4 115523291 4.366174992706 101.8711868
4 115554138 0 102.0058702
4 115586188 0 102.0058702
4 115619549 2.63269659466514 102.0058702
4 115645567 0 102.0743677
4 115666169 3.16799019402424 102.0743677
4 115713895 1.49547284325253 102.2255632
4 115794630 3.11593525550699 102.3463002
4 115852828 0 102.5276414
4 115894024 5.08236773954865 102.5276414
4 115921054 0 102.6650178
4 116067653 2.18202445932327 102.6650178
4 116159806 0 102.8660979
4 116192738 0.923057090239149 102.8660979
4 116219888 19.1651620671697 102.8911589
4 116250616 0 103.480066
4 116281772 7.10915633461607 103.480066
4 116309840 14.5854301772589 103.6796058
4 116323718 1.07727605207999 103.8820224
4 116364732 0 103.9262058
4 116393358 26.2672255929392 103.9262058
4 116420553 0.786507022795333 104.640543
4 116468326 3.02792700920007 104.6781168
4 116514414 0 104.8176679
4 116561685 2.67948466155845 104.8176679
4 116633987 0 105.0114
4 116657403 0.0090419336053502 105.0114
4 116698611 5.7088997217487 105.0117726
4 116744972 0 105.2764429
4 116766631 0.875970827446798 105.2764429
4 116792820 2.89829094199214 105.2993837
4 116822661 2.46856513530555 105.3858716
4 116851263 2.51666346074556 105.4564775
4 116887654 0 105.5480614
4 116925293 0 105.5480614
4 116987390 0 105.5480614
4 117028057 1.4802241962776 105.5480614
4 117132073 1.34661671849934 105.7020284
4 117153295 3.74841390842491 105.7306063
4 117173628 1.26376547167033 105.8068228
4 117234465 2.68850844118277 105.8837065
4 117263904 0.112404684096032 105.9628535
4 117293280 0 105.9661555
4 117315091 0 105.9661555
4 117346685 1.01964734225238 105.9661555
4 117385703 4.72914587613613 106.0059401
4 117389110 1.41057115247685 106.0220523
4 117467758 0 106.1329909
4 117502015 1.2545199579311 106.1329909
4 117541949 0.31216234022882 106.1830889
4 117572305 8.7562981162983 106.1925649
4 117596725 2.13853404493444 106.4063937
4 117619959 1.99237496957867 106.4560804
4 117685703 1.30412593206324 106.5870671
4 117770193 0.210829358105062 106.6972527
4 117829938 6.19950694174191 106.7098487
4 117853059 0 106.8531875
4 117877022 9.59334389096747 106.8531875
4 117897860 0 107.0530936
4 117939032 1.09605534041631 107.0530936
4 118090097 0 107.2186692
4 118150937 0.128165749058562 107.2186692
4 118188898 0 107.2235345
4 118257936 1.08160963004951 107.2235345
4 118289670 0.659935802833694 107.2578583
4 118370982 0 107.311519
4 118397157 0 107.311519
4 118433784 1.53852269715666 107.311519
4 118486610 2.51884341978905 107.392793
4 118512635 0 107.4583459
4 118559443 0 107.4583459
4 118583848 1.29439199902407 107.4583459
4 118624843 0 107.5114095
4 118653264 3.85251046761217 107.5114095
4 118681685 0 107.6209017
4 118736372 0.83842101490809 107.6209017
4 118764276 2.53789968376682 107.644297
4 118787044 0 107.7020799
4 118829731 0 107.7020799
4 118861376 0.694560946536515 107.7020799
4 118884027 1.51953155059632 107.7178124
4 118904819 0 107.7494065
4 118939017 0.243732107880371 107.7494065
4 118965565 3.45021296259091 107.7558771
4 119015339 0.128942277690614 107.927608
4 119047389 0 107.9317406
4 119082548 4.14718456254519 107.9317406
4 119126804 0 108.1152784
4 119160825 15.3241747207233 108.1152784
4 119184726 0 108.4815415
4 119282789 0 108.4815415
4 119334228 1.15892287779784 108.4815415
4 119429259 0 108.5916751
4 119452267 0 108.5916751
4 119508492 1.64999122591518 108.5916751
4 119536985 0 108.6386883
4 119612203 0 108.6386883
4 119658155 3.39664321544597 108.6386883
4 119689852 0.0956629932457452 108.7463517
4 119732047 0 108.7503882
4 119789043 0 108.7503882
4 119814992 0 108.7503882
4 119841669 0 108.7503882
