Chromosome Position(bp) Rate(cM/Mb) Map(cM)
1 0 0 0
1 907810 0 0
1 993060 0 0
1 1032564 0 0
1 1073496 9.87325609128113 0
1 1110393 0 0.36429353
1 1150763 0 0.36429353
1 1167048 0.799528828240536 0.36429353
1 1375316 0.438485537827563 0.5308098
1 1566539 0 0.61465832
1 1604940 1.77232929443157 0.61465832
1 1650662 0 0.69569276
1 1671886 2.51649077739409 0.69569276
1 1695632 3.6074326220822 0.75544935
1 1730547 0.469334809331833 0.88140286
1 1760809 0 0.89560587
1 1834781 0 0.89560587
1 1909740 0 0.89560587
1 1929664 0 0.89560587
1 1954528 0 0.89560587
1 1984725 0 0.89560587
1 2008865 0 0.89560587
1 2032673 5.77242519137091 0.89560587
1 2058539 0 1.04491542
1 2082139 0 1.04491542
1 2107796 5.96727104823657 1.04491542
1 2158691 0 1.34861968
1 2235492 0 1.34861968
1 2265614 0 1.34861968
1 2305128 0.749936700514307 1.34861968
1 2327877 1.76102112676056 1.36567999
1 2391777 3.98943745324944 1.47820924
1 2482685 0 1.84088102
1 2505294 0 1.84088102
1 2574098 0 1.84088102
1 2617150 0 1.84088102
1 2641517 0 1.84088102
1 2703664 0 1.84088102
1 2769164 0 1.84088102
1 2848684 0 1.84088102
1 2931328 0 1.84088102
1 3010910 0.449951605025966 1.84088102
1 3033433 0 1.85101528
1 3114153 7.20912491178546 1.85101528
1 3135408 0 2.00424523
1 3182687 0.287515771607905 2.00424523
1 3245141 1.22332202097234 2.02220174
1 3271366 11.6826533554838 2.05428336
1 3303269 0 2.42699505
1 3365623 0 2.42699505
1 3396953 2.02180945032726 2.42699505
1 3434539 0 2.50298678
1 3470316 12.1538064368865 2.50298678
1 3492221 5.59290736189764 2.76921591
1 3520298 0 2.92624797
1 3560291 0.318401767676772 2.92624797
1 3599891 0 2.93885668
1 3621606 0.902103687067181 2.93885668
1 3653664 0 2.96777632
1 3687775 1.65762136782424 2.96777632
1 3721639 1.37298005206353 3.02391001
1 3790017 0.232668444541195 3.11779164
1 3826765 0.461844532681731 3.12634174
1 3859505 0 3.14146253
1 3908027 1.04605158847542 3.14146253
1 3958736 0 3.19450676
1 3958867 0 3.19450676
1 4004958 0 3.19450676
1 4052172 0 3.19450676
1 4086403 0 3.19450676
1 4113357 0 3.19450676
1 4142326 0 3.19450676
1 4168130 4.1152654375833 3.19450676
1 4204146 0 3.34272216
1 4250046 0 3.34272216
1 4276065 3.37277308388654 3.34272216
1 4309205 2.04315775329211 3.45449586
1 4335252 0 3.50771399
1 4357492 0 3.50771399
1 4394936 0.844946452544136 3.50771399
1 4494007 1.31614076850984 3.59142368
1 4547357 0.440871902500094 3.66163979
1 4574516 1.13850072601087 3.67361343
1 4615149 0 3.71987413
1 4655310 0.96412090872357 3.71987413
1 4699856 5.03797024936083 3.76282186
1 4729973 0.574332985476991 3.91455041
1 4752971 0 3.92775892
1 4777673 0 3.92775892
1 4804971 0.147938129820415 3.92775892
1 4982601 0 3.95403717
1 4991120 6.91771660305341 3.95403717
1 5012080 0 4.09903251
1 5044963 0 4.09903251
1 5147933 1.33535150765878 4.09903251
1 5338825 0 4.35394043
1 5384710 0.185934264542609 4.35394043
1 5462172 0 4.36834327
1 5490114 2.68990692722466 4.36834327
1 5519231 4.2116744542855 4.44666529
1 5562248 3.5820793388831 4.62783889
1 5644654 0.709241708178968 4.92302372
1 5668141 2.25434241829797 4.93968168
1 5692100 3.73000970570901 4.99369347
1 5720949 0 5.10130052
1 5745330 5.09968337168673 5.10130052
1 5768796 0.867850154077734 5.22096969
1 5909634 7.78087018978425 5.34319597
1 5945833 0 5.62485569
1 5985024 3.09137450262613 5.62485569
1 6016439 0 5.72197122
1 6038527 0 5.72197122
1 6062518 12.0871715764331 5.72197122
1 6092662 0.372906592119894 6.08632692
1 6160986 0.240871213753284 6.11180539
1 6184195 1.09024185656372 6.11739577
1 6205654 9.26262490678596 6.14079127
1 6232474 0 6.38921487
1 6274384 0 6.38921487
1 6313376 0 6.38921487
1 6375330 0.0735324122555236 6.38921487
1 6404933 4.69923803293609 6.39139165
1 6440092 1.44494405627052 6.55661216
1 6568614 1.43482383833011 6.74231926
1 6598700 0 6.78548737
1 6624565 0 6.78548737
1 6656130 4.9510793429128 6.78548737
1 6683341 0 6.92021119
1 6740664 2.86962325838047 6.92021119
1 6813154 0.631085045842525 7.12823018
1 6844784 0.88227434634333 7.1481914
1 6910759 2.36096201282682 7.20639945
1 6963461 1.15928766096614 7.33082687
1 7022169 5.51780560549109 7.39888633
1 7071121 0 7.66899395
1 7131192 0 7.66899395
1 7164618 0 7.66899395
1 7202401 1.43295357118163 7.66899395
1 7260253 0 7.75189318
1 7311182 3.10478230572462 7.75189318
1 7424552 0 8.10388235
1 7449333 3.65618351363532 8.10388235
1 7484829 1.3948343794814 8.23366224
1 7569903 0 8.35232638
1 7616380 14.4262369035092 8.35232638
1 7638237 0 8.66764064
1 7808598 0 8.66764064
1 7856184 0 8.66764064
1 7893442 0 8.66764064
1 7939960 5.2669822665347 8.66764064
1 7966238 0 8.8060464
1 8000850 0.176257729211112 8.8060464
1 8075890 0 8.81927278
1 8122464 0.984597866462475 8.81927278
1 8219111 0 8.91443121
1 8261383 3.44712340355857 8.91443121
1 8298027 0 9.0407476
1 8320562 5.21035021349918 9.0407476
1 8347260 0.0911593250054287 9.17985353
1 8374638 0.696864660122997 9.18234929
1 8497403 3.36278123400931 9.26789988
1 8534534 0.483540183753734 9.39276331
1 8645661 2.69086658771433 9.44649768
1 8723345 0 9.65553496
1 8738949 0 9.65553496
1 8760078 2.27111913582814 9.65553496
1 8808124 1.00747420044627 9.76465315
1 8937196 3.79849988220783 9.89468986
1 9009357 2.29667627186013 10.16879341
1 9069741 0.909173652694599 10.30747591
1 9151571 1.58957303994082 10.38187359
1 9259731 0.976983820205222 10.55380181
1 9467212 0.672057528409115 10.75650739
1 9523532 4.49734420866619 10.79435767
1 9592005 1.80304836624882 11.10230432
1 9625272 0.150457696992416 11.16228633
1 9646618 2.91843269961976 11.165498
1 9699218 0.0853850174630003 11.31900756
1 9741307 1.09396926484171 11.32260133
1 9948106 0.113377793175124 11.54883308
1 10000063 3.87920491718606 11.55472385
1 10029104 1.18848055335073 11.66737984
1 10108475 1.5112262069673 11.76171073
1 10225421 1.20028251271452 11.93844259
1 10261207 1.13858078216245 11.9813959
1 10391180 0.63990230761736 12.12938066
1 10421991 2.16079031529838 12.14909669
1 10475147 0.761611853767379 12.26395566
1 10523098 0.862775782198323 12.30047571
1 10563465 0 12.33530338
1 10565732 0 12.33530338
1 10605227 1.87879331331656 12.33530338
1 10679165 0 12.4742176
1 10724714 0 12.4742176
1 10747495 0 12.4742176
1 10771543 0 12.4742176
1 10894354 0 12.4742176
1 10960816 0 12.4742176
1 11033253 9.42903701464464 12.4742176
1 11092797 3.7187985972861 13.03566018
1 11267601 0 13.68572105
1 11341018 0 13.68572105
1 11400789 0 13.68572105
1 11472285 0 13.68572105
1 11550295 0 13.68572105
1 11647870 0 13.68572105
1 11776956 2.20395347016738 13.68572105
1 11840829 0 13.82649417
1 11993667 9.94101701742025 13.82649417
1 12013529 0 14.02394265
1 12217001 5.29503382311289 14.02394265
1 12248784 0.793660869975027 14.19223471
1 12354879 0 14.27643816
1 12378504 1.81689985939097 14.27643816
1 12430421 6.2903211855104 14.37076615
1 12475971 0 14.65729028
1 12497912 0 14.65729028
1 12779865 2.31346217209488 14.65729028
1 12803538 1.82872758695176 14.71205687
1 12831312 1.21649993698275 14.76284795
1 12950327 0 14.90762969
1 12988191 1.48186521120075 14.90762969
1 13177821 0 15.18863579
1 13395358 1.15118965679673 15.18863579
1 13575805 2.41847064116986 15.39636451
1 13598030 2.40854554373033 15.45011502
1 13665306 0 15.61215233
1 13793473 1.13674086418283 15.61215233
1 13877483 0 15.70764993
1 13949510 0 15.70764993
1 14035835 1.55767339120577 15.70764993
1 14533366 0 16.48264073
1 14579710 0 16.48264073
1 14616735 0 16.48264073
1 14655035 1.95491082625052 16.48264073
1 14812929 0.285036476470246 16.79130942
1 14967138 0 16.83526461
1 14988287 1.81393807750661 16.83526461
1 15017291 3.16723407559235 16.88787607
1 15049490 0.623284401535393 16.98985784
1 15092475 0 17.01664972
1 15126234 0 17.01664972
1 15165376 3.16107947408096 17.01664972
1 15201199 0 17.12988907
1 15241004 0 17.12988907
1 15408544 1.03156401170846 17.12988907
1 15440999 1.7807633986423 17.16336848
1 15492702 0 17.25543929
1 15574241 0 17.25543929
1 15592825 3.24721139045658 17.25543929
1 15612315 3.33247981671384 17.31872744
1 15630647 0 17.37981846
1 15643337 1.31579119885464 17.37981846
1 15669879 0.510060450734788 17.41474219
1 16044068 2.95494301249911 17.6056012
1 16114873 0 17.81482594
1 16155668 4.95028669029155 17.81482594
1 16186991 0.24182142124694 17.96988377
1 16265007 0 17.98874971
1 16306198 0 17.98874971
1 16362952 1.63508823162355 17.98874971
1 16403017 0.80635120498241 18.05425952
1 16447333 0.55366469845562 18.08999378
1 16604159 1.75615720696678 18.1768228
1 16629677 1.75615720696675 18.2216364196074
1 16654742 0 18.2656545
1 16705237 0.79740387348247 18.2656545
1 16754495 0.32335333642773 18.30493302
1 16844981 0.985244378577262 18.33419197
1 16942821 2.46612378512474 18.43058828
1 16967412 2.37164063408393 18.49123273
1 16993213 0 18.55242343
1 17041419 0.494504054411609 18.55242343
1 17105670 0 18.58419581
1 17192788 0 18.58419581
1 17235751 2.28513498958856 18.58419581
1 17263605 1.53105196509568 18.64784596
1 17350471 0 18.78084232
1 17441499 0 18.78084232
1 17481344 2.35940589192998 18.78084232
1 17513897 0 18.85764806
1 17537664 0.0137554465297426 18.85764806
1 17566811 4.25403353737389 18.85804899
1 17636405 1.59589451711667 19.1541042
1 17672335 0.124509278089403 19.21144469
1 17806576 0.182082136527495 19.22815894
1 17839302 0.531490297487188 19.23411776
1 17933659 0 19.28426759
1 17957377 1.11111314289774 19.28426759
1 18013704 0.318478517011505 19.34685326
1 18150347 0.467603057621314 19.39037112
1 18299875 0.200092831752012 19.46029087
1 18378081 0.898844563366591 19.47593933
1 18439746 2.52029646585128 19.53136658
1 18512267 1.10435329387938 19.714141
1 18537951 0 19.74250521
1 18561546 0 19.74250521
1 18608496 0 19.74250521
1 18640129 0 19.74250521
1 18679090 0 19.74250521
1 18692651 2.71077640693145 19.74250521
1 18735528 4.86741430440467 19.85873517
1 18758458 0 19.97034498
1 18789066 0 19.97034498
1 18857440 0.904616359620505 19.97034498
1 19016808 0.404983325666954 20.11451188
1 19086376 1.73421601445233 20.14268576
1 19161658 0 20.27324101
1 19232342 0 20.27324101
1 19266922 0 20.27324101
1 19340432 2.07157496383552 20.27324101
1 19417856 0 20.43363063
1 19455564 3.39025511210475 20.43363063
1 19485982 1.24811445790437 20.53675541
1 19650916 0 20.74261192
1 19691110 0.158631222290287 20.74261192
1 19829825 1.40507741331181 20.76461645
1 19938721 1.18715214209519 20.91762376
1 20099965 0.268614280194429 21.10904492
1 20149138 0.0289076111875949 21.12225349
1 20175310 0 21.12301006
1 20217215 0.2449644663937 21.12301006
1 20250423 0.0846957357764484 21.13114484
1 20285787 14.2168349666506 21.13414002
1 20312624 0 21.51567722
1 20336514 0.275750400500035 21.51567722
1 20362107 0.984550223264862 21.5227345
1 20560750 2.77637460520238 21.71830851
1 20588929 0.468428327321062 21.79654397
1 20667934 7.8222562746705 21.83355215
1 20694788 0 22.04361102
1 20716311 1.05468677242294 22.04361102
1 20799206 1.78397327249018 22.13103928
1 20845226 2.40919587817365 22.21313773
1 20921794 0 22.39760504
1 21005976 0.757128973118644 22.39760504
1 21096522 2.75594014652924 22.46616004
1 21136787 0 22.57712797
1 21178292 0 22.57712797
1 21199202 0.0307260287960965 22.57712797
1 21277546 0.940264321181963 22.57953517
1 21310574 0.982862643618721 22.61059022
1 21358879 0.553929177462785 22.6580674
1 21457294 0 22.71258234
1 21533511 0.217685970138693 22.71258234
1 21646634 0 22.73720763
1 21725158 0 22.73720763
1 21764241 0 22.73720763
1 21828827 2.58101851384756 22.73720763
1 21927942 0 22.99302528
1 22070272 9.46361528585446 22.99302528
1 22096754 0.810365301610799 23.24364074
1 22125251 0 23.26673372
1 22152784 0 23.26673372
1 22189500 0 23.26673372
1 22210184 0.93756360605059 23.26673372
1 22267765 0.822205844043057 23.32071957
1 22359893 0 23.39646775
1 22421404 0 23.39646775
1 22459664 0 23.39646775
1 22486408 0 23.39646775
1 22525457 0 23.39646775
1 22568717 0.471171071240387 23.39646775
1 22604778 0 23.41345865
1 22642482 3.22939650251674 23.41345865
1 22681024 0.763585271317822 23.53792605
1 22880716 0 23.69040792
1 22901046 0.207468046741944 23.69040792
1 23001427 0.960690397588645 23.71123377
1 23085031 1.03303122734198 23.79155133
1 23125028 2.40498633064132 23.83286948
1 23156851 0.875852146735837 23.90940336
1 23214124 1.23503798789801 23.95956604
1 23317578 1.29729681934791 24.08733566
1 23357727 1.85197539710977 24.13942083
1 23382846 1.08469617973267 24.1859406
1 23477787 0 24.28892274
1 23661806 3.6585397733291 24.28892274
1 23709011 0 24.46162411
1 23747154 0 24.46162411
1 23797034 0 24.46162411
1 23863105 3.68732757156608 24.46162411
1 23916098 0 24.65702666
1 23946108 0 24.65702666
1 23977117 11.0421237778921 24.65702666
1 23998494 0 24.89307414
1 24099198 0 24.89307414
1 24136861 2.62216890716441 24.89307414
1 24168476 0.96440154653403 24.97597401
1 24222791 0.405911830222285 25.02835548
1 24280702 0 25.05186224
1 24333745 0 25.05186224
1 24356429 0 25.05186224
1 24406383 0.614322024593846 25.05186224
1 24424599 3.13673645498506 25.06305273
1 24459132 0 25.17137365
1 24486748 6.82808104143746 25.17137365
1 24541288 0.980941113426629 25.54377719
1 24625263 3.5557631092473 25.62615172
1 24647442 0 25.70501499
1 24677050 0 25.70501499
1 24704457 0 25.70501499
1 24736398 0 25.70501499
1 24758865 2.48318641678429 25.70501499
1 24782983 3.91632685333188 25.76490448
1 24841162 0 25.99275246
1 24912283 3.18227187594683 25.99275246
1 24984897 0 26.22382995
1 25027851 1.72374263067332 26.22382995
1 25169655 6.39307582827813 26.46826355
1 25212515 1.07197517587481 26.74227078
1 25234832 0 26.76619405
1 25256639 0 26.76619405
1 25283617 0 26.76619405
1 25316771 0 26.76619405
1 25360826 0.301523734658808 26.76619405
1 25400262 1.38521070501291 26.77808494
1 25430304 0 26.81969944
1 25482611 6.42480701997292 26.81969944
1 25511500 0 27.00530569
1 25550567 0.815130230762372 27.00530569
1 25651580 0 27.08764444
1 25717459 0.192345467165485 27.08764444
1 25769325 0 27.09762063
1 25786913 2.24890741199791 27.09762063
1 25819185 0.836628562151428 27.17019737
1 25923897 0 27.25780242
1 25968670 0 27.25780242
1 26001083 1.87369018006814 27.25780242
1 26075055 3.68353061157358 27.39640303
1 26105452 0 27.50837131
1 26144886 0.473580657946812 27.50837131
1 26182731 4.63943427731764 27.52629397
1 26287535 0.0763593937740665 28.01252524
1 26459814 0 28.02568036
1 26533913 6.35052483047865 28.02568036
1 26559426 1.02092984980143 28.1877013
1 26646311 0 28.27640479
1 26719210 0 28.27640479
1 26755277 0 28.27640479
1 26803778 0 28.27640479
1 26889213 0 28.27640479
1 26921328 0 28.27640479
1 26948716 0 28.27640479
1 27106390 3.67251091327819 28.27640479
1 27135483 0 28.38324915
1 27171038 1.69225202089475 28.38324915
1 27239572 2.42930992454376 28.49922595
1 27329823 0.148043948126788 28.7184736
1 27377015 6.35290976293652 28.72546009
1 27424091 0 29.02452967
1 27491647 0.456035928653602 29.02452967
1 27515138 0.832164874717418 29.03524241
1 27558480 0.492489086920093 29.0713101
1 27602693 0 29.09308452
1 27638353 0.43869630701529 29.09308452
1 27706076 0.288619884121551 29.12279435
1 27781845 2.96600506730964 29.14466279
1 27814604 0.655517875171499 29.24182615
1 27891862 0 29.29247015
1 27922359 0 29.29247015
1 28011081 0.693803793843253 29.29247015
1 28217099 8.01905448100498 29.43540622
1 28243053 1.9924218645204 29.64353276
1 28272873 0.450606861301217 29.70294678
1 28434475 0 29.77576575
1 28466805 0 29.77576575
1 28489054 0 29.77576575
1 28529358 0 29.77576575
1 28566525 0 29.77576575
1 28612680 0 29.77576575
1 28666138 0 29.77576575
1 28692512 3.67560572209812 29.77576575
1 28812468 3.95192655815794 30.21667671
1 28862848 0 30.41577477
1 28911679 0 30.41577477
1 29021209 5.03028936105756 30.41577477
1 29047612 0 30.5485895
1 29071379 1.78772822936098 30.5485895
1 29096562 0 30.59360986
1 29124102 0.85486629363177 30.59360986
1 29217927 0 30.67381769
1 29239316 0 30.67381769
1 29316022 0 30.67381769
1 29353509 1.08004382650757 30.67381769
1 29386594 1.1444636084161 30.70955094
1 29411641 0 30.73821632
1 29424487 0 30.73821632
1 29451206 0.323504367795402 30.73821632
1 29495622 0 30.75258509
1 29520198 0 30.75258509
1 29541996 0 30.75258509
1 29576850 0 30.75258509
1 29597936 0.685717109497082 30.75258509
1 29641444 0.210617616986087 30.78241927
1 29687411 1.37605599869767 30.79210073
1 29718126 0 30.83436629
1 29747969 0 30.83436629
1 29859693 0.0465531043470401 30.83436629
1 29891922 0 30.83586665
1 29944908 0 30.83586665
1 29963400 0 30.83586665
1 30061800 2.57430697796955 30.83586665
1 30092167 1.36446534385688 30.91404063
1 30132838 5.79549528018275 30.9695348
1 30199366 0 31.35509751
1 30241742 0 31.35509751
1 30323359 0 31.35509751
1 30351850 0 31.35509751
1 30418294 0 31.35509751
1 30449967 0 31.35509751
1 30591635 0 31.35509751
1 30620433 6.36621962870205 31.35509751
1 30659162 0.541806259146603 31.60165483
1 30694694 0.576934713128769 31.62090629
1 30759148 0 31.65809204
1 30840833 0 31.65809204
1 30894021 0 31.65809204
1 30972284 0 31.65809204
1 30999614 0 31.65809204
1 31035369 0 31.65809204
1 31082779 0 31.65809204
1 31129370 3.75058844797978 31.65809204
1 31151496 4.11363784504447 31.74107756
1 31171747 0 31.82438284
1 31250241 1.81814779916543 31.82438284
1 31302244 0.314988025469362 31.91893198
1 31424587 8.28720700734402 31.95746856
1 31450731 0 32.1741293
1 31475581 0 32.1741293
1 31606418 1.7842224569877 32.1741293
1 31639548 0 32.23324059
1 31672750 0 32.23324059
1 31699827 0 32.23324059
1 31755884 1.09368936643688 32.23324059
1 32091115 0 32.59987917
1 32132657 0.274481921208845 32.59987917
1 32206777 1.84216836358273 32.62022377
1 32247439 0 32.69513002
1 32272564 0 32.69513002
1 32304105 0.650478189656857 32.69513002
1 32357222 0 32.72968147
1 32424393 0.0894576787754623 32.72968147
1 32469016 1.03692845046564 32.73367334
1 32511532 0 32.77775939
1 32548297 0 32.77775939
1 32570902 0.38354734504343 32.77775939
1 32640244 0 32.80435533
1 32683856 0 32.80435533
1 32741957 0 32.80435533
1 32773212 0 32.80435533
1 32844645 0 32.80435533
1 32882818 0 32.80435533
1 32909807 0 32.80435533
1 32943411 0 32.80435533
1 32993823 0 32.80435533
1 33034361 1.00244514627669 32.80435533
1 33076473 2.500197593645 32.8465703
1 33136647 0.145200822552628 32.99701719
1 33175064 0.999731722287717 33.00259537
1 33320063 2.07638456299665 33.14755547
1 33342088 0 33.19328784
1 33398878 0.359264773433523 33.19328784
1 33472896 0 33.2198799
1 33505575 0 33.2198799
1 33533083 0 33.2198799
1 33560583 1.56846163031353 33.2198799
1 33610831 0.133568141661664 33.29869196
1 33713837 0 33.31245028
1 33734709 4.57754625968694 33.31245028
1 33772647 0 33.48611323
1 33805826 1.148092655223 33.48611323
1 33837168 0 33.52209675
1 33916347 0 33.52209675
1 33938765 2.14485059096092 33.52209675
1 33964232 0 33.57671966
1 33988612 2.66946676518575 33.57671966
1 34021093 0 33.66342661
1 34068395 0 33.66342661
1 34100802 1.76548732871648 33.66342661
1 34127950 0 33.71135606
1 34179569 0 33.71135606
1 34231964 1.39585284195144 33.71135606
1 34309921 0.775040711910818 33.82017256
1 34360152 2.77951343373203 33.85910363
1 34400126 0 33.9702119
1 34424718 0 33.9702119
1 34458042 0 33.9702119
1 34500276 0.831701542869944 33.9702119
1 34602877 0 34.05554531
1 34624045 0 34.05554531
1 34663026 0 34.05554531
1 34723604 2.14359217725109 34.05554531
1 34756687 0 34.12646177
1 34779787 0 34.12646177
1 34803049 0.137069146748261 34.12646177
1 34824930 0.112251328867975 34.12946098
1 34866883 0.392282689763074 34.13417026
1 34908448 0 34.15047549
1 34931862 0.120488968395914 34.15047549
1 34978818 0.705187494269936 34.15613317
1 35000632 9.42707176568566 34.17151613
1 35029448 0 34.44316663
1 35050813 0 34.44316663
1 35149839 0 34.44316663
1 35277715 0 34.44316663
1 35316778 0 34.44316663
1 35345339 0 34.44316663
1 35381546 0 34.44316663
1 35424977 0.957421621318975 34.44316663
1 35567873 0 34.57997835
1 35722253 2.18331086918961 34.57997835
1 35774336 0.600261294191581 34.69369173
1 35809354 1.9417792726869 34.71471168
1 36007508 0.285806142388331 35.09948301
1 36034631 0.013535069161928 35.10723493
1 36096081 0 35.10806666
1 36215840 0 35.10806666
1 36294078 2.18182952855219 35.10806666
1 36325004 0 35.17554192
1 36352663 0 35.17554192
1 36393512 0 35.17554192
1 36436645 0 35.17554192
1 36459510 0 35.17554192
1 36486706 1.36312652251044 35.17554192
1 36519957 0 35.22086724
1 36582476 0 35.22086724
1 36610036 0 35.22086724
1 36639642 0 35.22086724
1 36666981 0 35.22086724
1 36693898 0 35.22086724
1 36719895 3.38698250996441 35.22086724
1 36796167 1.85224717030391 35.47919917
1 36991506 0.189248546440606 35.84101528
1 37032440 8.81708613582138 35.84876198
1 37060094 0 36.09258968
1 37219767 0 36.09258968
1 37299219 0.252946969144337 36.09258968
1 37381473 0 36.11339558
1 37412751 0 36.11339558
1 37442086 0 36.11339558
1 37484468 0 36.11339558
1 37513415 0.377359586037553 36.11339558
1 37570425 1.39832850214607 36.13490885
1 37606303 0.531846705266078 36.18507808
1 37642573 1.9449463899498 36.20436816
1 37686035 0 36.28889942
1 37717913 0 36.28889942
1 37753840 0 36.28889942
1 37783673 0 36.28889942
1 37828718 0 36.28889942
1 37900339 1.11950211333198 36.28889942
1 37942216 0 36.33578081
1 38076935 0 36.33578081
1 38262971 1.41831542297116 36.33578081
1 38309499 0.220258122995359 36.40177219
1 38452919 0.473907376281753 36.43336161
1 38630217 3.55448902886315 36.51738444
1 38707374 0.320346067114845 36.79163815
1 38752163 6.25597517230269 36.80598613
1 38776974 0 36.96120313
1 38963514 0 36.96120313
1 39014333 0 36.96120313
1 39038727 1.19149201970429 36.96120313
1 39089477 2.35308344521899 37.02167135
1 39198219 0.0946998344854998 37.27755035
1 39249574 0 37.28241366
1 39292042 0 37.28241366
1 39365760 0 37.28241366
1 39436125 0 37.28241366
1 39467448 0 37.28241366
1 39617264 7.51481220216891 37.28241366
1 39643915 0 37.48269092
1 39724349 1.28802072656154 37.48269092
1 39883372 3.10575137873706 37.68751584
1 39921269 0 37.8052145
1 39954780 2.56559971159552 37.8052145
1 39978358 0.255361677768574 37.86570621
1 40036006 0.177561966782737 37.8804273
1 40075624 0.345884308293961 37.88746195
1 40136994 0.617021586128186 37.90868887
1 40162427 1.35529262180305 37.92438158
1 40189561 0 37.96115609
1 40216456 0 37.96115609
1 40253747 2.24040840046468 37.96115609
1 40278698 0 38.01705652
1 40296142 0 38.01705652
1 40420207 1.1813092620692 38.01705652
1 40452500 3.0782612979089 38.05520454
1 40483966 0 38.15206511
1 40540189 0 38.15206511
1 40576723 0 38.15206511
1 40629765 0 38.15206511
1 40669335 0 38.15206511
1 40691521 0 38.15206511
1 40721810 0 38.15206511
1 40748287 0 38.15206511
1 40763708 0.251480151169716 38.15206511
1 40795725 0 38.16011675
1 40834252 0 38.16011675
1 40864128 1.36559688542817 38.16011675
1 40909078 0 38.22150033
1 40956637 3.33565206210433 38.22150033
1 40987746 0.0537671582529287 38.32526913
1 41023006 0.184160935350774 38.32716496
1 41088436 0.0977363204682074 38.33921461
1 41160880 1.16464303926577 38.34629502
1 41196178 1.31100401769401 38.38740459
1 41220819 0 38.41970904
1 41245618 0.0178479917610753 38.41970904
1 41366993 0 38.42187534
1 41433644 2.92885097113807 38.42187534
1 41455680 0.442848168713876 38.4864155
1 41562654 0.436659704851435 38.53378874
1 41686185 0 38.58772975
1 41750066 0.120957194755895 38.58772975
1 41788052 0 38.59232443
1 41811776 0 38.59232443
1 41835927 0 38.59232443
1 41860729 2.46768326977174 38.59232443
1 41886688 0.344580442253988 38.65638302
1 41948372 0.319178323421083 38.67763812
1 41978469 1.04912990743713 38.68724443
1 42009799 0.251064339457338 38.72011367
1 42104562 0 38.74390528
1 42127597 0 38.74390528
1 42156367 0 38.74390528
1 42205645 1.77113786711562 38.74390528
1 42264448 0.458617683686017 38.8480535
1 42285326 0.687319523364383 38.85762852
1 42327035 0 38.88629593
1 42347846 0.315150263123236 38.88629593
1 42370839 0.292594249649402 38.89354218
1 42513439 2.22277008663152 38.93526612
1 42536987 0.674853137262318 38.98760791
1 42574052 0.67485313726241 39.0126213415326
1 42615734 0 39.04075057
1 42672277 0 39.04075057
1 42690917 1.66903526742096 39.04075057
1 42722646 0 39.09370739
1 42776430 0 39.09370739
1 42806236 0 39.09370739
1 42863111 1.48823198014975 39.09370739
1 42912279 4.02958815182677 39.16688078
1 42940469 0 39.28047487
1 42990139 0.380790886851356 39.28047487
1 43090697 0 39.31876644
1 43119017 0 39.31876644
1 43141355 1.47585585585588 39.31876644
1 43168883 1.20150914313753 39.3593938
1 43211702 1.16093859147777 39.41084122
1 43258943 0.760678349188203 39.46568512
1 43328848 0.143471788643134 39.51886034
1 43428471 0 39.53315343
1 43454408 0 39.53315343
1 43506759 0.761748999412286 39.53315343
1 43542488 0 39.56036996
1 43610191 0.720614860359958 39.56036996
1 43637189 6.65659565541657 39.57982512
1 43658641 0 39.72262241
1 43683322 0 39.72262241
1 43709324 0 39.72262241
1 43745642 0 39.72262241
1 43787631 0 39.72262241
1 43810175 2.04932948844176 39.72262241
1 43831502 0 39.76632846
1 43864691 0 39.76632846
1 43901606 0 39.76632846
1 43925940 4.45091216799655 39.76632846
1 43954893 0 39.89519572
1 44026431 0 39.89519572
1 44050867 2.25643650302954 39.89519572
1 44091302 0.163702301263514 39.98643473
1 44217537 0 40.00709969
1 44288613 0 40.00709969
1 44345217 0 40.00709969
1 44375152 1.45804502664743 40.00709969
1 44475537 3.37379214288628 40.15346554
1 44499948 0.382877355632391 40.23582318
1 44532954 0 40.24846043
1 44571298 0 40.24846043
1 44606098 0 40.24846043
1 44802416 1.04355620179542 40.24846043
1 44881506 0 40.33099529
1 44959284 0.11879686746989 40.33099529
1 45042284 0.619801184962564 40.34085543
1 45090218 0 40.37056498
1 45119592 0 40.37056498
1 45182041 0.0703309904154538 40.37056498
1 45213341 3.62818973320109 40.37276634
1 45236542 0 40.45694397
1 45259100 1.94897052255497 40.45694397
1 45281490 1.22876459841343 40.50058142
1 45324731 0 40.55371443
1 45350130 3.12570476713852 40.55371443
1 45379246 0.0174682045986689 40.64472245
1 45458660 0 40.64610967
1 45519346 0.325392018973525 40.64610967
1 45555607 3.33989830378382 40.65790871
1 45581665 0 40.74493978
1 45612781 0.0979876748192091 40.74493978
1 45773590 0 40.76069708
1 45793675 0 40.76069708
1 45848413 0 40.76069708
1 45897874 0 40.76069708
1 45929427 2.16390281597905 40.76069708
1 45967602 0 40.84330407
1 46016435 0 40.84330407
1 46048751 0.0706435554179422 40.84330407
1 46165058 0.301509643917007 40.85152041
1 46202802 0 40.86290059
1 46242001 0 40.86290059
1 46267521 0 40.86290059
1 46294957 2.65415342664975 40.86290059
1 46322462 0 40.93590308
1 46425212 0 40.93590308
1 46454651 0 40.93590308
1 46575158 0.275839921889916 40.93590308
1 46659142 1.14555621185263 40.95906922
1 46735327 0.674896618357684 41.04634342
1 46756027 0.368739832196975 41.06031378
1 46810734 0.440063586151109 41.08048643
1 46884964 2.11890226820907 41.11315235
1 46929228 5.33570710168021 41.20694344
1 46953687 0 41.3374495
1 47022790 0 41.3374495
1 47050759 0 41.3374495
1 47079462 0.934088298096215 41.3374495
1 47112713 0 41.36850887
1 47157644 0 41.36850887
1 47185588 1.33078748586894 41.36850887
1 47302352 0 41.52389694
1 47334486 0 41.52389694
1 47378821 0 41.52389694
1 47421211 4.5251633705934 41.52389694
1 47439819 0 41.60810118
1 47465147 0 41.60810118
1 47489244 0 41.60810118
1 47578457 4.1160094894129 41.60810118
1 47606699 0 41.72434552
1 47660239 0 41.72434552
1 47697023 0 41.72434552
1 47740633 4.53242181818203 41.72434552
1 47765383 0.910643580075403 41.83652296
1 47815773 0 41.88241029
1 47857631 0.609629101564385 41.88241029
1 48061029 0 42.00640763
1 48157004 0.704038540807938 42.00640763
1 48263748 2.24269134218455 42.08155952
1 48335452 0 42.24236946
1 48360337 0 42.24236946
1 48436492 4.01810699588482 42.24236946
1 48476830 0 42.40445186
1 48500613 0 42.40445186
1 48538897 0 42.40445186
1 48605155 0.701775892992281 42.40445186
1 48823158 0 42.55744111
1 48869448 0.747196567987453 42.55744111
1 48906977 0 42.58548265
1 48929964 0 42.58548265
1 48981871 0 42.58548265
1 49067075 0 42.58548265
1 49119332 0 42.58548265
1 49158619 1.40411691781965 42.58548265
1 49314301 0.455749212610015 42.80407838
1 49654031 0 42.95891006
1 49688088 0 42.95891006
1 49729236 0 42.95891006
1 49762136 0 42.95891006
1 49799340 0.931295183689388 42.95891006
1 49829799 2.179453006395 42.98727638
1 49851536 0.781281502754547 43.03465115
1 49919784 1.00659462350024 43.08797205
1 50009545 0 43.17832499
1 50033650 0.0320947306868414 43.17832499
1 50064432 0 43.17931293
1 50110251 0 43.17931293
1 50173554 0 43.17931293
1 50221079 0 43.17931293
1 50252416 2.26893833858785 43.17931293
1 50279694 0.388787107880596 43.24120503
1 50331974 0 43.26153082
1 50375545 0 43.26153082
1 50415732 0 43.26153082
1 50457230 5.22691979584385 43.26153082
1 50484660 0 43.40490523
1 50592197 0.367076318021816 43.40490523
1 50631100 1.0152745826827 43.4191856
1 50767507 0 43.55767616
1 50809694 0 43.55767616
1 50856429 0 43.55767616
1 50886644 0.67028264749749 43.55767616
1 50927543 0 43.58509005
1 51001448 0.0725592495771276 43.58509005
1 51164023 0 43.59688637
1 51199296 0 43.59688637
1 51253635 0 43.59688637
1 51286318 0 43.59688637
1 51319043 0 43.59688637
1 51366115 3.07938862134762 43.59688637
1 51443154 0 43.83411939
1 51501180 2.01247809789484 43.83411939
1 51592952 0 44.01880853
1 51674103 0 44.01880853
1 51729431 0.491389915001914 44.01880853
1 51785197 1.39003717100321 44.04621138
1 51845190 0 44.12960388
1 51980212 0 44.12960388
1 52001408 0 44.12960388
1 52078062 1.00173643766495 44.12960388
1 52121657 0.425733756708092 44.17327458
1 52229363 0.881528143332797 44.21912866
1 52260898 0 44.24692765
1 52281229 0 44.24692765
1 52304155 0 44.24692765
1 52332628 3.04430545120635 44.24692765
1 52356586 0.417625342303623 44.31986312
1 52386165 0.648508231398803 44.33221606
1 52418784 0 44.35336975
1 52459222 1.05615476654969 44.35336975
1 52536112 0 44.43457749
1 52620931 0 44.43457749
1 52668291 0 44.43457749
1 52692977 0.432434369496565 44.43457749
1 52741811 0.386365433424442 44.45569499
1 52823763 0 44.48735841
1 52854500 0 44.48735841
1 52880869 0 44.48735841
1 52949442 0 44.48735841
1 52972214 0 44.48735841
1 53000021 0 44.48735841
1 53074022 2.21780638835848 44.48735841
1 53112780 3.03402826397014 44.57331615
1 53135919 0 44.64352053
1 53167139 1.17733977929586 44.64352053
1 53214714 0 44.69953247
1 53241119 2.97650111974698 44.69953247
1 53263892 0 44.76731633
1 53338338 0 44.76731633
1 53551793 0 44.76731633
1 53578419 0.872304086277798 44.76731633
1 53615323 4.57621342091091 44.79950784
1 53635724 0 44.89286717
1 53657839 3.13609166846695 44.89286717
1 53685613 0 44.97996898
1 53760822 1.18604534343354 44.97996898
1 53798049 0 45.02412189
1 53841380 0 45.02412189
1 53899179 0.0105149226605713 45.02412189
1 53923940 0.256063775769354 45.02438225
1 53953481 0 45.03194663
1 53972306 0 45.03194663
1 54038526 2.24611127640578 45.03194663
1 54078858 0 45.12253679
1 54101343 0 45.12253679
1 54134361 0.421403813846469 45.12253679
1 54168290 4.06836447372262 45.1368346
1 54202597 0 45.27640798
1 54223868 0 45.27640798
1 54263653 0 45.27640798
1 54287584 0 45.27640798
1 54347232 0 45.27640798
1 54392578 0 45.27640798
1 54417168 0 45.27640798
1 54445733 5.81253779777271 45.27640798
1 54472851 0 45.43403238
1 54530063 0 45.43403238
1 54568552 0.940534879720183 45.43403238
1 54638306 0 45.49963845
1 54688405 0.305437740751642 45.49963845
1 54732278 0 45.51303892
1 54755430 0.510406982002378 45.51303892
1 54843886 0.0315517241378886 45.55818748
1 54870276 0.489554289632672 45.55902013
1 54908193 1.8495796105037 45.57758256
1 54941210 1.09576188424521 45.63865013
1 54969062 0.40537513313422 45.66916929
1 55026335 0 45.69238634
1 55051389 0 45.69238634
1 55079792 0 45.69238634
1 55130499 1.53561539846504 45.69238634
1 55369328 0 46.05913583
1 55395795 0 46.05913583
1 55417768 1.44171054245182 46.05913583
1 55515620 2.41725868548199 46.20021009
1 55580815 0 46.35780327
1 55670650 0 46.35780327
1 55779057 0.931286188658255 46.35780327
1 55879641 0 46.45147576
1 56090496 1.56038109205776 46.45147576
1 56134816 0.161721304807657 46.52063185
1 56196281 0.190113241647944 46.53057205
1 56231692 0 46.53730415
1 56253478 0 46.53730415
1 56289734 0.910660495820339 46.53730415
1 56401226 0 46.63883551
1 56446383 3.30838773092046 46.63883551
1 56483517 0.0270801148742441 46.76168918
1 56564301 1.00061511475364 46.76387682
1 56632142 0 46.83175955
1 56722807 3.32487288423637 46.83175955
1 56752229 1.30398702253964 46.92958396
1 56790295 0.50237613418722 46.97922153
1 56841984 0.719339992969274 47.00518885
1 56944392 0.695754777628447 47.07885502
1 57029947 1.93611221110848 47.13838032
1 57147119 0 47.36523846
1 57180246 0 47.36523846
1 57217658 0 47.36523846
1 57249444 0 47.36523846
1 57309255 0 47.36523846
1 57369615 0 47.36523846
1 57399338 0 47.36523846
1 57447817 1.27754216188283 47.36523846
1 57469104 2.13792527821917 47.3924335
1 57496780 0 47.45160272
1 57766104 0.0596861058743714 47.45160272
1 57958653 1.61940394358147 47.46309522
1 58000696 0.674796177406208 47.53117982
1 58224837 0 47.68242931
1 58250592 1.48791705655572 47.68242931
1 58277309 3.13527240680818 47.72218199
1 58315322 0.135949095464888 47.8413631
1 58540410 1.71969149789099 47.87196361
1 58626471 0 48.01996198
1 58773333 1.01087679003322 48.01996198
1 58830804 0 48.07805808
1 58885004 0 48.07805808
1 58965351 Inf 48.07805808
1 58965351 1.59776274471806 48.123532
1 58991146 0.625975345483147 48.16474629
1 59019295 0 48.18236687
1 59065200 2.22788097681886 48.18236687
1 59116837 0.57765874079032 48.29740796
1 59146697 3.40983330498394 48.31465685
1 59170213 0.148425770476061 48.39484249
1 59203569 0 48.39979338
1 59240053 4.75550214237375 48.39979338
1 59266659 0 48.52631827
1 59345487 0 48.52631827
1 59372893 0 48.52631827
1 59401302 10.5366176917238 48.52631827
1 59427642 1.57707087922166 48.80385278
1 59520349 0 48.95005829
1 59555496 0 48.95005829
1 59628465 0 48.95005829
1 59662754 0 48.95005829
1 59686995 0 48.95005829
1 59733534 0 48.95005829
1 59777594 0 48.95005829
1 59800668 0 48.95005829
1 59830761 3.88596918447509 48.95005829
1 59866652 0.212988920948847 49.08952961
1 59957454 1.77134811549119 49.10886943
1 59980590 0.108239779057724 49.14985134
1 60022954 0 49.15443681
1 60107620 0.908806560924898 49.15443681
1 60212971 0.618830997864554 49.25018049
1 60247154 0 49.27133399
1 60275851 0 49.27133399
1 60313183 0.588984656536607 49.27133399
1 60340100 0.929423718829755 49.28718769
1 60380844 0 49.32505613
1 60407283 1.40950162433559 49.32505613
1 60434371 0 49.36323671
1 60476588 1.63373611562945 49.36323671
1 60519622 0.764708290685834 49.43354291
1 60575311 0 49.47612875
1 60605492 0 49.47612875
1 60638907 0 49.47612875
1 60678008 2.3366578113497 49.47612875
1 60709251 1.40322090261285 49.54913295
1 60736616 0 49.58753209
1 60779046 0 49.58753209
1 60806613 0 49.58753209
1 60831272 0 49.58753209
1 60899823 0.0426922652540933 49.58753209
1 60917949 0 49.58830593
1 60956794 0 49.58830593
1 60979138 0 49.58830593
1 60989342 1.44455955178028 49.58830593
1 61100002 0 49.74816089
1 61128757 0.990517736378543 49.74816089
1 61160105 0 49.77921164
1 61189193 6.2224237367332 49.77921164
1 61219155 1.78827525575444 49.9656479
1 61244179 0 50.0103977
1 61312093 0.37891115033844 50.0103977
1 61346083 0 50.02327689
1 61409890 2.92334484410569 50.02327689
1 61459988 0 50.16973062
1 61517865 0.349713961631095 50.16973062
1 61538142 2.53410188025063 50.17682177
1 61583136 2.41874129051811 50.29084115
1 61629350 0 50.40262086
1 61650537 0.283507250841677 50.40262086
1 61741423 1.86654101087983 50.4283877
1 61817159 0 50.56975205
1 62003821 1.0402254371901 50.56975205
1 62137916 0 50.70924108
1 62161436 2.2836093146405 50.70924108
1 62207514 1.17254371195421 50.81446523
1 62238398 0 50.85067807
1 62269764 0 50.85067807
1 62305513 0 50.85067807
1 62364649 1.38105592929695 50.85067807
1 62394973 0 50.89255721
1 62421587 1.54039495657983 50.89255721
1 62457515 0 50.94790052
1 62494500 0 50.94790052
1 62523255 2.01073942889396 50.94790052
1 62555158 0 51.01204914
1 62594967 3.4329809960146 51.01204914
1 62631854 0.0364791077078334 51.13868151
1 62673903 0 51.14021542
1 62768510 1.20693289569661 51.14021542
1 62817866 0 51.1997848
1 62841878 0.527276325696285 51.1997848
1 62888363 0 51.22429524
1 62972124 0 51.22429524
1 63032317 0.492757316091875 51.22429524
1 63103154 2.79441604640983 51.25920069
1 63139698 0 51.36131983
1 63196236 0 51.36131983
1 63222337 0.760425472054544 51.36131983
1 63346740 1.22594395500477 51.45591904
1 63427104 0 51.5544408
1 63473042 0 51.5544408
1 63540783 0 51.5544408
1 63602126 1.92657502319864 51.5544408
1 63694804 0 51.73299192
1 63715778 0 51.73299192
1 63813595 0 51.73299192
1 63850758 3.21748313043488 51.73299192
1 63879508 0.910063995124109 51.82549456
1 63997642 0 51.93300406
1 64034192 3.78718762169319 51.93300406
1 64072711 1.01106570350246 52.07888274
1 64097352 0.425642484342196 52.10379641
1 64135672 0.48056749524118 52.12010703
1 64171919 0 52.13752616
1 64193131 0 52.13752616
1 64268930 0 52.13752616
1 64312686 0 52.13752616
1 64356872 0 52.13752616
1 64391625 1.19033512141657 52.13752616
1 64426299 0 52.17879984
1 64483369 0 52.17879984
1 64504875 0.438364418308683 52.17879984
1 64527662 0 52.18878885
1 64572534 0 52.18878885
1 64604304 1.43240126113088 52.18878885
1 64627775 0 52.22240874
1 64653780 1.44682710151185 52.22240874
1 64679107 0.184088584554269 52.25905253
1 64736792 0.197221756269314 52.26967168
1 64808330 0.397080882041701 52.28378053
1 64831957 0 52.29316236
1 64864876 0 52.29316236
1 64893868 0 52.29316236
1 64920298 0 52.29316236
1 64978225 1.24864386792455 52.29316236
1 65022321 0.179474954277529 52.34822256
1 65061689 0.804715984275546 52.35528813
1 65165222 0 52.43860279
1 65216449 0.379150076504258 52.43860279
1 65333436 0 52.48295842
1 65388121 0 52.48295842
1 65413028 0.312402488909289 52.48295842
1 65517170 0 52.51549264
1 65535489 0 52.51549264
1 65583709 0 52.51549264
1 65625274 0 52.51549264
1 65647815 0.997640465584214 52.51549264
1 65738282 0 52.60574618
1 65763047 0 52.60574618
1 65792796 0 52.60574618
1 65844066 0.378334085914774 52.60574618
1 65877285 0 52.61831406
1 65912871 0 52.61831406
1 65995257 1.01979368611606 52.61831406
1 66021770 0.430110985752883 52.64535185
1 66059883 0.581631299734881 52.66174467
1 66087781 0 52.67797102
1 66112842 0 52.67797102
1 66150690 0.697496990631547 52.67797102
1 66188904 1.9775263082231 52.70462517
1 66258464 0 52.8421819
1 66310896 0 52.8421819
1 66454562 0 52.8421819
1 66483815 0 52.8421819
1 66515809 0 52.8421819
1 66560130 0 52.8421819
1 66612166 0 52.8421819
1 66657113 0 52.8421819
1 66686171 3.04273703935025 52.8421819
1 66710186 0.657693308550537 52.91525323
1 66731706 0.301374573995754 52.92940679
1 66799487 0.877274061079487 52.94983426
1 66862192 2.11324344074075 53.00484373
1 66890930 0 53.06557412
1 67101934 0 53.06557412
1 67133845 1.6643122850368 53.06557412
1 67163792 2.62064067630819 53.11541528
1 67192418 0 53.19043374
1 67213671 0 53.19043374
1 67284880 0 53.19043374
1 67309126 0.796718027222141 53.19043374
1 67369224 0 53.2383149
1 67423265 0 53.2383149
1 67466120 2.75701683783989 53.2383149
1 67537685 0 53.43562081
1 67556003 0.235577406850655 53.43562081
1 67619208 0.895202725343435 53.45051048
1 67672926 3.98092168860564 53.49859898
1 67711822 5.5679889087492 53.65344091
1 67755460 1.16237833594926 53.89641681
1 67775844 0 53.92011073
1 67805608 1.2231110779171 53.92011073
1 67859165 0 53.98561689
1 67909004 0.898572031621904 53.98561689
1 67935062 0.346107078814823 54.00903188
1 67981906 0 54.02524492
1 68006692 0.680241577332627 54.02524492
1 68286354 0.20258019737553 54.21548264
1 68332459 0 54.2248226
1 68361514 1.12296525974033 54.2248226
1 68392314 0.299155956792627 54.25940993
1 68417680 2.42051957603275 54.26699832
1 68440795 3.10636855711727 54.32294863
1 68465551 0.291541487308964 54.39984989
1 68532921 0.282042180988384 54.41949104
1 68596030 0 54.43729044
1 68623214 0 54.43729044
1 68649543 0 54.43729044
1 68682461 1.09452470223514 54.43729044
1 68757940 4.41239963915191 54.51990407
1 68784544 0 54.63729155
1 68833175 0 54.63729155
1 68873131 0 54.63729155
1 68915934 0.363528714974288 54.63729155
1 68989380 1.88894441798263 54.66399128
1 69016673 1.67135745033546 54.71554624
1 69054074 0 54.77805668
1 69085458 0.836891122040991 54.77805668
1 69198502 0 54.8726622
1 69230913 0.123190356220465 54.8726622
1 69262270 0 54.87652508
1 69299662 0 54.87652508
1 69339447 1.04573328741366 54.87652508
1 69554315 2.46815909675766 55.1012197
1 69585403 0.35983595911086 55.17794983
1 69870271 0 55.28045558
1 69942383 0 55.28045558
1 70049185 0.393047697570008 55.28045558
1 70228691 0 55.35101
1 70240205 0 55.35101
1 70362584 0 55.35101
1 70384365 0.49222093085388 55.35101
1 70459221 1.17251263500873 55.38785569
1 70498200 0.293173184899051 55.43355906
1 70621981 0.822624860940651 55.46984833
1 70656139 0 55.49794755
1 70741856 0.847201957706333 55.49794755
1 70763514 1.56572043403828 55.51629625
1 70823693 0 55.61051974
1 70897439 0 55.61051974
1 70995564 0 55.61051974
1 71013954 1.6284557047263 55.61051974
1 71132759 0 55.80398842
1 71155649 0 55.80398842
1 71190486 0 55.80398842
1 71322090 0 55.80398842
1 71342251 0 55.80398842
1 71380741 0 55.80398842
1 71411178 0 55.80398842
1 71442587 0 55.80398842
1 71471058 1.51229370942454 55.80398842
1 71493393 0 55.8377655
1 71760764 0 55.8377655
1 71834357 0.997818242073835 55.8377655
1 71997299 0 56.000352
1 72032606 0 56.000352
1 72081243 1.71122653423811 56.000352
1 72127960 0 56.08029537
1 72193451 1.39422667575127 56.08029537
1 72236014 0 56.13963784
1 72330577 0 56.13963784
1 72355134 0.475264237353356 56.13963784
1 72440947 0 56.18042169
1 72470845 0 56.18042169
1 72499306 2.00556848106009 56.18042169
1 72533863 0 56.24972812
1 72631840 0 56.24972812
1 72679109 0 56.24972812
1 72714083 0 56.24972812
1 72797154 0 56.24972812
1 72834294 0.579294362629302 56.24972812
1 72880876 0 56.27671281
1 72960557 0 56.27671281
1 73074002 1.12847978491203 56.27671281
1 73143183 0 56.35478217
1 73178671 0 56.35478217
1 73207902 0 56.35478217
1 73241980 1.28557182351617 56.35478217
1 73312876 0.322002317497344 56.44592407
1 73338766 9.03484347468571 56.45426071
1 73372818 0.080282425956402 56.7619152
1 73398276 0 56.76395903
1 73435277 0.442023410202483 56.76395903
1 73463897 1.80155834642407 56.77660974
1 73586758 0 56.997951
1 73608012 0.169430887896961 56.997951
1 73671409 0 57.00869241
1 73714346 0.099981489439118 57.00869241
1 73744599 0 57.01171715
1 73789857 0 57.01171715
1 73823945 0 57.01171715
1 73848784 1.16933549076023 57.01171715
1 73971461 0.120207322036304 57.15516772
1 74141004 0.623543988888943 57.17554803
1 74534126 0 57.42067689
1 74559106 0 57.42067689
1 74615027 0 57.42067689
1 74646138 0 57.42067689
1 74688985 0 57.42067689
1 74716669 0 57.42067689
1 74751617 0 57.42067689
1 74822505 4.75191346961626 57.42067689
1 74893925 3.32513734735825 57.76005855
1 74976635 0.355273881539963 58.03508066
1 75006721 0.516043895897668 58.04576943
1 75079803 0.588539385054723 58.08348295
1 75184170 0 58.14490704
1 75269086 0 58.14490704
1 75346472 0.734285432798678 58.14490704
1 75635752 0 58.35732113
1 75682742 7.92998520534955 58.35732113
1 75716538 0.275943121466484 58.62532291
1 75763234 2.16357523586944 58.63820835
1 75798317 0.402781180094644 58.71411306
1 75852855 0 58.73607994
1 76003958 0 58.73607994
1 76026736 0 58.73607994
1 76090160 0 58.73607994
1 76119473 3.89243138503003 58.73607994
1 76172887 0 58.94399027
1 76217113 0 58.94399027
1 76257377 0 58.94399027
1 76318682 6.25193905424101 58.94399027
1 76375060 0 59.29646209
1 76587512 0.771716438186935 59.29646209
1 76627997 2.62728034580103 59.32770503
1 76662005 0 59.41705358
1 76701704 0 59.41705358
1 76862840 0.0810755928853627 59.41705358
1 76984280 1.25623391089102 59.4268994
1 77024680 2.20859991653136 59.47765125
1 77266687 0.922056801899436 60.01214789
1 77411154 0 60.14535467
1 77464630 0.257232787298377 60.14535467
1 77861430 0 60.24742464
1 77922160 0 60.24742464
1 78011866 8.21631857974004 60.24742464
1 78048648 0.253542098383693 60.54963727
1 78174116 2.73074993040086 60.58144869
1 78202852 0 60.65991952
1 78237770 2.24711136742261 60.65991952
1 78315800 2.48874218370194 60.83526162
1 78375451 0 60.98371758
1 78397732 0 60.98371758
1 78420586 0 60.98371758
1 78445777 4.1143618943565 60.98371758
1 78469574 0 61.08162705
1 78520101 0.289938743808484 61.08162705
1 78554220 0 61.09151947
1 78580480 3.99722974237409 61.09151947
1 78628573 0 61.28375824
1 78685368 0 61.28375824
1 78735491 0 61.28375824
1 78844868 2.20135500763704 61.28375824
1 78909030 0 61.42500158
1 78911940 0 61.42500158
1 79002351 9.88400818589899 61.42500158
1 79040221 0 61.79930897
1 79082187 3.89444733903985 61.79930897
1 79111744 1.17348012613664 61.91441715
1 79166288 0 61.97842345
1 79190806 1.26093345686229 61.97842345
1 79252330 2.85068255852153 62.05600112
1 79291931 0 62.168891
1 79315052 0 62.168891
1 79371902 0 62.168891
1 79428743 1.65930668804406 62.168891
1 79472403 5.350502876729 62.24133633
1 79513248 0 62.45987762
1 79548115 2.2495092559355 62.45987762
1 79606618 0.609078901095853 62.59148066
1 79677707 1.85072652527567 62.63477947
1 79757250 0.449886109727909 62.78199181
1 79835571 2.94572041377138 62.81722734
1 79880330 0 62.94907484
1 79957893 0.190662911270999 62.94907484
1 80021446 1.85474233476241 62.96119204
1 80070890 0.93754298960384 63.05289792
1 80284430 0 63.25310085
1 80305567 0 63.25310085
1 80333027 0 63.25310085
1 80355153 0.232399600812361 63.25310085
1 80384212 0.233247649188274 63.25985415
1 80428133 0.627575710932336 63.27009862
1 80454120 0.545658643798928 63.28640743
1 80481874 0.303256639466787 63.30155164
1 80528075 0 63.3155624
1 80570275 0 63.3155624
1 80618771 0 63.3155624
1 80649405 0 63.3155624
1 80681310 0.499078322784788 63.3155624
1 80734398 6.12925992429369 63.34205747
1 80755004 0 63.468357
1 80782925 0 63.468357
1 80816170 0.521251509517263 63.468357
1 80868339 0 63.49555017
1 80896554 0 63.49555017
1 80925787 1.44835129757027 63.49555017
1 80949909 0 63.5304873
1 80971401 0 63.5304873
1 80999135 3.9259289113624 63.5304873
1 81032755 0.0975471196455699 63.66247703
1 81066605 0 63.665779
1 81111863 0 63.665779
1 81145165 0 63.665779
1 81170254 2.1069158445342 63.665779
1 81200460 0 63.7294205
1 81241376 0 63.7294205
1 81269331 0.970195364171021 63.7294205
1 81416748 0 63.87244379
1 81442749 0 63.87244379
1 81470359 0 63.87244379
1 81530689 0 63.87244379
1 81558281 0 63.87244379
1 81587334 0 63.87244379
1 81626995 1.25554778399492 63.87244379
1 81672031 0 63.92898864
1 81702924 0 63.92898864
1 81748778 0 63.92898864
1 81846168 0 63.92898864
1 81878833 0 63.92898864
1 81921030 0.661428337796726 63.92898864
1 81969947 0 63.96134373
1 82090151 0 63.96134373
1 82112253 0 63.96134373
1 82135846 0 63.96134373
1 82197440 0 63.96134373
1 82245027 0 63.96134373
1 82339579 0.937674836755747 63.96134373
1 82360713 1.36156001528365 63.98116055
1 82415674 0 64.05599325
1 82440177 0 64.05599325
1 82491104 4.11969756029635 64.05599325
1 82519837 0.164750360616595 64.17436452
1 82541328 0.0217584087903164 64.17790517
1 82563819 0.0217584087893515 64.1783945383721
1 82587381 0 64.17890721
1 82621540 0 64.17890721
1 82654231 0 64.17890721
1 82703570 0 64.17890721
1 82755387 0 64.17890721
1 82789393 0 64.17890721
1 82846064 0.478848261972748 64.17890721
1 83060071 1.09464606639656 64.28138409
1 83225441 0 64.46240571
1 83246081 0 64.46240571
1 83323357 0 64.46240571
1 83498166 0 64.46240571
1 83562226 1.45580199211665 64.46240571
1 83613729 0.272053140096926 64.53738388
1 83654715 0 64.54853425
1 83731754 0 64.54853425
1 83810343 0 64.54853425
1 83831924 0 64.54853425
1 83945429 0 64.54853425
1 83966655 0.391915382777951 64.54853425
1 84000147 0.111559593337725 64.56166028
1 84064869 0.629360690316534 64.56888064
1 84090944 0 64.58529122
1 84134530 0.341307049040806 64.58529122
1 84176862 0 64.59973943
1 84235226 0 64.59973943
1 84284676 1.42096443812231 64.59973943
1 84330371 0 64.6646704
1 84377610 0 64.6646704
1 84537777 0.212553574429955 64.6646704
1 84680569 1.39464617546776 64.69502135
1 84911107 0.528521462639185 65.01654029
1 85055777 2.24203759885459 65.09300149
1 85114449 0 65.22454632
1 85168286 0.862369083315468 65.22454632
1 85280342 0 65.32117995
1 85328309 0 65.32117995
1 85398326 0.889774687365632 65.32117995
1 85426154 2.02877553692999 65.3459406
1 85456698 0.0235630634612521 65.40790752
1 85501954 0.193341912821788 65.40897389
1 85790627 0 65.46478648
1 85817698 1.03208238482362 65.46478648
1 85845373 0.00264702359574291 65.49334936
1 85912165 0.702967233466317 65.49352616
1 85965329 0.339057260908107 65.53089871
1 86011556 0 65.54657231
1 86122181 0 65.54657231
1 86146073 0.473669210327309 65.54657231
1 86187090 0 65.5660008
1 86233203 0.245467060448651 65.5660008
1 86254196 0 65.57115389
1 86275998 0 65.57115389
1 86297091 0 65.57115389
1 86334373 0.243181721588901 65.57115389
1 86466135 0 65.603196
1 86545319 0 65.603196
1 86609335 0.337027756338806 65.603196
1 86784250 0 65.66214721
1 86805687 2.29956935253242 65.66214721
1 86835758 0 65.73129756
1 86922075 3.65813551456081 65.73129756
1 86956551 0 65.85741544
1 86997958 0 65.85741544
1 87047388 0 65.85741544
1 87107846 0.470851431094591 65.85741544
1 87157668 0.264644862719295 65.8808742
1 87212337 0 65.89534207
1 87282331 2.60650307903296 65.89534207
1 87319518 2.31599163722903 65.9922701
1 87347260 3.77689925721076 66.05652034
1 87378359 0 66.17397813
1 87398315 0 66.17397813
1 87457595 4.49101603531134 66.17397813
1 87493391 0 66.33473854
1 87524347 2.35690616011482 66.33473854
1 87557723 0 66.41340264
1 87574019 0 66.41340264
1 87612393 0 66.41340264
1 87733566 1.9905652273948 66.41340264
1 87837878 0 66.62104248
1 87864717 0 66.62104248
1 87914898 0 66.62104248
1 88012422 0 66.62104248
1 88072234 0 66.62104248
1 88175300 1.72673431280009 66.62104248
1 88272768 0 66.78934382
1 88649757 0 66.78934382
1 88681710 0 66.78934382
1 88730987 3.50880805017865 66.78934382
1 88779135 0.12901664837176 66.95828591
1 88833795 0 66.96533796
1 88874634 0 66.96533796
1 88915501 0 66.96533796
1 88948850 0.0840253500125232 66.96533796
1 89021276 0 66.97142358
1 89043569 4.13468218890907 66.97142358
1 89065516 0 67.06216745
1 89152188 0 67.06216745
1 89181178 0 67.06216745
1 89213860 0.716595153907953 67.06216745
1 89259959 0.124199307858963 67.09520177
1 89343468 0 67.10557353
1 89373359 2.99695042023301 67.10557353
1 89399297 0 67.18330843
1 89433389 1.83546194823174 67.18330843
1 89476002 0 67.26152297
1 89498979 1.10293107283182 67.26152297
1 89539442 0 67.30615087
1 89623272 1.79742506116926 67.30615087
1 89719317 0 67.47878456
1 89759732 1.32804930172469 67.47878456
1 89799974 1.10740311746477 67.53222792
1 89846422 0 67.58366458
1 89914813 0 67.58366458
1 89950486 5.45843890134524 67.58366458
1 89979030 5.03147304159705 67.73947026
1 90033577 2.37765164937162 68.01392202
1 90104695 0 68.18301585
1 90161569 1.79183528810449 68.18301585
1 90235917 0.235058776837027 68.31623522
1 90288829 1.14330845771156 68.32867265
1 90311743 0 68.35487042
1 90354900 0.908948737846354 68.35487042
1 90398714 0 68.3946951
1 90491057 9.19833963347468 68.3946951
1 90511956 0 68.5869312
1 90545947 0 68.5869312
1 90588788 2.3300392881909 68.5869312
1 90619077 0 68.65750576
1 90654435 0 68.65750576
1 90681139 0 68.65750576
1 90705336 0 68.65750576
1 90742154 0 68.65750576
1 90791112 2.70946423714961 68.65750576
1 90813174 0.20456159603197 68.71728196
1 90858737 4.52285241048754 68.7266024
1 90901301 0 68.91911309
1 91008609 0 68.91911309
1 91038517 1.37865695843373 68.91911309
1 91070586 0 68.96332524
1 91091148 4.28865319384432 68.96332524
1 91119155 0 69.08343755
1 91224319 1.07915868889825 69.08343755
1 91255865 0 69.11748069
1 91285295 1.27811127917041 69.11748069
1 91377855 0 69.23578267
1 91405014 0 69.23578267
1 91426758 0.110597365331887 69.23578267
1 91526429 0 69.24680602
1 91551717 0.228601324758124 69.24680602
1 91582968 0 69.25395004
1 91625747 0.395091846958693 69.25395004
1 91706588 1.63300118131582 69.28588966
1 91737909 0 69.33703689
1 91758979 0.0548181742359368 69.33703689
1 91806937 0 69.33966586
1 91841270 4.03682413490082 69.33966586
1 91865169 0 69.43614192
1 91999824 1.37336976108818 69.43614192
1 92034230 0 69.48339408
1 92117648 0.202258963789436 69.48339408
1 92151367 0 69.49021405
1 92184564 0.689965845949519 69.49021405
1 92223798 0.280314592016238 69.51728417
1 92393192 0 69.56476778
1 92494787 1.34355115749633 69.56476778
1 92539150 0 69.62437174
1 92605645 2.15975282991014 69.62437174
1 92693722 0 69.81459629
1 92773961 0 69.81459629
1 92801124 0.676806159595384 69.81459629
1 92925288 0 69.89863125
1 92991492 0 69.89863125
1 93122790 2.35793524217278 69.89863125
1 93160160 0.579161116515797 69.98674729
1 93226975 0.370239367237878 70.02544394
1 93299040 2.40028641571223 70.05212524
1 93335700 0.70678283227845 70.14011974
1 93360980 0.150767310646291 70.15798721
1 93496388 0 70.17840231
1 93533808 0 70.17840231
1 93574165 4.65437767226004 70.17840231
1 93620708 8.12546740367436 70.39503101
1 93645312 1.13619858897711 70.59495001
1 93773446 1.02001037093051 70.74053568
1 93876619 2.8400569607376 70.84577321
1 93906113 0.31387598234759 70.92953785
1 93981570 0 70.95322199
1 94035144 5.9099521661882 70.95322199
1 94057095 0.0378532314549174 71.08295135
1 94088505 0 71.08414032
1 94134092 0.072296222130898 71.08414032
1 94190023 0 71.08818392
1 94216818 6.89239960581403 71.08818392
1 94237113 0 71.22806517
1 94278477 0.306196741427541 71.22806517
1 94307815 0.377096808776744 71.23704837
1 94335798 0 71.24760067
1 94384954 1.28892553537417 71.24760067
1 94492589 1.71275524002756 71.38633417
1 94513295 0 71.42179848
1 94530514 0.507099318906544 71.42179848
1 94576910 0 71.44532586
1 94628225 0 71.44532586
1 94656385 0 71.44532586
1 94710581 0.912399308583101 71.44532586
1 94841327 0 71.56461842
1 94918244 0.626386702689893 71.56461842
1 94952296 0 71.58594814
1 94984070 0 71.58594814
1 95052600 0 71.58594814
1 95080364 0.512083808894959 71.58594814
1 95292394 0.442581608801238 71.69452527
1 95403197 0.134173389651326 71.74356464
1 95450547 0.28011884033282 71.74991775
1 95532674 0.199659290056534 71.77292307
1 95615413 0.403983859955614 71.78944268
1 95704756 0 71.82553581
1 95741030 4.75235227449489 71.82553581
1 95786029 1.55710926413943 72.03938691
1 95815627 1.6061893078648 72.08547423
1 95910594 1.35126118710263 72.23800921
1 96024788 0.327398991744038 72.39231513
1 96175345 0 72.44160734
1 96356567 2.72255562464492 72.44160734
1 96393556 1.48301925346088 72.54231195
1 96428303 0 72.59384242
1 96509488 0 72.59384242
1 96533478 4.80638441102907 72.59384242
1 96572249 0 72.78019075
1 96599049 2.36524152063829 72.78019075
1 96622960 0 72.83674604
1 96652869 0 72.83674604
1 96690643 0 72.83674604
1 96716076 0 72.83674604
1 96747618 3.43973099495041 72.83674604
1 96820888 0 73.08877513
1 96856897 0.596682685087769 73.08877513
1 96883533 0 73.10466837
1 96959413 0.597238907677581 73.10466837
1 97117901 1.96973529292353 73.19932357
1 97142532 6.1499232354244 73.24784012
1 97167283 0 73.40005687
1 97264251 0 73.40005687
1 97287804 0 73.40005687
1 97343500 1.33929598788804 73.40005687
1 97406908 1.08232176641046 73.48497895
1 97448665 1.39022849051882 73.53017346
1 97484684 1.55920841813549 73.5802481
1 97553963 0 73.6882685
1 97581183 2.02788052687101 73.6882685
1 97643741 0 73.81512865
1 97729041 5.29481523317719 73.81512865
1 97778617 0 74.07762441
1 97802384 0 74.07762441
1 97840179 0 74.07762441
1 97878133 0.432205727995113 74.07762441
1 97904809 0 74.08915393
1 97926058 0 74.08915393
1 97955174 0 74.08915393
1 98077836 4.51884633330737 74.08915393
1 98103554 1.46854316954798 74.20536962
1 98125595 0.951006212507565 74.23773778
1 98191108 0.321382607096336 74.30004105
1 98218303 0.458222793436419 74.30878105
1 98318674 1.0759324797391 74.35477333
1 98360380 0 74.39964617
1 98397702 0.0142257250118895 74.39964617
1 98519700 0 74.40138168
1 98550194 0 74.40138168
1 98579359 0 74.40138168
1 98615181 4.27480017076619 74.40138168
1 98645632 0 74.53155362
1 98680898 0 74.53155362
1 98729649 0 74.53155362
1 98754671 0.860827960336107 74.53155362
1 98799649 0 74.57027194
1 98844255 0 74.57027194
1 98891232 0 74.57027194
1 98917928 1.9687635933362 74.57027194
1 98971171 0.372340032374199 74.67509482
1 99106464 1.82190812161316 74.72546982
1 99163300 0.883864980954716 74.82901979
1 99200317 1.80386211129287 74.86173782
1 99224757 0 74.90582421
1 99245284 0 74.90582421
1 99297524 0 74.90582421
1 99354988 0 74.90582421
1 99376464 1.20356492521124 74.90582421
1 99404142 3.21738740447682 74.93913648
1 99441044 0 75.05786451
1 99501232 0 75.05786451
1 99551933 0 75.05786451
1 99586706 0 75.05786451
1 99636348 1.71026143261843 75.05786451
1 99685768 0 75.14238563
1 99768392 0.544751373123144 75.14238563
1 99809357 3.2861464797498 75.16470137
1 99867208 0.560009112410325 75.35480823
1 99964877 1.41159435141203 75.40950376
1 100004887 0 75.46598165
1 100039624 0 75.46598165
1 100066834 0 75.46598165
1 100159585 0 75.46598165
1 100235428 0 75.46598165
1 100304015 7.24377173569379 75.46598165
1 100341971 0.500912229537106 75.74092625
1 100388604 0.825628925338632 75.76428529
1 100509135 0 75.86379917
1 100529804 0 75.86379917
1 100564059 3.60907328972782 75.86379917
1 100601363 0 75.99843204
1 100674068 0 75.99843204
1 100734801 2.15092561229811 75.99843204
1 100780857 0.127734914587775 76.09749507
1 100862227 0 76.10788886
1 100884706 0.672746029015375 76.10788886
1 100971901 0 76.16654895
1 101014213 0 76.16654895
1 101049645 0.814210191550154 76.16654895
1 101090522 0.0595068004533661 76.19983142
1 101150518 0.892350178995219 76.20340159
1 101172027 0 76.22259515
1 101195925 7.98660570795254 76.22259515
1 101221188 0 76.42436077
1 101249712 0.266258414826557 76.42436077
1 101358003 0 76.45319416
1 101439941 0.925564381828896 76.45319416
1 101612280 0 76.612705
1 101633865 0 76.612705
1 101656030 0 76.612705
1 101729648 0 76.612705
1 101758062 0 76.612705
1 101780022 0 76.612705
1 101894473 1.3456100247539 76.612705
1 101978904 0 76.7263162
1 102023440 1.14064717476974 76.7263162
1 102050836 0 76.75756537
1 102089512 1.60590942795202 76.75756537
1 102125925 1.78036297640637 76.81604135
1 102158985 0 76.87490015
1 102217960 2.35005671690155 76.87490015
1 102254986 0.657983094277576 76.96191335
1 102288939 0 76.98425385
1 102338521 0 76.98425385
1 102369015 0 76.98425385
1 102402908 1.26262354963472 76.98425385
1 102616992 2.84527317056372 77.25456135
1 102646113 1.37885616568508 77.33741855
1 102698743 0.603066720701366 77.40998775
1 102725886 0 77.42635679
1 102806893 1.68756452971813 77.42635679
1 102859117 0 77.51448816
1 102912727 0 77.51448816
1 102951011 0 77.51448816
1 102974268 0.69083630991753 77.51448816
1 103019622 0 77.54582035
1 103112588 0.822159152072495 77.54582035
1 103136741 0 77.56567796
1 103160462 0 77.56567796
1 103234850 0.073154597564072 77.56567796
1 103306203 0 77.57089776
1 103339600 0 77.57089776
1 103405790 0 77.57089776
1 103442322 0 77.57089776
1 103465675 0.629654545454728 77.57089776
1 103530025 0.328698183507182 77.61141603
1 104025210 0 77.77418244
1 104139607 2.7844361018891 77.77418244
1 104171838 0 77.8639276
1 104208926 0.318980396451837 77.8639276
1 104263712 0 77.88140326
1 104288464 0.801811560539957 77.88140326
1 104348738 0 77.92973165
1 104370788 1.61716640631462 77.92973165
1 104395114 0 77.96907084
1 104445688 0 77.96907084
1 104474563 0.392241020428031 77.96907084
1 104515879 0.0333249166269717 77.98527667
1 104536869 0.298593764746425 77.98597616
1 104568656 0.490636634142797 77.99546756
1 104597558 0.397596516313621 78.00964794
1 104659102 0.41795921703693 78.03411762
1 104750856 0.624352651975996 78.07246705
1 104830589 0 78.12224856
1 104867474 0 78.12224856
1 104932182 0.972800623555299 78.12224856
1 104987991 0.522739705783458 78.17653959
1 105062426 0 78.21544972
1 105086216 0.686229807191513 78.21544972
1 105109244 0 78.23125222
1 105192556 0 78.23125222
1 105405541 3.34598604151721 78.23125222
1 105422305 0 78.28734433
1 105443700 0 78.28734433
1 105472672 0 78.28734433
1 105496494 1.21188671386919 78.28734433
1 105542113 0.78296840575639 78.34262939
1 105584779 2.07670169640896 78.37603552
1 105630169 0 78.47029701
1 105689997 0.198213590721697 78.47029701
1 105715691 0 78.47538991
1 105773122 0 78.47538991
1 105796346 0 78.47538991
1 105820131 0.663320985227394 78.47538991
1 105886268 0 78.51925997
1 105912419 0 78.51925997
1 105945845 0 78.51925997
1 105979648 0.0878767876790272 78.51925997
1 106001464 0.103511818535458 78.52117709
1 106058070 1.8340231298446 78.52703648
1 106186562 0 78.76269378
1 106209953 0 78.76269378
1 106271610 0 78.76269378
1 106312918 0 78.76269378
1 106336822 1.14981534507234 78.76269378
1 106381175 2.30901636871099 78.81369154
1 106420946 0.187645383857425 78.90552343
1 106448339 0 78.9106636
1 106497025 1.27933215512991 78.9106636
1 106547950 0.346261851960802 78.97581359
1 106724714 0 79.03702022
1 106762807 1.77669212636639 79.03702022
1 106849349 0 79.19077871
1 106878597 0 79.19077871
1 107060820 0.583845359805933 79.19077871
1 107151883 1.47555390604378 79.24394542
1 107182195 0 79.28867241
1 107242825 0.839210999613364 79.28867241
1 107302318 2.21184183448476 79.33859959
1 107322727 5.48638285714294 79.38374107
1 107347227 0 79.51815745
1 107397419 1.78211973084703 79.51815745
1 107430560 0 79.57721868
1 107467566 0 79.57721868
1 107500490 2.11661125639569 79.57721868
1 107544465 0 79.67029666
1 107601279 0.445005491547218 79.67029666
1 107694149 2.06839688282775 79.71162432
1 107758823 0 79.84539582
1 107781031 0 79.84539582
1 107820134 0 79.84539582
1 107854913 0 79.84539582
1 107894561 2.00684503512024 79.84539582
1 107928872 0 79.91425268
1 108011171 0 79.91425268
1 108046605 0 79.91425268
1 108081697 0 79.91425268
1 108126660 2.81975554024127 79.91425268
1 108154231 0.573093322606952 79.99199616
1 108179091 0.372530376540142 80.00624326
1 108225673 0 80.02359647
1 108245744 1.02474479390275 80.02359647
1 108283008 0 80.06178256
1 108321950 0 80.06178256
1 108346141 0.900407112775699 80.06178256
1 108367511 1.07305485559192 80.08102426
1 108398465 0 80.1142396
1 108430714 0 80.1142396
1 108460583 1.87607124636782 80.1142396
1 108505666 0 80.19881852
1 108577099 0 80.19881852
1 108614238 2.6222698772427 80.19881852
1 108667188 0.608899099099016 80.33766771
1 108689388 0 80.35118527
1 108718890 0.00188318373815863 80.35118527
1 108794650 1.69983809851826 80.35132794
1 108826583 0 80.40560887
1 108851719 0.223563672720055 80.40560887
1 108894728 0.531961282687934 80.41522412
1 109014726 0.829636173934395 80.47905841
1 109177661 0 80.61423518
1 109210774 0 80.61423518
1 109233149 0.854689567073028 80.61423518
1 109439812 0 80.79086789
1 109527845 1.21568159607178 80.79086789
1 109695657 0.372594835262616 80.99487385
1 109718117 0 81.00324233
1 109766889 0.303304222241094 81.00324233
1 109825744 1.18431983743589 81.0210933
1 109851826 4.39169087171312 81.05198273
1 109912144 0 81.31688074
1 109939112 1.64120683178475 81.31688074
1 109979043 0 81.38241577
1 110017436 0.198334781664386 81.38241577
1 110054260 0 81.38971925
1 110076693 0.147364619946911 81.38971925
1 110113109 0 81.39508568
1 110160486 0 81.39508568
1 110169603 0.472100920042496 81.39508568
1 110190689 0 81.4050404
1 110252742 0.428213511469586 81.4050404
1 110292412 0 81.42202763
1 110396001 0.044750865756773 81.42202763
1 110420546 0.384699060720333 81.42312604
1 110488151 1.18859525379007 81.44913362
1 110518491 0.886986225792342 81.4851956
1 110625430 0.812879978659111 81.58004902
1 110674163 0 81.6196631
1 110706970 0 81.6196631
1 110954839 0 81.6196631
1 111054255 2.15176407468366 81.6196631
1 111096192 0 81.70990163
1 111137978 0.45698442127705 81.70990163
1 111306798 0 81.78704974
1 111323709 0 81.78704974
1 111345220 0 81.78704974
1 111438333 0 81.78704974
1 111465876 0.863062425447347 81.78704974
1 111491026 0 81.80875576
1 111601491 0.603088505070654 81.80875576
1 111630382 3.23789175530853 81.82617959
1 111654919 0 81.90562774
1 111751747 0 81.90562774
1 111775805 0 81.90562774
1 111828480 3.50481955037136 81.90562774
1 111868602 0.966355120696464 82.04624811
1 111926143 1.70892080320371 82.10185315
1 111960854 0.110305952316974 82.1611715
1 112091005 0 82.17552793
1 112138705 0.195404675462349 82.17552793
1 112161291 0 82.17994134
1 112181658 0 82.17994134
1 112206706 0.355963891375743 82.17994134
1 112307236 1.96201432286844 82.21572639
1 112388365 1.52875450313725 82.37490265
1 112437775 0.557094169470357 82.45043841
1 112581930 0 82.53074632
1 112723044 3.81973583623525 82.53074632
1 112758363 0.0386446733305368 82.66565557
1 112837296 0 82.66870591
1 112914641 0.423606117029482 82.66870591
1 112947402 0 82.68258367
1 112998357 3.54595754532209 82.68258367
1 113026434 0 82.78214352
1 113176039 0 82.78214352
1 113227837 0.805186588586162 82.78214352
1 113271382 0 82.81720537
1 113330321 0 82.81720537
1 113360531 0 82.81720537
1 113380687 0 82.81720537
1 113427015 0 82.81720537
1 113467311 0 82.81720537
1 113732663 4.57486078575745 82.81720537
1 113822309 0 83.22732334
1 113856987 0.226749316812694 83.22732334
1 113926880 0 83.24317153
1 113952064 0 83.24317153
1 113989375 1.1032592110403 83.24317153
1 114027780 0.111438736804872 83.2855422
1 114061789 0 83.28933212
1 114102926 0 83.28933212
1 114112973 1.4747156158288 83.28933212
1 114152497 0 83.34761878
1 114189141 0 83.34761878
1 114213590 0 83.34761878
1 114263902 0 83.34761878
1 114439943 1.83180995805181 83.34761878
1 114467358 0 83.39783785
1 114578023 0 83.39783785
1 114607402 8.17129016832432 83.39783785
1 114659682 0 83.8250329
1 114728742 0 83.8250329
1 114763500 0 83.8250329
1 114811952 1.42051322564335 83.8250329
1 114956255 1.696618448933 84.03001722
1 114991650 0.525192064626094 84.09006903
1 115119029 0 84.15696747
1 115174222 1.63629249931574 84.15696747
1 115247282 0.138414079564147 84.276515
1 115275209 1.41282737839927 84.28038049
1 115368465 0 84.41213512
1 115415405 0 84.41213512
1 115487178 0 84.41213512
1 115539332 0 84.41213512
1 115585857 0 84.41213512
1 115636476 0 84.41213512
1 115649771 0 84.41213512
1 115764426 0 84.41213512
1 115773640 0 84.41213512
1 115888233 6.68754923001617 84.41213512
1 115914792 3.82469135289985 84.58974974
1 115938881 0 84.68188273
1 115987940 1.0164838439239 84.68188273
1 116383952 0 85.08442253
1 116409503 0.1755630816453 85.08442253
1 116582826 0 85.11485165
1 116654067 2.23200633298769 85.11485165
1 116691648 0.277785935426367 85.19873268
1 116725563 0.471798967725292 85.20815379
1 116786787 4.66740630217742 85.23703921
1 116814936 0 85.36842203
1 116843459 0 85.36842203
1 116880226 0 85.36842203
1 116916370 1.74997871414036 85.36842203
1 116957712 0 85.44076965
1 116992366 0.114698088079626 85.44076965
1 117036667 0 85.44585089
1 117065849 0 85.44585089
1 117136465 0 85.44585089
1 117169421 0 85.44585089
1 117191263 3.19363978012068 85.44585089
1 117226919 1.85247770440486 85.55972331
1 117256297 0.0118391953519228 85.6141454
1 117288311 2.27953408385227 85.61452442
1 117351112 0 85.75768144
1 117436055 0.401712970020339 85.75768144
1 117593495 0 85.82092713
1 117641961 0 85.82092713
1 117670083 0 85.82092713
1 117704023 3.94404527559059 85.82092713
1 117732471 0 85.93312733
1 117754520 0 85.93312733
1 117774715 0.598090102534217 85.93312733
1 117812361 0 85.95564303
1 117838182 0 85.95564303
1 117876077 0 85.95564303
1 117897860 0 85.95564303
1 117920982 10.1517057802939 85.95564303
1 117942884 0 86.17798569
1 117983757 0 86.17798569
1 118022804 0 86.17798569
1 118048415 0.823983071605389 86.17798569
1 118085158 0 86.2082613
1 118129247 0.747498933205939 86.2082613
1 118169086 0 86.23804091
1 118253244 7.7570663993684 86.23804091
1 118286166 0 86.49341905
1 118388270 0 86.49341905
1 118414794 4.41090569173255 86.49341905
1 118434050 7.6245583197389 86.57835545
1 118458570 0 86.76530962
1 118480560 0 86.76530962
1 118505823 0 86.76530962
1 118530178 0 86.76530962
1 118603687 3.14273982432976 86.76530962
1 118638525 0.241786252771577 86.87479639
1 118785100 0 86.91023621
1 118808555 0 86.91023621
1 118849657 0 86.91023621
1 118896295 0 86.91023621
1 118933965 6.40996226205698 86.91023621
1 118970003 1.11187695749452 87.14123843
1 118992353 0.683684175279465 87.16608888
1 119037150 1.39655956050899 87.19671588
1 119062452 2.41569855482257 87.23205163
1 119126112 2.5774191719947 87.385835
1 119170218 0.471702669932978 87.49951465
1 119210631 0.475102671282051 87.51857757
1 119363741 13.6016809800457 87.59132054
1 119387495 0 87.91441487
1 119403243 0 87.91441487
1 119543941 0 87.91441487
1 119561564 0 87.91441487
1 119636903 0 87.91441487
1 119689930 0.332706564428597 87.91441487
1 119796870 1.14108167101242 87.94999451
1 119813363 3.32777547847292 87.96881437
1 119902762 1.04434649391565 88.26631417
1 119971300 0 88.33789159
1 120004296 2.41509141418142 88.33789159
1 120092849 0 88.55175518
1 120147219 1.12966235288451 88.55175518
1 120168878 1.12966235288492 88.5762225369011
1 120398043 3.11202751332371 88.83510161
1 120419996 0 88.90341995
1 120453303 0 88.90341995
1 120531763 0 88.90341995
1 120562106 0.876358496651403 88.90341995
1 120720233 1.91144669400321 89.04199589
1 120767057 0 89.13149747
1 120819650 0.0202703875968673 89.13149747
1 120851900 0 89.13215119
1 120879285 0 89.13215119
1 120903536 0.56244244806289 89.13215119
1 120930251 0 89.14717684
1 120957439 1.4509978823173 89.14717684
1 121089659 0.643235368978467 89.33902778
1 121207525 0 89.41484336
1 121303819 0.711817153227376 89.41484336
1 121393085 0.81196016074464 89.47838443
1 121462263 0 89.53455421
1 121487166 0 89.53455421
1 121510032 0 89.53455421
1 121536001 0 89.53455421
1 121559048 0.910218476158943 89.53455421
1 121600929 0 89.57267507
1 121648004 5.51931812892679 89.57267507
1 121678083 0 89.73869064
1 121707542 0 89.73869064
1 121805428 0 89.73869064
1 121827333 0 89.73869064
1 121851967 0 89.73869064
1 121920427 4.5589120000005 89.73869064
1 121946677 1.01619975782849 89.85836208
1 122006139 2.30588818297307 89.91878735
1 122033684 0 89.98230304
1 122064888 0.105993190157487 89.98230304
1 122159457 3.82353317380889 89.99232671
1 122182442 0 90.08021062
1 122203120 0 90.08021062
1 122226549 0 90.08021062
1 122257546 0 90.08021062
1 122362922 1.75109054292657 90.08021062
1 122399170 0 90.14368415
1 122430529 0 90.14368415
1 122469914 0 90.14368415
1 122501524 0.971539537562765 90.14368415
1 122562289 0.69561546751419 90.20271975
1 122671783 0.482309081333116 90.27888547
1 122698365 3.20427394842637 90.29170621
1 122739161 0 90.42242777
1 122784649 2.27606586892671 90.42242777
1 122820751 0.0711312156996176 90.5045983
1 122850816 0 90.50673686
1 122901551 0.650984091506427 90.50673686
1 122947187 1.76504369349676 90.53644517
1 123013444 0 90.65339167
1 123068200 0 90.65339167
1 123093544 0 90.65339167
1 123143375 1.24747224292818 90.65339167
1 123219842 2.02465723436187 90.74878213
1 123269176 1.08708613640147 90.84866657
1 123437444 0 91.03158838
1 123485460 0 91.03158838
1 123552129 0.58153111236896 91.03158838
1 123624560 0 91.07370926
1 123713599 0 91.07370926
1 123806597 0 91.07370926
1 123869462 1.34376695028569 91.07370926
1 123970419 0 91.20937194
1 124014912 0 91.20937194
1 124043495 1.68113289668735 91.20937194
1 124138614 1.25199515729988 91.36927962
1 124195607 0 91.44063458
1 124244964 0 91.44063458
1 124271732 0.100575990725999 91.44063458
1 124290708 3.59422104538775 91.44254311
1 124357554 0 91.68280241
1 124392643 0 91.68280241
1 124414192 0 91.68280241
1 124643997 0 91.68280241
1 124727790 1.44682924151561 91.68280241
1 124946397 3.07759485545825 91.99908941
1 125030525 0 92.25800131
1 125073651 0.904891891332923 92.25800131
1 125121982 0 92.30173564
1 125145916 0 92.30173564
1 125202968 11.3255311840508 92.30173564
1 125247510 0 92.80619745
1 125369700 1.33787993423688 92.80619745
1 125432349 0.694160141109258 92.89001429
1 125521358 6.62856315669637 92.95180079
1 125552099 0 93.15556945
1 125569670 4.53535947546319 93.15556945
1 125609019 0 93.33403131
1 125653749 0.306610837438158 93.33403131
1 125683184 0.869694977584608 93.3430564
1 125845795 2.95377042288507 93.48447837
1 125898126 0 93.63905213
1 125931085 1.29316005615042 93.63905213
1 126112740 0 93.87396112
1 126166588 0 93.87396112
1 126208399 0 93.87396112
1 126291119 0 93.87396112
1 126319381 0 93.87396112
1 126360215 0 93.87396112
1 126379223 2.65828979196887 93.87396112
1 126428831 0 94.00583356
1 126431816 0 94.00583356
1 126461169 0 94.00583356
1 126493461 0.509217436200405 94.00583356
1 126520577 1.24492170423156 94.0196415
1 126548484 0 94.05438353
1 126570640 0 94.05438353
1 126592498 0 94.05438353
1 126616274 0 94.05438353
1 126683757 0 94.05438353
1 126787212 4.4592220548024 94.05438353
1 126840969 0.379606598385741 94.29409793
1 126925717 0 94.32626883
1 126961160 1.0834717543761 94.32626883
1 126997378 0.612221172580952 94.36551001
1 127031252 0 94.38624839
1 127093493 0 94.38624839
1 127118315 1.46373089966281 94.38624839
1 127321191 0 94.68320426
1 127373152 7.57909556110888 94.68320426
1 127398361 4.53700497118499 94.87426568
1 127421092 0 94.97739634
1 127448104 0.890239156870816 94.97739634
1 127472774 0.393555857442838 94.99935854
1 127519885 0.896353959920892 95.01789935
1 127582361 0 95.07389996
1 127609336 0 95.07389996
1 127638254 1.16391592920338 95.07389996
1 127702438 0 95.14860474
1 127732186 1.28951936247042 95.14860474
1 127756279 0 95.17967313
1 127777471 0 95.17967313
1 127800532 0 95.17967313
1 127843680 5.2332663767844 95.17967313
1 127864838 0.468274456521798 95.29039858
1 127888390 0 95.30142738
1 127909159 0 95.30142738
1 127938641 5.73459134904993 95.30142738
1 127963540 1.25040995707378 95.44421297
1 128007569 0.888270805071126 95.49926727
1 128050323 0 95.5372444
1 128077259 0.583496586759512 95.5372444
1 128102455 0 95.55194618
1 128126074 0 95.55194618
1 128168404 2.99349037055114 95.55194618
1 128184812 5.43416603089828 95.60106337
1 128226756 0.103166568491043 95.82899403
1 128301452 1.06276153757588 95.83670016
1 128336208 6.81238504218308 95.8736375
1 128362522 0 96.0528986
1 128384682 0 96.0528986
1 128420351 1.5657476952114 96.0528986
1 128503005 0 96.18231391
1 128622561 0 96.18231391
1 128643835 0 96.18231391
1 128678487 0 96.18231391
1 128712434 0 96.18231391
1 128740725 0 96.18231391
1 128772530 0.121378558267054 96.18231391
1 128799123 3.38969334637363 96.18554173
1 128830820 0 96.29298484
1 128905892 1.09885952674043 96.29298484
1 128942447 0 96.33315365
1 128974433 2.2277542010338 96.33315365
1 129003652 0.492681512901655 96.3982464
1 129031942 0.0915806917863934 96.41218436
1 129112198 0 96.41953426
1 129168139 0.988601757555783 96.41953426
1 129216843 0 96.46768312
1 129263274 0 96.46768312
1 129316447 0 96.46768312
1 129349546 0.970091996089356 96.46768312
1 129389439 0.138325567659876 96.506383
1 129419915 0 96.51059861
1 129440208 0 96.51059861
1 129467522 0.708047860267266 96.51059861
1 129534049 5.68743632445155 96.55770291
1 129554465 0 96.67381761
1 129584477 0.863876266539453 96.67381761
1 129626422 0 96.7100529
1 129817661 1.73564231877626 96.7100529
1 129907881 3.39252818903875 96.86664255
1 129928279 0 96.93584334
1 129991566 0 96.93584334
1 130055180 0 96.93584334
1 130171002 2.23238738472462 96.93584334
1 130204834 0 97.01136947
1 130225374 0 97.01136947
1 130269306 1.14859969179518 97.01136947
1 130333549 0 97.08515896
1 130363507 0 97.08515896
1 130404213 0 97.08515896
1 130441749 0 97.08515896
1 130473510 0 97.08515896
1 130520535 0 97.08515896
1 130582657 0 97.08515896
1 130624383 0.832731418742792 97.08515896
1 130662755 3.08700643526382 97.11711253
1 130692746 0 97.20969494
1 130714058 0.179182607297621 97.20969494
1 130726500 0 97.21192433
1 130745923 0 97.21192433
1 130805601 0 97.21192433
1 130846338 0.229983710923149 97.21192433
1 130920007 0.412329962946823 97.228867
1 130951853 3.41159182368136 97.24199806
1 130989376 0 97.37001122
1 131009179 0.683645402592398 97.37001122
1 131052225 0.276087284528955 97.39943942
1 131122478 1.46190705636196 97.41883538
1 131154024 0 97.4649527
1 131180570 0 97.4649527
1 131252755 0 97.4649527
1 131310669 0.0051616611159159 97.4649527
1 131344598 0 97.46512783
1 131366695 1.03162949111788 97.46512783
1 131419104 0 97.5191945
1 131440746 0 97.5191945
1 131477794 0 97.5191945
1 131512663 0 97.5191945
1 131568906 0 97.5191945
1 131617330 0 97.5191945
1 131643847 0 97.5191945
1 131688828 0.409322325717486 97.5191945
1 131804990 2.56977591243602 97.5667422
1 131832033 0 97.63623665
1 131860577 0 97.63623665
1 131903111 0 97.63623665
1 131948497 0 97.63623665
1 131969825 1.66268411062246 97.63623665
1 132011444 2.08747541703283 97.7054359
1 132034224 0 97.75298859
1 132062097 0 97.75298859
1 132105001 1.64818338527963 97.75298859
1 132162432 0.0148035878567243 97.84764541
1 132184172 0.3552108450019 97.84796724
1 132221166 0 97.86110791
1 132323991 1.83358999007682 97.86110791
1 132388487 0 97.97936713
1 132565213 0 97.97936713
1 132601197 0.749515941153824 97.97936713
1 132670734 0 98.03148622
1 132711428 0 98.03148622
1 132830084 0 98.03148622
1 132852921 0 98.03148622
1 132924609 0.743694328327131 98.03148622
1 132963363 0 98.06030735
1 132984016 0 98.06030735
1 133018330 0 98.06030735
1 133061752 0.722339071500554 98.06030735
1 133272156 0.184983180892589 98.21229038
1 133361043 0 98.22873298
1 133394080 1.12236009732329 98.22873298
1 133423261 0.084531768465244 98.26148457
1 133488357 0 98.26698725
1 133517341 5.24658792308361 98.26698725
1 133540327 2.39846513822788 98.38758532
1 133565756 0 98.44857589
1 133591491 1.04397112712214 98.44857589
1 133704469 0 98.56652166
1 133734123 0 98.56652166
1 133757508 0 98.56652166
1 133788484 1.98856986686429 98.56652166
1 133814097 0 98.6174549
1 133924529 0 98.6174549
1 133946585 1.94743363246547 98.6174549
1 133989264 0 98.70056942
1 134032533 0.0783096245924385 98.70056942
1 134090177 0 98.7050835
1 134128700 0 98.7050835
1 134164972 7.42793216827289 98.7050835
1 134187174 1.04979815925518 98.86999845
1 134262035 1.21385468313351 98.94858739
1 134339686 0 99.04284442
1 134365317 0.683167612315442 99.04284442
1 134386819 0 99.05753389
1 134425704 0.52306810396921 99.05753389
1 134475334 17.6964875878224 99.08349376
1 134496684 0 99.46131377
1 134529844 0 99.46131377
1 134555134 0 99.46131377
1 134645870 0 99.46131377
1 134707028 0 99.46131377
1 134753975 0 99.46131377
1 134777473 2.73554342486806 99.46131377
1 134840582 6.59885405226173 99.63395118
1 134888839 0.218104543234262 99.95239208
1 134923638 2.30942631460172 99.9599819
1 135034413 1.54388656024184 100.2158086
1 135056839 0 100.2504318
1 135110485 0 100.2504318
1 135146332 0 100.2504318
1 135178160 4.43988473444133 100.2504318
1 135276368 2.06043554006976 100.686464
1 135345248 1.03490237626647 100.8283868
1 135371676 0.154391023632078 100.8557372
1 135499300 0 100.8754412
1 135519420 0 100.8754412
1 135605311 1.79947670351184 100.8754412
1 135641046 0 100.9397455
1 135666283 0 100.9397455
1 135694180 0 100.9397455
1 135753940 0 100.9397455
1 135789433 0.125623855467666 100.9397455
1 135826020 1.85376997896086 100.9443417
1 135916803 0 101.1126325
1 135954005 0.355412051490634 101.1126325
1 136000771 0.961069754050719 101.1292537
1 136049399 0 101.1759886
1 136090182 0 101.1759886
1 136142168 1.65659644446988 101.1759886
1 136177437 0 101.2344151
1 136204362 0 101.2344151
1 136241972 0 101.2344151
1 136311162 2.11239450413379 101.2344151
1 136345879 0 101.3077511
1 136386893 0 101.3077511
1 136420061 0 101.3077511
1 136445849 0.681958187815196 101.3077511
1 136487081 1.72132788483171 101.3358696
1 136567103 0 101.4736137
1 136734614 0.191871136389915 101.4736137
1 137054425 0 101.5349762
1 137089993 0 101.5349762
1 137153180 0 101.5349762
1 137239948 0 101.5349762
1 137271780 2.95813822368588 101.5349762
1 137305479 0.247681573595315 101.6346625
1 137344320 0 101.6442827
1 137436247 0 101.6442827
1 137475605 3.95529007633566 101.6442827
1 137501805 0 101.7479113
1 137603033 0 101.7479113
1 137642961 0 101.7479113
1 137680052 0 101.7479113
1 137738847 0 101.7479113
1 137785890 0 101.7479113
1 137839737 0 101.7479113
1 137864059 0 101.7479113
1 137885484 0 101.7479113
1 137951203 0 101.7479113
1 137974115 0 101.7479113
1 137996415 0 101.7479113
1 138024984 0 101.7479113
1 138056926 0 101.7479113
1 138184605 0 101.7479113
1 138292201 0 101.7479113
1 138328789 0 101.7479113
1 138398352 0 101.7479113
1 138483932 1.49225176965692 101.7479113
1 138504840 0 101.7791113
1 138536074 1.07315187277952 101.7791113
1 138599963 0 101.8476739
1 138624600 0 101.8476739
1 138652953 0 101.8476739
1 138740420 0 101.8476739
1 138781199 0 101.8476739
1 138806954 0 101.8476739
1 138868707 0.743494667760746 101.8476739
1 138905277 0.379036910421278 101.8748635
1 138980161 0.157193348521238 101.9032473
1 139027128 0 101.9106302
1 139072124 0.893350717079537 101.9106302
1 139098969 0 101.9346122
1 139184646 0 101.9346122
1 139226044 0 101.9346122
1 139334329 0.560290488213294 101.9346122
1 139369580 0 101.954363
1 139419456 2.58275024161284 101.954363
1 139455671 1.24067116769221 102.0478973
1 139495810 0 102.0976966
1 139529162 0.0230135598237935 102.0976966
1 139704828 1.17441446632506 102.1017393
1 139763834 0.943062031608451 102.1710368
1 139828817 1.76289491224157 102.2323198
1 139873827 0.0860175936524737 102.3116677
1 139937600 0.0807927415894478 102.3171533
1 140005163 0.106548387586679 102.3226119
1 140070996 1.42722046227861 102.3296263
1 140125976 1.42722046227866 102.408094881016
1 140164749 0 102.4634325
1 140186948 0 102.4634325
1 140211165 0 102.4634325
1 140240084 0.964637746422689 102.4634325
1 140280056 2.39344723408691 102.501991
1 140376046 0 102.731738
1 140398110 4.46836584854156 102.731738
1 140421945 0 102.8382415
1 140487545 0 102.8382415
1 140513722 0 102.8382415
1 140543741 0 102.8382415
1 140566999 0 102.8382415
1 140642688 3.89937178472466 102.8382415
1 140662904 0 102.9170712
1 140754935 0.796257615317507 102.9170712
1 140807789 0.461073124561473 102.9591566
1 140869068 0.292309627258232 102.9874107
1 140912798 0 103.0001934
1 140955531 0 103.0001934
1 140982781 1.12288842943589 103.0001934
1 141008899 3.27681775470938 103.029521
1 141053597 0 103.1759882
1 141101514 0 103.1759882
1 141122940 0 103.1759882
1 141195303 0 103.1759882
1 141339227 0.934983527735888 103.1759882
1 141395382 1.56794103702403 103.2284922
1 141464985 0.760485377326346 103.3376256
1 141611675 0 103.4491812
1 141638716 1.79305640916024 103.4491812
1 141713562 0 103.5833843
1 141750986 2.60956832489222 103.5833843
1 141793240 0 103.693649
1 141860766 0.731910316473797 103.693649
1 141881684 6.0934799870604 103.7089591
1 141915687 0 103.9161557
1 141976490 0 103.9161557
1 142026447 2.49385901253709 103.9161557
1 142066408 1.12686661205962 104.0158128
1 142114021 0 104.0694663
1 142168313 0 104.0694663
1 142208976 0 104.0694663
1 142239516 3.92832532221709 104.0694663
1 142286534 8.23630277707234 104.2541683
1 142329853 0 104.6109567
1 142369967 3.03421327302752 104.6109567
1 142415955 0 104.7504941
1 142486334 0 104.7504941
1 142508904 0 104.7504941
1 142572679 0 104.7504941
1 142628637 13.7761777438249 104.7504941
1 142636491 0 104.8586922
1 142655405 0 104.8586922
1 142711015 0 104.8586922
1 142753326 0 104.8586922
1 142787751 0 104.8586922
1 142823013 7.31195656561645 104.8586922
1 142847786 1.88031955641453 105.0398313
1 142875199 0 105.0913765
1 142961562 0 105.0913765
1 142988689 2.31490786438836 105.0913765
1 143029010 0 105.1847159
1 143086108 8.07586750210679 105.1847159
1 143113399 0 105.4051144
1 143134443 0 105.4051144
1 143163122 0 105.4051144
1 143188549 7.84758484793473 105.4051144
1 143227118 2.48194182435816 105.7077879
1 143381375 0 106.0906448
1 143401426 0 106.0906448
1 143438656 0.35668483000394 106.0906448
1 143609513 0 106.1515869
1 143650412 0 106.1515869
1 143676439 3.44653102656895 106.1515869
1 143699097 7.0651828542923 106.2296784
1 143725156 0 106.41379
1 143747418 0 106.41379
1 143783819 0 106.41379
1 143812919 2.48405003073475 106.41379
1 143850336 0.61813930934123 106.5067357
1 143879207 4.43511910132664 106.524582
1 143923539 0 106.7211997
1 143969523 0 106.7211997
1 143995694 0 106.7211997
1 144081534 2.43484557791297 106.7211997
1 144124274 0 106.825265
1 144152667 0 106.825265
1 144179505 1.28281389136227 106.825265
1 144221056 0 106.8785672
1 144248898 0 106.8785672
1 144315872 3.75759197077631 106.8785672
1 144342973 5.38145640136075 106.9804017
1 144372951 1.59645139847641 107.141727
1 144412065 0 107.2041706
1 144444371 0 107.2041706
1 144464756 0 107.2041706
1 144528438 0 107.2041706
1 144569320 0 107.2041706
1 144594088 0 107.2041706
1 144615898 0 107.2041706
1 144641824 0.962844282941521 107.2041706
1 144714475 0 107.2741222
1 144820499 0 107.2741222
1 144845559 0 107.2741222
1 144877739 0 107.2741222
1 144913004 0 107.2741222
1 144934983 0 107.2741222
1 144964771 4.11504784689002 107.2741222
1 145019111 1.38938846680807 107.4977339
1 145091372 0 107.5981325
1 145115587 1.36439015187196 107.5981325
1 145136789 25.2326992202618 107.6270603
1 145154872 0 108.0833432
1 145176966 20.4059782608699 108.0833432
1 145197390 0 108.5001149
1 145224577 0 108.5001149
1 145324557 0 108.5001149
1 145340231 7.45299881775183 108.5001149
1 145384215 0 108.8279276
1 145405812 0 108.8279276
1 145439544 0 108.8279276
1 145459919 0 108.8279276
1 145519138 0 108.8279276
1 145578991 0 108.8279276
1 145600084 0 108.8279276
1 145623795 0 108.8279276
1 145647961 0 108.8279276
1 145685730 0 108.8279276
1 145732309 5.84900120337028 108.8279276
1 145748929 0.259504209981367 108.925138
1 145791447 0 108.9361716
1 145815334 0 108.9361716
1 145822127 11.4137262371899 108.9361716
1 145848376 3.20675978527149 109.2357705
1 145905937 0 109.4203548
1 145938422 0 109.4203548
1 145963833 0 109.4203548
1 146003201 0.0127325012233854 109.4203548
1 146052233 0 109.4209791
1 146077457 0.740887517797862 109.4209791
1 146106955 1.01804101534508 109.4428338
1 146148793 0 109.4854266
1 146185449 0 109.4854266
1 146220712 1.71533051392829 109.4854266
1 146242466 0 109.5227419
1 146272922 0 109.5227419
1 146320854 2.69571498291848 109.5227419
1 146351589 0 109.6055947
1 146386559 0 109.6055947
1 146420327 0 109.6055947
1 146497300 1.71893066837557 109.6055947
1 146612774 0 109.8040865
1 146657395 2.05584065361922 109.8040865
1 146807207 0.0751747752889455 110.1120761
1 146863279 1.74902659673779 110.1162913
1 146981113 0.0901444456863138 110.3223861
1 147052697 0.350387596898885 110.328839
1 147090752 4.27176856406646 110.342173
1 147112097 1.23970196078443 110.4333539
1 147137597 0 110.4649663
1 147189105 0 110.4649663
1 147241898 0 110.4649663
1 147265560 1.23179438818037 110.4649663
1 147338727 0 110.555093
1 147362969 0.969407730856337 110.555093
1 147397092 3.2443425076452 110.5881721
1 147418674 0.63656266038962 110.6581915
1 147531680 0.39952902031536 110.7301269
1 147574357 0.57095953930173 110.7471776
1 147601099 0 110.7624462
1 147672170 3.50800807052114 110.7624462
1 147713803 0.306852181190428 110.9084951
1 147809393 0 110.9378271
1 147846735 0 110.9378271
1 147894425 23.1089236696364 110.9378271
1 147915190 0 111.4176839
1 148040990 0.0337808407995723 111.4176839
1 148149815 3.57315835087248 111.4213601
1 148165969 0.612018698060663 111.4790809
1 148194849 0 111.496756
1 148262558 0.596048838853558 111.496756
1 148336106 0 111.5405942
1 148380899 0 111.5405942
1 148438044 0 111.5405942
1 148465071 0 111.5405942
1 148489047 12.066922248011 111.5405942
1 148513175 0.376586094658414 111.8317449
1 148550657 0.426058276773772 111.8458601
1 148660718 0.986841795264568 111.8927525
1 148694674 0.511322356408321 111.9262617
1 148757108 0 111.9581856
1 148788141 0 111.9581856
1 148819575 0 111.9581856
1 148843763 0 111.9581856
1 148871697 0 111.9581856
1 148909835 7.31770279701513 111.9581856
1 148947089 0.883877568047545 112.2307993
1 149198788 5.25583279742773 112.4532704
1 149222113 1.25934088441946 112.5758627
1 149270936 0.582106407896797 112.6373475
1 149294844 0.568753979045512 112.6512645
1 149422073 1.38722448601717 112.7236265
1 149443669 0 112.753585
1 149476823 0 112.753585
1 149646917 Inf 112.753585
1 149646917 4.33620573127872 113.2226533
1 149676509 3.46422149629965 113.3509703
1 149814877 0 113.8303077
1 149847501 1.75032411027295 113.8303077
1 149887148 0 113.8997028
1 149912030 0 113.8997028
1 149940609 2.59429393430882 113.8997028
1 149961464 0 113.9538068
1 149989107 0 113.9538068
1 150031692 1.55627043090605 113.9538068
1 150065342 2.60039569757419 114.0061753
1 150129027 0 114.1717815
1 150151824 2.17331397898858 114.1717815
1 150199703 0 114.2758376
1 150219818 0 114.2758376
1 150244882 4.98907834738169 114.2758376
1 150281067 0.0113602353844499 114.4563674
1 150478871 4.00176403533797 114.4586145
1 150513961 1.26440201589481 114.5990364
1 150534597 3.6734299435505 114.6251286
1 150593942 0.373824659785312 114.8431283
1 150635313 0.398931078494649 114.8585938
1 150666653 5.84580668892465 114.8710963
1 150701995 0 115.0776988
1 150723311 0 115.0776988
1 150798501 2.38971536875743 115.0776988
1 150828575 13.4984212014842 115.1495671
1 150888684 4.56299525161423 115.9609437
1 150928487 0 116.1425646
1 150963273 5.08645423425123 116.1425646
1 150994530 9.71472922371897 116.3015519
1 151030316 4.93406206809929 116.6492032
1 151062152 5.01520570619246 116.806284
1 151120755 4.35532035143502 117.1001901
1 151140218 0 117.1849577
1 151179925 1.22089674655984 117.1849577
1 151223817 8.40361398533908 117.2385453
1 151256966 0.666400521034213 117.5171167
1 151298422 5.76754501693723 117.544743
1 151326467 0 117.7064938
1 151351236 0 117.7064938
1 151363073 2.52231831472164 117.7064938
1 151419847 0 117.8496959
1 151466980 0 117.8496959
1 151491848 0 117.8496959
1 151568355 0 117.8496959
1 151589984 6.62291087489736 117.8496959
1 151632789 0 118.1331896
1 151663675 0 118.1331896
1 151806604 18.798423721845 118.1331896
1 151828491 3.91358567006523 118.5446307
1 151872427 0 118.716578
1 151893801 0 118.716578
1 151941898 0 118.716578
1 151977077 1.51569781842431 118.716578
1 152029562 0 118.7961294
1 152071809 0.949524000803064 118.7961294
1 152096704 0 118.8197678
1 152134529 1.33374539145542 118.8197678
1 152180639 0.35765683149631 118.8812668
1 152292957 1.13515526748584 118.9214381
1 152323968 0 118.9566404
1 152349713 5.86531679220173 118.9566404
1 152372283 0 119.0890206
1 152396632 0 119.0890206
1 152418261 0 119.0890206
1 152448937 0 119.0890206
1 152498552 7.05995568104644 119.0890206
1 152526531 4.10279582038981 119.2865511
1 152561941 0 119.4318311
1 152612216 0 119.4318311
1 152639951 0.497757355297866 119.4318311
1 152764759 8.12811918887765 119.4939552
1 152787345 0 119.6775369
1 152860838 0.934892199025715 119.6775369
1 152895949 0.717677546739102 119.7103619
1 152960777 1.81479410366154 119.7568875
1 153013352 2.4746953170922 119.8523003
1 153089907 0.813346211634103 120.0417506
1 153113202 5.51480057173939 120.0606975
1 153142586 0.841240164799989 120.2227444
1 153209819 0.131215213357992 120.2793035
1 153246471 1.64142171812922 120.2841128
1 153307130 3.9441488497973 120.3836798
1 153344080 0 120.5294161
1 153390605 0 120.5294161
1 153415375 0.53284097328239 120.5294161
1 153463172 4.98375910725893 120.5548843
1 153484858 0 120.6629621
1 153525422 4.0244358833235 120.6629621
1 153550860 0 120.7653357
1 153582355 1.85276320306107 120.7653357
1 153602748 4.00950059781099 120.8031191
1 153624494 2.21767281716247 120.8903097
1 153681129 1.66433173976278 121.0159076
1 153719617 0 121.0799644
1 153742705 0.162366130143541 121.0799644
1 153838507 3.93909637213399 121.0955194
1 153860972 0.718302752293633 121.1840112
1 153893672 0.103484867253179 121.2074997
1 153917891 0 121.210006
1 153956460 7.14031736344222 121.210006
1 153989230 0 121.4439942
1 154009214 0.547371375734176 121.4439942
1 154039496 0.95049427056623 121.4605697
1 154097966 0 121.5161451
1 154131828 0 121.5161451
1 154221511 0 121.5161451
1 154313985 10.8449723558234 121.5161451
1 154336232 1.56926738351281 121.7574132
1 154371107 0.895686548815094 121.8121414
1 154559819 1.21693200461836 121.9811682
1 154592733 0.92470853599147 122.0212223
1 154771400 3.01710111542202 122.1864372
1 154804392 7.8491094147584 122.2859774
1 154835046 0.040035716888448 122.526584
1 154862484 0 122.5276825
1 154945019 1.86451972157775 122.5276825
1 154977344 0 122.5879531
1 155043817 10.7539248765448 122.5879531
1 155088570 0 123.0692235
1 155120972 0.0676620842379288 123.0692235
1 155166581 0 123.0723095
1 155222010 0 123.0723095
1 155256616 14.2583614564831 123.0723095
1 155279136 2.76296529438865 123.3934078
1 155302965 1.39490585653196 123.4592465
1 155337593 2.58272943980963 123.5075493
1 155387933 0 123.6375639
1 155438584 6.40668607215312 123.6375639
1 155461258 0 123.7828291
1 155501210 0 123.7828291
1 155523868 0 123.7828291
1 155547893 0 123.7828291
1 155591710 0 123.7828291
1 155615450 0 123.7828291
1 155656048 8.69234868671471 123.7828291
1 155679691 0.72769805797316 123.9883423
1 155717950 0 124.0161833
1 155756817 0 124.0161833
1 155839609 0 124.0161833
1 155878980 0 124.0161833
1 155915958 5.51214021856318 124.0161833
1 155941946 0 124.1594328
1 155982596 3.1041002277902 124.1594328
1 156005424 2.11519056053915 124.2302932
1 156040426 0 124.3043291
1 156068023 4.84109333524625 124.3043291
1 156095901 0 124.4392891
1 156129871 0 124.4392891
1 156183596 0 124.4392891
1 156207768 0 124.4392891
1 156229950 2.98869205175621 124.4392891
1 156297575 4.79967800794234 124.6413994
1 156372111 0 124.9991482
1 156398244 0 124.9991482
1 156419777 0 124.9991482
1 156486697 6.55199205920089 124.9991482
1 156610614 3.26785996084054 125.8110514
1 156644833 0 125.9228743
1 156682865 3.0404942632993 125.9228743
1 156745706 0 126.113942
1 156749195 1.09390845553033 126.113942
1 156778383 1.31451086553384 126.145871
1 156805349 0 126.1813181
1 156857777 0 126.1813181
1 156878580 0 126.1813181
1 156910449 0 126.1813181
1 156927945 0 126.1813181
1 156950110 0 126.1813181
1 156981272 5.94680266048151 126.1813181
1 157046373 0 126.5684609
1 157070710 0 126.5684609
1 157099124 0 126.5684609
1 157120708 0 126.5684609
1 157170446 0.073051909660537 126.5684609
1 157229645 0 126.5727855
1 157253652 0 126.5727855
1 157307208 0 126.5727855
1 157328448 6.2707074875556 126.5727855
1 157367219 0 126.8159071
1 157405441 0 126.8159071
1 157431081 4.64761870477682 126.8159071
1 157458860 0 126.9450133
1 157503718 0 126.9450133
