Chromosome Position(bp) Rate(cM/Mb) Map(cM)
15 0 0 0
15 609024 3.5294928755952 0
15 831218 0 0.78423214
15 917735 0 0.78423214
15 1035729 0 0.78423214
15 1258064 0 0.78423214
15 1293629 0 0.78423214
15 1387083 0 0.78423214
15 1442403 0 0.78423214
15 1472757 0 0.78423214
15 1576893 0 0.78423214
15 1732962 0 0.78423214
15 1766342 0 0.78423214
15 1819862 0 0.78423214
15 1896472 0 0.78423214
15 2048607 0 0.78423214
15 2091409 0 0.78423214
15 2123721 0 0.78423214
15 2152378 0.958909494001042 0.78423214
15 2190718 0 0.82099673
15 2213562 0 0.82099673
15 2265216 1.40849969794603 0.82099673
15 2463856 0 1.10078111
15 2578791 0 1.10078111
15 2699723 0 1.10078111
15 2765590 0 1.10078111
15 2801349 0 1.10078111
15 2961912 0 1.10078111
15 2989352 0 1.10078111
15 3062947 0 1.10078111
15 3112117 0 1.10078111
15 3146028 0 1.10078111
15 3192179 1.07241821315924 1.10078111
15 3246711 5.15080311498424 1.15926222
15 3284464 0 1.35372049
15 3325668 0 1.35372049
15 3418848 0 1.35372049
15 3442803 3.45786065636184 1.35372049
15 3508468 1.20399705686556 1.58078091
15 3537009 0.787311643028788 1.61514419
15 3579455 10.171097841472 1.64856242
15 3602063 0 1.8785106
15 3626880 0 1.8785106
15 3675169 4.20573818956901 1.8785106
15 3841251 0 2.57700801
15 3864554 5.45334012518745 2.57700801
15 3925902 0 2.91155952
15 4019572 0.980408352534562 2.91155952
15 4193172 0 3.08175841
15 4223548 0 3.08175841
15 4262859 0 3.08175841
15 4334953 0 3.08175841
15 4363770 3.47084434735118 3.08175841
15 4391235 0 3.17708515
15 4416234 4.39291295954336 3.17708515
15 4440062 0.521157981993601 3.28175948
15 4526920 2.29666624475626 3.32702622
15 4692832 1.14440185109666 3.70807071
15 4749231 1.34652477527673 3.77261383
15 4776153 14.3490318460841 3.80886497
15 4800426 0 4.15715902
15 4857417 0 4.15715902
15 4894029 0 4.15715902
15 4929982 0 4.15715902
15 4968237 0 4.15715902
15 5055561 9.55828103642954 4.15715902
15 5089215 0 4.47883341
15 5132224 0 4.47883341
15 5160956 0 4.47883341
15 5183069 0 4.47883341
15 5234380 0 4.47883341
15 5296961 1.26083087718562 4.47883341
15 5487639 1.37651925186772 4.71924612
15 5525921 0.688365834792129 4.77194203
15 5550484 0 4.78885036
15 5643728 0.987995596438864 4.78885036
15 5758635 0.676814433803713 4.90237797
15 5847288 2.42289681603294 4.9623796
15 5970185 1.47689301764773 5.26014635
15 5988431 0 5.28709374
15 6021999 0.484951747569294 5.28709374
15 6049666 1.0994891469475 5.3005109
15 6088503 0 5.34321176
15 6115939 0 5.34321176
15 6151665 0.355783209317879 5.34321176
15 6214426 4.38509520409378 5.36554107
15 6264844 0 5.5866288
15 6300942 0 5.5866288
15 6365446 0.235915018284999 5.5866288
15 6560688 0 5.63268932
15 6617040 0.706344971016406 5.63268932
15 6662238 0 5.6646147
15 6707584 2.22229761196348 5.6646147
15 6784886 0 5.83640275
15 6820697 0 5.83640275
15 7000077 5.91770840507536 5.83640275
15 7037828 0.489432931631675 6.05980216
15 7392071 4.30205355610232 6.23318035
15 7461979 5.96099054730319 6.53392831
15 7512335 0 6.83409995
15 7560264 0 6.83409995
15 7702974 0 6.83409995
15 7748139 2.30305405884322 6.83409995
15 7900510 0 7.1850186
15 7933014 2.22046960680128 7.1850186
15 8027114 0.633448692705701 7.39396479
15 8136309 2.60390279366434 7.46313422
15 8239471 0 7.73175804
15 8268976 0.34146213542554 7.73175804
15 8316546 0.341462135425549 7.74800139378219
15 8433140 0 7.78781383
15 8560773 4.52803882084286 7.78781383
15 8657113 0 8.22404509
15 8695742 0 8.22404509
15 8736290 2.1496201260963 8.22404509
15 8793072 0.142923542837056 8.34610482
15 8838640 2.72015746698268 8.35261756
15 8868170 2.60771714878463 8.43294381
15 8893717 0.103126787703606 8.49956316
15 9059782 0 8.51668891
15 9167107 4.75541029623672 8.51668891
15 9220544 0 8.77080377
15 9269946 6.71594749415601 8.77080377
15 9308875 2.47968568102447 9.03224889
15 9342376 0.942013887270744 9.11532084
15 9385293 1.70625339444534 9.15574925
15 9454892 3.35236577695964 9.27450278
15 9507044 0 9.44933536
15 9537687 0 9.44933536
15 9559415 0 9.44933536
15 9590958 0 9.44933536
15 9621772 1.04022302237572 9.44933536
15 9893942 1.63015375538277 9.73245286
15 10007499 0 9.91756823
15 10063888 0 9.91756823
15 10117115 0 9.91756823
15 10261098 0 9.91756823
15 10288312 0 9.91756823
15 10334122 0.00885511060918322 9.91756823
15 10443923 1.24725609872157 9.91854053
15 10601538 0.580989904776785 10.1151268
15 10716741 0.327458055889339 10.18205858
15 10827424 0.803620080629689 10.21830262
15 10879514 0 10.26016319
15 10906064 0 10.26016319
15 10936002 1.9577433004231 10.26016319
15 10974997 0 10.33650539
15 11100934 1.5443009695418 10.33650539
15 11144666 0 10.40404076
15 11185546 1.37841475117668 10.40404076
15 11207429 0 10.43420461
15 11236303 0 10.43420461
15 11310260 0 10.43420461
15 11359896 0 10.43420461
15 11385265 0 10.43420461
15 11413935 1.04141675339575 10.43420461
15 11451408 2.05265456859113 10.47322962
15 11487557 0.51370349823264 10.54743103
15 11550646 0.298604457134389 10.57984007
15 11658518 0 10.61205113
15 11727930 0 10.61205113
15 11784408 0 10.61205113
15 11816949 0 10.61205113
15 11845554 0 10.61205113
15 11905612 0.75611542762397 10.61205113
15 12113084 3.35535729340395 10.76892391
15 12167647 1.89644339598968 10.95200227
15 12207494 0 11.02756985
15 12242974 0.996205550612721 11.02756985
15 12312660 4.47129043423085 11.09699143
15 12382001 0 11.40703518
15 12418794 0 11.40703518
15 12486367 0 11.40703518
15 12522704 0 11.40703518
15 12660663 0.377922526041672 11.40703518
15 12706743 0 11.42444985
15 12749696 1.52092708315787 11.42444985
15 12809065 0 11.51474577
15 12933250 0 11.51474577
15 12957019 0 11.51474577
15 12984746 0.620495992274264 11.51474577
15 13036521 1.94239192230251 11.54687195
15 13120951 0 11.7108681
15 13148806 0 11.7108681
15 13222719 0 11.7108681
15 13252694 0 11.7108681
15 13289071 0 11.7108681
15 13331963 0 11.7108681
15 13363749 4.15355297297295 11.7108681
15 13400749 0 11.86454956
15 13426504 4.17304329678891 11.86454956
15 13462442 3.96594016441034 12.01452039
15 13495165 0 12.14429785
15 13668424 0 12.14429785
15 13695826 0.484170716457775 12.14429785
15 13766200 2.53201799343688 12.17837088
15 13793321 0.00665189757082781 12.24704174
15 13896690 3.68379999262783 12.24772934
15 13923819 0 12.34766715
15 13972902 7.31760661850393 12.34766715
15 14002939 0.142560972975301 12.5674661
15 14141812 0 12.58726397
15 14166849 4.55366926522973 12.58726397
15 14195198 0.405156838565026 12.71635594
15 14284398 1.97939048446953 12.75249593
15 14314307 1.24243309232021 12.81169752
15 14399088 0.698171823221574 12.91703224
15 14463666 0 12.96211878
15 14667862 1.23547914940624 12.96211878
15 14718556 7.39221842732324 13.02475016
15 14756326 0.0313719388822895 13.30395425
15 14827991 0.628851019819136 13.30620252
15 14869567 0.862746589193645 13.33234763
15 14904676 7.75339259198156 13.3626378
15 14928920 0 13.55061105
15 14956570 0 13.55061105
15 14988617 0 13.55061105
15 15047149 0 13.55061105
15 15110068 0.885611656259291 13.55061105
15 15261403 0 13.68463509
15 15286305 0 13.68463509
15 15398610 1.18781904069771 13.68463509
15 15439890 0.688338154469155 13.73366826
15 15481374 0 13.76222328
15 15514741 0 13.76222328
15 15565246 0.139313556200202 13.76222328
15 15652114 0 13.77432517
15 15691442 0 13.77432517
15 15715403 3.88718088393492 13.77432517
15 15759094 0 13.94415999
15 15784074 0 13.94415999
15 15888675 3.96920274812183 13.94415999
15 15908907 0 14.0244649
15 15958675 1.51100150737537 14.0244649
15 16014401 1.15030939675582 14.10866697
15 16070995 2.1393645806617 14.17376758
15 16102187 0 14.24049864
15 16156326 0.836175845163323 14.24049864
15 16461060 0 14.49530985
15 16524444 5.33437824982877 14.49530985
15 16549253 0 14.62765044
15 16618788 0 14.62765044
15 16678746 0 14.62765044
15 16729438 0 14.62765044
15 16763241 0 14.62765044
15 16783559 0 14.62765044
15 16825516 2.12376095884999 14.62765044
15 16876160 1.13641842322408 14.73520619
15 16942815 0.401561093019931 14.81095416
15 17013445 0 14.83931642
15 17050219 0 14.83931642
15 17079996 2.13363197817564 14.83931642
15 17110054 0 14.90344913
15 17162420 0 14.90344913
15 17193061 2.72978861552502 14.90344913
15 17241267 1.89618582624776 15.03504132
15 17343470 1.73621486598025 15.2288372
15 17366489 0 15.26880313
15 17393312 0.88854535380204 15.26880313
15 17546717 0 15.40511043
15 17843110 3.76090164314528 15.40511043
15 17907803 0 15.64841444
15 17984528 0 15.64841444
15 18066576 0 15.64841444
15 18160360 4.50808134932715 15.64841444
15 18193206 3.76135610675317 15.79648688
15 18238844 0.916013354350787 15.96814765
15 18295305 1.47059070703495 16.01986668
15 18340522 0.359331180889542 16.08636238
15 18637239 1.41308163780179 16.19298205
15 18704622 0 16.28819973
15 18738117 0 16.28819973
15 18772016 0 16.28819973
15 18808548 4.09242609931854 16.28819973
15 18828947 0 16.37168113
15 19085745 0 16.37168113
15 19234708 1.93814569717771 16.37168113
15 19344264 0 16.58401662
15 19651010 0 16.58401662
15 19732904 0.166209154896732 16.58401662
15 19775810 0.89842100438202 16.59114799
15 19830351 0 16.64014877
15 20045424 2.25234573730054 16.64014877
15 20149208 0.338817244436188 16.87390622
15 20213507 0 16.89569183
15 20251395 2.44292091977335 16.89569183
15 20296754 0 17.00650028
15 20338935 0 17.00650028
15 20398911 0 17.00650028
15 20426003 0 17.00650028
15 20482335 0 17.00650028
15 20511975 0.0374351866435691 17.00650028
15 20543720 0 17.00768866
15 20590362 1.54138419211833 17.00768866
15 20680140 0.120138901735888 17.14607105
15 20745006 12.2486056282978 17.15386398
15 20775708 0 17.52992067
15 20798146 0 17.52992067
15 20830754 0 17.52992067
15 20854352 3.40964611390915 17.52992067
15 20899423 0 17.68359683
15 20943851 0 17.68359683
15 20973749 0.250471859273321 17.68359683
15 21017067 0 17.69444677
15 21045300 2.15547783271704 17.69444677
15 21093434 0.233457108106095 17.79819854
15 21121388 0 17.8047246
15 21144576 4.32419587869108 17.8047246
15 21174615 0 17.93461912
15 21233012 1.60785775836154 17.93461912
15 21282913 0 18.01485283
15 21373623 0.421219572331551 18.01485283
15 21418237 1.17043115225597 18.03364512
15 21529497 0.854691746135418 18.16386729
15 21710176 2.23802724135843 18.31829214
15 21792771 0.685539202710547 18.503142
15 21830549 1.41326992700446 18.5290403
15 21881648 0 18.60125698
15 21930451 1.98908652493671 18.60125698
15 21955334 0 18.65075142
15 21980185 0 18.65075142
15 22050691 0.0576429818256749 18.65075142
15 22109125 2.54783487023475 18.65411973
15 22151201 0.523515725020912 18.76132243
15 22223061 0 18.79894227
15 22248294 0.973216134695756 18.79894227
15 22270507 0.536785483087846 18.82056032
15 22295223 1.55978365634657 18.83382751
15 22324066 0 18.87881635
15 22348948 0 18.87881635
15 22447439 1.74653414315958 18.87881635
15 22540957 2.13040479633647 19.04214873
15 22623937 1.85164850535082 19.21892972
15 22685423 0 19.33278018
15 22764183 3.56992806154527 19.33278018
15 22818257 9.71912805763593 19.52582047
15 22853374 5.41539744926606 19.86712709
15 22878308 0 20.00215461
15 22900384 0.807542341508471 20.00215461
15 22921994 0 20.0196056
15 22958286 0 20.0196056
15 22980978 12.6547907660384 20.0196056
15 23004110 0 20.31233622
15 23032442 3.91678516794143 20.31233622
15 23062512 0 20.43011395
15 23091526 1.99906800445939 20.43011395
15 23113951 0 20.47494305
15 23169169 6.41296183404131 20.47494305
15 23200008 0 20.67271238
15 23232680 0 20.67271238
15 23258514 0 20.67271238
15 23285013 0 20.67271238
15 23308080 4.17214919531702 20.67271238
15 23337719 0 20.79637071
15 23402175 6.07448897491368 20.79637071
15 23428524 0 20.95642742
15 23455892 2.00710537854425 20.95642742
15 23551680 0 21.14868403
15 23573103 3.98605107041536 21.14868403
15 23611873 5.72110648525683 21.30322323
15 23635172 0 21.43651929
15 23686981 0 21.43651929
15 23710785 0 21.43651929
15 23738116 6.90292304196331 21.43651929
15 23764520 0 21.61878407
15 23794449 0 21.61878407
15 23833920 0 21.61878407
15 23903030 2.94426103025221 21.61878407
15 23955522 0 21.77333422
15 23994708 0 21.77333422
15 24018156 0 21.77333422
15 24037795 0 21.77333422
15 24087886 0 21.77333422
15 24112335 0 21.77333422
15 24186325 15.8649510402558 21.77333422
15 24231362 3.89045899161376 22.48784402
15 24300165 0 22.75551927
15 24314377 0 22.75551927
15 24340395 0 22.75551927
15 24368580 2.84267437921776 22.75551927
15 24406959 1.55449846037645 22.86461827
15 24475807 2.5399278134255 22.97164238
15 24556847 0 23.17747813
15 24596389 0 23.17747813
15 24625723 2.72939190464633 23.17747813
15 24699889 2.39487246232565 23.37990621
15 24778258 1.3828992521539 23.56758997
15 24846855 0.0685375741964093 23.66245271
15 24891500 1.90248071023854 23.66551257
15 25030045 1.26523133849117 23.92909176
15 25160849 1.65865048688904 24.09458908
15 25287880 0.0984874297055804 24.30528911
15 25312064 3.17705120224105 24.30767093
15 25337766 0.596934989136448 24.3893275
15 25431658 1.63399026248946 24.44537492
15 25478898 0.748971417119655 24.52256462
15 25518817 1.25000153674753 24.55246281
15 25544846 0.352835090795737 24.5849991
15 25588185 28.6496756015842 24.60029062
15 25601317 0 24.97651816
15 25638412 0 24.97651816
15 25733309 0.0881124119860314 24.97651816
15 25757737 4.94152083117601 24.97867057
15 25786708 2.30520511250582 25.12183137
15 25812840 0 25.18207099
15 25844439 0 25.18207099
15 25885552 0 25.18207099
15 25911086 0.250826627838603 25.18207099
15 25950233 0 25.1918901
15 25990947 1.17311842047148 25.1918901
15 26058866 1.1891513453917 25.27156713
15 26092425 1.39943473738957 25.31147386
15 26130885 0 25.36529612
15 26151739 7.49138611257222 25.36529612
15 26178353 0 25.56467187
15 26207987 0 25.56467187
15 26239401 2.99609815917848 25.56467187
15 26276504 0 25.6758361
15 26369023 4.28630370806355 25.6758361
15 26396207 0 25.79235498
15 26440056 0 25.79235498
15 26487337 4.30036489364244 25.79235498
15 26529130 0 25.97208013
15 26552845 1.1657812042192 25.97208013
15 26580149 0 26.00391062
15 26619119 3.8043003531523 26.00391062
15 26653665 0 26.13533398
15 26710131 0 26.13533398
15 26735731 0.483710816340018 26.13533398
15 26781190 2.66962745903181 26.15732299
15 26807979 7.14060146846813 26.22883964
15 26837806 0 26.44182236
15 26863222 0 26.44182236
15 26942344 2.46756200912258 26.44182236
15 27016446 0 26.62467364
15 27062919 3.94364071930798 26.62467364
15 27095061 6.19741257724472 26.75143014
15 27122571 0 26.92192096
15 27190144 1.56038443861691 26.92192096
15 27227133 0.624376696934286 26.97963802
15 27338363 3.57353166699857 27.04908744
15 27358447 0.253585578664228 27.12085825
15 27394893 0.39492433159579 27.13010043
15 27430575 2.43620947937137 27.14419212
15 27455007 5.71244214068126 27.20371359
15 27477000 0 27.32934733
15 27497541 0.350298923717398 27.32934733
15 27548457 3.64949761700137 27.34718315
15 27586854 0 27.48731291
15 27686834 0.244364497106957 27.48731291
15 27795197 1.64156941236843 27.51379298
15 27834167 0 27.57776494
15 27877821 4.19919963918167 27.57776494
15 27902210 0 27.68017922
15 28029959 1.56024893205855 27.68017922
15 28069287 0 27.74154069
15 28110146 4.13312209790835 27.74154069
15 28132759 0.508810110832041 27.83500298
15 28176158 1.29854442525425 27.85708483
15 28217846 0 27.91121855
15 28244444 0 27.91121855
15 28279946 0 27.91121855
15 28302223 3.0541448546631 27.91121855
15 28331259 0 27.9998987
15 28375458 0 27.9998987
15 28453282 0 27.9998987
15 28484086 0.777316182038557 27.9998987
15 28536910 0 28.04095965
15 28567382 6.60696148195099 28.04095965
15 28602093 0.940042362322386 28.27029389
15 28682353 0 28.34574169
15 28731036 1.33780549862179 28.34574169
15 28801781 0 28.44038474
15 28839974 2.13242812546462 28.44038474
15 28873609 4.07045407867126 28.51210896
15 28896006 0 28.60327492
15 28957203 0.218002680965151 28.60327492
15 29008677 0 28.61449639
15 29011601 0.913223318510254 28.61449639
15 29040385 0 28.64078261
15 29049517 1.34926803896242 28.64078261
15 29081240 0.00909162079497979 28.68358544
15 29122115 0.274027699875088 28.68395706
15 29145292 0.1981553839163 28.6903082
15 29176106 0.732922222742056 28.69641416
15 29240225 1.58208056751044 28.7434084
15 29295061 0 28.83016337
15 29341006 2.57335243750851 28.83016337
15 29369970 0 28.90469795
15 29398705 8.65965063861771 28.90469795
15 29422663 1.13543327483909 29.11216586
15 29458564 0 29.15292905
15 29493961 0.58395384063474 29.15292905
15 29519048 0.164114883197653 29.1675787
15 29549270 0.642023009503894 29.17253858
15 29595251 2.07067541787787 29.20205944
15 29661299 0 29.33882341
15 29695545 2.3950040829289 29.33882341
15 29739631 1.03120715126321 29.44440956
15 29779568 0 29.48559288
15 29845633 0 29.48559288
15 29881540 1.01604650263823 29.48559288
15 29933279 0 29.53816211
15 29956312 0.435583244962868 29.53816211
15 30003462 0 29.55869986
15 30044995 0 29.55869986
15 30081820 0 29.55869986
15 30113823 0.362494978852055 29.55869986
15 30156144 0.460205019974445 29.57404101
15 30182678 3.89308067582607 29.58625209
15 30210555 0 29.6947795
15 30243612 0 29.6947795
15 30264219 0 29.6947795
15 30310637 0 29.6947795
15 30341354 0 29.6947795
15 30429077 0 29.6947795
15 30462337 4.45118839864511 29.6947795
15 30506918 0 29.89321793
15 30545892 3.97133770949728 29.89321793
15 30581692 0 30.03539182
15 30625142 5.22309473268503 30.03539182
15 30665656 0.217000095561128 30.24700028
15 30707514 0.35088737890216 30.25608347
15 30737242 4.74558869452064 30.26651465
15 30806412 0 30.59476702
15 30832772 0 30.59476702
15 30853024 7.96457499434197 30.59476702
15 30883953 0 30.84110336
15 30940709 0 30.84110336
15 30973174 0 30.84110336
15 30999449 1.41611945727707 30.84110336
15 31026940 0.494607617043099 30.8800339
15 31071603 2.57853391271493 30.90212456
15 31119240 0 31.02495818
15 31186406 22.4165919691391 31.02495818
15 31214921 1.06795860786737 31.6641673
15 31276237 0 31.72965025
15 31308027 0 31.72965025
15 31335674 0 31.72965025
15 31409461 8.27632268334932 31.72965025
15 31445267 0 32.02599226
15 31486613 0 32.02599226
15 31510220 2.39404021106266 32.02599226
15 31532204 0 32.07862284
15 31567180 0.265117104090507 32.07862284
15 31626657 0 32.09439121
15 31666125 0.860045253823049 32.09439121
15 31693526 0 32.11795731
15 31736591 0 32.11795731
15 31766858 0 32.11795731
15 31809551 2.40881239758604 32.11795731
15 31859593 0 32.2384991
15 31990754 0 32.2384991
15 32083451 0 32.2384991
15 32103523 0 32.2384991
15 32128388 0 32.2384991
15 32178082 0.883398582854586 32.2384991
15 32248223 1.33443763329618 32.30046156
15 32326526 3.13432238980392 32.40495203
15 32408675 0 32.66243348
15 32448502 0 32.66243348
15 32526561 0 32.66243348
15 32564340 0 32.66243348
15 32599454 0 32.66243348
15 32643852 2.18465353110466 32.66243348
15 32684505 2.63711575574419 32.7512462
15 32711968 2.48742060991746 32.82366931
15 32775452 0 32.98158072
15 32798859 0 32.98158072
15 32858415 1.31018542093319 32.98158072
15 32912616 5.51361993514465 33.05259408
15 32944379 0 33.22772319
15 33030957 0 33.22772319
15 33066384 4.71126163022713 33.22772319
15 33113997 6.17224020867698 33.45204049
15 33140066 2.57073086930411 33.61294462
15 33200022 0 33.76707536
15 33221218 0 33.76707536
15 33283643 0 33.76707536
15 33331185 1.04659761072981 33.76707536
15 33413051 2.06349830653283 33.85275612
15 33478597 1.98741242865928 33.98801018
15 33525730 0 34.08168289
15 33545948 0 34.08168289
15 33596831 3.6700558329305 34.08168289
15 33634085 0.448674781903016 34.21840715
15 33757310 2.93183312309868 34.2736951
15 33784264 0.438751613864587 34.35271973
15 33804402 3.26596260747718 34.36155531
15 33956411 0 34.85801102
15 34001596 3.11080098300546 34.85801102
15 34025604 6.46561441778353 34.93269513
15 34054485 0 35.11942854
15 34109962 1.20494825263033 35.11942854
15 34144843 0 35.16145834
15 34205212 0.551370174484662 35.16145834
15 34225443 0.131202890634684 35.17261311
15 34249244 9.68188354579508 35.17573587
15 34273013 0 35.40586456
15 34314815 0 35.40586456
15 34344093 1.13773737877699 35.40586456
15 34408231 0.062223882283527 35.47883676
15 34487880 2.02315090775532 35.48379283
15 34545054 0.568555442884815 35.59946446
15 34601265 1.12777691491293 35.63142353
15 34639896 3.14788783166355 35.67499068
15 34663753 0.109835019668522 35.75008984
15 34714850 2.00636586256511 35.75570208
15 34761403 2.52225457594789 35.84910443
15 34795986 0 35.93633156
15 34827594 0.921483580895627 35.93633156
15 34900101 1.63608796026395 36.00314557
15 34942984 0 36.07330593
15 34964821 0 36.07330593
15 35000106 0 36.07330593
15 35027724 3.53044723554135 36.07330593
15 35051291 18.3786052121269 36.15650798
15 35072434 0 36.54508683
15 35099517 0 36.54508683
15 35124174 0 36.54508683
15 35254434 0 36.54508683
15 35337946 0 36.54508683
15 35455210 0 36.54508683
15 35491409 0 36.54508683
15 35558153 0 36.54508683
15 35632101 0 36.54508683
15 35652155 0 36.54508683
15 35676201 0 36.54508683
15 35715096 0.734846412505088 36.54508683
15 35847138 0.690102507390411 36.64211742
15 35894159 0 36.67456673
15 36049146 0.469782414064374 36.67456673
15 36122864 0 36.70919815
15 36219316 6.13073972836768 36.70919815
15 36242730 0 36.85274329
15 36281231 0 36.85274329
15 36378628 0.712875902225942 36.85274329
15 36411602 0.773885680918764 36.87624966
15 36457841 0 36.91203336
15 36487105 4.99613917256184 36.91203336
15 36523434 0 37.0935381
15 36567896 0 37.0935381
15 36609370 0 37.0935381
15 36640030 0.644365438559318 37.0935381
15 36698102 0.644365438559063 37.130957689748
15 36724876 0 37.14820993
15 36778352 0 37.14820993
15 36806672 0 37.14820993
15 36913421 0 37.14820993
15 36946673 10.0811197384554 37.14820993
15 36980931 0.136912550780157 37.49356893
15 37004316 0.252208269450824 37.49677063
15 37045407 1.22469942228955 37.50713412
15 37134552 0 37.61630995
15 37170883 0 37.61630995
15 37195610 0 37.61630995
15 37224652 0 37.61630995
15 37282960 2.87303998863537 37.61630995
15 37325197 1.84123167640261 37.73765854
15 37361489 1.29351573331729 37.80448052
15 37427845 0.38371981002548 37.89031305
15 37472272 1.83604833165871 37.90736057
15 37547916 0 38.04624661
15 37568199 0 38.04624661
15 37623657 0.236831194884577 38.04624661
15 37647584 0 38.05191327
15 37720295 2.35055829006807 38.05191327
15 37749957 4.42324499512425 38.12163553
15 37802256 0 38.35296682
15 37848513 1.75476733187223 38.35296682
15 37935203 0 38.5050876
15 37988924 0 38.5050876
15 38013431 1.91220363522186 38.5050876
15 38070759 0 38.61471041
15 38214166 1.29385297169674 38.61471041
15 38319207 0 38.75061802
15 38345972 0 38.75061802
15 38424818 0 38.75061802
15 38482034 6.74663501862694 38.75061802
15 38529009 0 39.0675412
15 38562899 2.56960544569589 39.0675412
15 38605428 1.345695842281 39.17682395
15 38644079 0 39.22883644
15 38754878 3.6354458281662 39.22883644
15 38812131 0 39.43697662
15 38868218 0.447760592322998 39.43697662
15 38931967 3.20345531936325 39.46552091
15 38971671 4.84882570300183 39.5927109
15 39030668 0 39.87877707
15 39097150 0 39.87877707
15 39119041 3.945165790958 39.87877707
15 39186415 0 40.14457867
15 39200751 0.421258341277358 40.14457867
15 39326631 0.652856508148105 40.19760667
15 39452673 0.739395483074634 40.27989401
15 39510190 1.51623827818388 40.32242182
15 39534397 0 40.3591254
15 39724003 2.06167366720521 40.3591254
15 39745668 0 40.40379156
15 39802086 0 40.40379156
15 39871361 0.0651614509245808 40.40379156
15 39927601 3.1891176018446 40.40745624
15 39953621 0 40.49043708
15 39975842 0 40.49043708
15 40005128 0 40.49043708
15 40057320 0 40.49043708
15 40085719 2.04278805138922 40.49043708
15 40164724 0 40.65182755
15 40198447 8.3050969020703 40.65182755
15 40212069 0 40.76495958
15 40225597 0 40.76495958
15 40279882 1.73794888778478 40.76495958
15 40334233 0 40.85941884
15 40441753 0 40.85941884
15 40487425 2.38539222749116 40.85941884
15 40613742 0.195965000525554 41.16073443
15 40746944 0 41.18683736
15 40783003 2.25814256797164 41.18683736
15 40826477 0 41.28500785
15 40866063 0 41.28500785
15 40898652 0 41.28500785
15 40963612 0.11037875020727 41.28500785
15 40999810 0 41.28900334
15 41036842 0 41.28900334
15 41065674 0 41.28900334
15 41147719 3.85803600985022 41.28900334
15 41197261 2.32800136600366 41.48013816
15 41220687 0.199835245881041 41.53467392
15 41260686 0.896559701562697 41.54266713
15 41367107 0 41.63807991
15 41389085 0 41.63807991
15 41410517 3.22227810499353 41.63807991
15 41469092 0 41.82682485
15 41587254 0.0661813936922575 41.82682485
15 41612525 0.589513417939516 41.82849732
15 41698492 4.05441848184758 41.87917602
15 41706067 0 41.90988824
15 41730175 0.752011723184245 41.90988824
15 41778626 0.715523628290538 41.94632396
15 41857451 0.0163863980435378 42.00272511
15 41883212 0 42.00314724
15 41947377 6.54288286772132 42.00314724
15 41971145 0 42.15865848
15 42023801 0 42.15865848
15 42045958 2.39905325276706 42.15865848
15 42081374 1.16330972212743 42.24362335
15 42139962 0 42.31177934
15 42208376 0 42.31177934
15 42231274 0 42.31177934
15 42265030 0 42.31177934
15 42285508 0 42.31177934
15 42310362 5.31259608446779 42.31177934
15 42331151 0 42.4222229
15 42356134 0 42.4222229
15 42382603 0.965219265607717 42.4222229
15 42421574 0 42.45983846
15 42461633 0 42.45983846
15 42509261 0 42.45983846
15 42555394 0 42.45983846
15 42578110 1.08365715102367 42.45983846
15 42634088 0.986168783098833 42.52049942
15 42721893 1.4555678310624 42.60708997
15 42775025 0 42.6844272
15 42817399 0 42.6844272
15 42843047 1.11635315709819 42.6844272
15 42905161 0 42.75376836
15 42947644 0 42.75376836
15 42998114 0 42.75376836
15 43061218 0 42.75376836
15 43113772 0 42.75376836
15 43155431 0 42.75376836
15 43188647 0 42.75376836
15 43223132 1.75084858643429 42.75376836
15 43267877 3.70780321364793 42.83211008
15 43293082 0 42.92556526
15 43322372 0.254185249042139 42.92556526
15 43374572 2.74368639755766 42.93883373
15 43398156 0 43.00354083
15 43420782 0.821222650860227 43.00354083
15 43456295 0.1267746627215 43.03270491
15 43476234 0.264477536597664 43.03523267
15 43533683 0 43.05042664
15 43566385 0 43.05042664
15 43633834 1.69429177771187 43.05042664
15 43664227 1.00586616215557 43.10192125
15 43696998 0.910343048926448 43.13488449
15 43769699 2.75667384781108 43.20106734
15 43808690 0 43.30855281
15 43828318 0 43.30855281
15 43853592 0 43.30855281
15 43881740 0 43.30855281
15 43946788 0.928476167156364 43.30855281
15 43995796 1.06237334108298 43.35405557
15 44047411 0.524539362947071 43.40888997
15 44172173 1.38897431605127 43.47433255
15 44213989 4.17379899710435 43.5324139
15 44256466 0 43.70970436
15 44297591 0 43.70970436
15 44321644 0 43.70970436
15 44348210 0 43.70970436
15 44377304 2.14862625963241 43.70970436
15 44404296 0.287377307567762 43.76770008
15 44450611 0.15862913942488 43.78100996
15 44507050 0 43.78996283
15 44536255 0.137164128911673 43.78996283
15 44643305 0 43.80464625
15 44660806 2.17329976780564 43.80464625
15 44703012 0.357651024321224 43.89637254
15 44752557 0 43.91409236
15 44804117 0 43.91409236
15 44846305 2.36893275394502 43.91409236
15 44878753 0.674049007416182 43.99095949
15 45033954 3.26254832177691 44.09557257
15 45066548 0 44.20191207
15 45098599 0.208424362567499 44.20191207
15 45127857 10.3738783140723 44.20801015
15 45151393 0 44.45216975
15 45172443 0 44.45216975
15 45199864 0 44.45216975
15 45226254 0 44.45216975
15 45287091 1.5031388941667 44.45216975
15 45339721 2.59406121824319 44.53127995
15 45372391 0 44.61602793
15 45403620 0 44.61602793
15 45429967 0 44.61602793
15 45577313 1.26811757292046 44.61602793
15 45610637 0 44.65828668
15 45673638 0 44.65828668
15 45805198 1.27932832553548 44.65828668
15 45921683 0 44.80730924
15 45938493 0.0857394627507562 44.80730924
15 46280755 0 44.8366546
15 46420954 1.02302625128128 44.8366546
15 46465828 0 44.88256188
15 46489980 4.0253312782894 44.88256188
15 46515608 0 44.98572307
15 46556504 0 44.98572307
15 46576685 0 44.98572307
15 46613300 0 44.98572307
15 46647993 0 44.98572307
15 46717734 0 44.98572307
15 46785045 0 44.98572307
15 46810436 0 44.98572307
15 46866871 1.79046095407573 44.98572307
15 46925315 0 45.09036477
15 46967802 0 45.09036477
15 47008235 1.41158938768208 45.09036477
15 47142381 0.680210317652138 45.27972384
15 47183747 0.17522894884785 45.30786142
15 47484360 1.80015327971747 45.36053752
15 47650853 0.730749821615578 45.66025044
15 47716722 0 45.7083842
15 47740696 2.4290471651602 45.7083842
15 47771121 0 45.78228796
15 47894040 2.04061365651798 45.78228796
15 47927870 0 45.85132192
15 47961008 0 45.85132192
15 47981571 0 45.85132192
15 48008735 0 45.85132192
15 48040954 2.06009581113714 45.85132192
15 48067047 0 45.905076
15 48129454 0 45.905076
15 48156406 0 45.905076
15 48244456 0 45.905076
15 48275779 2.13332988956179 45.905076
15 48416129 1.10471298427787 46.20448885
15 48456963 0 46.2495987
15 48508946 0.426197434506421 46.2495987
15 48680375 0.477802932632889 46.3226613
15 48867306 0.175871946968992 46.41197748
15 49171430 0 46.46546436
15 49293288 2.3107498260052 46.46546436
15 49375187 1.54521604399438 46.65471246
15 49421011 1.20817071651094 46.72552044
15 49469161 0.172249453710106 46.78369386
15 49683333 0.679626523200537 46.82058487
15 49779430 0 46.88589494
15 49801112 0 46.88589494
15 49994423 0 46.88589494
15 50304895 0 46.88589494
15 50354219 0 46.88589494
15 50396461 2.74428359750371 46.88589494
15 50418732 0 46.94701288
15 50508537 0 46.94701288
15 50541601 1.97511141872246 46.94701288
15 50578444 0.743157670281429 47.01978191
15 50627686 1.26076390474021 47.05637648
15 50693401 0 47.13922758
15 50753783 0.159570629734797 47.13922758
15 50995742 5.37779914866784 47.17783713
15 51021114 0 47.31428265
15 51050303 0 47.31428265
15 51070080 0 47.31428265
15 51124761 0.499916980696218 47.31428265
15 51194022 0.442585221316808 47.3489074
15 51265571 0.0861146275363243 47.38057393
15 51377743 0.890862196560576 47.39023358
15 51514220 0.262035994418037 47.51181578
15 51535001 0 47.51726115
15 51565640 0.0870058436516505 47.51726115
15 51639053 0 47.52364851
15 51664231 2.14809914967398 47.52364851
15 51688457 0 47.57568836
15 51732795 0 47.57568836
15 51767631 0.262609018927497 47.57568836
15 51844292 3.56544109404778 47.59582023
15 51879976 0.819330248154206 47.72304943
15 51981969 0 47.80661538
15 52018352 0 47.80661538
15 52066742 0 47.80661538
15 52094721 1.90644367783053 47.80661538
15 52199076 1.74620901674838 48.00556231
15 52256813 0 48.10638318
15 52287304 0 48.10638318
15 52353052 0 48.10638318
15 52381562 2.25495876153304 48.10638318
15 52465343 0 48.29530588
15 52586516 0 48.29530588
15 52673691 0 48.29530588
15 52726567 0 48.29530588
15 52779701 2.38139184283583 48.29530588
15 52803116 0 48.35106617
15 52833944 0 48.35106617
15 52883088 0 48.35106617
15 52918483 0 48.35106617
15 52944944 0 48.35106617
15 52969357 1.08014747968979 48.35106617
15 53012685 0 48.3978668
15 53278900 0 48.3978668
15 53341502 0 48.3978668
15 53384296 2.99530567685602 48.3978668
15 53412692 0.226875920747903 48.4829215
15 53445953 1.45608786371707 48.49046762
15 53480939 0.0794448301396522 48.54141031
15 53524151 0 48.54484328
15 53588035 0.366244933085615 48.54484328
15 53668212 0 48.5742077
15 53719748 0.42694723906268 48.5742077
15 53780778 0.727113419277104 48.60026429
15 53810720 1.45138369795108 48.62203552
15 53839563 1.13177011821679 48.66389778
15 53909773 0.509935540287218 48.74335936
15 53949798 0 48.76376953
15 53991946 0 48.76376953
15 54027039 0.568757590008959 48.76376953
15 54122724 0 48.8181911
15 54164024 0 48.8181911
15 54219538 0 48.8181911
15 54269972 1.65433119298464 48.8181911
15 54318095 0 48.89780248
15 54409416 5.55836109924517 48.89780248
15 54430485 0 49.01491159
15 54478928 0 49.01491159
15 54530914 0.05214674756598 49.01491159
15 54601784 2.23511448912838 49.01860723
15 54653754 1.35835417383648 49.13476613
15 54679905 0 49.17028845
15 54711546 0 49.17028845
15 54785882 0 49.17028845
15 54814482 0 49.17028845
15 54853468 1.72043042093728 49.17028845
15 54968402 0.636317885413946 49.3680244
15 55091698 0.906981894937036 49.44647985
15 55125335 0 49.476988
15 55149996 0 49.476988
15 55181828 0 49.476988
15 55224077 0 49.476988
15 55261421 0 49.476988
15 55292404 1.64900971250971 49.476988
15 55318144 2.03003543586105 49.51943351
15 55356241 0 49.59677177
15 55467043 0.753871722930115 49.59677177
15 55523000 0.0623414144199688 49.63895617
15 55573777 1.86314423236521 49.64212168
15 55603902 0 49.6982489
15 55701529 0 49.6982489
15 55790947 0 49.6982489
15 55882631 0 49.6982489
15 55935391 1.91090744405534 49.6982489
15 56001081 0.535161992830127 49.82377641
15 56060775 0 49.85572237
15 56081877 0 49.85572237
15 56153143 0 49.85572237
15 56216353 2.35499130363608 49.85572237
15 56314095 1.23782716177445 50.08590393
15 56371941 0.0924577875662981 50.15750728
15 56397822 0.117784469423556 50.15990018
15 56446307 0 50.16561096
15 56477757 0 50.16561096
15 56501007 0 50.16561096
15 56529668 0 50.16561096
15 56550258 0.773513383233052 50.16561096
15 56624941 1.98357068506859 50.22337926
15 56650880 0 50.2748311
15 56687053 0 50.2748311
15 56754006 0 50.2748311
15 56866481 0.811489500487284 50.2748311
15 56993725 0.0814129038975128 50.37808827
15 57022538 0.732815120183982 50.38043402
15 57158621 0.58468450458779 50.4801577
15 57197639 0 50.50297092
15 57222146 0 50.50297092
15 57270527 0 50.50297092
15 57366289 0 50.50297092
15 57422480 2.66937018221452 50.50297092
15 57484879 1.53998812559612 50.66953695
15 57536250 0.147849437473752 50.74864768
15 57579448 1.5745277304936 50.75503448
15 57629970 1.93388918814246 50.83458277
15 57854603 0.95122891424877 51.2689981
15 57888690 0.169964415378403 51.30142264
15 57930281 0 51.30849163
15 57995803 6.06165051787523 51.30849163
15 58016754 0 51.43548927
15 58051169 0 51.43548927
15 58119998 0 51.43548927
15 58146133 1.64304792003525 51.43548927
15 58241375 2.28320995901027 51.59197644
15 58274310 0.447009012358774 51.66717396
15 58387266 0 51.71766631
15 58404974 1.25027792404846 51.71766631
15 58517019 0.549990980156281 51.8577537
15 58553605 0.50290237524498 51.87787567
15 58599495 0.0556313352522266 51.90095386
15 58607486 0 51.90139841
15 58654570 1.57922570916558 51.90139841
15 58837602 6.39970162667392 52.19044725
15 58882110 1.33558363752605 52.47528517
15 58979088 0.230850564980888 52.6048074
15 59009797 1.69473912683984 52.61189659
15 59033985 0.634272599968837 52.65288894
15 59078974 0.383299613955032 52.68142423
15 59106950 0 52.69214742
15 59136459 0.817026630609127 52.69214742
15 59158276 0.644924250036299 52.70997249
15 59247847 0 52.767739
15 59302662 4.19940872364793 52.767739
15 59334965 0 52.9033925
15 59365506 2.29830651475999 52.9033925
15 59416590 4.73007567486171 53.02079919
15 59443151 0 53.14643473
15 59472006 0 53.14643473
15 59502874 0.339361848124322 53.14643473
15 59537850 3.6543600401319 53.15830425
15 59586689 0.773948670425862 53.33677954
15 59650356 0 53.38605453
15 59686041 0 53.38605453
15 59796390 4.31346283061502 53.38605453
15 59829132 4.3038552609638 53.52728593
15 59883105 3.41782154353348 53.75957791
15 59947412 0 53.97936776
15 60024005 0 53.97936776
15 60049341 2.2866253623996 53.97936776
15 60121085 3.19295741946471 54.14341941
15 60261924 0 54.59311234
15 60315306 1.59512052466241 54.59311234
15 60384379 1.31522512566869 54.7032921
15 60458582 0 54.80088575
15 60504552 0 54.80088575
15 60535222 0 54.80088575
15 60556733 0 54.80088575
15 60593642 0 54.80088575
15 60622402 0 54.80088575
15 60659389 0 54.80088575
15 60684950 1.41031733894131 54.80088575
15 60716336 0 54.84514997
15 60813785 0.228981113319822 54.84514997
15 60847989 0 54.85298204
15 60882959 1.40770583671005 54.85298204
15 60929355 0 54.91829396
15 60956575 2.56084212464068 54.91829396
15 61027194 4.75084566395238 55.09913807
15 61058755 0 55.24907951
15 61085624 0 55.24907951
15 61106968 0 55.24907951
15 61141481 0.620949855034443 55.24907951
15 61171833 0 55.26792658
15 61216594 1.45947860151337 55.26792658
15 61328658 0 55.43148159
15 61389107 0 55.43148159
15 61422097 3.47117339452996 55.43148159
15 61448678 2.24332620071613 55.52374885
15 61495879 4.44249717130549 55.62963609
15 61522393 0.0230016696556011 55.74742446
15 61603248 0 55.74928426
15 61639615 0.866370424508203 55.74928426
15 61721710 1.0067519967692 55.82040894
15 61766282 3.01209231601007 55.86528189
15 61810673 0 55.99899168
15 61855683 0 55.99899168
15 61880692 1.2310131488717 55.99899168
15 61914231 0 56.04027863
15 62032399 2.02284755364126 56.04027863
15 62058172 0.277087764231978 56.09241348
15 62235431 1.8552937644738 56.14152978
15 62258749 0 56.18479152
15 62313688 0 56.18479152
15 62377899 0.773383674249612 56.18479152
15 62419747 0 56.21715608
15 62456943 0 56.21715608
15 62484563 0 56.21715608
15 62511268 0.431693522759132 56.21715608
15 62618258 1.38591479359508 56.26334297
15 62652293 1.27947069449071 56.31051258
15 62694367 0.725240923602274 56.36434503
15 62721305 0.52640525676704 56.38388157
15 62749307 0 56.39862197
15 62787861 2.93612991244188 56.39862197
15 62812416 1.52084864561274 56.47071864
15 63075930 1.90569789695169 56.87148355
15 63170507 0.597561844514747 57.05171874
15 63260612 0.739697679657565 57.10556205
15 63371587 1.26545228974407 57.18765
15 63417531 0 57.24578994
15 63486831 5.07905754219539 57.24578994
15 63530260 0 57.46636833
15 63577143 0 57.46636833
15 63614538 0.93300135526147 57.46636833
15 63641839 0.160191520940757 57.4918402
15 63746945 1.95268623946903 57.50867729
15 63786115 0 57.58516401
15 63833091 0.205388145161249 57.58516401
15 63957091 5.69446739044937 57.61063214
15 63982513 0 57.75539689
15 64005253 0.971597357696094 57.75539689
15 64057026 0.652024298425874 57.8056994
15 64092090 1.27043040024803 57.82856198
15 64208168 0 57.976031
15 64253907 6.03405378899362 57.976031
15 64280418 1.15674960783245 58.1359998
15 64317392 1.50651948278496 58.17876946
15 64363253 3.05237714253963 58.24785995
15 64399250 0 58.35773637
15 64423609 0 58.35773637
15 64486285 0 58.35773637
15 64528621 7.61231747832403 58.35773637
15 64553303 0 58.54562359
15 64582930 3.68640195422809 58.54562359
15 64636762 0 58.74406998
15 64696473 0.913080059523698 58.74406998
15 64730073 0 58.77474947
15 64756466 4.28961919340206 58.77474947
15 64788477 1.08046457016508 58.91206447
15 64890679 3.140249790444 59.02249011
15 64914539 2.8364144861208 59.09741647
15 64964794 1.27209090095744 59.23996048
15 65009502 3.07609817964787 59.29683312
15 65029608 1.26827197575832 59.35868115
15 65067229 0.201712760328319 59.40639481
15 65088020 1.59617242789307 59.41058862
15 65119813 0 59.46133573
15 65140618 5.40429918597945 59.46133573
15 65163099 3.47385158216456 59.58282978
15 65185347 1.3028713782001 59.66011603
15 65237531 3.20644127937285 59.72810507
15 65277832 0 59.85732786
15 65323234 0.746862335344776 59.85732786
15 65365823 0 59.88913598
15 65404099 5.49364830166545 59.88913598
15 65431361 0.228960340903651 60.03890382
15 65493314 0 60.0530886
15 65579128 0 60.0530886
15 65617013 1.12328706896541 60.0530886
15 65651813 0.820906431665684 60.09217899
15 65678820 6.00735922867874 60.11434921
15 65736591 0 60.46140036
15 65798903 0 60.46140036
15 65825111 0 60.46140036
15 65849473 0 60.46140036
15 65929958 10.9407442761174 60.46140036
15 65988310 0 61.09981467
15 66032379 3.2130084798996 61.09981467
15 66064219 1.31702967903337 61.20211686
15 66254488 0.23580236983837 61.45270678
15 66324113 15.042476613287 61.46912452
15 66349341 0 61.84861612
15 66410057 6.73260054730914 61.84861612
15 66434175 0 62.01099298
15 66460205 1.71141830602104 62.01099298
15 66513783 0 62.10268735
15 66545124 0 62.10268735
15 66572667 0 62.10268735
15 66614036 0.282091554018214 62.10268735
15 66642369 6.31655483870962 62.11067985
15 66671044 2.92856435643583 62.29180706
15 66699728 0 62.37581
15 66735184 0.870601236946298 62.37581
15 66764773 0.992549262708138 62.40157022
15 66802682 2.84442139790603 62.43919677
15 66823413 0 62.49816447
15 66860693 3.92243977239859 62.49816447
15 66912538 0 62.70152336
15 66994486 0 62.70152336
15 67105658 0 62.70152336
15 67144725 14.7591234660651 62.70152336
15 67160697 1.01344991770527 62.93725608
15 67228745 0 63.00621932
15 67250982 0 63.00621932
15 67276840 3.19211653440584 63.00621932
15 67304437 0 63.09431216
15 67413526 0 63.09431216
15 67470477 0 63.09431216
15 67520094 0 63.09431216
15 67625067 10.293307365241 63.09431216
15 67696565 1.89906395416805 63.83026305
15 67739330 2.04308251357161 63.91147652
15 67818723 2.59168387096791 64.07368297
15 67880723 0 64.23436737
15 67967711 6.58622290152545 64.23436737
15 67999770 0.866103572554512 64.44551509
15 68161531 2.48167730305981 64.58561687
15 68271374 0 64.85821175
15 68298144 0 64.85821175
15 68358382 0 64.85821175
15 68386777 0 64.85821175
15 68479023 2.80152118806819 64.85821175
15 68557133 0 65.07703857
15 68585154 0.404200466959797 65.07703857
15 68677239 6.414712769502 65.11425937
15 68719261 0 65.38381843
15 68793176 3.80379068776277 65.38381843
15 68830718 0 65.52662034
15 69037477 5.61626681219046 65.52662034
15 69097032 1.9474177981895 65.86109711
15 69157128 0.791637703698711 65.97812913
15 69305018 0 66.09520443
15 69398047 0 66.09520443
15 69422077 4.76260652633092 66.09520443
15 69449535 2.27390060349615 66.22597608
15 69491126 0 66.32054988
15 69533006 1.31997727873181 66.32054988
15 69570856 0 66.37051102
15 69598514 0 66.37051102
15 69641783 1.39162027123497 66.37051102
15 69667001 0 66.4056049
15 69695746 0 66.4056049
15 69759035 3.90487447507765 66.4056049
15 69802851 0 66.57670088
15 69847414 1.95771027583448 66.57670088
15 69868006 0 66.61701405
15 69953512 0 66.61701405
15 69984268 0 66.61701405
15 70010700 3.53534717156373 66.61701405
15 70040858 0 66.72363305
15 70082679 1.07493635574663 66.72363305
15 70131073 0.695066523604918 66.77565352
15 70173013 0 66.80480461
15 70224365 0 66.80480461
15 70285470 9.69609138809712 66.80480461
15 70308624 0 67.02930791
15 70353334 0 67.02930791
15 70392722 0 67.02930791
15 70429364 0 67.02930791
15 70465726 2.34691648257429 67.02930791
15 70496055 2.7098980635074 67.10048754
15 70529311 0 67.19060791
15 70560636 0 67.19060791
15 70593423 3.07924060043907 67.19060791
15 70621669 0 67.27758414
15 70685457 2.73044145586796 67.27758414
15 70759145 1.85743946549388 67.47878491
15 70925579 0 67.78792599
15 71046406 0.999087099920951 67.78792599
15 71154041 0.605286861965378 67.89546273
15 71264948 0.189404098755522 67.96259328
15 71294030 2.91710038114081 67.96810153
15 71341519 1.39658597892686 68.10663171
15 71370561 4.51762756611633 68.14719136
15 71392530 2.7410111952137 68.24643912
15 71569034 2.65111019516008 68.73023856
15 71729159 0.306091330149082 69.15474758
15 71784431 1.03376748541369 69.17166586
15 71853846 1.71537895217443 69.24342483
15 71888890 3.37420471823058 69.30353857
15 71909279 2.16849437877294 69.37233523
15 71992268 1.18775856488211 69.55229641
15 72050967 5.75385099466123 69.62201665
15 72118025 2.41581974001647 70.00785839
15 72173567 0.87410802116597 70.14203785
15 72216466 0.421535095491923 70.17953621
15 72289823 5.61718374443118 70.21045876
15 72335838 1.61703953219731 70.46893347
15 72433657 8.62155829931298 70.62711066
15 72473829 2.08300390012926 70.9734559
15 72561262 0 71.15557918
15 72603832 1.99918044673223 71.15557918
15 72867256 8.75132247029165 71.68221129
15 72889472 0 71.87663067
15 72909971 0 71.87663067
15 72976813 0 71.87663067
15 73018714 0 71.87663067
15 73057889 0.284166939608418 71.87663067
15 73097580 2.11509525467284 71.88790954
15 73180883 0 72.06410332
15 73204929 0 72.06410332
15 73231049 0 72.06410332
15 73264520 0 72.06410332
15 73319711 0 72.06410332
15 73365282 2.93826004428966 72.06410332
15 73396892 0 72.15698172
15 73422749 1.60392804717885 72.15698172
15 73461580 0.633448249111698 72.21926385
15 73590486 0 72.30091913
15 73619449 1.91761477965137 72.30091913
15 73647677 1.77101751341396 72.35504956
15 73704148 5.88929930646388 72.45506069
15 73744665 0 72.69367743
15 73774929 0.59095872254886 72.69367743
15 73932618 1.5769237510956 72.78686512
15 73964566 2.85438072289135 72.83724468
15 73991541 0 72.9142416
15 74019876 0 72.9142416
15 74053004 4.9495485341219 72.9142416
15 74101712 2.19537353735355 73.15532421
15 74128376 0 73.21386165
15 74165328 0 73.21386165
15 74193545 0 73.21386165
15 74236733 0 73.21386165
15 74277211 2.6917530568307 73.21386165
15 74326445 3.20198402985357 73.34638742
15 74376288 0 73.50598391
15 74409395 0 73.50598391
15 74491544 5.29752254761145 73.50598391
15 74593883 2.02577499999983 74.04812707
15 74640683 3.28697168583203 74.14293334
15 74695991 2.475472531634 74.32472917
15 74727682 4.17707285466088 74.40317937
15 74797904 0 74.69650178
15 74828251 0 74.69650178
15 74865839 13.2770584840321 74.69650178
15 74886631 3.00633903963694 74.97255838
15 75001650 0.171975152282874 75.31834449
15 75034812 2.73470711614276 75.32404753
15 75074384 0 75.43226536
15 75150714 0 75.43226536
15 75193720 0 75.43226536
15 75221924 6.21122008101142 75.43226536
15 75262659 3.61687809344686 75.68527941
15 75303067 0 75.83143022
15 75326304 3.94238784141663 75.83143022
15 75351603 1.32843483495546 75.93116869
15 75401438 0.326486279840121 75.99737124
15 75448522 0 76.01274352
15 75483819 5.53551641448238 76.01274352
15 75513427 2.72458171875268 76.17663909
15 75573040 0 76.33905958
15 75596731 0 76.33905958
15 75625282 0 76.33905958
15 75645861 0 76.33905958
15 75671867 4.3050722254003 76.33905958
15 75699835 0 76.45946384
15 75726555 0.86137215598491 76.45946384
15 75803383 0 76.52564134
15 75857414 0 76.52564134
15 75916095 2.89824577888672 76.52564134
15 75950150 7.56320822080828 76.6243411
15 75993844 0 76.95480792
15 76025476 0.516410875716377 76.95480792
15 76054458 0 76.96977454
15 76085162 0 76.96977454
15 76128039 0 76.96977454
15 76172399 2.36986963725597 76.96977454
15 76268362 0 77.19719434
15 76295386 0 77.19719434
15 76349078 0 77.19719434
15 76412800 0 77.19719434
15 76433997 0 77.19719434
15 76456136 0 77.19719434
15 76486658 0 77.19719434
15 76525965 0 77.19719434
15 76578380 0 77.19719434
15 76628418 6.41713283015237 77.19719434
15 76670020 0 77.4641599
15 76716534 0 77.4641599
15 76748054 4.10343290523394 77.4641599
15 76776007 0 77.57886316
15 76801122 1.04363886674108 77.57886316
15 76989252 3.99228784008429 77.77520294
15 77038578 0.0817351474740167 77.97212653
15 77138460 6.46582758394125 77.9802904
15 77199336 0 78.37390412
15 77233229 0 78.37390412
15 77255192 6.60135514333888 78.37390412
15 77284842 0 78.5696343
15 77342823 0 78.5696343
15 77380915 0 78.5696343
15 77415394 0.0514365872403271 78.5696343
15 77441414 0 78.57097268
15 77490179 0 78.57097268
15 77546541 2.30881866662949 78.57097268
15 77761620 3.66062459558563 79.06755109
15 77817256 5.41387754249678 79.2712136
15 77841199 0 79.40083807
15 77858303 0 79.40083807
15 77884890 0 79.40083807
15 77950839 0 79.40083807
15 77991026 3.30879250919107 79.40083807
15 78017138 1.53200299897382 79.48723726
15 78042480 0 79.52606128
15 78069489 12.1328342818231 79.52606128
15 78110607 0 80.02493916
15 78133006 5.85206421738849 80.02493916
15 78149419 0.855062828371455 80.12098909
15 78195099 0 80.16004836
15 78289254 0 80.16004836
15 78322265 1.66585930483203 80.16004836
15 78411337 2.27287983734328 80.30842978
15 78558887 0 80.6437932
15 78696017 8.44231472384752 80.6437932
15 78742839 8.64897705574884 81.03907926
15 78774786 0.237322757392526 81.31538813
15 78841037 0.87039745581358 81.331111
15 78875154 0.287003955860887 81.36080635
15 78985623 0.833018696442543 81.39251139
15 79131961 3.64250488894026 81.51441368
15 79166222 0.310719944661046 81.63920954
15 79797965 0.580284972479113 81.83550469
15 79894255 0 81.89138033
15 79979840 0 81.89138033
15 80139222 2.44783632567811 81.89138033
15 80175147 0.134135440905274 81.97931885
15 80200073 3.94682125603855 81.98266231
15 80224913 1.64504483229444 82.08070135
15 80252014 0 82.12528371
15 80284977 0.405157266284364 82.12528371
15 80305579 0 82.13363076
15 80329392 0.671064324249303 82.13363076
15 80365537 1.92519332827947 82.15788638
15 80387960 0 82.20105499
15 80446466 2.53546471264077 82.20105499
15 80528280 1.12831381913425 82.4084915
15 80580208 0 82.46708258
15 80659832 0 82.46708258
15 80753833 1.66833767101623 82.46708258
15 80810699 5.41221152235791 82.56195427
15 80846525 0 82.75585216
15 80879557 0.971912351579071 82.75585216
15 81001339 7.09310083682015 82.87421359
15 81025239 0 83.0437387
15 81050024 2.96047901763751 83.0437387
15 81084553 4.20551090487222 83.14596108
15 81116878 2.85292682926826 83.28190422
15 81149022 0 83.3736087
15 81172004 3.34057586294637 83.3736087
15 81195586 0.0881148593104039 83.45238616
15 81264923 0.371710870702999 83.45849578
15 81299309 0.56357049336402 83.47127743
15 81332915 0 83.49021678
15 81362069 2.8256828605058 83.49021678
15 81411347 4.31199071978273 83.62946078
15 81446691 10.6961799600094 83.78186378
15 81469196 0 84.02258131
15 81514655 1.68462685799495 84.02258131
15 81534098 0 84.05533551
15 81607725 0 84.05533551
15 81639702 0 84.05533551
15 81662292 1.62742204311217 84.05533551
15 81768248 1.71563487386719 84.22777064
15 81839522 0 84.3500508
15 81931522 4.31768136250919 84.3500508
15 81959353 1.76073828096703 84.47021619
15 82000760 0 84.54312308
15 82048729 3.61738051695496 84.54312308
15 82204023 0 85.10488057
15 82261028 0 85.10488057
15 82642732 0 85.10488057
15 82674465 0 85.10488057
15 82708938 0 85.10488057
15 82751747 3.85635415983734 85.10488057
15 82797506 4.49590314506471 85.28134348
15 82843451 0 85.48790775
15 82876428 0 85.48790775
15 82933219 0.41088951655021 85.48790775
15 82984910 0.0434181106763861 85.50914704
15 83013534 0.969413221321376 85.51038984
15 83068052 0 85.56324031
15 83169525 0 85.56324031
15 83207058 0 85.56324031
15 83243413 0.799085136513747 85.56324031
15 83309084 0 85.61571703
15 83350029 8.73036064007676 85.61571703
15 83370964 1.34413036015865 85.79848713
15 83443793 0 85.8963788
15 83471559 1.84568707042103 85.8963788
15 83530192 0.0498621982697977 86.00459697
15 83649131 4.21757220141492 86.01052753
15 83673161 2.34709582034656 86.11187579
15 83710700 0 86.19998342
15 83749060 0 86.19998342
15 83772962 0 86.19998342
15 83810338 0 86.19998342
15 83864395 0 86.19998342
15 83917720 0 86.19998342
