Chromosome Position(bp) Rate(cM/Mb) Map(cM)
3 0 0 0
3 243576 0 0
3 290684 0 0
3 312362 0.134313639050101 0
3 518784 6.54056011644833 0.02772529
3 553134 0 0.25239353
3 614169 0 0.25239353
3 692307 3.57174139346851 0.25239353
3 771462 0 0.53511472
3 867632 2.09758452334563 0.53511472
3 954886 0 0.71813736
3 976277 2.62939412220977 0.71813736
3 999483 3.99432380192674 0.77915508
3 1032077 0 0.90934607
3 1056503 2.58145163190762 0.90934607
3 1175321 0 1.21606899
3 1196759 0 1.21606899
3 1219749 0 1.21606899
3 1262507 1.84599347786147 1.21606899
3 1458455 1.61953015678465 1.57778772
3 1497617 1.00703878237963 1.64121176
3 1531782 1.40188715808302 1.67561724
3 1572033 0.716879555164611 1.7320446
3 1635697 1.65196541252564 1.77768402
3 1686409 5.32828554303525 1.86145849
3 1728119 0 2.08370128
3 1791820 2.21130511657232 2.08370128
3 1864779 0.0928107981220601 2.24503589
3 1886079 1.12090416135048 2.24701276
3 1926835 0 2.29269633
3 2023935 0 2.29269633
3 2053306 3.32925142441507 2.29269633
3 2086302 0.15602884362104 2.40254831
3 2131858 2.47203324852751 2.40965636
3 2160551 0 2.48058641
3 2329148 1.09954341254865 2.48058641
3 2389027 0 2.54642597
3 2448186 1.11771734574672 2.54642597
3 2560323 0.713585901937834 2.67176344
3 2675658 0 2.75406487
3 2697582 0 2.75406487
3 2724601 0.790855291800114 2.75406487
3 2787324 0.790855291800112 2.80366968646758
3 2956592 2.55929634183831 2.93753618
3 2989122 0.388795725591743 3.02079009
3 3043960 0 3.04211087
3 3068311 1.70700890760631 3.04211087
3 3200333 7.03685437284145 3.2674736
3 3264902 0 3.72183625
3 3289805 5.48589131624912 3.72183625
3 3366523 0 4.14270286
3 3393392 4.80480786585238 4.14270286
3 3441041 0.555148502737599 4.37164715
3 3506427 0 4.40794609
3 3535851 0 4.40794609
3 3596795 3.88968946395562 4.40794609
3 3639255 3.88968946395565 4.57310230463956
3 3686060 0 4.75515922
3 3705887 0 4.75515922
3 3727681 5.01145639320028 4.75515922
3 3781801 0 5.02637924
3 3818448 1.37664958746185 5.02637924
3 3924620 0 5.17254088
3 3961144 1.57012079546735 5.17254088
3 4058747 0 5.32578938
3 4139924 15.0874476262883 5.32578938
3 4163600 0.337180706185278 5.68299979
3 4183793 4.51028326500187 5.68980848
3 4210623 0.207912221883548 5.81081938
3 4233590 0.0495241868674216 5.8155945
3 4289116 1.74989305470192 5.81834438
3 4313521 0.90343331795107 5.86105052
3 4343859 0 5.88845888
3 4363949 0 5.88845888
3 4400504 2.87500474266643 5.88845888
3 4428969 6.52690509763707 5.97029589
3 4475775 0 6.27579421
3 4522436 0 6.27579421
3 4558586 2.04163091700923 6.27579421
3 4583155 0.287675767093507 6.32595504
3 4620406 0 6.33667125
3 4692598 0 6.33667125
3 4732707 0 6.33667125
3 4780672 2.76100021255276 6.33667125
3 4813605 0 6.42759927
3 4874925 1.76746860291327 6.42759927
3 4919754 0 6.50683312
3 5021596 0 6.50683312
3 5121673 0 6.50683312
3 5190148 0 6.50683312
3 5225270 0 6.50683312
3 5268058 1.25832229898294 6.50683312
3 5309746 1.76997382198949 6.55929006
3 5337632 1.13627943411672 6.60864755
3 5380397 0 6.65724054
3 5424330 0 6.65724054
3 5462305 2.9084308099136 6.65724054
3 5497852 0 6.76062653
3 5509107 1.09502598829297 6.76062653
3 5631085 1.09727805307276 6.89419561
3 5674271 3.54649834232952 6.94158266
3 5710768 0.785013676320129 7.07101921
3 5758661 2.34854518061218 7.10861587
3 5785874 0 7.17252683
3 5812298 0.243043352839394 7.17252683
3 5836564 5.28054333892121 7.17842452
3 5866987 0 7.33907449
3 5949598 0.471740924787328 7.33907449
3 5973344 2.12357609128961 7.35027645
3 6053616 0 7.52074015
3 6083582 0 7.52074015
3 6110142 9.16347244700329 7.52074015
3 6147833 7.26405333939895 7.86612059
3 6183004 0 8.12160461
3 6207469 0 8.12160461
3 6215551 0.32382529594803 8.12160461
3 6450474 0 8.19767862
3 6487437 0 8.19767862
3 6517775 0 8.19767862
3 6553299 7.36520345455087 8.19767862
3 6620341 2.85583379821487 8.69145659
3 6670533 10.4726911721576 8.8347966
3 6721678 7.25247614213201 9.37042239
3 6751228 0 9.58473306
3 6771969 0.0570391238287887 9.58473306
3 6819357 2.81187498565561 9.58743603
3 6906499 2.41699521649827 9.83246844
3 6979040 0.143728145869278 10.00779969
3 7005694 4.18045620473198 10.01163062
3 7057469 0 10.22807374
3 7111169 2.63832466055139 10.22807374
3 7152486 0 10.3370814
3 7238069 3.61546148633382 10.3370814
3 7260204 3.27560147518613 10.41710964
3 7375986 0.0907277203348043 10.79636533
3 7396296 4.22035239335463 10.79820801
3 7421637 6.29026071021058 10.90515596
3 7450558 0 11.08707659
3 7491382 0 11.08707659
3 7508866 1.54462701818923 11.08707659
3 7548010 2.6335997779348 11.14753947
3 7746150 0.561483218323776 11.66936093
3 7869618 0 11.73868614
3 7909195 0 11.73868614
3 7931685 4.78060865791473 11.73868614
3 7986987 0.130543116767496 12.00306336
3 8025174 3.4724937908616 12.00804841
3 8134690 0 12.38834204
3 8231671 3.70262042349232 12.38834204
3 8328060 0.892403177755681 12.74523392
3 8372368 0 12.78477452
3 8480602 3.02681289414493 12.78477452
3 8553069 0 13.00411857
3 8630204 16.6106750780437 13.00411857
3 8660956 2.72775132297531 13.51493005
3 8779061 0.49568509208251 13.83709112
3 9227789 0 14.0595189
3 9343606 0.0196164694522089 14.0595189
3 9461667 3.04831240285985 14.06183484
3 9493837 0 14.15989905
3 9541201 0 14.15989905
3 9568463 3.38844193415074 14.15989905
3 9604758 1.82248335482969 14.28288255
3 9633445 0 14.33516413
3 9670644 5.71476510067117 14.33516413
3 9692696 1.22699300453885 14.46118613
3 9863664 0 14.67096267
3 9883868 5.46362791828795 14.67096267
3 9904428 0 14.78329486
3 9943837 0 14.78329486
3 10026656 0 14.78329486
3 10079949 0 14.78329486
3 10123769 0 14.78329486
3 10178076 0 14.78329486
3 10235585 1.9797474042405 14.78329486
3 10304351 1.90142760877937 14.91943417
3 10397843 2.91160450138012 15.09720244
3 10454359 0 15.26175468
3 10497963 1.68639888278736 15.26175468
3 10519087 0 15.29737817
3 10539225 0 15.29737817
3 10592171 0 15.29737817
3 10625242 0.275612983391342 15.29737817
3 10836096 1.83726138642924 15.35549227
3 10917860 0 15.50571411
3 10988321 0 15.50571411
3 11012613 0 15.50571411
3 11117776 0.593541640541943 15.50571411
3 11301191 0.261824617246491 15.61457855
3 11421830 0 15.64616481
3 11445314 1.08594946003547 15.64616481
3 11556988 0 15.76743713
3 11579163 0 15.76743713
3 11622558 0 15.76743713
3 11652408 0.329089397255346 15.76743713
3 11802737 0.264690873776052 15.81690881
3 12252715 0 15.93601388
3 12276352 0 15.93601388
3 12303837 2.96892451940705 15.93601388
3 12399292 0 16.21941257
3 12437857 0.574789793771226 16.21941257
3 12671675 0.207580773582489 16.35380877
3 12695538 0 16.35876227
3 12784219 0 16.35876227
3 12877045 0 16.35876227
3 13006362 4.72381005586596 16.35876227
3 13040372 2.89562692200168 16.51941905
3 13068988 0 16.60228031
3 13108364 0.145286045876593 16.60228031
3 13181604 2.94030782721059 16.61292106
3 13224940 0.401460697440363 16.74034224
3 13326282 0 16.78102707
3 13457326 0 16.78102707
3 13623576 4.22079357372988 16.78102707
3 13646233 0 16.87665759
3 13692707 0 16.87665759
3 13768233 0.358882697528233 16.87665759
3 13831224 2.15782483668301 16.89926397
3 13927203 0.938572429162697 17.10636984
3 14037138 3.6914353249209 17.2095518
3 14092136 0 17.41257336
3 14172051 0 17.41257336
3 14226434 0 17.41257336
3 14274863 0.519995587508085 17.41257336
3 14537753 1.47797009395267 17.549275
3 14575538 0 17.6051201
3 14621139 8.38816323692976 17.6051201
3 14642715 0 17.78610311
3 14672999 0 17.78610311
3 14709274 4.34743484476379 17.78610311
3 14736555 3.50853736089028 17.90470548
3 14756683 2.82603106325632 17.97532532
3 14830146 0 18.18293404
3 14864207 6.82685823956255 18.18293404
3 14883225 0 18.31276723
3 14937102 1.01848890226273 18.31276723
3 15089971 0.378680988886905 18.46846261
3 15325549 0 18.55767152
3 15349978 0 18.55767152
3 15370847 0 18.55767152
3 15411210 2.09330184602087 18.55767152
3 15443604 0 18.62548194
3 15470670 2.55445984941012 18.62548194
3 15545177 1.48548772638553 18.81580708
3 15736278 0 19.09968527
3 15762364 2.04868984553945 19.09968527
3 15847499 4.91215828124317 19.27410048
3 15893253 8.27960551033188 19.49885137
3 15926790 0 19.7765245
3 15947663 0 19.7765245
3 16015122 0 19.7765245
3 16039853 1.3210697300066 19.7765245
3 16094521 0 19.84874474
3 16122386 0 19.84874474
3 16185636 3.47976472206932 19.84874474
3 16221976 0 19.97519939
3 16265230 0 19.97519939
3 16342358 4.26926788086177 19.97519939
3 16386777 0 20.164836
3 16476154 1.80361881316405 20.164836
3 16499308 0 20.20659699
3 16667185 0 20.20659699
3 16673682 0 20.20659699
3 16712006 0.116355290929702 20.20659699
3 16820503 0 20.21922119
3 16921270 1.90856638791658 20.21922119
3 17098968 0.152884272851238 20.55836962
3 17180375 0 20.57081547
3 17218644 0 20.57081547
3 17257506 0.860843805538568 20.57081547
3 17638435 0.615751139501952 20.89873584
3 18024788 2.81885717550564 21.13663314
3 18182310 0 21.58066516
3 18260669 0.146767571658357 21.58066516
3 18281811 0 21.58376812
3 18335481 1.9409782159173 21.58376812
3 18439456 0 21.78558133
3 18470703 0 21.78558133
3 18532592 0 21.78558133
3 18564914 0 21.78558133
3 18606693 3.1796180866451 21.78558133
3 18664769 1.77293998829037 21.97024083
3 18733089 3.32657097321264 22.09136809
3 18782030 0.626409950056462 22.2541738
3 19009687 0 22.39678041
3 19054577 0 22.39678041
3 19154932 1.29355081189555 22.39678041
3 19209742 0 22.46767993
3 19270701 0 22.46767993
3 19298701 0.287451363897218 22.46767993
3 19337047 0 22.47870254
3 19366741 0 22.47870254
3 19397842 0.165157762491239 22.47870254
3 19494950 0 22.49474068
3 19624969 0 22.49474068
3 19651150 0 22.49474068
3 19776883 0 22.49474068
3 19818435 1.98191782446879 22.49474068
3 19953317 3.08466843577018 22.76206572
3 19988363 0.330847241283876 22.87017101
3 20165420 0 22.92874983
3 20357488 0 22.92874983
3 20436653 0 22.92874983
3 20458171 0 22.92874983
3 20531867 0 22.92874983
3 20607264 0.417209212437837 22.92874983
3 20682293 0.947220141031283 22.96005262
3 20727673 0 23.00303747
3 20805399 0 23.00303747
3 21131274 0 23.00303747
3 21144762 0 23.00303747
3 21163145 2.6020462003229 23.00303747
3 21201543 0 23.10295084
3 21265103 0 23.10295084
3 21301568 0 23.10295084
3 21383804 0 23.10295084
3 21442949 0 23.10295084
3 21480933 0 23.10295084
3 21533240 0 23.10295084
3 21576250 0 23.10295084
3 21611078 0.376389920034048 23.10295084
3 21672229 0 23.12596746
3 21692628 0 23.12596746
3 21764453 0.981088750542959 23.12596746
3 21819709 0.00576784511786042 23.1801785
3 21879109 0.653853091144528 23.18052111
3 21965598 0 23.23707221
3 22011897 0.513556697895111 23.23707221
3 22044773 1.5961662929745 23.2539559
3 22071533 1.03069586184648 23.29666931
3 22130424 1.73724404781506 23.35736802
3 22221525 0.430283274481727 23.51563269
3 22335937 1.30183523601152 23.56486226
3 22382100 0 23.62495888
3 22402997 0 23.62495888
3 22445913 0.690223404837409 23.62495888
3 22519009 0 23.67541145
3 22539105 0 23.67541145
3 22562293 0 23.67541145
3 22594424 0.755318247241327 23.67541145
3 22832038 6.41403028181346 23.85488564
3 22854890 0.655587091013405 24.00145906
3 22886248 1.08354952754392 24.02201696
3 22964033 0.420117184817851 24.10630086
3 23095108 2.5886385141055 24.16136772
3 23135057 3.84472062189242 24.26478124
3 23160399 0.505049744593506 24.36221415
3 23369869 1.02539042152979 24.46800692
3 23411337 1.33794327253845 24.51052781
3 23488372 0 24.61359627
3 23565194 2.1025215078993 24.61359627
3 23603552 0 24.69424479
3 23630802 4.25608857348859 24.69424479
3 23657153 0 24.80639698
3 23690031 2.79128520453992 24.80639698
3 23891532 0 25.36884374
3 23975521 2.26343629173347 25.36884374
3 24043542 0 25.52280494
3 24108239 0 25.52280494
3 24182168 2.42900433446953 25.52280494
3 24229694 0 25.6382458
3 24315977 3.79746487992692 25.6382458
3 24507405 3.797464879927 26.3651869070347
3 24575444 0.910352634962465 26.62356262
3 24639221 0.498093343792002 26.68162218
3 24692765 0 26.70829209
3 24718565 1.1719357104965 26.70829209
3 24927806 0 26.95350909
3 25013373 2.51719515617245 26.95350909
3 25059700 0.59468110130982 27.07012319
3 25228045 0 27.17023478
3 25257462 0 27.17023478
3 25289191 0 27.17023478
3 25347031 1.27839983556776 27.17023478
3 25422442 3.24757024431613 27.26664019
3 25458993 0 27.38534213
3 25495186 2.80431344461058 27.38534213
3 25543354 0 27.5204203
3 25651554 0 27.5204203
3 25685682 0.641773854904336 27.5204203
3 25918108 0 27.66958523
3 25951206 2.95483027021399 27.66958523
3 26066448 0 28.01010578
3 26099667 0.225890080933467 28.01010578
3 26126232 3.94279650363963 28.01610655
3 26160439 2.03004822715538 28.15097779
3 26215802 0 28.26336735
3 26242958 0.410949378982767 28.26336735
3 26301491 10.8110055275175 28.28742145
3 26322296 3.07464051317073 28.51234442
3 26355969 0 28.61587679
3 26380532 0.391365425566275 28.61587679
3 26427023 1.687575348628 28.63407176
3 26473706 0.76381415252487 28.71285284
3 26541708 3.51340399297559 28.76479373
3 26621999 6.24646398756209 29.04688845
3 26681173 0 29.41651671
3 26741809 3.43392227514804 29.41651671
3 26798702 0 29.61188285
3 26833141 1.13747493403696 29.61188285
3 26855881 2.83074332745447 29.63774903
3 26898406 2.00708200661798 29.75812639
3 26962474 3.39787601152094 29.88671612
3 26998929 0 30.01058569
3 27053628 5.94906492629686 30.01058569
3 27098063 0 30.27493239
3 27148828 0.900013044583765 30.27493239
3 27239287 6.0404399398694 30.35634667
3 27281861 0 30.61351236
3 27343169 0 30.61351236
3 27382883 3.14952526280097 30.61351236
3 27435965 8.49650732155753 30.78069546
3 27481652 0.720132210104321 31.16887539
3 27523555 0.317485074102665 31.19905109
3 27580503 0 31.21713123
3 27601046 0.675142483151373 31.21713123
3 27657579 0 31.25529906
3 27844885 0 31.25529906
3 27884277 6.43332836932248 31.25529906
3 27912480 2.80983658408008 31.43673822
3 27942832 0 31.52202238
3 27968845 0 31.52202238
3 28047336 0 31.52202238
3 28082378 0.315070460882732 31.52202238
3 28188891 1.78112266843933 31.55558148
3 28240037 0.917996288593258 31.64667878
3 28351585 0.21981250606013 31.74907943
3 28743491 0.220063016587109 31.83522527
3 28867744 0.285049194069741 31.86256876
3 29008513 0.94928071672353 31.90269485
3 29043673 0.117453565377995 31.93607156
3 29076138 0 31.93988469
3 29099387 0 31.93988469
3 29126889 1.47061051919502 31.93988469
3 29197845 0 32.04423333
3 29246450 0 32.04423333
3 29294295 1.30697002294896 32.04423333
3 29350071 0 32.11713089
3 29394296 0 32.11713089
3 29482927 0 32.11713089
3 29530214 3.97589669876868 32.11713089
3 29592827 3.05644905387014 32.36607371
3 29706025 0 32.71205763
3 29733839 0 32.71205763
3 29781311 2.51927911379898 32.71205763
3 29816698 0.0367484537304634 32.80120736
3 29968515 0.528137891244646 32.8067864
3 29989314 0.686017708121417 32.81777114
3 30038444 0.747454947809886 32.85147519
3 30167683 0 32.94807552
3 30197941 0 32.94807552
3 30235042 4.14198037316255 32.94807552
3 30258785 1.44144997386917 33.04641856
3 30327669 1.05438856537849 33.1457114
3 30350337 0 33.16961228
3 30417425 0.3628765609006 33.16961228
3 30441850 1.57149969819779 33.17847554
3 30499835 0 33.26959895
3 30576355 0.574387376452122 33.26959895
3 30605190 1.0883565103315 33.28616141
3 30635680 5.21626783754095 33.3193454
3 30672120 0 33.5094262
3 30701295 0 33.5094262
3 30770170 0 33.5094262
3 30811369 1.00674404447905 33.5094262
3 30836010 0 33.53423338
3 30859647 0 33.53423338
3 30881148 0 33.53423338
3 30909066 0 33.53423338
3 30939430 0 33.53423338
3 30976806 1.74323155006842 33.53423338
3 31013256 1.20823594830176 33.59777417
3 31113066 0 33.7183682
3 31149250 0 33.7183682
3 31178568 0 33.7183682
3 31224707 0 33.7183682
3 31280770 0.488694594990496 33.7183682
3 31314905 4.30324151948414 33.73504979
3 31343441 0 33.85784709
3 31371171 0 33.85784709
3 31392510 0 33.85784709
3 31422738 0.960278790267096 33.85784709
3 31453191 0 33.88709046
3 31504681 0 33.88709046
3 31526308 0.825005306988942 33.88709046
3 31575300 5.84087864705568 33.92750912
3 31596173 0.568056255751888 34.04942578
3 31621166 0 34.06362321
3 31689225 1.42510509855256 34.06362321
3 31771719 0 34.18118583
3 31834027 1.11153262518964 34.18118583
3 31874226 0 34.22586833
3 31896363 0.134575481685525 34.22586833
3 31919978 0 34.22904633
3 31976577 0 34.22904633
3 32005812 0.548524193407942 34.22904633
3 32120678 0.315392996338745 34.29205311
3 32154546 0.449737068259933 34.30273484
3 32350034 0 34.39065304
3 32375111 1.75731925450306 34.39065304
3 32423079 0.505468746119612 34.47494813
3 32503613 0 34.51565555
3 32529922 0.135547750142411 34.51565555
3 32682665 0 34.53635952
3 32723652 0 34.53635952
3 32754242 0 34.53635952
3 32775878 3.78918386411888 34.53635952
3 32811203 0 34.67021244
3 32832755 0 34.67021244
3 32877187 0 34.67021244
3 32906616 0.449389168168454 34.67021244
3 32959331 1.86163398391594 34.69390199
3 33046125 0 34.85548065
3 33074030 0 34.85548065
3 33141686 0 34.85548065
3 33168298 0.253566212427436 34.85548065
3 33198972 0 34.86325854
3 33224436 2.04278702765317 34.86325854
3 33258971 0.452317318998692 34.93380619
3 33294689 3.55438496891077 34.94996206
3 33327980 0.581117353970004 35.06829109
3 33375145 0 35.09569949
3 33404596 3.71720417414305 35.09569949
3 33446952 0.248923218109585 35.25314539
3 33486180 0 35.26291015
3 33576572 0 35.26291015
3 33626853 0.0478317736246064 35.26291015
3 33698875 0 35.26635509
3 33749479 4.12900746930002 35.26635509
3 33781075 3.40786891200274 35.39681521
3 33811360 0 35.50002252
3 33833858 0 35.50002252
3 33860700 0.192265790302987 35.50002252
3 33882913 1.11221037389023 35.50429332
3 34025174 0.218777522834624 35.66251748
3 34070500 2.675241596877 35.67243379
3 34114561 0 35.79030761
3 34149958 1.08768576811744 35.79030761
3 34171719 0.187850594398516 35.81397674
3 34231275 0.121355921121456 35.82516437
3 34307747 0 35.8344447
3 34325695 0 35.8344447
3 34380726 0 35.8344447
3 34446265 2.2068879527407 35.8344447
3 34466917 0.660109934488078 35.88002135
3 34511489 2.72935090917168 35.90944377
3 34556475 0.636832759631078 36.03222635
3 34704926 0.0380408217188839 36.12676481
3 34735204 0 36.12791661
3 34756848 0.717025437753423 36.12791661
3 34932689 2.44392350382482 36.25399908
3 34999359 1.0432198377493 36.41693546
3 35024382 0 36.44303995
3 35096212 0 36.44303995
3 35139604 8.980604925733 36.44303995
3 35171112 0.881075791772872 36.72600085
3 35308462 3.22007247087726 36.84701661
3 35542901 0 37.60192718
3 35668422 0 37.60192718
3 35714205 0 37.60192718
3 35743758 0.0035518542829301 37.60192718
3 35877826 3.16654693248487 37.60240337
3 35918054 0 37.72978722
3 36159480 0 37.72978722
3 36242229 6.96319248688717 37.72978722
3 36276356 0 37.96742009
3 36323169 0 37.96742009
3 36402532 0 37.96742009
3 36414305 0 37.96742009
3 36441493 1.44318445391173 37.96742009
3 36709316 0 38.35393808
3 36731720 1.3524827436204 38.35393808
3 36888039 0 38.56535683
3 36942129 0 38.56535683
3 36982274 0.789825180702696 38.56535683
3 37059611 0 38.62643954
3 37101102 0 38.62643954
3 37170438 0.713496044356617 38.62643954
3 37275225 0 38.70120465
3 37329898 2.39069060423343 38.70120465
3 37440352 0 38.96526599
3 37481305 1.99479369203912 38.96526599
3 37503626 0 39.00979178
3 37529989 0 39.00979178
3 37612449 0 39.00979178
3 37656931 1.33798364790209 39.00979178
3 38058592 0 39.54720763
3 38112146 0.186782814936244 39.54720763
3 38385360 0.989488668648883 39.59823931
3 38536710 1.63851460534486 39.74799842
3 38634859 0 39.90881699
3 38681860 0.173029446900231 39.90881699
3 38963961 0 39.95762877
3 38984858 0.353856964397363 39.95762877
3 39010474 0.12966423232723 39.96669317
3 39115636 0 39.98032892
3 39137840 0 39.98032892
3 39164194 0 39.98032892
3 39224981 0 39.98032892
3 39252683 3.61332992898005 39.98032892
3 39316327 0.155586681485231 40.21029569
3 39382010 1.81660568626542 40.22051509
3 39403219 0 40.25904348
3 39433817 5.97896021220155 40.25904348
3 39458322 0 40.4055579
3 39491959 0 40.4055579
3 39524128 0.877427191886149 40.4055579
3 39635345 0 40.50314272
3 39699270 0.109837739421716 40.50314272
3 39836580 2.46092526005832 40.51822454
3 39904161 2.6907620609195 40.68453633
3 39983446 0 40.8978734
3 40004511 0 40.8978734
3 40065534 0 40.8978734
3 40120645 0 40.8978734
3 40190639 0 40.8978734
3 40221355 0 40.8978734
3 40255504 0 40.8978734
3 40255612 1.37434221852403 40.8978734
3 40325316 1.66363172716968 40.99367055
3 40383550 1.3491991268676 41.09055048
3 40436692 0.175170148931151 41.16224962
3 40473689 0 41.16873039
3 40502990 0 41.16873039
3 40527149 3.45922370274342 41.16873039
3 40607376 0.8019957961547 41.44625353
3 40752957 1.59725731484817 41.56300888
3 40828044 3.02432666647255 41.68294214
3 40931091 2.29623747298096 41.99458993
3 40971803 0 42.08807435
3 41043374 0 42.08807435
3 41064286 0.690379189853744 42.08807435
3 41141556 0.719946966981133 42.14141995
3 41222449 5.34453724126197 42.19965862
3 41246025 2.95159643741268 42.32566143
3 41283189 0.81983244260337 42.43535456
3 41422962 2.46443302978247 42.549945
3 41484676 0 42.70203502
3 41553150 0.148712202356427 42.70203502
3 41589561 3.46602861726028 42.70744978
3 41667486 1.97095625562554 42.97754006
3 41695261 0.0933964877864129 43.03228337
3 41811484 1.2222031334166 43.04313819
3 41898737 0 43.14977908
3 41930219 1.56742682467246 43.14977908
3 41954100 0.167005971263205 43.1872108
3 41986254 0.0202447782107039 43.19258071
3 42031928 0 43.19350537
3 42080261 0.583256191432477 43.19350537
3 42140021 0 43.22836076
3 42190428 0.881023156596239 43.22836076
3 42229337 0.431500837657712 43.26264049
3 42253810 2.65009791075201 43.27320061
3 42308758 0.578400070801165 43.41881819
3 42534743 0.783326677800628 43.54952793
3 42641922 0 43.6334841
3 42665975 2.05327309520448 43.6334841
3 42687224 0 43.6771141
3 42743975 1.13500637624979 43.6771141
3 42822391 0 43.76611676
3 42882045 0.0056951041473654 43.76611676
3 42979311 4.51580958244309 43.7666707
3 43006924 2.8335975518734 43.89136575
3 43047118 0 44.00525937
3 43199821 0 44.00525937
3 43235617 0 44.00525937
3 43325725 1.04741794874442 44.00525937
3 43422768 4.17196533580925 44.10690395
3 43451847 0 44.22822053
3 43478495 0 44.22822053
3 43541601 0.526700441187511 44.22822053
3 43568347 0.619947128443812 44.24230766
3 43588963 2.2367867129154 44.25508849
3 43645469 3.46755392098706 44.38148036
3 43687614 1.35602544293366 44.52762042
3 43784694 0.304324413702061 44.65926337
3 43820981 0.717079033237212 44.67030639
3 43873693 2.31431578947376 44.70810506
3 43893928 0 44.75493524
3 44017413 1.56664866284687 44.75493524
3 44078326 0.92609451390018 44.85036451
3 44189188 0.0636488205933131 44.9530332
3 44209622 0.71972557901172 44.9543338
3 44270113 0.766984718631615 44.99787072
3 44383061 3.35828829961038 45.08450011
3 44454674 0.0469741666196967 45.32499721
3 44490132 4.42195109658081 45.32666282
3 44563542 0 45.65127825
3 44661509 1.52069827850852 45.65127825
3 44746203 0.731942449777584 45.78007227
3 44803996 0 45.82237342
3 44825241 1.59927506565744 45.82237342
3 44902917 0.584515265641192 45.94659871
3 45281021 4.37633534602882 46.16760627
3 45354223 0 46.48796277
3 45417384 0.96917379805795 46.48796277
3 45670724 2.26313302977822 46.73349326
3 45717503 2.50833155017339 46.83936036
3 45802558 2.45641684045889 47.0527065
3 45840918 0 47.14693465
3 45930136 0.124623758475492 47.14693465
3 45978363 0 47.15294488
3 45998961 1.29815443161772 47.15294488
3 46093035 0 47.27506746
3 46163027 1.39512763863064 47.27506746
3 46254457 0 47.40262398
3 46366201 0.534449649448188 47.40262398
3 46461622 0.130901747764602 47.4536217
3 46518323 1.9828110169494 47.46104396
3 46541923 0 47.5078383
3 46563516 2.9750440910459 47.5078383
3 46590052 0 47.58678407
3 46613397 0 47.58678407
3 46640791 0 47.58678407
3 46680174 0 47.58678407
3 46751723 0 47.58678407
3 46825107 0 47.58678407
3 46941831 2.02629103855438 47.58678407
3 46986210 1.35958382137618 47.67670884
3 47013530 0.280530359602366 47.71385267
3 47073791 0.465660384300509 47.73075771
3 47182508 1.0395471595003 47.78138291
3 47222765 0 47.82323196
3 47252028 0.855593827702147 47.82323196
3 47293050 0 47.85833013
3 47320514 0 47.85833013
3 47363222 0 47.85833013
3 47385888 1.09990765949083 47.85833013
3 47457146 0 47.93670735
3 47484125 0 47.93670735
3 47494416 0 47.93670735
3 47522054 0.183835151987716 47.93670735
3 47547714 0.36798876538077 47.94142456
3 47581360 0 47.95380591
3 47621823 0 47.95380591
3 47664048 1.4750312382642 47.95380591
3 47693339 3.92450136829385 47.99701105
3 47724765 0 48.12034243
3 47762667 0 48.12034243
3 47791771 1.15146213155566 48.12034243
3 47816673 0 48.14901614
3 47862687 0 48.14901614
3 47906346 2.54726390205174 48.14901614
3 47945387 0 48.24846387
3 47981350 0 48.24846387
3 48010446 0.524543771086464 48.24846387
3 48049867 0.93636460807575 48.26914191
3 48075127 0 48.29279448
3 48122941 0 48.29279448
3 48155117 0 48.29279448
3 48191758 9.62110095427073 48.29279448
3 48234094 0 48.70011341
3 48259870 0 48.70011341
3 48285929 0 48.70011341
3 48320621 0 48.70011341
3 48355845 0.000820053715241665 48.70011341
3 48406110 4.4747628708136 48.70015463
3 48432235 0.237151096085217 48.81705781
3 48497604 0.936282143715512 48.83256014
3 48539214 0 48.87151884
3 48613050 0 48.87151884
3 48648152 2.46846625900615 48.87151884
3 48739895 0 49.09798334
3 48766306 0 49.09798334
3 48786681 1.49005373144471 49.09798334
3 48845492 0 49.18561489
3 48893311 0 49.18561489
3 48923614 0 49.18561489
3 48943725 0 49.18561489
3 49045222 0 49.18561489
3 49181271 0 49.18561489
3 49223098 0 49.18561489
3 49277006 0 49.18561489
3 49377516 22.7355594021787 49.18561489
3 49389359 0 49.45487212
3 49396053 0 49.45487212
3 49449590 0 49.45487212
3 49484344 1.48084350024344 49.45487212
3 49548031 0 49.5491826
3 49549218 0 49.5491826
3 49574985 0.0317459987797884 49.5491826
3 49729063 1.57278901504222 49.55407396
3 49898786 0.2075164559102 49.82101243
3 50064380 0 49.85537591
3 50151472 0 49.85537591
3 50183719 0.351542450237732 49.85537591
3 50351115 0.54192803955134 49.91422271
3 50466206 0.620563656192144 49.97659375
3 50515722 1.72156368857587 50.00732158
3 50646656 0 50.2327328
3 50656944 0 50.2327328
3 50678961 0 50.2327328
3 50970701 0 50.2327328
3 51016576 2.56287243070637 50.2327328
3 51086099 0.724441607920372 50.41091138
3 51240435 0 50.5227188
3 51441396 0.196758955399788 50.5227188
3 51708637 0 50.57530086
3 51755409 0 50.57530086
3 51797294 5.33926383375038 50.57530086
3 51817697 0 50.68423786
3 51841394 0.0910763671938793 50.68423786
3 52084666 0 50.70639419
3 52106782 0 50.70639419
3 52142387 1.90207545779457 50.70639419
3 52169528 0.0265500507843939 50.75801842
3 52204972 0.248357089070866 50.75895946
3 52242156 0 50.76819437
3 52416306 2.11349368610919 50.76819437
3 52452892 0.852779127653542 50.84551865
3 52646737 3.52903340135331 51.01082562
3 52674670 0.545225256726373 51.10940211
3 52783346 0 51.16865501
3 52839872 0 51.16865501
3 53026170 1.55770840007694 51.16865501
3 53057384 0 51.21727732
3 53136752 0 51.21727732
3 53158842 0 51.21727732
3 53183227 6.24673485329289 51.21727732
3 53203710 0 51.34522919
3 53224617 0 51.34522919
3 53281187 0 51.34522919
3 53333206 0 51.34522919
3 53435391 0 51.34522919
3 53475050 3.72007712082285 51.34522919
3 53499168 0 51.43495001
3 53525110 1.40822325195373 51.43495001
3 53568487 2.58803768976584 51.49603451
3 53610249 0 51.60411614
3 53682080 0 51.60411614
3 53711999 0.10838658865877 51.60411614
3 53760883 0 51.60941451
3 53793174 0 51.60941451
3 53861557 0 51.60941451
3 53912691 0 51.60941451
3 53936780 0 51.60941451
3 53993676 0 51.60941451
3 54087649 0 51.60941451
3 54109833 0.230571669335973 51.60941451
3 54909666 2.46213580607498 51.79383334
3 54943906 0 51.87813687
3 55022327 0 51.87813687
3 55053697 0.151160533950274 51.87813687
3 55162621 4.05786355399516 51.89460188
3 55233257 0 52.18123313
3 55269254 0 52.18123313
3 55372299 0.425752201466127 52.18123313
3 56036629 3.34393432501345 52.46407309
3 56124090 0 52.75653693
3 56189370 0.48534662654325 52.75653693
3 56224927 0 52.7737944
3 56306002 0 52.7737944
3 56326737 1.3982273590937 52.7737944
3 56437786 0.245190750497193 52.92906615
3 56535348 3.45018665158357 52.95298745
3 56570708 0.609842038825258 53.07498605
3 56600019 0.963910469117251 53.09286113
3 56746784 0 53.23432945
3 56820450 0 53.23432945
3 56865622 0 53.23432945
3 56953094 0 53.23432945
3 56991662 0.917527662517351 53.23432945
3 57032150 1.53273276831269 53.27147831
3 57147780 0.155223507429505 53.4487082
3 57372560 0.806389611946416 53.48359934
3 57489348 0 53.57777597
3 57536054 0.356794199793546 53.57777597
3 57562191 0.45847956873113 53.5871015
3 57667740 0 53.63549356
3 57714750 0 53.63549356
3 57743287 0 53.63549356
3 57860119 0.754000759734086 53.63549356
3 57886444 0 53.65534263
3 57896539 0 53.65534263
3 57937017 0 53.65534263
3 58008113 2.16660371384695 53.65534263
3 58071282 0.0518451316987505 53.79220482
3 58219537 0 53.79989112
3 58278370 0.448751650286076 53.79989112
3 58482880 6.93280501135106 53.89166532
3 58506666 0 54.05656902
3 58531373 0 54.05656902
3 58692329 2.34014448699228 54.05656902
3 58742991 0.487129696045887 54.17512542
3 58832215 0.178965852135737 54.21858908
3 58889876 1.25767940917754 54.22890843
3 59162716 2.76565304743913 54.57205368
3 59220453 1.45331837066079 54.73173419
3 59241394 3.0751393114969 54.76216813
3 59274916 0 54.86525295
3 59345757 3.90800586402795 54.86525295
3 59373042 0.591386061946922 54.97188289
3 59409202 0 54.99326741
3 59472184 0 54.99326741
3 59493467 0.604152106270775 54.99326741
3 59526891 0 55.01346059
3 59617127 0 55.01346059
3 59643125 1.52503117792784 55.01346059
3 59666539 0.282373011372939 55.04916767
3 59696522 0.139342622365101 55.05763406
3 59730110 0.000198074635302062 55.0623143
3 59876368 0.962184480312543 55.06234327
3 59951086 0 55.13423577
3 59997147 1.31871868450178 55.13423577
3 60108314 0 55.28083377
3 60129226 0 55.28083377
3 60171291 0 55.28083377
3 60197339 0.848819071805646 55.28083377
3 60221752 0 55.30155599
3 60310725 0.294673981614999 55.30155599
3 60355109 0 55.3146348
3 60378540 1.19884157873807 55.3146348
3 60418724 0 55.36280905
3 60541269 0 55.36280905
3 60566649 0 55.36280905
3 60625549 0 55.36280905
3 60659419 0.91448368970299 55.36280905
3 60700528 0 55.40040256
3 60737754 0 55.40040256
3 60762240 0 55.40040256
3 60790379 4.99942256242543 55.40040256
3 60830747 0 55.60221925
3 60860673 0 55.60221925
3 60897779 0 55.60221925
3 60938213 0 55.60221925
3 61001775 0 55.60221925
3 61048198 0 55.60221925
3 61093465 0 55.60221925
3 61135803 2.39120329211734 55.60221925
3 61187320 0 55.72540687
3 61330996 0.710056885887595 55.72540687
3 61401488 0.439410709356999 55.7754602
3 61430472 1.30934972545489 55.78819608
3 61459429 2.50088482504933 55.82611092
3 61496668 0 55.91924137
3 61557071 6.27321597028772 55.91924137
3 61583996 0 56.08814771
3 61644697 1.65661155777791 56.08814771
3 61691090 0 56.16500289
3 61717007 0 56.16500289
3 61744155 0 56.16500289
3 61775858 0 56.16500289
3 61800267 0 56.16500289
3 61830525 2.53596121233992 56.16500289
3 61941385 0 56.44613955
3 61970189 0 56.44613955
3 61992005 1.276232929262 56.44613955
3 62037624 1.12128331048234 56.50436002
3 62157969 0 56.63930086
3 62225577 0 56.63930086
3 62253266 0 56.63930086
3 62278399 0 56.63930086
3 62327816 2.98207173212218 56.63930086
3 62355112 0 56.72069949
3 62386805 0 56.72069949
3 62408270 0 56.72069949
3 62461518 2.26574403083252 56.72069949
3 62482794 0 56.76890546
3 62505120 0 56.76890546
3 62531741 0 56.76890546
3 62566088 0 56.76890546
3 62602954 0 56.76890546
3 62681478 0 56.76890546
3 62720838 1.16361985761857 56.76890546
3 62821132 2.5764209291026 56.88560955
3 62930205 0.471934414331231 57.16662751
3 62990828 0 57.19523759
3 63051776 0 57.19523759
3 63071866 0 57.19523759
3 63108408 3.50363619398001 57.19523759
3 63145917 0 57.32665548
3 63185521 0 57.32665548
3 63219395 0 57.32665548
3 63298055 0 57.32665548
3 63383722 6.22819990991384 57.32665548
3 63408143 0 57.47875435
3 63463815 0 57.47875435
3 63532368 0.563047241395388 57.47875435
3 63660730 0 57.55102822
3 63706640 0 57.55102822
3 63728694 10.5662258907463 57.55102822
3 63752803 0 57.80576936
3 63776877 6.23162643295898 57.80576936
3 63802436 7.02498299372791 57.9650435
3 63834483 1.28617193776935 58.19017313
3 63861865 0 58.22539109
3 63887795 0 58.22539109
3 63950495 0 58.22539109
3 63955495 0 58.22539109
3 63976119 0 58.22539109
3 64020621 0 58.22539109
3 64058308 0 58.22539109
3 64142798 0 58.22539109
3 64174324 0 58.22539109
3 64188398 0 58.22539109
3 64213749 0 58.22539109
3 64239387 0 58.22539109
3 64304987 2.09712003847714 58.22539109
3 64344491 0 58.30823572
3 64365126 2.92005672224562 58.30823572
3 64440934 0.84324207992041 58.52959938
3 64666058 0 58.71943341
3 64697961 0.45625414158703 58.71943341
3 64842833 1.16983299203025 58.78553186
3 64915105 0.284599322383316 58.87007803
3 64942259 2.24881937419906 58.87780604
3 65001575 0.376259105099001 59.01119701
3 65055391 0.928338931491206 59.03144577
3 65086949 4.73428684383905 59.06074229
3 65109714 0 59.16851833
3 65157057 0 59.16851833
3 65193269 0 59.16851833
3 65268371 2.36747291610724 59.16851833
3 65290709 4.31314974113867 59.22140294
3 65315819 1.67101191759314 59.32970613
3 65348292 0 59.3839689
3 65406346 0 59.3839689
3 65432494 0.0626648136889496 59.3839689
3 65467033 1.3168994738747 59.38613328
3 65491932 2.14742172719752 59.41892276
3 65566990 0 59.58010394
3 65595690 0 59.58010394
3 65625633 0.935071286691663 59.58010394
3 65670943 1.61986132123061 59.62247202
3 65698705 3.10553448959072 59.66744261
3 65731512 0 59.76932588
3 65772594 0 59.76932588
3 65813932 0 59.76932588
3 65858264 0.93613053705994 59.76932588
3 65908426 1.24846775088816 59.81628406
3 65944458 0 59.86126885
3 66042478 5.04151325497381 59.86126885
3 66062131 0.891411634524058 59.96034971
3 66087435 0.256039562599688 59.98290599
3 66128130 1.88647310331165 59.99332552
3 66148244 0 60.03127004
3 66201671 16.0727526020796 60.03127004
3 66207916 0 60.13164438
3 66229204 0.176416883600252 60.13164438
3 66256094 0 60.13638823
3 66297752 1.00760449495887 60.13638823
3 66367875 0 60.20704448
3 66395364 0.08728843562036 60.20704448
3 66445077 5.6537359472267 60.21138385
3 66477366 0 60.39393733
3 66511334 0 60.39393733
3 66547989 0 60.39393733
3 66589864 0 60.39393733
3 66616695 0 60.39393733
3 66637711 0 60.39393733
3 66672902 0 60.39393733
3 66726064 0 60.39393733
3 66839322 0 60.39393733
3 66869646 0 60.39393733
3 66897140 0 60.39393733
3 66933076 0.435353581800373 60.39393733
3 66974396 2.52915463007557 60.41192614
3 66999320 0 60.47496279
3 67047823 2.6003279597312 60.47496279
3 67092920 0 60.59222978
3 67165434 0 60.59222978
3 67188278 0 60.59222978
3 67218474 0 60.59222978
3 67294646 0 60.59222978
3 67338807 0.910584676310533 60.59222978
3 67375169 1.34411696138478 60.62534046
3 67415490 0 60.6795366
3 67458364 0 60.6795366
3 67465318 0 60.6795366
3 67570161 0 60.6795366
3 67603475 0 60.6795366
3 67625624 0 60.6795366
3 67666112 0 60.6795366
3 67708933 1.9003135426665 60.6795366
3 67730812 0 60.72111356
3 67750849 0 60.72111356
3 67775623 0 60.72111356
3 67819418 0 60.72111356
3 67859926 1.4871824401368 60.72111356
3 67947626 0 60.85153946
3 67978806 0 60.85153946
3 68011340 4.15233901960252 60.85153946
3 68047509 0.541997221528581 61.00172541
3 68111573 0.0958930638706288 61.03644792
3 68172039 0 61.04224619
3 68205121 2.74544386422935 61.04224619
3 68228101 0 61.10533649
3 68256699 0.712504907943028 61.10533649
3 68294393 4.64462056058105 61.13219365
3 68316834 0 61.23642358
3 68337897 1.81063765967956 61.23642358
3 68422911 0 61.39035313
3 68443615 0.86541149033491 61.39035313
3 68465912 2.08140845515139 61.40964921
3 68497585 4.02110198475744 61.47557366
3 68534718 6.93925793792362 61.62488924
3 68562748 2.30420688776309 61.81939664
3 68594137 0 61.89172339
3 68647215 0 61.89172339
3 68677529 0 61.89172339
3 68709671 0 61.89172339
3 68745254 0 61.89172339
3 68785069 3.40182644931974 61.89172339
3 68825864 0 62.0305009
3 68865283 1.03214353640436 62.0305009
3 68898933 0 62.06523253
3 68924475 0 62.06523253
3 69034450 0.413236912781174 62.06523253
3 69057163 0.91587989960873 62.07461838
3 69084257 0 62.09943323
3 69104987 0 62.09943323
3 69133245 2.11473917311049 62.09943323
3 69175016 0 62.187768
3 69208480 0 62.187768
3 69243645 0 62.187768
3 69264291 2.35596343446472 62.187768
3 69332552 0.506850461845718 62.34858842
3 69392637 0 62.37904253
3 69415876 3.24190736933677 62.37904253
3 69466464 0.934156817684372 62.54304414
3 69503016 0 62.57718944
3 69535606 0 62.57718944
3 69578547 0 62.57718944
3 69616165 4.67767118556243 62.57718944
3 69650908 0 62.73970577
3 69713184 0.199828390104889 62.73970577
3 69821278 0 62.76130602
3 69864517 0 62.76130602
3 69911427 0.545982250560155 62.76130602
3 69934639 0 62.77397936
3 69961802 0 62.77397936
3 69982446 0.189746406192649 62.77397936
3 70009576 0 62.77912718
3 70057563 0 62.77912718
3 70099359 0 62.77912718
3 70140311 3.65606248143374 62.77912718
3 70221103 0.649903656558217 63.07450778
3 70261168 4.40949357400239 63.10054617
3 70292525 0 63.23881466
3 70317319 1.42562699390955 63.23881466
3 70427655 0 63.39611264
3 70470174 1.00798890376679 63.39611264
3 70652398 0.0869922610610583 63.57979241
3 70802677 1.05503793470424 63.59286552
3 70860935 0 63.65432992
3 70909761 0 63.65432992
3 70958214 0 63.65432992
3 70989736 0 63.65432992
3 71022745 0 63.65432992
3 71049532 2.74487995631236 63.65432992
3 71100805 0 63.79506815
3 71230722 1.60615749808406 63.79506815
3 71277694 0 63.87051258
3 71310781 0 63.87051258
3 71386985 0 63.87051258
3 71473380 0.43958467229384 63.87051258
3 71543397 0 63.90129098
3 71566782 0 63.90129098
3 71589536 0.632786739191747 63.90129098
3 71610862 0 63.91478579
3 71632928 0 63.91478579
3 71704029 2.5420362536213 63.91478579
3 71743032 0 64.01393283
3 71769765 0.844285835497165 64.01393283
3 71828694 10.1618646532781 64.06368575
3 71861011 3.14951152426723 64.39208673
3 71889733 0.0447267926976531 64.482547
3 72222667 0.119792704615791 64.49743807
3 72307570 0.676186339235301 64.50760883
3 72443741 0 64.5996858
3 72735786 0.0267699306154341 64.5996858
3 72879334 3.15501628156412 64.60352857
3 72930619 0 64.76533358
3 73165865 0.875234279172332 64.76533358
3 73227010 0 64.81884978
3 73250496 0 64.81884978
3 73352214 2.17851455082252 64.81884978
3 73387779 0 64.89632865
3 73567641 4.29556331747911 64.89632865
3 73594553 0 65.01193085
3 73621024 0 65.01193085
3 73698721 0 65.01193085
3 73783277 0.761475666376466 65.01193085
3 73879769 0 65.08540716
3 73904881 0 65.08540716
3 73934600 0 65.08540716
3 74015041 0 65.08540716
3 74083822 0.173679739214828 65.08540716
3 74224014 2.54676708555667 65.10975567
3 74264677 1.89520503740957 65.21331486
3 74299695 0 65.27968115
3 74331656 0.637750671923466 65.27968115
3 74438439 0.786430563994011 65.34778208
3 74591508 0 65.46816022
3 74613876 0.00694996116699382 65.46816022
3 74640915 0 65.46834814
3 74713707 0.450072992700702 65.46834814
3 74880847 1.55923782453965 65.54357334
3 75048315 1.03325103583784 65.80469578
3 75071726 1.0947924184146 65.82888522
3 75096945 0 65.85649479
3 75126642 0 65.85649479
3 75226273 0.109680491922157 65.85649479
3 75251155 0 65.85922386
3 75279283 1.01112513857037 65.85922386
3 75372196 0 65.95317053
3 75418602 0 65.95317053
3 75535019 0 65.95317053
3 75573511 0 65.95317053
3 75624856 0.281356464305122 65.95317053
3 75649383 1.38861880645809 65.96007136
3 75712372 0.304896985153553 66.04753907
3 75767267 0.546186039752693 66.06427639
3 75829200 0 66.09810333
3 75855146 0.510918657811023 66.09810333
3 75878332 0 66.10994949
3 75898490 0 66.10994949
3 75971021 0 66.10994949
3 75999961 0 66.10994949
3 76040069 0 66.10994949
3 76079162 0 66.10994949
3 76101309 0 66.10994949
3 76125944 5.50249151862263 66.10994949
3 76153357 0.11186664463596 66.26078929
3 76219931 0 66.2682367
3 76242692 0.857828460860379 66.2682367
3 76294890 0 66.31301363
3 76323880 0 66.31301363
3 76361973 0 66.31301363
3 76404989 0 66.31301363
3 76427728 2.31212668397985 66.31301363
3 76452372 0 66.36999368
3 76452556 0 66.36999368
3 76474995 0 66.36999368
3 76498479 0 66.36999368
3 76525892 1.75366571612539 66.36999368
3 76547634 1.45717897383362 66.40812188
3 76569112 0 66.43941917
3 76835786 0.428866915075907 66.43941917
3 76936158 0 66.4824654
3 76956223 1.14050555754784 66.4824654
3 76986902 0.537020245158 66.51745497
3 77030221 0 66.54071815
3 77079383 0 66.54071815
3 77121451 0 66.54071815
3 77162912 1.12845906943515 66.54071815
3 77279121 0.206538824621467 66.67185525
3 77341620 0.220117947496945 66.68476372
3 77387827 0 66.69493471
3 77409935 0.0672909764352108 66.69493471
3 77522518 1.14132133103809 66.70251053
3 77599781 0 66.79069244
3 77635657 0 66.79069244
3 77652594 2.84574170616108 66.79069244
3 77694794 1.14739305345365 66.91078274
3 77719900 0 66.93958919
3 77784239 0 66.93958919
3 77849780 0 66.93958919
3 77881083 3.3083952081017 66.93958919
3 77921568 0 67.07352957
3 77944361 0 67.07352957
3 78002456 0 67.07352957
3 78060366 0 67.07352957
3 78093933 2.34569104472529 67.07352957
3 78240718 0 67.41784183
3 78290774 0.0616606377029174 67.41784183
3 78317589 1.24161131463585 67.41949526
3 78363470 1.2416113146353 67.4764616287268
3 78400844 0 67.52286561
3 78448512 0.299061139896389 67.52286561
3 78583612 2.19331736343166 67.56326877
3 78642264 0.594316654219954 67.69191122
3 78669044 2.95669810622867 67.70782702
3 78696080 1.36869309137227 67.78776431
3 78740054 0.31835011990407 67.84795122
3 78919364 1.8155865921789 67.90503458
3 78954806 0.251917349841131 67.9693826
3 78984691 0.385288643303669 67.97691115
3 79005322 0.453764692836514 67.98486004
3 79050412 0 68.00532029
3 79074771 0 68.00532029
3 79151886 0 68.00532029
3 79180051 3.02110150068209 68.00532029
3 79253351 1.88779013176071 68.22676703
3 79278624 0 68.27447715
3 79346502 0 68.27447715
3 79371143 0 68.27447715
3 79398869 7.87050791340774 68.27447715
3 79426354 0 68.49079806
3 79450200 0 68.49079806
3 79473072 1.5950724413986 68.49079806
3 79667436 0 68.80082272
3 79769501 0.558430144267259 68.80082272
3 79864325 1.80774062352517 68.8537753
3 79936367 0 68.98400855
3 79973867 0.011884231728412 68.98400855
3 80057275 2.55252340805004 68.98499979
3 80106617 0.932962759584679 69.1109464
3 80186745 0 69.18570284
3 80231650 0.412072511511802 69.18570284
3 80286593 0.460231125222031 69.20834334
3 80323759 1.45044819612927 69.22544829
3 80355330 0 69.27124039
3 80408079 0.887476658390566 69.27124039
3 80436676 0 69.29661956
3 80467092 4.8618774679426 69.29661956
3 80491657 0 69.41605158
3 80529583 2.59419335601779 69.41605158
3 80558090 0 69.49000425
3 80597851 2.34429381488244 69.49000425
3 80632240 0 69.57062217
3 80672772 0 69.57062217
3 80717560 0 69.57062217
3 80764030 0 69.57062217
3 80789620 0 69.57062217
3 80886294 2.292089017341 69.57062217
3 80912244 2.50926065635636 69.63010188
3 80954660 0 69.73653468
3 80980579 0 69.73653468
3 81023951 1.94194879089573 69.73653468
3 81048556 0 69.78431633
3 81078180 10.9139568219051 69.78431633
3 81095272 0 69.97085768
3 81111474 0 69.97085768
3 81139242 0 69.97085768
3 81175693 0.2780519038984 69.97085768
3 81219813 0 69.98312533
3 81245344 0 69.98312533
3 81277647 0 69.98312533
3 81292667 0 69.98312533
3 81336061 1.07305468171094 69.98312533
3 81407584 0 70.05987342
3 81436844 4.01491728620879 70.05987342
3 81462535 0 70.16302066
3 81504601 0 70.16302066
3 81542978 0 70.16302066
3 81568588 0.522864692366491 70.16302066
3 81607758 0 70.18350127
3 81634774 1.89718627258508 70.18350127
3 81655142 0 70.22214316
3 81676074 0 70.22214316
3 81699500 5.0559962275386 70.22214316
3 81729719 0 70.37493031
3 81775080 0 70.37493031
3 81822595 0.827182946773668 70.37493031
3 81849499 0 70.39718484
3 81912935 0.327615217815662 70.39718484
3 82286944 7.15662175681924 70.51971588
3 82316930 3.26692612535048 70.73431434
3 82340145 1.50969376587839 70.81015603
3 82442485 0 70.96465809
3 82499405 0 70.96465809
3 82549887 1.65790992140805 70.96465809
3 82579661 0.226941667362084 71.0140207
3 82699491 3.05970637453904 71.04121512
3 82764029 0 71.23868245
3 82867300 0 71.23868245
3 82957323 0.84542563198144 71.23868245
3 82991343 1.89782591285592 71.26744383
3 83031300 0 71.34327526
3 83056808 0 71.34327526
3 83101895 0 71.34327526
3 83149911 0 71.34327526
3 83263947 0 71.34327526
3 83290970 0 71.34327526
3 83314323 0.508459105660024 71.34327526
3 83350685 0.0479765609144937 71.36176385
3 83409817 0.954547292033589 71.3646008
3 83552304 0 71.50061138
3 83607954 4.61843945264403 71.50061138
3 83652605 0.246220266892465 71.70682932
3 83751821 1.92506448231306 71.73125831
3 83792840 3.3750800604237 71.81022253
3 83799460 0 71.83256556
3 83822214 3.96308768324949 71.83256556
3 83872828 0 72.03315328
3 83911927 0 72.03315328
3 83944097 0 72.03315328
3 83999080 0 72.03315328
3 84061257 0 72.03315328
3 84083002 4.39276236137357 72.03315328
3 84124300 4.64557396546795 72.21456558
3 84148683 0 72.32783861
3 84218949 0 72.32783861
3 84280062 0 72.32783861
3 84311838 0 72.32783861
3 84342437 5.64774858602391 72.32783861
3 84364361 0.0124569385769044 72.45165985
3 84392054 0 72.45200482
3 84419825 3.4624127332602 72.45200482
3 84497260 0 72.72011675
3 84524709 0 72.72011675
3 84685109 0 72.72011675
3 84706206 0 72.72011675
3 84728724 0 72.72011675
3 84753032 0 72.72011675
3 84808713 1.43466087866749 72.72011675
3 84841194 0.961023945761439 72.76671597
3 84882788 0 72.8066888
3 84903168 6.70027806174601 72.8066888
3 84952078 1.41547898224882 73.1343994
3 84973655 0 73.16494119
3 85004363 0 73.16494119
3 85041522 1.64573041461971 73.16494119
3 85077748 1.30080282334204 73.22455942
3 85192900 1.30080282334156 73.3743494667135
3 85213332 10.1813308228511 73.40092747
3 85225813 0 73.52800066
3 85284944 12.7088651763081 73.52800066
3 85306639 0.24604534067495 73.80371949
3 85346956 0 73.8136393
3 85389695 0 73.8136393
3 85429668 0.174848537992949 73.8136393
3 85492390 0 73.82460615
3 85526398 0 73.82460615
3 85566560 2.70580240851796 73.82460615
3 85605256 0.817662138799688 73.92930988
3 85625501 0 73.94586345
3 85648014 0 73.94586345
3 85687214 0 73.94586345
3 85714740 0 73.94586345
3 85755209 0.893279873988788 73.94586345
3 85797110 0.562333930830737 73.98329277
3 85910918 1.73100592621773 74.04729087
3 85956647 0 74.12644804
3 85993921 0 74.12644804
3 86090597 0 74.12644804
3 86130874 0 74.12644804
3 86160062 8.3996816280225 74.12644804
3 86188268 0 74.36336946
3 86209873 0.927308003233583 74.36336946
3 86232139 0.178374985832364 74.3840169
3 86267431 0 74.39031211
3 86291114 5.84795137239996 74.39031211
3 86312172 2.02467596390484 74.51345827
3 86332895 0 74.55541563
3 86366796 2.11203664754074 74.55541563
3 86426227 0.543897048389549 74.68093608
3 86454415 0 74.69626745
3 86491460 0 74.69626745
3 86521920 0 74.69626745
3 86584978 0 74.69626745
3 86614696 0 74.69626745
3 86661352 3.50127246227427 74.69626745
3 86717613 0 74.89325254
3 86833180 0.243622007978243 74.89325254
3 86875292 1.98032067576555 74.90351195
3 86900863 6.95859511607036 74.95415073
3 86910814 0.349307335172528 75.02339571
3 87014847 0 75.0597352
3 87056414 0.872290934644692 75.0597352
3 87093412 0 75.09200822
3 87127596 2.89911737391064 75.09200822
3 87183588 2.67837255131519 75.2543356
3 87234840 3.73212586461915 75.39160755
3 87259851 0 75.48495175
3 87286590 0 75.48495175
3 87329118 0 75.48495175
3 87379701 1.33389204397446 75.48495175
3 87418087 0 75.53615453
3 87458490 0 75.53615453
3 87479314 2.39925231383456 75.53615453
3 87561969 0.620582234683829 75.73446473
3 87595495 0 75.75527037
3 87705116 1.93243738694854 75.75527037
3 87791360 0.702896250571287 75.9219315
3 87929221 2.21023240607026 76.01883348
3 88002627 0 76.1810778
3 88074780 3.21984483306835 76.1810778
3 88106230 0 76.28234192
3 88135131 2.91796466527725 76.28234192
3 88164394 0 76.36773032
3 88189514 0.015991506152987 76.36773032
3 88219418 0 76.36820853
3 88265125 0 76.36820853
3 88287299 2.01263323840511 76.36820853
3 88346291 2.94597538841311 76.48693779
3 88373839 1.64873779964066 76.56809352
3 88399453 2.68304498443603 76.61032429
3 88459207 6.4945817812395 76.77064696
3 88521220 1.13046673586856 77.17339546
3 88574205 0 77.23329324
3 88616009 0 77.23329324
3 88656729 5.96452177260751 77.23329324
3 88680107 3.21437704021844 77.37273183
3 88744132 0 77.57853232
3 88750416 0 77.57853232
3 88770660 1.7120252574317 77.57853232
3 88796395 0 77.62259129
3 88821997 4.16289368505174 77.62259129
3 88845766 0 77.72153911
3 88880347 0 77.72153911
3 88912286 0.38473179305059 77.72153911
3 88939597 0 77.73204652
3 88966274 0.197644355865655 77.73204652
3 89002400 0 77.73918662
3 89044427 0 77.73918662
3 89072261 10.9762902856271 77.73918662
3 89098449 2.02238284242033 78.02663371
3 89141532 0 78.11376403
3 89160864 0 78.11376403
3 89181812 3.90495777795088 78.11376403
3 89220299 0 78.26405414
3 89288551 0 78.26405414
3 89320342 12.0935613847945 78.26405414
3 89340966 0 78.51347175
3 89365301 0 78.51347175
3 89411264 0.320413218651022 78.51347175
3 89466489 0.650096535879556 78.53116657
3 89561376 1.18903406775931 78.59285228
3 89625190 0 78.6687293
3 89652649 2.28845053380792 78.6687293
3 89680749 0.736895318985806 78.73303476
3 89722428 0 78.76374782
3 89752439 0 78.76374782
3 89775559 0 78.76374782
3 89789231 0 78.76374782
3 89815776 0 78.76374782
3 89837141 0 78.76374782
3 89858003 0 78.76374782
3 89888858 0 78.76374782
3 89917183 0 78.76374782
3 89944202 4.96903594391468 78.76374782
3 89970020 0 78.89203839
3 90037668 0 78.89203839
3 90060527 1.72849991634586 78.89203839
3 90090412 0.330833727480242 78.94369461
3 90113669 0 78.95138881
3 90136847 2.09591052968642 78.95138881
3 90191502 1.07132128863734 79.0659408
3 90292570 0 79.1742171
3 90334606 0 79.1742171
3 90364854 0.0524222479499862 79.1742171
3 90490960 0 79.18082786
3 90558078 0.34556907382241 79.18082786
3 90658847 3.80999038153238 79.21565051
3 90680680 0.379001512859441 79.29883403
3 90725628 0.204521268910779 79.31586939
3 90774079 0.460881865789854 79.32577865
3 90856189 8.70698752228159 79.36362166
3 90879190 0 79.56389108
3 90908576 0 79.56389108
3 90945010 0 79.56389108
3 90978652 0 79.56389108
3 91004313 0 79.56389108
3 91035751 0 79.56389108
3 91065464 0 79.56389108
3 91085209 0 79.56389108
3 91154615 3.00611144708412 79.56389108
3 91177765 0 79.63348256
3 91258808 3.43496898197212 79.63348256
3 91296528 0 79.76304959
3 91322521 0 79.76304959
3 91343250 0.64557311945945 79.76304959
3 91446239 6.01768737354813 79.82953652
3 91512964 0 80.23106671
3 91575646 0 80.23106671
3 91598620 5.4249607121772 80.23106671
3 91620637 0 80.35050807
3 91659946 0 80.35050807
3 91712863 0 80.35050807
3 91734428 0 80.35050807
3 91757623 0 80.35050807
3 91812158 4.57372750471512 80.35050807
3 91857223 7.05586655455537 80.5566231
3 91877441 1.19286892935138 80.69927861
3 92007493 13.3138083735911 80.8544136
3 92031091 0 81.16859285
3 92054056 0 81.16859285
3 92092069 0 81.16859285
3 92169655 0 81.16859285
3 92202511 0 81.16859285
3 92226650 0 81.16859285
3 92258545 4.20010996516643 81.16859285
3 92302468 0 81.35307428
3 92327886 0 81.35307428
3 92351556 2.44575010191592 81.35307428
3 92395710 0 81.46106393
3 92418182 0 81.46106393
3 92457948 0 81.46106393
3 92479220 0.397302418028663 81.46106393
3 92549153 0 81.48884848
3 92595430 0 81.48884848
3 92616365 0.601490527488658 81.48884848
3 92637901 0 81.50180218
3 92660924 0 81.50180218
3 92737528 1.1705343317683 81.50180218
3 92761165 0.884912575004274 81.5294701
3 92776664 0.0928559249786896 81.54318536
3 92838833 0 81.54895812
3 92858143 1.54976884637373 81.54895812
3 92928183 0 81.65750393
3 92955100 0.132585902815596 81.65750393
3 93020872 0 81.66622437
3 93079352 0.403424146668201 81.66622437
3 93114479 0 81.68039545
3 93134999 4.67815484627773 81.68039545
3 93175917 0 81.87181619
3 93235948 0 81.87181619
3 93275859 0 81.87181619
3 93365017 4.40257137580749 81.87181619
3 93392092 0 81.99101581
3 93435651 1.2724481814629 81.99101581
3 93476563 0 82.04307421
3 93522225 0 82.04307421
3 93598179 2.84948527607331 82.04307421
3 93630779 1.99479204581949 82.13596743
3 93668143 0 82.21050084
3 93782331 0.0677796501860511 82.21050084
3 93976377 3.42928155099054 82.22365321
3 94000568 1.21925839459572 82.30661096
3 94020700 5.32839266450884 82.33115707
3 94024408 0.643992895598639 82.35091475
3 94060442 0 82.37412039
3 94176496 3.19638681226357 82.37412039
3 94200306 0.284047755273526 82.45022636
3 94226523 0 82.45767324
3 94274736 0.363426190690689 82.45767324
3 94396787 0 82.50202977
3 94537121 0.456413588708724 82.50202977
3 94667700 2.04484662330388 82.5616278
3 94692606 0 82.61255675
3 94744379 0 82.61255675
3 94806753 0 82.61255675
3 94841070 0 82.61255675
3 94911090 0 82.61255675
3 94977496 0 82.61255675
3 95038877 0.211065908410761 82.61255675
3 95122402 0 82.63018603
3 95179113 0.339538231733849 82.63018603
3 95217942 0 82.64336996
3 95291661 1.68199742404073 82.64336996
3 95339022 0 82.72303104
3 95367573 0 82.72303104
3 95487322 0 82.72303104
3 95515235 0 82.72303104
3 95609831 0.135980509569081 82.72303104
3 95652416 0 82.72882177
3 95707435 0.623092715012137 82.72882177
3 95737538 0 82.74757873
3 95806050 0 82.74757873
3 95831583 1.17999633615735 82.74757873
3 95853418 0.726296593646217 82.77334395
3 95905732 0 82.81133943
3 95931259 0 82.81133943
3 95959040 0 82.81133943
3 96013420 0 82.81133943
3 96051330 3.3632999322945 82.81133943
3 96073485 0.538964945130728 82.88585334
3 96115676 0 82.90859281
3 96141071 12.1807533149414 82.90859281
3 96163545 0 83.18234306
3 96202292 1.1017419311093 83.18234306
3 96246536 0 83.23108853
3 96294680 0.103598645915063 83.23108853
3 96343126 0 83.23610747
3 96367202 0 83.23610747
3 96393435 1.62175278792997 83.23610747
3 96446790 0 83.32263609
3 96483822 0 83.32263609
3 96547009 0 83.32263609
3 96608717 0.0729612165074023 83.32263609
3 96636074 0 83.32463209
3 96661927 0 83.32463209
3 96703278 1.51683545354553 83.32463209
3 96751465 0 83.39772384
3 96785820 0.652061525213566 83.39772384
3 96806722 3.30560904628298 83.41135323
3 96835242 1.50566209497282 83.5056292
3 96876875 0 83.56831443
3 96947843 0 83.56831443
3 96997280 0 83.56831443
3 97023337 2.06265169761502 83.56831443
3 97049079 0 83.62141121
3 97070925 0 83.62141121
3 97093984 0 83.62141121
3 97141095 1.67053383383695 83.62141121
3 97171198 0 83.67169929
3 97202518 0 83.67169929
3 97259673 1.05797681863974 83.67169929
3 97293407 0 83.70738908
3 97332484 2.90647761542512 83.70738908
3 97383881 0.97434807878595 83.85677331
3 97430336 1.24191128854809 83.90203665
3 97493958 0 83.98104953
3 97530845 0 83.98104953
3 97556809 0 83.98104953
3 97586869 7.22534500055764 83.98104953
3 97595840 0 84.0458681
3 97607228 0 84.0458681
3 97630051 0 84.0458681
3 97712968 0 84.0458681
3 97735839 0.515442939284346 84.0458681
3 97776883 0 84.06702394
3 97818135 1.95319251240668 84.06702394
3 97857026 0 84.14298555
3 97889235 0 84.14298555
3 97927657 1.26643262141812 84.14298555
3 97993442 0 84.22629782
3 98117915 0 84.22629782
3 98150381 0 84.22629782
3 98181292 1.53665387260674 84.22629782
3 98226365 0 84.29555942
3 98260774 1.76727537889624 84.29555942
3 98295744 0.716691803031269 84.35736104
3 98335527 0 84.38587319
3 98357822 0 84.38587319
3 98383527 0 84.38587319
3 98409014 0 84.38587319
3 98433021 1.93576713963701 84.38587319
3 98478267 0 84.47345891
3 98515723 1.66810409487112 84.47345891
3 98555187 0.579084824369493 84.53928897
3 98593136 2.87180352393605 84.56126466
3 98617200 0 84.63037174
3 98647999 0.524195504050725 84.63037174
3 98722555 0 84.66945366
3 98793061 0 84.66945366
3 98841608 1.06733565288551 84.66945366
3 98866038 1.7790461181153 84.69552867
3 98902206 0 84.75987321
3 98928315 0.111372213208488 84.75987321
3 98994879 0 84.76728659
3 99020827 0.703901575099617 84.76728659
3 99047365 0 84.78596673
3 99058348 3.27099033428601 84.78596673
3 99089489 0 84.88782864
3 99255288 0 84.88782864
3 99320849 0 84.88782864
3 99342353 0.245948832624801 84.88782864
3 99410326 2.17902211927145 84.90454652
3 99432343 0 84.95252205
3 99445169 0 84.95252205
3 99469899 0 84.95252205
3 99527900 0 84.95252205
3 99584930 0.806710943156907 84.95252205
3 99629122 1.14129427931652 84.98817222
3 99648770 0.395898542829903 85.01059637
3 99722200 0 85.0396672
3 99800871 0.934664091494121 85.0396672
3 99840480 0 85.07668831
3 99865907 0 85.07668831
3 99891494 0 85.07668831
3 99931255 0 85.07668831
3 99961162 0 85.07668831
3 99982091 0 85.07668831
3 100033667 0.0348649164071749 85.07668831
3 100080860 1.58449374925132 85.07833369
3 100105897 0 85.11800466
3 100133703 0 85.11800466
3 100156027 0 85.11800466
3 100186790 0.977038762494413 85.11800466
3 100208899 0 85.13960601
3 100298827 0 85.13960601
3 100334011 0 85.13960601
3 100380834 0 85.13960601
3 100536470 2.89817883843446 85.13960601
3 100563623 0.962487342990846 85.21830026
3 100651914 0 85.30327923
3 100678767 0 85.30327923
3 100718088 0 85.30327923
3 100751713 0 85.30327923
3 100775621 0 85.30327923
3 101054051 0.251551598173602 85.30327923
3 101086901 2.0630641049411 85.3115427
3 101130049 0 85.40055979
3 101153126 0 85.40055979
3 101202297 0 85.40055979
3 101248974 0 85.40055979
3 101270449 1.07757085352842 85.40055979
3 101294795 1.86896566281996 85.42679433
3 101330325 0 85.49319868
3 101358484 0.485619440308343 85.49319868
3 101410870 0 85.51863834
3 101441152 0 85.51863834
3 101471197 0 85.51863834
3 101529996 3.13996050535688 85.51863834
3 101575825 0.421082269139516 85.66253959
3 101700489 1.09134494344736 85.71503339
3 101721620 0 85.7380946
3 101763878 0 85.7380946
3 101832733 4.53917808219213 85.7380946
3 101853976 0 85.83452036
3 101923791 1.23582449622002 85.83452036
3 102040062 10.0217563569119 85.97821091
3 102061692 0 86.1949815
3 102131933 1.59772159090905 86.1949815
3 102154813 0 86.23153737
3 102192617 0.605231613165461 86.23153737
3 102227071 1.71944720671087 86.25239002
3 102266290 1.46345330965523 86.31982502
3 102360892 0 86.45827063
3 102438340 0 86.45827063
3 102460199 0 86.45827063
3 102520276 4.10942978938174 86.45827063
3 102631235 1.4757573706695 86.91424885
3 102654876 1.00091758991215 86.94913723
3 102684933 0 86.97922181
3 102707561 2.5033406514925 86.97922181
3 102783172 0.983722593478438 87.1685019
3 102827915 2.10143421364437 87.2125166
3 102865894 8.23451915852715 87.29232697
3 102881866 0.878225465525923 87.42384871
3 103060696 5.77322369715939 87.58090177
3 103106423 0 87.84489397
3 103133865 0.829888285987831 87.84489397
3 103205924 1.44471207475541 87.90469489
3 103342904 0 88.10259155
3 103393004 0 88.10259155
3 103418775 4.05715976814407 88.10259155
3 103455522 5.48163382521896 88.25168
3 103500790 0 88.4998226
3 103569295 0 88.4998226
3 103595075 0 88.4998226
3 103604731 0 88.4998226
3 103655132 2.86875105252934 88.4998226
3 103716888 0.55033691090354 88.67698519
3 103777171 1.23343804547921 88.71016115
3 103945028 0 88.91720236
3 104150963 0 88.91720236
3 104214346 0 88.91720236
3 104253840 0 88.91720236
3 104278203 2.79889032036397 88.91720236
3 104313132 6.86516187313884 89.0149648
3 104333611 0 89.15555645
3 104374457 0 89.15555645
3 104402663 3.10226277372259 89.15555645
3 104423898 0 89.221433
3 104446352 3.16054175649024 89.221433
3 104467690 2.05911915149707 89.28887264
3 104494278 0 89.3436205
3 104543690 0 89.3436205
3 104578588 0 89.3436205
3 104611381 0.916847279452469 89.3436205
3 104642202 1.55595648480512 89.37187865
3 104678695 0 89.42866017
3 104705188 0 89.42866017
3 104738280 0 89.42866017
3 104844379 0 89.42866017
3 104869949 0 89.42866017
3 104909248 0 89.42866017
3 104937783 0 89.42866017
3 104976558 0 89.42866017
3 105014164 0 89.42866017
3 105055307 0 89.42866017
3 105091480 2.15604054390201 89.42866017
3 105139724 4.48522508250787 89.53267619
3 105162449 0 89.63460293
3 105187636 0 89.63460293
3 105219430 0 89.63460293
3 105257695 0.0427243213929379 89.63460293
3 105394151 1.13611981175002 89.64043292
3 105495293 0.0180911871932644 89.75534235
3 105566882 0 89.75663748
3 105587654 0 89.75663748
3 105633280 0 89.75663748
3 105687436 0 89.75663748
3 105691182 0 89.75663748
3 105745609 1.41269557580959 89.75663748
3 105787741 0.935201970861876 89.81615717
3 105811284 0.617176583624817 89.83817463
3 105840426 0 89.85616039
3 105909058 0 89.85616039
3 105941874 0 89.85616039
3 105973059 0 89.85616039
3 106010224 1.15189076043597 89.85616039
3 106101711 0.105625671708808 89.96154342
3 106164052 0 89.96812823
3 106231687 0.476957539488653 89.96812823
3 106329943 0 90.01499217
3 106373841 8.39918048690351 90.01499217
3 106417135 0 90.37862629
3 106454181 0.726578384263234 90.37862629
3 106507457 0.463324426918179 90.41733548
3 106561725 0 90.44247917
3 106591729 2.71656232939008 90.44247917
3 106613709 0 90.50218921
3 106633786 0.415537442873205 90.50218921
3 106744942 3.53951530173144 90.54837869
3 106773991 0 90.65119807
3 106797523 1.84652088282288 90.65119807
3 106913288 1.50274860172908 90.86496056
3 106954589 0 90.92702558
3 107047301 2.78690715590483 90.92702558
3 107110256 7.63811595651145 91.10247532
3 107160292 8.79403009444492 91.48465609
3 107191527 0 91.75933762
3 107218987 9.84986218630381 91.75933762
3 107242497 0 91.99090788
3 107321976 1.10306201988255 91.99090788
3 107375088 0.533793816093421 92.04949371
3 107412346 0 92.0693818
3 107445270 4.03819303985684 92.0693818
3 107465442 0 92.15084023
3 107485647 0 92.15084023
3 107516068 4.62214810025495 92.15084023
3 107542361 8.24409987452946 92.27237037
3 107562286 1.3732061196636 92.43663406
3 107604053 0.251639504999285 92.49398876
3 107671366 0 92.51092737
3 107696363 0 92.51092737
3 107725066 8.01249351391239 92.51092737
3 107767079 0 92.84755626
3 107789881 0 92.84755626
3 107813513 0.0120964721169404 92.84755626
3 107839676 4.32118288629882 92.84787274
3 107861039 0 92.94018617
3 107895038 0 92.94018617
3 107939860 0 92.94018617
3 108006570 1.2955947211098 92.94018617
3 108042032 0 92.98613055
3 108087128 0.9016608952079 92.98613055
3 108242779 2.13555399793655 93.12647497
3 108280586 0 93.20721386
3 108329239 1.17021252188623 93.20721386
3 108428617 0.796606653435507 93.32350724
3 108449779 0.691497717634877 93.34036503
3 108523825 0 93.39156767
3 108570159 1.46668508677991 93.39156767
3 108669145 0.95992392485664 93.53674896
3 108694909 0 93.56148044
3 108716376 2.41623380255429 93.56148044
3 108759284 0 93.6651562
3 108785074 0 93.6651562
3 108828152 0 93.6651562
3 108870226 0 93.6651562
3 108902575 2.46562897020665 93.6651562
3 108924929 0.582165005742161 93.72027287
3 108951922 3.38050713225082 93.73598725
3 108974145 0 93.81111226
3 109028520 0 93.81111226
3 109111898 5.35303285117551 93.81111226
3 109166721 0.0842516099857043 94.10458158
3 109230852 0.0421609319971767 94.10998472
3 109267762 1.72727598065016 94.11154088
3 109389314 0.396793893129837 94.32149473
3 109430841 0 94.33797239
3 109459766 0.0284975090579615 94.33797239
3 109495094 0 94.33897915
3 109521348 2.76460053386287 94.33897915
3 109553566 0 94.42804905
3 109609397 0 94.42804905
3 109659293 0 94.42804905
3 109689309 0 94.42804905
3 109709783 1.95250137073043 94.42804905
3 109839276 0.282822950502298 94.68088431
3 109952877 0 94.71301328
3 109974732 2.054824759033 94.71301328
3 110033765 0 94.83431575
3 110058973 3.33783763908428 94.83431575
3 110184077 4.96075888353305 95.25189259
3 110210840 0 95.38465738
3 110235731 0 95.38465738
3 110260420 0 95.38465738
3 110319557 0.0540779640030128 95.38465738
3 110364783 2.62247955959492 95.38710311
3 110395482 0 95.46761061
3 110419349 0.263419466100367 95.46761061
3 110489512 0 95.48609291
3 110546593 3.18557597086373 95.48609291
3 110571030 0 95.56393883
3 110608250 13.1088121274495 95.56393883
3 110631569 0 95.86962322
3 110657527 0.526880630008772 95.86962322
3 110693717 0 95.88869103
3 110839179 0 95.88869103
3 110866523 2.83188012474325 95.88869103
3 110932258 0 96.07484467
3 111006602 1.86916481805086 96.07484467
3 111117045 0 96.28128084
3 111153385 0.84683548521465 96.28128084
3 111213410 1.95718384336906 96.33211214
3 111287163 10.4636568675999 96.47646032
3 111309376 0 96.70888953
3 111415578 0 96.70888953
3 111453112 2.44392542864942 96.70888953
3 111464135 1.24288127669857 96.73582892
3 111526170 0 96.81293106
3 111551378 0 96.81293106
3 111594054 4.14468219557207 96.81293106
3 111615734 1.43763393487545 96.90278777
3 111651143 0 96.95369295
3 111677167 6.78488654285598 96.95369295
3 111708236 0 97.16449259
3 111730561 0 97.16449259
3 111751663 0 97.16449259
3 111772736 0 97.16449259
3 111806406 0 97.16449259
3 111833768 0 97.16449259
3 111901099 0 97.16449259
3 111933069 0 97.16449259
3 111965305 0 97.16449259
3 111991216 0 97.16449259
3 112064027 0 97.16449259
3 112139666 14.377636958607 97.16449259
3 112192839 8.58620027629187 97.92899468
3 112221070 0 98.1713917
3 112257692 3.0173912338249 98.1713917
3 112313178 4.9567995360761 98.33881467
3 112345942 3.25594012867928 98.50121925
3 112427851 1.04521346760528 98.76791005
3 112662102 0 99.01275235
3 112696865 3.01643745920783 99.01275235
3 112744362 2.01298305152034 99.15602408
3 112794750 4.5729545611013 99.25745427
3 112823800 0.809925433779926 99.3902986
3 112914860 0.467000183632284 99.46405041
3 112996545 7.81247061461143 99.50219732
3 113027768 0.996129891056747 99.74612609
3 113056315 1.50450298096759 99.77456261
3 113091203 1.01353216028408 99.82705171
3 113125018 1.24054739503887 99.8613243
3 113151909 0.0789869753979364 99.89468386
3 113175403 3.15624020005403 99.89653958
3 113234587 0 100.0833385
3 113301217 0 100.0833385
3 113324328 0 100.0833385
3 113331220 0 100.0833385
3 113385484 1.95881081739184 100.0833385
3 113451193 2.09465883591436 100.21205
3 113523387 0.984292410490939 100.3632718
3 113543441 0 100.3830108
3 113563979 0 100.3830108
3 113585814 0 100.3830108
3 113614386 0 100.3830108
3 113646872 0 100.3830108
3 113677657 3.42821802935024 100.3830108
3 113734897 3.12911646586398 100.579242
3 113782207 0.258899945280788 100.7272805
3 113880893 6.0120019821609 100.7528303
3 113901073 1.69847890783726 100.8741525
3 113922242 2.24030745363499 100.9101076
3 113978966 1.52839682154557 101.0371868
3 114011938 1.51654277642192 101.0875811
3 114048395 0 101.1428697
3 114075707 0.447716716827985 101.1428697
3 114102620 0 101.1549191
3 114129041 0 101.1549191
3 114165111 0.874010810243496 101.1549191
3 114203223 3.73713245589383 101.1882294
3 114224649 0 101.2683012
3 114256087 0 101.2683012
3 114276976 0.448958931274164 101.2683012
3 114315302 0 101.285508
3 114343176 0 101.285508
3 114365299 0.0106181905734045 101.285508
3 114398525 0 101.2858608
3 114438985 8.20512250062627 101.2858608
3 114474944 3.67566698202411 101.5809088
3 114496084 0 101.6586124
3 114543423 2.92028570215634 101.6586124
3 114590535 9.19696471769558 101.7961929
3 114612444 4.65145160036873 101.9976892
3 114702517 5.01118791685544 102.4166594
3 114764289 2.9410394961903 102.7262105
3 114790013 0 102.8018658
3 114832509 7.18293070274626 102.8018658
3 114865252 0 103.0370565
3 114897383 0 103.0370565
3 114929423 0 103.0370565
3 114964350 0 103.0370565
3 114992747 0 103.0370565
3 115021886 0 103.0370565
3 115049622 4.09084174917841 103.0370565
3 115090121 0.469227268294247 103.2027315
3 115120882 5.90994541026313 103.2171654
3 115180417 0 103.569014
3 115276921 2.02576853073276 103.569014
3 115336808 0 103.6903312
3 115363288 0 103.6903312
3 115390626 0 103.6903312
3 115414448 0 103.6903312
3 115440266 9.62914843583006 103.6903312
3 115510431 0 104.3659604
3 115571668 5.89639547882204 104.3659604
3 115611923 0 104.6033198
3 115644940 0.0498259639961148 104.6033198
3 115681714 4.44114709484308 104.6051521
3 115755204 0 104.931532
3 115783015 11.1238388988015 104.931532
3 115802630 4.97834575260838 105.1497261
3 115822760 0 105.2499402
3 115822761 0.962757709250935 105.2499402
3 115902211 1.37377952920968 105.3264313
3 115949918 5.44678946246546 105.3919702
3 116029671 4.83252262015767 105.826368
3 116069348 2.89521263004212 106.018108
3 116124138 0 106.1767367
3 116156183 9.9032388265406 106.1767367
3 116176499 3.15601724486173 106.3779309
3 116320078 0 106.8310687
3 116341744 8.43126657053754 106.8310687
3 116363243 3.72039905247806 107.0123325
3 116396171 0.9096083812744 107.1348378
3 116434065 27.6467870774795 107.1693065
3 116459478 0 107.8718943
3 116488975 0 107.8718943
3 116528360 4.15022070879069 107.8718943
3 116575934 11.4510897659798 108.0693369
3 116604564 0 108.3971816
3 116644521 0 108.3971816
3 116699078 11.0520873605724 108.3971816
3 116782365 11.7566503289915 109.3176768
3 116812153 0 109.6678839
3 116836256 0 109.6678839
3 116875170 1.50235677083367 109.6678839
3 116905890 0 109.7140363
3 116928313 3.42066133752596 109.7140363
3 116951206 0 109.7923455
3 116982317 0 109.7923455
3 117019819 7.91190484270562 109.7923455
3 117078753 19.0631153787525 110.2586257
3 117091875 0 110.5087719
3 117126905 0 110.5087719
3 117151782 5.08163204526899 110.5087719
3 117178644 0 110.6452747
3 117243769 0 110.6452747
3 117327502 4.78048083789541 110.6452747
3 117352708 0 110.7657715
3 117383465 0.00205453332020173 110.7657715
3 117404443 2.0262745262456 110.7658146
3 117428295 0 110.8141453
3 117465864 0 110.8141453
3 117491595 0 110.8141453
3 117512865 0 110.8141453
3 117534710 0 110.8141453
3 117583993 0 110.8141453
3 117605751 0 110.8141453
3 117659688 4.05646037708325 110.8141453
3 117687109 0 110.9253775
3 117709736 4.03054805588935 110.9253775
3 117760479 2.15882999068865 111.1298996
3 117939828 0.739763303745896 111.5170836
3 117987822 6.42797637920137 111.5525878
3 118013054 0.949393198769648 111.7147785
3 118060516 0 111.7598386
3 118091938 1.79475168841005 111.7598386
3 118128807 0.922823880349892 111.8260093
3 118152944 8.04505775641504 111.8482835
3 118191641 0 112.1596031
3 118223118 0.576695594125634 112.1596031
3 118253078 5.80442884074239 112.1768809
3 118289679 0 112.3893288
3 118493870 0 112.3893288
3 118519909 0 112.3893288
3 118548280 7.07892517407037 112.3893288
3 118578871 0 112.6058802
3 118615607 0 112.6058802
3 118644571 13.1881005888546 112.6058802
3 118679724 0 113.0694815
3 118752784 0.130359994193317 113.0694815
3 118780340 0 113.0730737
3 118800936 0 113.0730737
3 118834954 0 113.0730737
3 118871024 3.82846520865148 113.0730737
3 118912313 1.66507023632417 113.2311472
3 118942568 2.91421745969356 113.2815239
3 118993428 0.103520310627271 113.429741
3 119094385 0.178803336162275 113.4401921
3 119661144 0 113.5415305
3 119681904 2.62845788718375 113.5415305
3 119709081 0 113.6129641
3 119730168 0 113.6129641
3 119759630 0.359624724427704 113.6129641
3 119940617 5.21556828682401 113.6780515
3 119967672 1.86860050016208 113.8191587
3 120020055 5.19255526657948 113.9170416
3 120041587 5.9668638338973 114.0288477
3 120066439 0 114.1771362
3 120092823 0 114.1771362
3 120142264 8.06670767199747 114.1771362
3 120208922 0 114.7148468
3 120257160 2.89441122806952 114.7148468
3 120292785 0.823845494263842 114.8179602
3 120317276 0.844919548263117 114.838137
3 120380233 0 114.8913306
3 120402371 0 114.8913306
3 120424650 0.896689419236558 114.8913306
3 120546834 0.726758920402524 115.0008917
3 120634274 0 115.0644395
3 120646076 4.19276097102347 115.0644395
3 120675859 0 115.1893125
3 120697093 0 115.1893125
3 120734287 0 115.1893125
3 120757722 0 115.1893125
3 120782854 0 115.1893125
3 120804998 0 115.1893125
3 120829136 0 115.1893125
3 120928899 0 115.1893125
3 120957517 0 115.1893125
