Chromosome Position(bp) Rate(cM/Mb) Map(cM)
20 0 0 0
20 321756 0.881327184164162 0
20 370001 0 0.04251963
20 392646 1.22346460803309 0.04251963
20 492259 0 0.16439261
20 512692 1.37729897069843 0.16439261
20 538049 0 0.19931678
20 570315 0 0.19931678
20 607233 9.2076018156206 0.19931678
20 639178 2.38501114692857 0.49345362
20 705564 0 0.65178497
20 788373 0 0.65178497
20 823850 1.95113802188894 0.65178497
20 853454 0 0.70954646
20 881886 0 0.70954646
20 920539 0.274783269961977 0.70954646
20 941579 0.297691075299214 0.7153279
20 973412 0 0.7248043
20 1021026 1.11723741854729 0.7248043
20 1048189 0 0.75515182
20 1164512 0 0.75515182
20 1314256 1.60893398044265 0.75515182
20 1425314 0 0.93383681
20 1546601 2.8896960876283 0.93383681
20 1619089 0.708393442622948 1.1433051
20 1673684 2.03332140383283 1.18197984
20 1708332 0 1.25243036
20 1738655 0 1.25243036
20 1768132 2.81625845737483 1.25243036
20 1796214 2.34376282610658 1.33151653
20 1829447 0 1.4094068
20 1851888 2.42075187284691 1.4094068
20 1961614 0.500332411739693 1.67502622
20 2008634 5.07563167793829 1.69855185
20 2033623 0 1.82538681
20 2061240 2.41264787057874 1.82538681
20 2084791 4.75176435028714 1.88220708
20 2121184 1.61310455397032 2.05513804
20 2148940 1.36048647999483 2.09991137
20 2257187 0 2.24717995
20 2298235 1.35373762223048 2.24717995
20 2362867 1.57258119439831 2.33467472
20 2386360 4.00819758338503 2.37161937
20 2420209 0 2.50729285
20 2451689 0 2.50729285
20 2487025 0 2.50729285
20 2512983 4.95883562770802 2.50729285
20 2549449 8.27920357619976 2.68812175
20 2588373 0 3.01038147
20 2636179 0 3.01038147
20 2654938 5.10456924286839 3.01038147
20 2682912 0.0938026901033066 3.15317669
20 2795101 0 3.16370032
20 2818977 4.04401285767587 3.16370032
20 2853820 0.903734161811901 3.30460586
20 2985306 2.93936152781309 3.42343425
20 3056100 1.19845023549652 3.63152341
20 3091557 1.23964122796204 3.67401686
20 3132112 0 3.72429051
20 3155559 2.81815105208416 3.72429051
20 3180557 0.526024584389964 3.79473865
20 3208949 0 3.80967354
20 3230621 0.85755218452261 3.80967354
20 3294960 5.54722586726999 3.86484759
20 3321480 1.30815431564275 4.01196002
20 3416182 0.542341776909229 4.13584485
20 3442790 0 4.15027548
20 3485019 2.63291445408622 4.15027548
20 3515903 0 4.23159041
20 3552643 0 4.23159041
20 3585646 0.167838375888332 4.23159041
20 3628845 3.66887865592851 4.23884086
20 3654796 0.468734076741392 4.33405193
20 3861412 1.6666310808253 4.43089989
20 3887827 0 4.47492395
20 3943115 0 4.47492395
20 3970013 0 4.47492395
20 4013601 3.75821471908749 4.47492395
20 4079529 5.0060098062502 4.72269553
20 4138471 0 5.01775976
20 4167192 1.13288959520075 5.01775976
20 4239870 0.186217687540658 5.10009591
20 4298284 0.628295091749963 5.11097363
20 4331799 1.85383000000001 5.13203094
20 4360799 6.63462816481878 5.18579201
20 4391014 0.433116065781152 5.3862573
20 4422634 0 5.39995243
20 4458450 0.666922190982703 5.39995243
20 4487971 2.33056237254154 5.41964064
20 4516902 3.4006374406243 5.48706614
20 4587638 2.36296133973061 5.72761363
20 4609314 0 5.77883318
20 4633738 10.1260051556613 5.77883318
20 4658953 1.57693535298891 6.0341604
20 4688529 1.68458824639184 6.08079984
20 4709731 2.19327204283337 6.11651648
20 4776408 0 6.26275728
20 4805282 0.99406905018563 6.26275728
20 4838678 1.47087525029555 6.29595521
20 4880129 0 6.35692446
20 4937498 2.09759105980595 6.35692446
20 4978213 0 6.44232788
20 5000086 0 6.44232788
20 5027370 6.08907426911207 6.44232788
20 5054905 11.2059161848618 6.60999054
20 5081368 0 6.9065327
20 5107041 2.31469210306904 6.9065327
20 5157415 1.14071174004196 7.023133
20 5195575 1.4969992325402 7.06666256
20 5203393 2.56555269063649 7.0783661
20 5266222 0 7.23955721
20 5287760 0 7.23955721
20 5309882 0 7.23955721
20 5397009 0 7.23955721
20 5441435 2.08706195405655 7.23955721
20 5485968 0.757470592713835 7.33250034
20 5538506 0 7.37229633
20 5572654 2.41648426812585 7.37229633
20 5602625 0 7.44472078
20 5633232 0.208429602888107 7.44472078
20 5665364 3.64223993797613 7.45141804
20 5695030 13.1767006265004 7.55946873
20 5712109 0 7.7845136
20 5754805 0 7.7845136
20 5796361 0 7.7845136
20 5824933 0 7.7845136
20 5869205 1.2958340457714 7.7845136
20 5930029 2.36628404410785 7.86333141
20 5952610 3.20590559619777 7.91676447
20 5974071 0 7.98556641
20 6018410 0 7.98556641
20 6048825 4.70713314346746 7.98556641
20 6076915 3.19537199990408 8.11778978
20 6118622 1.15920146114998 8.25105916
20 6187335 0 8.33071137
20 6208301 0 8.33071137
20 6242330 0 8.33071137
20 6290851 6.39307922769648 8.33071137
20 6317887 0.68126520151213 8.50355466
20 6395922 1.81910153306573 8.55671719
20 6468913 0 8.68949523
20 6526713 2.23351473501729 8.68949523
20 6559017 0 8.76164669
20 6586964 0 8.76164669
20 6616632 0.892720923042334 8.76164669
20 6687788 0 8.82516914
20 6720317 0 8.82516914
20 6780487 0 8.82516914
20 6816485 2.54516098504121 8.82516914
20 6914755 0.311622403365778 9.07528211
20 6994618 0 9.10016921
20 7017878 2.31588272989427 9.10016921
20 7049088 3.21721133546929 9.17244791
20 7089351 0 9.30198249
20 7111049 0 9.30198249
20 7135420 0 9.30198249
20 7189183 2.86047620248692 9.30198249
20 7228830 0 9.41539179
20 7252037 3.03695628098301 9.41539179
20 7289961 0 9.53056532
20 7383014 0 9.53056532
20 7437979 2.39495021216408 9.53056532
20 7473329 2.39653950416486 9.61522681
20 7493618 0.360538331112978 9.6638502
20 7576188 3.60606442577035 9.69361985
20 7600464 0.587903183372775 9.78116067
20 7627071 3.06477305250798 9.79680301
20 7681577 0 9.96385153
20 7706288 6.96254801190154 9.96385153
20 7739561 5.48762447905246 10.19551639
20 7766915 0 10.34562487
20 7802924 5.24242579188524 10.34562487
20 7848101 0 10.58246194
20 7958728 7.9260154722672 10.58246194
20 7994534 6.28690550663692 10.86626085
20 8032579 0 11.10544617
20 8071432 4.30652244955951 11.10544617
20 8099584 2.30007629164655 11.22668339
20 8120294 1.87983846570963 11.27431797
20 8190372 0.905354305806208 11.40605329
20 8244125 1.97834480041647 11.4547188
20 8315198 2.11648754274549 11.5953257
20 8362279 3.57281453014915 11.69497205
20 8405995 2.30594052972213 11.85116121
20 8444468 0 11.93987766
20 8474308 0 11.93987766
20 8488419 1.55231433798612 11.93987766
20 8517935 0 11.98569577
20 8553437 1.27978267119474 11.98569577
20 8664743 0 12.12814326
20 8714373 0 12.12814326
20 8742285 2.81870194793998 12.12814326
20 8771290 2.40267330893988 12.20989971
20 8811738 0 12.30708304
20 8882568 0.556514207246218 12.30708304
20 8939370 0.26697910463922 12.33869416
20 8976316 0 12.34855797
20 9008027 0.648368507955567 12.34855797
20 9074647 0 12.39175228
20 9107005 0 12.39175228
20 9158417 5.25267765640517 12.39175228
20 9183592 0 12.52398844
20 9216108 0 12.52398844
20 9247423 0 12.52398844
20 9305618 0 12.52398844
20 9345520 0 12.52398844
20 9419987 3.25032077515647 12.52398844
20 9453219 0.879847858703381 12.6320031
20 9491210 2.89693873781426 12.6654294
20 9539935 0 12.80658274
20 9562025 0 12.80658274
20 9585914 0 12.80658274
20 9620557 0 12.80658274
20 9645703 3.349555335784 12.80658274
20 9699294 0 12.98608876
20 9720731 0 12.98608876
20 9765233 2.21654139990312 12.98608876
20 9802407 2.15861952985624 13.06848647
20 9992987 1.58941440357137 13.47987618
20 10038684 0 13.55250765
20 10063471 0 13.55250765
20 10102306 0 13.55250765
20 10145630 0.455862503440457 13.55250765
20 10309125 2.40980897415058 13.62703889
20 10370635 0.530710418097002 13.77526624
20 10511918 0 13.8502466
20 10563535 0 13.8502466
20 10624057 2.22131521325209 13.8502466
20 10813129 3.19398852299153 14.27023511
20 10946439 0.874174671317424 14.69602572
20 10983709 1.7607433661925 14.72860621
20 11110107 1.00908534142287 14.95116065
20 11145049 0.406395177216552 14.98642011
20 11193154 0 15.00596975
20 11213830 0 15.00596975
20 11244156 0.940075133698598 15.00596975
20 11274635 1.45841878073806 15.0346223
20 11302898 2.04082341980794 15.07584159
20 11330806 0 15.13279689
20 11381378 0.897785835573844 15.13279689
20 11409646 0 15.1581755
20 11438125 1.60533135687119 15.1581755
20 11471518 1.02527530896656 15.21178233
20 11509548 2.60102692531204 15.25077355
20 11545685 7.87014695118514 15.34476686
20 11581207 0 15.62433022
20 11620497 0.2286299668874 15.62433022
20 11647073 2.63516208440849 15.63040629
20 11680790 0 15.71925605
20 11725238 0 15.71925605
20 11765691 8.0055529801324 15.71925605
20 11786831 0 15.88849344
20 11840080 0.195420334835448 15.88849344
20 11873589 1.49094859167215 15.89504178
20 11948110 0 16.00614876
20 12001911 0 16.00614876
20 12040873 1.62645690952071 16.00614876
20 12087403 0 16.0818278
20 12111883 0 16.0818278
20 12136194 2.85385336491019 16.0818278
20 12166596 4.99876637669009 16.16859065
20 12195219 0 16.31167034
20 12228546 0 16.31167034
20 12265622 0 16.31167034
20 12308594 9.86517662559658 16.31167034
20 12336676 4.03849179343476 16.58870423
20 12386636 0.0506079775081914 16.79046728
20 12409400 0 16.79161932
20 12445726 0 16.79161932
20 12481347 6.06204399669439 16.79161932
20 12506758 0 16.94566192
20 12528287 0 16.94566192
20 12549501 0.639986461075598 16.94566192
20 12709041 0 17.04776536
20 12736223 3.08790861725795 17.04776536
20 12770387 2.13802694933963 17.15326067
20 12852838 0 17.32954313
20 12932941 0 17.32954313
20 12981726 0 17.32954313
20 13040341 3.38296300060984 17.32954313
20 13099369 0 17.52923267
20 13157397 0 17.52923267
20 13181648 1.2156043321738 17.52923267
20 13219019 1.21560433217383 17.5746610194977
20 13313314 1.00203073780957 17.68928643
20 13411239 0.793926644833553 17.78741029
20 13703761 1.48158595813572 18.0196513
20 13738970 0 18.07181646
20 13781933 0 18.07181646
20 13846644 0 18.07181646
20 13890738 1.40460147783252 18.07181646
20 13931338 0 18.12884328
20 13967565 1.41089848630465 18.12884328
20 14050805 0 18.24628647
20 14096654 0 18.24628647
20 14120849 0 18.24628647
20 14268880 0 18.24628647
20 14305466 0.0869283825861922 18.24628647
20 14390571 0 18.25368451
20 14441811 1.10037043673504 18.25368451
20 14988733 0.505920456039455 18.85550131
20 15285374 2.44789624376153 19.00557806
20 15323444 0.426195604139977 19.09876947
20 15366439 0 19.11709375
20 15411666 0 19.11709375
20 15450996 0 19.11709375
20 15484111 0 19.11709375
20 15507726 0 19.11709375
20 15535630 0 19.11709375
20 15557271 2.30475163547848 19.11709375
20 15636147 0.39171768784041 19.29888334
20 15680573 0.277152853660663 19.31628579
20 15728161 0 19.32947494
20 15752335 0.748221488488323 19.32947494
20 15774747 1.20390788327524 19.34624408
20 15839035 0 19.42364091
20 15884369 0 19.42364091
20 15971909 0 19.42364091
20 16013737 1.42259039371485 19.42364091
20 16058541 0 19.48737865
20 16083771 1.82200039797033 19.48737865
20 16134026 0.34979943791519 19.57894328
20 16227962 0.545192437314613 19.61180204
20 16257634 0.31352675945888 19.62797899
20 16283139 0 19.63597549
20 16311925 0 19.63597549
20 16333125 2.70046836020284 19.63597549
20 16370404 0 19.73664625
20 16415738 0 19.73664625
20 16462119 0 19.73664625
20 16488000 0 19.73664625
20 16566822 0 19.73664625
20 16594682 0 19.73664625
20 16630787 0 19.73664625
20 16685174 6.12683191145952 19.73664625
20 16728544 0.838161146811662 20.00236695
20 16769004 0.827062341350058 20.03627895
20 16792247 6.52866860676621 20.05550236
20 16825235 0 20.27087008
20 16864177 0 20.27087008
20 16905698 0 20.27087008
20 16928917 0 20.27087008
20 16951836 0 20.27087008
20 16990181 0 20.27087008
20 17088438 0 20.27087008
20 17120684 0.980964930868188 20.27087008
20 17158438 0 20.30790543
20 17185825 1.08311107193227 20.30790543
20 17214185 0.410416310845365 20.33862246
20 17251657 0.902730264773844 20.35400158
20 17292371 0.630279442525029 20.39075534
20 17334920 0.537017222984392 20.4175731
20 17380847 0.590131691343955 20.44223669
20 17422991 0.221074681961576 20.4671072
20 17473378 0.0633837243991386 20.47824649
20 17627572 1.95716467117823 20.48801988
20 17719780 2.05998039459754 20.66848612
20 17751914 0.876602112676034 20.73468153
20 17823482 6.21993140371424 20.79741819
20 17847390 0 20.94612431
20 17924323 0 20.94612431
20 17955093 0 20.94612431
20 17995277 0 20.94612431
20 18107855 3.82600326264277 20.94612431
20 18132375 0 21.03993791
20 18153148 0 21.03993791
20 18185240 0.00416670629638777 21.03993791
20 18269352 0 21.04028838
20 18296599 4.83273265057119 21.04028838
20 18323646 0.337697186047975 21.1709993
20 18373789 0.040139017133436 21.18793245
20 18412777 0.187125117395349 21.18949739
20 18441526 3.23379985393404 21.19487705
20 18497665 0 21.37641934
20 18534231 0 21.37641934
20 18571733 0.759341959649181 21.37641934
20 18595227 0 21.39425932
20 18626250 4.60888864408911 21.39425932
20 18658022 0 21.54069293
20 18714053 0 21.54069293
20 18738169 0 21.54069293
20 18767430 2.85156722045753 21.54069293
20 18811189 0 21.66547466
20 18843437 0 21.66547466
20 18876587 0.260292216956598 21.66547466
20 18943900 2.30607188962401 21.68299571
20 18968688 0 21.74015862
20 19034335 0 21.74015862
20 19061537 0.932627349967291 21.74015862
20 19087548 0 21.76441719
20 19138824 1.10339951086178 21.76441719
20 19180530 0 21.81043557
20 19223870 0.265260660488511 21.81043557
20 19255271 0.00164969807609233 21.81876502
20 19283755 1.20191327852237 21.81881201
20 19328150 0.947183110414647 21.87217095
20 19363888 1.59006224916581 21.90602138
20 19461263 1.59006224916581 22.0608536915125
20 19517625 0 22.15047278
20 19583755 1.29378612170136 22.15047278
20 19684214 7.67175252704386 22.28044524
20 19706770 0.261068735753125 22.45348929
20 19752394 0.41349240232567 22.46540029
20 19787997 0.660079513308654 22.48012186
20 19879554 0 22.54055676
20 19910542 0.547748058788976 22.54055676
20 19983821 0.990105769814131 22.58069519
20 20040369 0.990105769814223 22.6366836910715
20 20082715 0.995128671455833 22.67861071
20 20247670 0 22.84276216
20 20384162 0 22.84276216
20 20423152 2.59557477128477 22.84276216
20 20480975 0.462604784053184 22.99284608
20 20556225 7.20223427854939 23.02765709
20 20576961 8.79880895926832 23.17700262
20 20647815 0 23.80043343
20 20758517 0 23.80043343
20 20790609 0 23.80043343
20 20918623 0.330854436244363 23.80043343
20 21010356 0.396119250552371 23.8307837
20 21064209 4.44387430597953 23.85211591
20 21098610 0.378195823276318 24.00498963
20 21146255 1.34435344011507 24.02300877
20 21199073 1.3488912853127 24.09401483
20 21307568 0 24.24036279
20 21328279 1.53962277742937 24.24036279
20 21446273 0 24.42202904
20 21474221 0 24.42202904
20 21556674 1.01853875991427 24.42202904
20 21591220 0.466816762755558 24.45721548
20 21635103 1.26959582846508 24.4777008
20 21658212 0 24.50703989
20 21748513 0 24.50703989
20 21780313 0.976932469195075 24.50703989
20 21842803 0.468926678895324 24.5680884
20 21921307 0.979311996141457 24.60490102
20 21950333 0.177181648912785 24.63332653
20 22075470 0 24.65549851
20 22096867 2.95768676496573 24.65549851
20 22147800 0.597567867303146 24.80614237
20 22313712 0 24.90528605
20 22411430 0.236471353934492 24.90528605
20 22523592 0 24.93180915
20 22556737 1.61787746075795 24.93180915
20 22579799 4.15845304127111 24.96912064
20 22622347 0 25.1460545
20 22651571 0 25.1460545
20 22679412 0 25.1460545
20 22716594 3.66087667344211 25.1460545
20 22773662 1.16503177349033 25.35497341
20 22886964 0.283590250160418 25.48697384
20 22964914 0 25.5090797
20 23009076 2.83713173149245 25.5090797
20 23031675 0.454994221411129 25.57319604
20 23064555 0.615068937550675 25.58815625
20 23142234 0 25.63593419
20 23180410 0 25.63593419
20 23266165 1.25698647837923 25.63593419
20 23287834 0 25.66317183
20 23312762 0.480440445905505 25.66317183
20 23571023 0.831238771066876 25.78725086
20 23695033 0 25.89033278
20 23820020 0 25.89033278
20 23841545 4.81062794784032 25.89033278
20 23863171 0 25.99436742
20 23967747 0.0183690458227277 25.99436742
20 24007509 2.61027742851339 25.99509781
20 24032164 0 26.0594542
20 24055106 0 26.0594542
20 24084296 0 26.0594542
20 24156101 0 26.0594542
20 24205213 5.47641439499495 26.0594542
20 24243254 0.0277947317073313 26.26778248
20 24268879 0.429370391527286 26.26849472
20 24421180 1.47144139225391 26.33388826
20 24479790 0 26.42012944
20 24520116 2.21364874063986 26.42012944
20 24565655 0 26.52093679
20 24648952 3.41855380221872 26.52093679
20 24676265 0 26.61430775
20 24723777 0 26.61430775
20 24747276 2.76885722172388 26.61430775
20 24776258 0 26.69455477
20 24810660 0 26.69455477
20 24840568 4.18075050048896 26.69455477
20 24862047 0 26.78435311
20 24887821 0 26.78435311
20 24945107 0.139252166003817 26.78435311
20 25160596 3.02800011589333 26.81436042
20 25229625 2.74712908334641 27.02338024
20 25287084 2.13750988142283 27.18122753
20 25321745 0 27.25531576
20 25422359 1.50608463903952 27.25531576
20 25456504 0 27.30674102
20 25528151 1.55512881016257 27.30674102
20 25590025 0.714622265966748 27.40296306
20 25635745 2.21046561261381 27.43563559
20 25681663 0 27.53713575
20 25753294 1.08994337662917 27.53713575
20 25842833 0.962437536921816 27.63472819
20 25900387 0 27.69012032
20 25944395 0 27.69012032
20 26011480 0.359184549967585 27.69012032
20 26292282 2.25313600057847 27.79098006
20 26319951 9.27272510544644 27.85332208
20 26352669 0 28.1567071
20 26387100 1.99742292326549 28.1567071
20 26449927 0 28.28219919
20 26549990 5.34644545801881 28.28219919
20 26591866 0 28.50608694
20 26721455 0.496796096334175 28.50608694
20 26904360 0 28.59695343
20 26929602 0.114005498974473 28.59695343
20 27155826 0 28.62274421
20 27231295 0.150813795896739 28.62274421
20 27295488 0 28.6324254
20 27389086 1.66475723578762 28.6324254
20 27410300 3.35393738801513 28.66774156
20 27490668 0 28.9372908
20 27519038 0 28.9372908
20 27647354 2.65748289990661 28.9372908
20 27766213 0 29.25315656
20 27821661 0.436354169987147 29.25315656
20 27915774 0 29.29422316
20 27957576 0.809641764640873 29.29422316
20 27984709 0.299280434474128 29.31619117
20 28062228 0.506970769147037 29.33939109
20 28135712 0 29.37664533
20 28173853 3.41978330644174 29.37664533
20 28231492 0 29.57375822
20 28286868 0 29.57375822
20 28317303 0 29.57375822
20 28351867 0 29.57375822
20 28429808 0.179905336033727 29.57375822
20 28451041 1.92243633888528 29.57757815
20 28525969 0.0982908885116639 29.72162246
20 28630222 0.610254922279798 29.73186958
20 28654347 2.41050264246322 29.74659198
20 28758795 1.70417301972799 29.99836416
20 28835792 0 30.12958037
20 28873228 0 30.12958037
20 28947927 0.551213434631444 30.12958037
20 29069285 1.34034765706966 30.19647453
20 29159834 0 30.31784167
20 29218244 2.82513598289694 30.31784167
20 29275310 0.242434604904724 30.47906088
20 29312010 4.08989388560143 30.48795823
20 29337360 0 30.59163704
20 29362772 0 30.59163704
20 29447902 1.7567865425481 30.59163704
20 29540609 0 30.75450345
20 29647234 14.9951209081475 30.75450345
20 29679035 0 31.23136329
20 29753049 0 31.23136329
20 29779527 0 31.23136329
20 29823354 0 31.23136329
20 29893476 0.509258840626498 31.23136329
20 29936827 0.837875151402116 31.25344017
20 29990492 0 31.29840474
20 30068266 0.392338035811246 31.29840474
20 30105126 0.47902626650024 31.31286632
20 30149974 1.01432139715585 31.33434969
20 30204542 0 31.38969918
20 30342550 0 31.38969918
20 30382405 0.815447677407644 31.38969918
20 30911469 0.957168063878759 31.82112319
20 31034452 0 31.93883859
20 31069095 0 31.93883859
20 31134096 0 31.93883859
20 31177589 0 31.93883859
20 31275812 0 31.93883859
20 31373420 0.95091920599341 31.93883859
20 31422941 0 31.98592906
20 31448781 0 31.98592906
20 31532284 0 31.98592906
20 31563770 0 31.98592906
20 31645940 7.07805177790001 31.98592906
20 31684103 0.031670239719332 32.25604875
20 31730282 0 32.25751125
20 31826712 0 32.25751125
20 31912365 0 32.25751125
20 32009781 0 32.25751125
20 32053510 0.753923848410935 32.25751125
20 32271969 1.41623812958289 32.4222127
20 32338521 1.49982220326671 32.51646618
20 32488580 0 32.741528
20 32834984 0 32.741528
20 32864375 0 32.741528
20 32914615 0 32.741528
20 32956533 0 32.741528
20 32994167 0 32.741528
20 33034938 0 32.741528
20 33140149 0 32.741528
20 33212005 1.96736415752715 32.741528
20 33244101 0 32.80467252
20 33273352 9.01311385301389 32.80467252
20 33299368 0.900766456266828 33.03915769
20 33323766 0 33.06113459
20 33354454 0 33.06113459
20 33397022 0.771453116675186 33.06113459
20 33419546 0 33.0785108
20 33477656 0 33.0785108
20 33510711 2.56552157007969 33.0785108
20 33537716 0 33.14779271
20 33569466 4.67883293971623 33.14779271
20 33627475 0 33.41920713
20 33695767 0 33.41920713
20 33717400 0 33.41920713
20 33758109 0.610053622709719 33.41920713
20 33836807 0 33.46721713
20 33883574 0 33.46721713
20 34035703 0 33.46721713
20 34066849 1.45797942811479 33.46721713
20 34096890 0 33.51101629
20 34145466 1.303347708053 33.51101629
20 34228714 3.97865767725122 33.61951738
20 34251704 1.07530405061731 33.71098672
20 34300857 0 33.76384114
20 34329841 0.802242892808563 33.76384114
20 34354675 10.107562880441 33.78376404
20 34372089 0 33.95977714
20 34401000 0 33.95977714
20 34437498 0 33.95977714
20 34460986 0 33.95977714
20 34559156 0.149371392832806 33.95977714
20 34650294 2.66635146790515 33.97339055
20 34710584 8.98911532694419 34.13414488
20 34725923 0.777579310141772 34.27202892
20 34759872 0 34.29842696
20 34800041 1.92179949555665 34.29842696
20 34884887 0 34.46148396
20 34910904 0 34.46148396
20 34965270 0.966860952349702 34.46148396
20 35087221 3.25061624524504 34.57939362
20 35154256 0.0909565378900093 34.79729868
20 35197328 0 34.80121636
20 35233378 0 34.80121636
20 35318913 1.21834184645879 34.80121636
20 35463200 3.91160450080826 34.97700725
20 35495372 2.7101728492675 35.10285139
20 35540903 0 35.22624827
20 35578136 0 35.22624827
20 35621776 2.0245418833561 35.22624827
20 35666579 0 35.31695382
20 35702462 0 35.31695382
20 35757652 0 35.31695382
20 35895639 0 35.31695382
20 35924145 5.50173691882993 35.31695382
20 35956386 0 35.49433532
20 36050725 0 35.49433532
20 36079997 0 35.49433532
20 36135896 0 35.49433532
20 36224277 0.734925292312747 35.49433532
20 36274138 2.46987554297423 35.53097943
20 36294627 4.92010403645299 35.58158471
20 36319426 0 35.70359837
20 36347598 0.249703395281924 35.70359837
20 36433099 0.845277869587875 35.72494826
20 36496636 0 35.77865468
20 36544539 0 35.77865468
20 36553740 0 35.77865468
20 36572678 0 35.77865468
20 36596742 0 35.77865468
20 36657679 1.00759211066971 35.77865468
20 36694184 0 35.81543683
20 36739131 1.49806718075736 35.81543683
20 36817457 0.796734355573918 35.93277444
20 36894673 0.0616521022670823 35.99429508
20 36934725 0.245703757948802 35.99676437
20 37042603 0 36.0232704
20 37095644 0 36.0232704
20 37149353 0 36.0232704
20 37213229 0 36.0232704
20 37240282 0 36.0232704
20 37273408 1.25581190873688 36.0232704
20 37309348 0 36.06840428
20 37350898 0.518726908582805 36.06840428
20 37388845 0 36.08808841
20 37416706 0 36.08808841
20 37443444 0 36.08808841
20 37473672 2.06604995956523 36.08808841
20 37529317 0.569149913304085 36.20305376
20 37571995 0 36.22734394
20 37605919 0 36.22734394
20 37694264 1.90495296788854 36.22734394
20 37749758 0.229280675866314 36.3330574
20 37811427 0.26737957408909 36.34719691
20 37887781 0 36.36761241
20 37911470 0 36.36761241
20 38031579 0.33541686035944 36.36761241
20 38081056 0.36124864057365 36.38420783
20 38164731 0.498751291322117 36.41443531
20 38195707 0.0139047198043005 36.42988463
20 38225115 3.66125837097007 36.43029354
20 38257220 0 36.54783824
20 38362221 0.573939543036445 36.54783824
20 38394740 1.31975990949474 36.56650218
20 38418606 0 36.59799957
20 38452484 0 36.59799957
20 38543545 0 36.59799957
20 38571692 0 36.59799957
20 38639822 0 36.59799957
20 38726137 0 36.59799957
20 38758576 0 36.59799957
20 38780303 0.790003125447666 36.59799957
20 38857092 0 36.65866312
20 38885278 3.19875581188542 36.65866312
20 38924637 0 36.78456295
20 38982400 1.61495968605077 36.78456295
20 39010430 0 36.82983027
20 39036375 0.704287982459332 36.82983027
20 39062828 0.718541896947606 36.8484608
20 39156916 0.503435675498796 36.91606697
20 39181409 2.71274137857535 36.92839762
20 39204868 0 36.99203582
20 39238537 0 36.99203582
20 39287657 0.472729144362985 36.99203582
20 39311943 1.8535625035099 37.00351652
20 39383171 0.254324938367117 37.13554207
20 39445232 0 37.15132573
20 39469722 1.16003596251605 37.15132573
20 39498641 0.262584121175114 37.18487281
20 39537989 0.239428071619564 37.19520497
20 39586579 0 37.20683878
20 39619846 0.13469409540084 37.20683878
20 39652634 0 37.21125513
20 39687381 0.460729929110674 37.21125513
20 39722083 0 37.22724338
20 39748050 0 37.22724338
20 39810772 0 37.22724338
20 39838584 1.15522236288659 37.22724338
20 39863071 0 37.25553131
20 39887763 0 37.25553131
20 39910970 1.24233997823959 37.25553131
20 39965197 0 37.32289968
20 39996191 0 37.32289968
20 40029474 0 37.32289968
20 40060386 0 37.32289968
20 40105543 0.578169070949292 37.32289968
20 40261584 4.83186637098498 37.41311776
20 40289542 0.135109430195097 37.54820708
20 40341630 0.847535004516829 37.55524466
20 40394766 0.456669565023497 37.60027928
20 40439619 0.725759543307365 37.62076228
20 40549277 1.46844460400465 37.70034762
20 40623091 0 37.80873939
20 40684807 0 37.80873939
20 40755960 0 37.80873939
20 40788482 0 37.80873939
20 40809757 0 37.80873939
20 40836864 0.484663231886441 37.80873939
20 40914113 0 37.84617914
20 40940374 2.38448296315837 37.84617914
20 40970720 3.0049849518076 37.91853866
20 40996969 0 37.99741651
20 41025188 2.49235782450152 37.99741651
20 41050966 0 38.06166451
20 41070075 0 38.06166451
20 41104184 0 38.06166451
20 41147570 0 38.06166451
20 41185658 0 38.06166451
20 41277836 0.758117507973191 38.06166451
20 41314208 0 38.08923876
20 41357395 1.60932087296526 38.08923876
20 41393456 0 38.14727248
20 41419243 3.90094418103441 38.14727248
20 41465643 0.214304598591051 38.32827629
20 41517311 0 38.33934898
20 41537439 0 38.33934898
20 41594592 0 38.33934898
20 41648089 0.769707480379863 38.33934898
20 41684531 0.632086071693646 38.36739866
20 41718842 0.632086071693565 38.3890861652059
20 41796368 0.234887085868942 38.43808927
20 41818553 0 38.44330024
20 41853874 1.09601795036178 38.44330024
20 41875712 0.449870415200201 38.46723508
20 41924869 0.699659425137232 38.48934936
20 42113227 3.17140597115729 38.62113581
20 42133960 1.71207110118544 38.68688857
20 42210977 0 38.81874715
20 42286958 0 38.81874715
20 42331127 0.548773602009893 38.81874715
20 42485563 0 38.90349755
20 42543356 0.564087537771265 38.90349755
20 42718092 1.47967347588902 39.00206395
20 42743205 0 39.03922299
20 42774516 0 39.03922299
20 42807308 3.62181949987077 39.03922299
20 42876970 0.207220010676465 39.29152618
20 42942535 0.251654955756855 39.30511256
20 43133525 0 39.35317614
20 43159533 0 39.35317614
20 43185447 0 39.35317614
20 43249278 0 39.35317614
20 43279232 0 39.35317614
20 43317334 0 39.35317614
20 43344984 0 39.35317614
20 43447120 0.50110100041105 39.35317614
20 43483605 4.93576105191572 39.37145881
20 43505660 0 39.48031702
20 43528129 0 39.48031702
20 43561729 0.734865615751599 39.48031702
20 43644514 0.181940103302893 39.54115287
20 43750029 1.16876518343292 39.56035028
20 44003408 1.16876518343271 39.856490833413
20 44026070 0 39.88297739
20 44172420 3.69187198283564 39.88297739
20 44217164 0 40.04816651
20 44280089 0 40.04816651
20 44363909 0 40.04816651
20 44396820 2.72448039757048 40.04816651
20 44442095 0 40.17151736
20 44461886 1.64469369127509 40.17151736
20 44480511 0.105785823689606 40.20214978
20 44527519 1.04284046558925 40.20712256
20 44673055 2.1975266886878 40.35889339
20 44840167 0 40.72612647
20 44870572 0 40.72612647
20 44894518 0 40.72612647
20 44920311 0 40.72612647
20 44961873 3.62004094503794 40.72612647
20 45022442 0 40.94538873
20 45053767 0 40.94538873
20 45076553 0 40.94538873
20 45148021 0.781006614473049 40.94538873
20 45269875 0.495845110132158 41.04055751
20 45326625 0.412283764102337 41.06869672
20 45372628 0.082558975292421 41.08766301
20 45608871 4.5870261773773 41.10716699
20 45641953 1.35456380392374 41.25891499
20 45677327 2.2021516890253 41.30683133
20 45726823 0 41.41582903
20 45766550 0.217332901360936 41.41582903
20 45806676 0.964399805284609 41.42454973
20 45872413 0 41.48794648
20 45922379 3.12633570467207 41.48794648
20 45948384 0 41.56924684
20 45971800 0.476963508291463 41.56924684
20 46012686 2.3736477946231 41.58874797
20 46043225 0 41.6612368
20 46058057 0.549762613495302 41.6612368
20 46124910 0 41.69799008
20 46155543 0 41.69799008
20 46185509 0.36775152166132 41.69799008
20 46246955 0 41.72058694
20 46271539 0 41.72058694
20 46321104 0 41.72058694
20 46379622 0.05968384792577 41.72058694
20 46474260 0 41.7262353
20 46529212 6.56119329501482 41.7262353
20 46572881 0.743948902855502 42.01275605
20 46682985 0 42.0946678
20 46709053 0 42.0946678
20 46757862 2.40315225646568 42.0946678
20 46782879 19.5725097396844 42.15478746
20 46805467 0.0155630103353322 42.59689131
20 46840493 0.612671241960015 42.59743642
20 46870655 0 42.61591581
20 46912182 0 42.61591581
20 46964318 0 42.61591581
20 47027027 0 42.61591581
20 47066817 0 42.61591581
20 47139491 2.28191932052033 42.61591581
20 47196829 0 42.7467565
20 47380195 10.909175654387 42.7467565
20 47413203 0 43.10684657
20 47459263 0 43.10684657
20 47508977 0.350762298293648 43.10684657
20 47537050 0 43.11669352
20 47630656 1.2199099223184 43.11669352
20 47666958 1.63106923217444 43.16097869
20 47716227 0 43.24133984
20 47779230 0 43.24133984
20 47804819 3.01322998148352 43.24133984
20 47857745 0 43.40081805
20 47885223 0 43.40081805
20 47899985 0 43.40081805
20 47927239 0 43.40081805
20 47968070 0 43.40081805
20 48077350 0 43.40081805
20 48124253 1.23193904510287 43.40081805
20 48156047 0 43.43998632
20 48250172 0 43.43998632
20 48300532 0.64807134277704 43.43998632
20 48405434 1.02828333440748 43.5079703
20 48467502 0 43.57179379
20 48593010 0.947541280687305 43.57179379
20 48686819 0 43.66068169
20 48709704 2.2185079784532 43.66068169
20 48758899 0.975873607301493 43.76982119
20 48841293 0 43.85022732
20 48874579 0 43.85022732
20 48917496 0 43.85022732
20 48966868 3.13460108251034 43.85022732
20 48991071 0.112449022346413 43.92609407
20 49048351 0 43.93253515
20 49086881 0 43.93253515
20 49126340 0.786875581452269 43.93253515
20 49187609 0 43.98074623
20 49275867 3.36449026925833 43.98074623
20 49360804 0 44.26651594
20 49388599 1.75142741234052 44.26651594
20 49542661 0 44.53634435
20 49613090 0 44.53634435
20 49691751 0 44.53634435
20 49729851 0 44.53634435
20 49779059 5.23516044289289 44.53634435
20 49835777 0.154344118536442 44.83327218
20 49918452 2.28016287790014 44.84603258
20 49961122 0 44.94332713
20 50003225 1.87834998097412 44.94332713
20 50045273 0 45.02230799
20 50081360 0 45.02230799
20 50113331 0 45.02230799
20 50178012 0 45.02230799
20 50257114 0 45.02230799
20 50317446 0 45.02230799
20 50353613 0.461390225205403 45.02230799
20 50519284 1.62760801587538 45.09874697
20 50585802 0 45.2070122
20 50628579 0.234374824200675 45.2070122
20 50703238 0 45.22451039
20 50737703 0.0979670214255926 45.22451039
20 50794831 0 45.23010705
20 50844176 0 45.23010705
20 50879180 0 45.23010705
20 50908612 0 45.23010705
20 50953384 0 45.23010705
20 50983274 0.692765067650629 45.23010705
20 51027989 0 45.26108404
20 51052260 3.29679995001864 45.26108404
20 51084272 0.486327760941299 45.3666212
20 51114959 0 45.38154514
20 51156345 0.693460515254864 45.38154514
20 51257460 1.07573632695755 45.4516644
20 51337764 1.38551389268485 45.53805033
20 51392649 1.16966315653869 45.61409426
20 51423702 0 45.65041581
20 51454715 2.76434324324337 45.65041581
20 51480615 0.720608870344571 45.7220123
20 51512970 4.70929409164187 45.7453276
20 51589878 2.52671173158286 46.10750999
20 51628415 0.185249936831365 46.20488188
20 51675907 0.458995501426346 46.21367977
20 51730591 2.56331820779154 46.23877948
20 51760342 0 46.31504076
20 51788541 0 46.31504076
20 51813752 0.110064341783471 46.31504076
20 51883691 0 46.32273855
20 51912959 0 46.32273855
20 51954165 0.437136925042575 46.32273855
20 52066869 0.870346032557777 46.37200563
20 52125534 0 46.42306448
20 52212800 1.48607255570038 46.42306448
20 52340178 1.06529024421915 46.61235743
20 52471085 0.0614368857253113 46.75181138
20 52611291 1.62730199470827 46.7604252
20 52674408 0 46.86313562
20 52711255 0 46.86313562
20 52750347 0 46.86313562
20 52835591 0.183121623718172 46.86313562
20 52906490 1.33650850329861 46.87611876
20 52939536 15.8376679276756 46.92028502
20 52973107 0 47.45197137
20 53024269 0 47.45197137
20 53064668 0 47.45197137
20 53182690 0 47.45197137
20 53226862 0 47.45197137
20 53256958 0 47.45197137
20 53288210 0 47.45197137
20 53347823 0 47.45197137
20 53373206 0 47.45197137
20 53405386 0 47.45197137
20 53415952 0 47.45197137
20 53443504 0 47.45197137
20 53471719 0 47.45197137
20 53496761 0 47.45197137
20 53529981 0 47.45197137
20 53560212 0 47.45197137
20 53597155 0.519743064179642 47.45197137
20 53680094 0.392150522076783 47.49507834
20 53721563 1.21752737812178 47.51134043
20 53779182 0 47.58149314
20 53829477 1.73307190684132 47.58149314
20 53881002 3.22156830923575 47.67078967
20 53914892 1.15898486168415 47.77996862
20 53975731 0 47.8504801
20 54078002 5.42365079365089 47.8504801
20 54106919 0 48.00731581
20 54131794 4.73529131528343 48.00731581
20 54165589 1.70841104967424 48.16734498
20 54254931 4.21343321917808 48.31997784
20 54263107 0 48.35442687
20 54284016 0 48.35442687
20 54305318 0 48.35442687
20 54369266 0.802353717553896 48.35442687
20 54432910 0 48.40549187
20 54511104 5.43783777002206 48.40549187
20 54554943 0 48.64388124
20 54647513 2.42250771951909 48.64388124
20 54680870 0 48.72468883
20 54710400 0 48.72468883
20 54812945 3.39922379332207 48.72468883
20 54890244 0 48.98744543
20 55007949 1.28809188163413 48.98744543
20 55055902 1.30983522237565 49.0492133
20 55163805 0.0880801515593771 49.19054845
20 55232425 0.766688656973108 49.19659251
20 55277748 1.04816851639923 49.23134114
20 55297841 2.41876768109732 49.25240199
20 55321171 0 49.30883184
20 55350754 0 49.30883184
20 55483079 0 49.30883184
20 55516873 0 49.30883184
20 55570952 6.02858851836021 49.30883184
20 55615423 0 49.5769292
20 55719888 1.84743351086315 49.5769292
20 55838178 0 49.79546211
20 55881979 3.18319101720305 49.79546211
20 55934702 0 49.96328949
20 55976430 0 49.96328949
20 56003536 0 49.96328949
20 56029786 0 49.96328949
20 56060352 0 49.96328949
20 56103271 0 49.96328949
20 56137781 2.49830430669328 49.96328949
20 56230799 0 50.19567676
20 56266819 0 50.19567676
20 56290809 0 50.19567676
20 56351587 0 50.19567676
20 56375408 0 50.19567676
20 56475737 3.58427154090028 50.19567676
20 56500028 7.11953957267493 50.2827423
20 56533258 0 50.5193246
20 56587020 0 50.5193246
20 56609977 0 50.5193246
20 56645809 0 50.5193246
20 56667750 2.07564553557877 50.5193246
20 56713859 0 50.61503054
20 56749304 1.5513618266979 50.61503054
20 56792004 0 50.68127369
20 56793531 0 50.68127369
20 56845243 0 50.68127369
20 56883514 2.72379312796209 50.68127369
20 56925714 0 50.79621776
20 56966594 1.82695928326175 50.79621776
20 57005325 0 50.86697772
20 57049911 0 50.86697772
20 57079239 0.531253385239947 50.86697772
20 57102871 1.36626861163424 50.8795323
20 57159153 1.10904469359559 50.95642863
20 57191708 0 50.99253358
20 57229510 0 50.99253358
20 57277558 0 50.99253358
20 57301095 0 50.99253358
20 57331859 4.08956315915061 50.99253358
20 57436634 0 51.42101756
20 57466172 0.987828357473699 51.42101756
20 57496619 0 51.45109397
20 57530351 0 51.45109397
20 57567031 0.663009560109959 51.45109397
20 57599039 1.50412136092592 51.47231558
20 57647506 1.41513241145383 51.54521583
20 57708830 0.883320443804337 51.63199741
20 57748397 0 51.66694775
20 57772687 2.16252152091737 51.66694775
20 57804168 0 51.73502609
20 57843945 0 51.73502609
20 57902166 0 51.73502609
20 57954912 0.384246665906824 51.73502609
20 57998777 0 51.75188107
20 58038676 0 51.75188107
20 58145385 0.999588725804526 51.75188107
20 58171888 4.5186833947721 51.77837317
20 58195760 0.385625471663913 51.88624318
20 58223587 1.67299864164346 51.89697398
20 58259660 2.06569478719216 51.95732406
20 58292483 0 52.02512636
20 58336239 0 52.02512636
20 58379906 0.433287508597991 52.02512636
20 58486035 0 52.07111073
20 58523306 0 52.07111073
20 58551899 0 52.07111073
20 58586804 1.35983512940948 52.07111073
20 58662803 1.69894480643949 52.17445684
20 58688893 0.426272147023059 52.21878231
20 58743415 0.952907207867068 52.24202352
20 58772092 0.446597995545858 52.26935004
20 58795440 0 52.27977721
20 58859456 0 52.27977721
20 58881657 0 52.27977721
20 58907301 0.783305248015616 52.27977721
20 58946230 0 52.3102705
20 58967596 0.788624228086889 52.3102705
20 59000145 0 52.33593943
20 59038858 1.14508803783313 52.33593943
20 59086224 6.68747033606372 52.39017767
20 59112350 0 52.56489452
20 59163861 2.61339468906363 52.56489452
20 59231608 0.867028077244104 52.74194417
20 59274036 0.867028077244049 52.7787304372613
20 59350245 2.7525485876534 52.84480578
20 59370672 0 52.90103209
20 59443482 0 52.90103209
20 59495159 0 52.90103209
20 59529006 0 52.90103209
20 59555625 3.67159874093344 52.90103209
20 59592160 0.805482141744047 53.03517395
20 59768633 2.16992715001211 53.1773198
20 59805970 0.398434603501505 53.25833837
20 59869085 0 53.28348557
20 59893295 0 53.28348557
20 59918158 0 53.28348557
20 60031735 0 53.28348557
20 60113609 0 53.28348557
20 60270348 12.8049883163203 53.28348557
20 60319134 0 53.90818973
20 60365668 0 53.90818973
20 60391422 0.418202688406278 53.90818973
20 60552112 3.48766457954372 53.97539072
20 60609288 0 54.17480143
20 60645087 0.0994279135033951 54.17480143
20 60700673 0.775284949916271 54.18032823
20 60732819 0 54.20525054
20 60762570 2.2825279882279 54.20525054
20 60812859 0 54.32003659
20 60839388 0 54.32003659
20 60864932 2.26216692654917 54.32003659
20 60925857 0 54.45785911
20 60962666 1.21727151881014 54.45785911
20 61062718 0 54.57964956
20 61220422 0 54.57964956
20 61244855 0 54.57964956
20 61277004 0 54.57964956
20 61310753 6.33549650442325 54.57964956
20 61340934 0 54.77086118
20 61384834 0.342290800986551 54.77086118
20 61444036 1.82552187195762 54.79112548
20 61473823 4.21395081034978 54.8455023
20 61516027 0 55.02334788
20 61558977 3.47345292085594 55.02334788
20 61610794 0.223368429621954 55.20333179
20 61647645 0 55.21156314
20 61670841 0 55.21156314
20 61708731 1.5207781355137 55.21156314
20 61736374 0 55.25360201
20 61769059 4.43044340276955 55.25360201
20 61810872 0 55.43885214
20 61840450 0.677746395123877 55.43885214
20 61874085 0 55.46164814
20 61907323 3.88864992494368 55.46164814
20 61939299 0.39634656619495 55.58599161
20 61971945 0 55.59893074
20 62006100 0 55.59893074
20 62044820 0 55.59893074
20 62087758 0.730132659153704 55.59893074
20 62141354 0 55.63806293
20 62182900 2.77411395015893 55.63806293
20 62224111 0 55.75238694
20 62299626 1.88573814244315 55.75238694
20 62365196 3.04616544417288 55.87603479
20 62394644 0 55.96573827
20 62424711 1.85985023252403 55.96573827
20 62452020 0 56.01652892
20 62477409 1.48848154348517 56.01652892
20 62537740 2.32083089023958 56.1063305
20 62579695 1.87534772524918 56.20370096
20 62670672 0 56.37431447
20 62694788 1.89745918393747 56.37431447
20 62733437 0.383080104864568 56.44764937
20 62767767 2.73772781734653 56.46080051
20 62797813 0 56.54305828
20 62853912 0.287332546669616 56.54305828
20 62929336 0 56.56473005
20 62966157 0.37898835120563 56.56473005
20 63002899 0 56.57865484
20 63066825 0 56.57865484
20 63093179 0 56.57865484
20 63145232 1.4948075923038 56.57865484
20 63176000 0 56.62464708
20 63213809 0 56.62464708
20 63237466 0.445442079582495 56.62464708
20 63261240 6.65784995793583 56.63523702
20 63288579 2.03523974808541 56.81725598
20 63316525 0 56.87413279
20 63344041 0 56.87413279
20 63380694 0.999342933854037 56.87413279
20 63401179 0 56.89460433
20 63455895 0 56.89460433
20 63491933 0 56.89460433
20 63521064 2.24567040585435 56.89460433
20 63583377 0 57.03453879
20 63620380 0 57.03453879
20 63652815 0 57.03453879
20 63676717 1.40772162903783 57.03453879
20 63713524 3.69893511774708 57.0863528
20 63746476 0 57.20824011
20 63786593 0 57.20824011
20 63807637 9.5013067297271 57.20824011
20 63858382 2.03863754615674 57.69038392
20 63882214 0 57.73896873
20 63914703 0 57.73896873
20 63961345 0 57.73896873
20 63987983 5.0074453542429 57.73896873
20 64016805 0 57.88329332
20 64047166 10.1639638431079 57.88329332
20 64062820 2.43195049889833 58.04240001
20 64101405 2.86284569238064 58.13623682
20 64141578 0 58.25124592
20 64204869 3.72682596822241 58.25124592
20 64277373 0 58.52145571
20 64297438 0.771326432739171 58.52145571
20 64322460 0 58.54075584
20 64346985 0 58.54075584
20 64371581 0 58.54075584
20 64452794 1.11218249750357 58.54075584
20 64483841 0 58.57528577
20 64522929 1.34408009748769 58.57528577
20 64632071 0 58.72198136
20 64653514 0 58.72198136
20 64675161 0 58.72198136
20 64745377 6.16227796610161 58.72198136
20 64766027 0 58.8492324
20 64807368 0 58.8492324
20 64835795 0 58.8492324
20 64866726 2.36581739487876 58.8492324
20 64949440 1.24466199649745 59.04491862
20 64983700 2.28616283999742 59.08756074
20 65045024 0 59.22775739
20 65104129 0 59.22775739
20 65154115 1.64495764029207 59.22775739
20 65179847 0.0411969976655031 59.27008544
20 65253523 0 59.27312067
20 65282835 0 59.27312067
20 65321361 0 59.27312067
20 65351653 0.606438013575982 59.27312067
20 65374045 1.03522873557124 59.28670003
20 65411643 4.18869160567432 59.32562256
20 65444844 0 59.46469131
20 65468145 0 59.46469131
20 65520688 0 59.46469131
20 65545266 4.27516819571897 59.46469131
20 65566194 0.257159289592312 59.55416203
20 65598795 0.418396093046983 59.56254568
20 65622138 3.30117192304323 59.5723123
20 65656287 1.8453921773204 59.68504402
20 65699418 0 59.76463763
20 65741860 0.0810295019560937 59.76463763
20 65789145 0 59.76846911
20 65840235 1.5901339786933 59.76846911
20 65880316 0 59.83220327
20 65955264 0 59.83220327
20 65988032 1.23856436429857 59.83220327
20 66082471 0.694613711272323 59.94917205
20 66112811 2.33209791780873 59.97024663
20 66224088 6.83078351633441 60.22975549
20 66253596 0 60.43131825
20 66299312 0 60.43131825
20 66360651 2.08430174459199 60.43131825
20 66396476 0.83902893258415 60.50598836
20 66432076 0.668273668113657 60.53585779
20 66468697 2.35176476581015 60.56033064
20 66507960 5.67614733793215 60.65266798
20 66534199 0 60.80160441
20 66577741 0 60.80160441
20 66601922 0.96004175470373 60.80160441
20 66641678 0.44308317985569 60.83977183
20 66807283 4.57839385616932 60.91314862
20 66895762 0 61.31824033
20 66921301 4.31624099878384 61.31824033
20 66942687 6.20703713510272 61.41054746
20 66972901 1.66274507575774 61.59808688
20 67025701 0.206919527407325 61.68587982
20 67065143 0.305096572124731 61.69404114
20 67116866 0 61.70982165
20 67153938 0.856022430013712 61.70982165
20 67328258 0 61.85904348
20 67356085 0 61.85904348
20 67381293 0 61.85904348
20 67405972 0 61.85904348
20 67443129 25.6997881400667 61.85904348
20 67471544 0 62.58930296
20 67521112 0 62.58930296
20 67563010 0.290644201208102 62.58930296
20 67654736 5.8918931922056 62.61596259
20 67683835 8.10983557481819 62.78741079
20 67706216 0 62.96891702
20 67734400 0 62.96891702
20 67763408 0 62.96891702
20 67782979 0 62.96891702
20 67846798 0 62.96891702
20 67929050 0 62.96891702
20 67952434 4.55363126079441 62.96891702
20 68014966 1.01413682864438 63.25366469
20 68060566 1.01413682864467 63.2999093293862
20 68094730 0 63.3345563
20 68139337 7.23210046047894 63.3345563
20 68163008 1.16267018001875 63.50574735
20 68265664 0 63.62510242
20 68292870 0 63.62510242
20 68323418 6.72846913167152 63.62510242
20 68371234 0 63.9468309
20 68394279 0 63.9468309
20 68432538 0 63.9468309
20 68466730 2.43449281040624 63.9468309
20 68543299 0 64.13323758
20 68575447 1.95706270576051 64.13323758
20 68640146 0 64.25985758
20 68678166 6.89989305692656 64.25985758
20 68708556 2.2246227896697 64.46954533
20 68742940 0 64.54603676
20 68768871 1.72495061314216 64.54603676
20 68795700 0 64.59231546
20 68827826 0 64.59231546
20 68883059 6.14901155527813 64.59231546
20 68908675 0 64.74982854
20 68934547 0 64.74982854
20 68963859 1.25062404638402 64.74982854
20 68990075 4.40489319965123 64.7826149
20 69026779 0 64.9442921
20 69097447 0 64.9442921
20 69150453 1.21407959585986 64.9442921
20 69174801 8.01333604707122 64.97385251
20 69201824 0 65.19039689
20 69233216 1.67449364672532 65.19039689
20 69288227 1.07927986230585 65.28251246
20 69317277 1.24368432569663 65.31386554
20 69362976 0 65.37070067
20 69386176 6.61136217948701 65.37070067
20 69412384 0 65.54397125
20 69445770 5.02585888897002 65.54397125
20 69473096 0 65.68130787
20 69496499 0 65.68130787
20 69518506 0 65.68130787
20 69548641 2.04151809480669 65.68130787
20 69583955 0 65.75340204
20 69607011 0 65.75340204
20 69627639 4.56329770366622 65.75340204
20 69720352 0 66.17647906
20 69747885 0 66.17647906
20 69769960 0 66.17647906
20 69806006 11.0602788826812 66.17647906
20 69828381 0 66.4239528
20 69878154 0 66.4239528
20 69915377 1.60759086002151 66.4239528
20 69954283 0 66.48649773
20 69997598 0.116683459277932 66.48649773
20 70084541 3.80311486317897 66.49664254
20 70108587 0 66.58809224
20 70152336 3.2589605319837 66.58809224
20 70189480 0 66.70914307
20 70241778 0 66.70914307
20 70264535 0.297184057432914 66.70914307
20 70296851 0 66.71874687
20 70354195 0 66.71874687
20 70391925 2.77780983997292 66.71874687
20 70415421 2.6953329234552 66.78401429
20 70496746 0 67.00321224
20 70521195 0 67.00321224
20 70551758 0 67.00321224
20 70582567 0 67.00321224
20 70614282 0 67.00321224
20 70667818 5.95861982947974 67.00321224
20 70694677 0 67.16325481
20 70720844 0.0207350200629299 67.16325481
20 70839970 2.99200681420034 67.16572489
20 70902193 1.35307619314614 67.35189653
20 70948562 0 67.41463732
20 70975538 0 67.41463732
20 70997794 0 67.41463732
20 71025492 0 67.41463732
20 71053477 0 67.41463732
20 71124183 0 67.41463732
20 71153153 0 67.41463732
20 71177834 0 67.41463732
20 71313672 0 67.41463732
20 71377848 0 67.41463732
20 71410943 7.63485142153476 67.41463732
20 71448297 0 67.69982956
20 71502380 0 67.69982956
20 71536477 0 67.69982956
20 71619188 3.97640167006046 67.69982956
20 71677629 0 67.93221445
