Chromosome Position(bp) Rate(cM/Mb) Map(cM)
7 0 0 0
7 386109 0 0
7 413006 0 0
7 448436 0 0
7 521674 0 0
7 546127 1.46071815938514 0
7 687558 0.817390581272652 0.20659083
7 774746 0 0.27785748
7 809315 0 0.27785748
7 833422 0 0.27785748
7 858518 0.0188157310028148 0.27785748
7 885522 0.860631745047762 0.27836558
7 956500 3.973754182335 0.3394515
7 990273 3.56767351736551 0.4736571
7 1044720 0 0.66790622
7 1105668 3.92476567059648 0.66790622
7 1139936 0 0.80240009
7 1167569 0 0.80240009
7 1229529 0 0.80240009
7 1292302 0 0.80240009
7 1325931 0 0.80240009
7 1365056 0 0.80240009
7 1393973 0 0.80240009
7 1433453 0 0.80240009
7 1454224 11.1305257356059 0.80240009
7 1489603 0 1.19618696
7 1517119 0.143612038538587 1.19618696
7 1705813 5.0842317057542 1.22328569
7 1737025 4.30171667628389 1.38197473
7 1757821 0 1.47143323
7 1803756 2.03887638758232 1.47143323
7 1883481 0 1.63398265
7 1915174 2.95134804868623 1.63398265
7 1935878 1.35567925913838 1.69508736
7 1984902 0 1.76154818
7 2042544 0 1.76154818
7 2067867 0 1.76154818
7 2112952 2.66983866815413 1.76154818
7 2136258 10.9978419253981 1.82377144
7 2163764 3.89338734057627 2.12627808
7 2184934 0 2.20870109
7 2214390 6.61305670865971 2.20870109
7 2269796 6.12371604090355 2.57510411
7 2322212 9.71975804696003 2.89608481
7 2386522 0 3.52116245
7 2418692 1.26360454525741 3.52116245
7 2441749 0 3.55029738
7 2487125 0 3.55029738
7 2546807 0 3.55029738
7 2574418 0 3.55029738
7 2588873 6.24621648150628 3.55029738
7 2611286 4.64894288041542 3.69029383
7 2650572 0 3.8729322
7 2682716 1.04580208735986 3.8729322
7 2721521 0 3.91351455
7 2742643 1.63175206189951 3.91351455
7 2801448 0 4.00946973
7 2857940 6.4962622431342 4.00946973
7 2878768 0 4.14477388
7 2904749 0.184879317680734 4.14477388
7 2956455 5.98242541990473 4.15433325
7 3004323 2.26757633707444 4.44069999
7 3036221 0 4.51303114
7 3079094 0 4.51303114
7 3108200 8.18259897473905 4.51303114
7 3156773 5.70890271189474 4.91048452
7 3190292 0 5.10184123
7 3220416 0 5.10184123
7 3248752 0.91505745818638 5.10184123
7 3283908 0 5.13401099
7 3335302 0 5.13401099
7 3356618 2.77603441429519 5.13401099
7 3379283 0 5.19692981
7 3399656 2.0450223483229 5.19692981
7 3425385 3.89020263283487 5.24954619
7 3475673 0.708332196103848 5.4451767
7 3534295 0 5.48670055
7 3573768 0 5.48670055
7 3610894 2.71375647733245 5.48670055
7 3650841 0 5.59510698
7 3676741 0.412277979226843 5.59510698
7 3741825 1.02344256248761 5.62193968
7 3777072 0 5.65801296
7 3821837 0 5.65801296
7 3855939 0 5.65801296
7 3887363 0 5.65801296
7 3909296 2.87138811152569 5.65801296
7 3947888 0 5.76882557
7 3978809 0.630688398678227 5.76882557
7 4034794 3.95252146006732 5.80413466
7 4073121 0 5.95562295
7 4130376 1.15206292105434 5.95562295
7 4145665 4.80903046044866 5.97323684
7 4166840 0 6.07506806
7 4203677 2.40004299091105 6.07506806
7 4254618 0.00188767512491322 6.19732865
7 4295446 2.07327790102243 6.19740572
7 4316354 2.07327790102248 6.24075381435458
7 4355399 2.02051913994208 6.32170495
7 4432045 0 6.47656966
7 4457733 3.18918843579075 6.47656966
7 4505086 0 6.6275873
7 4570440 0.197422519856718 6.6275873
7 4660334 0 6.6453344
7 4701543 3.80007179887867 6.6453344
7 4796252 1.76891795129745 7.0052354
7 4897643 0 7.18458776
7 4990428 0 7.18458776
7 5027580 2.82524264222209 7.18458776
7 5074707 0 7.31773297
7 5101140 8.75070154129673 7.31773297
7 5125016 7.74863096564675 7.52666472
7 5156425 1.6921467401932 7.77004147
7 5181994 0 7.81330797
7 5203443 0 7.81330797
7 5228131 1.7207563719416 7.81330797
7 5269288 5.2882886797007 7.88412914
7 5377006 1.89336262880794 8.45377302
7 5425819 0 8.54619373
7 5473507 0.488899459599359 8.54619373
7 5535313 3.05578616982206 8.57641065
7 5565262 0 8.66792839
7 5587078 6.20012659652279 8.66792839
7 5640397 1.05091157652979 8.99851294
7 5676971 0.947923949386996 9.03694898
7 5711840 0.947923949387007 9.07000214019117
7 5753236 0 9.1092424
7 5775864 0 9.1092424
7 5830055 0 9.1092424
7 5853048 2.20357380098316 9.1092424
7 5875629 0.203170991634247 9.1590013
7 5913163 0 9.16662712
7 5945218 0 9.16662712
7 5980768 0.292071672159866 9.16662712
7 6033257 1.07651255624913 9.18195767
7 6088369 0 9.24128643
7 6114116 10.3815356303352 9.24128643
7 6146448 0 9.57694224
7 6175564 0 9.57694224
7 6212209 0 9.57694224
7 6242010 2.39913378304042 9.57694224
7 6276551 2.91951185528055 9.65981072
7 6318895 0 9.78343453
7 6346703 0 9.78343453
7 6373887 0 9.78343453
7 6394554 0 9.78343453
7 6424254 2.78663464855256 9.78343453
7 6461941 0 9.88845443
7 6483779 1.05125738200418 9.88845443
7 6505284 2.35983647251512 9.91106172
7 6544360 0 10.00327469
7 6568731 0 10.00327469
7 6617382 0 10.00327469
7 6652032 10.2184506930693 10.00327469
7 6677282 1.01672742687581 10.26129057
7 6717385 0 10.30206439
7 6739731 0.310543171221435 10.30206439
7 6769114 7.04029412770617 10.31118908
7 6798353 0.403261468236001 10.51704024
7 6851369 0.943415669764794 10.53841955
7 6962296 0 10.64306982
7 7054542 0 10.64306982
7 7113944 2.6150183326901 10.64306982
7 7165764 0 10.77858007
7 7224643 0.53861672546171 10.77858007
7 7248738 0 10.79155804
7 7252369 0 10.79155804
7 7353546 3.38549754645646 10.79155804
7 7378408 1.85448274319457 10.87572828
7 7467822 0 11.041545
7 7721497 0 11.041545
7 7744255 0 11.041545
7 7841810 0 11.041545
7 7936427 0 11.041545
7 7978818 0 11.041545
7 8010312 0 11.041545
7 8150630 0 11.041545
7 10641271 0.529347732018517 11.041545
7 11145067 0 11.30822827
7 11234442 0 11.30822827
7 11306757 0 11.30822827
7 11332238 0.80235703542512 11.30822827
7 11394736 0.929977560866243 11.35837398
7 11403649 3.1813036062378 11.36666287
7 11461105 0 11.54944785
7 11517735 0 11.54944785
7 11650225 0.790913395350039 11.54944785
7 11727946 0 11.61091843
7 11763682 0 11.61091843
7 11783890 0 11.61091843
7 11896734 0 11.61091843
7 12042201 1.85207279577996 11.61091843
7 12174901 2.51717313311388 11.85668849
7 12201938 3.43094148972487 11.9247453
7 12231232 0.880490566037727 12.0252513
7 12261707 2.07248707368422 12.05208425
7 12321082 0.811448326238599 12.17513817
7 12360783 0.304618513741514 12.20735348
7 12380941 0 12.21349398
7 12416212 0 12.21349398
7 12474913 1.58049442379174 12.21349398
7 12499123 0 12.25175775
7 12522228 0 12.25175775
7 12550564 0 12.25175775
7 12573783 8.56087303275207 12.25175775
7 12611399 0.635433318800555 12.57378355
7 12632042 0.970216833431414 12.5869008
7 12674517 0 12.62811076
7 12709431 0 12.62811076
7 12771706 0 12.62811076
7 12797142 0 12.62811076
7 12819691 0.957909092687881 12.62811076
7 12921905 0 12.72602248
7 12942681 1.45604396672135 12.72602248
7 13025016 0.214633851069259 12.84590586
7 13185265 0 12.88030072
7 13211365 1.93171632325843 12.88030072
7 13253152 1.23625728283905 12.96102135
7 13283360 1.56195989452376 12.99836621
7 13315974 2.98312162923611 13.04930797
7 13378089 1.73803913874292 13.23460457
7 13553925 1.14582283411986 13.54021442
7 13643773 0.786897304747822 13.64316431
7 13764207 0 13.7379335
7 13806683 0.179856242654874 13.7379335
7 14253408 6.99117179101277 13.81827978
7 14272012 17.3578334752508 13.94834354
7 14299023 0 14.41719598
7 14317974 0 14.41719598
7 14370700 0 14.41719598
7 14446062 0 14.41719598
7 14469519 0 14.41719598
7 14556710 0 14.41719598
7 14578461 0 14.41719598
7 14667036 0 14.41719598
7 14695086 0.0460378557415165 14.41719598
7 14820985 4.74662723193273 14.4229921
7 14884719 0 14.72551364
7 14974844 0 14.72551364
7 15071585 13.1285574132264 14.72551364
7 15113274 1.28474123059236 15.27283007
7 15144576 0 15.31304504
7 15170850 0 15.31304504
7 15226521 0 15.31304504
7 15266124 0 15.31304504
7 15295418 0 15.31304504
7 15339516 0 15.31304504
7 15363255 0 15.31304504
7 15386661 0 15.31304504
7 15409865 0 15.31304504
7 15451772 2.74843713278489 15.31304504
7 15476451 0 15.38087372
7 15501033 0 15.38087372
7 15582653 0 15.38087372
7 15602843 4.6570839222278 15.38087372
7 15629022 2.73865943319839 15.50279152
7 15659897 0.0018159014415316 15.58734763
7 15754379 1.51779939903502 15.5875192
7 15823601 1.49756349137799 15.69258431
7 16182508 0.58488989075776 16.23007033
7 16269013 0 16.28066623
7 16306980 1.5810254656636 16.28066623
7 16406408 0 16.43786443
7 16462754 0.353844725387353 16.43786443
7 16530067 0 16.46168278
7 16553271 0 16.46168278
7 16573713 1.5035490633849 16.46168278
7 16610441 1.64493876557893 16.51690513
7 16647430 0.248738551005537 16.57774977
7 16688700 1.23101479630769 16.58801521
7 16755541 0.659656574151919 16.67029747
7 16798345 3.08819117016718 16.69853341
7 16824008 0.810149615151769 16.77778566
7 16928075 1.68145437239163 16.8620955
7 16969048 0 16.93098973
7 17052596 0 16.93098973
7 17072768 0 16.93098973
7 17148337 0 16.93098973
7 17223080 13.7329372061629 16.93098973
7 17244563 0.639233834703053 17.22601442
7 17502523 0.921516331411553 17.39091118
7 17589074 0 17.47066934
7 17616119 0.178033933944825 17.47066934
7 17643702 1.33403688406219 17.47558005
7 17712946 6.62664264958785 17.5679541
7 17746672 0.0167649941102333 17.79144425
7 17847695 0.652643209007726 17.7931379
7 17940965 0.652643209007728 17.8540099321042
7 17996900 0 17.89051553
7 18063252 0 17.89051553
7 18128870 8.0682055951002 17.89051553
7 18201362 6.64023463810519 18.47539589
7 18237588 0 18.71594503
7 18304843 0.226825831373828 18.71594503
7 18364383 0 18.72945024
7 18390643 1.93421309307326 18.72945024
7 18451133 0 18.84645079
7 18490225 0 18.84645079
7 18537306 0 18.84645079
7 18603438 0 18.84645079
7 18635045 0 18.84645079
7 18708157 5.63357047153912 18.84645079
7 18754431 0 19.10713863
7 18808573 0 19.10713863
7 18837225 0.979133609876039 19.10713863
7 18877484 1.23953755094778 19.14655757
7 19113510 5.4777332296757 19.43912066
7 19140522 0 19.58708519
7 19209398 1.84404502400415 19.58708519
7 19224812 0 19.6155093
7 19253279 3.59596846074733 19.6155093
7 19288283 3.63075259143358 19.74138258
7 19339413 0.699785643451073 19.92702296
7 19365631 0.484542379047036 19.94536994
7 19393121 0.34958404299602 19.95869001
7 19419542 0 19.96792637
7 19556429 0 19.96792637
7 19718988 0 19.96792637
7 19776333 4.78523278025398 19.96792637
7 19803032 0 20.0956873
7 19827759 0.824496211763975 20.0956873
7 19923186 0 20.1743665
7 20025300 3.74458854198737 20.1743665
7 20074017 0.843586728265492 20.35679162
7 20095446 0 20.37486884
7 20121357 0.547389860276673 20.37486884
7 20236370 0 20.43782579
7 20264097 0 20.43782579
7 20291788 0 20.43782579
7 20324208 0 20.43782579
7 20355414 1.2418840979014 20.43782579
7 20377191 0 20.4648703
7 20382516 0.969079531804308 20.4648703
7 20418313 0 20.49956044
7 20448639 0 20.49956044
7 20476338 0.0176081819466472 20.49956044
7 20731094 0.273849323997569 20.50404623
7 20873771 2.48333650096665 20.54311823
7 20904288 0 20.61890221
7 20940338 0.217840145608176 20.61890221
7 21029344 3.7667009164911 20.63829129
7 21064478 0 20.77063056
7 21107855 0 20.77063056
7 21196633 1.71893124000575 20.77063056
7 21231028 0 20.8297532
7 21283748 0 20.8297532
7 21358679 0 20.8297532
7 21386399 0 20.8297532
7 21415212 0 20.8297532
7 21510663 4.16099082295014 20.8297532
7 21577678 0.349500446808044 21.108602
7 21623559 0.0077393760262752 21.12463743
7 21699684 1.20003251231514 21.12522659
7 21719984 0 21.14958725
7 21756284 0.699519862817896 21.14958725
7 21777278 0.777523406119197 21.16427297
7 21978187 1.38947770333554 21.32048442
7 22019830 0 21.37834644
7 22040980 0 21.37834644
7 22082362 0 21.37834644
7 22108372 0 21.37834644
7 22130729 0 21.37834644
7 22202959 0 21.37834644
7 22223979 0 21.37834644
7 22273701 0 21.37834644
7 22318140 3.62557375091074 21.37834644
7 22401861 5.18123111577809 21.6818831
7 22460905 6.24989468701927 21.98780371
7 22494709 2.67135618330698 22.19907515
7 22544658 4.22768635756707 22.33250672
7 22566377 0.000384832451521737 22.42432784
7 22594727 0 22.42433875
7 22769125 1.22502423472897 22.42433875
7 23023512 0 22.73596899
7 23085563 2.91745106263981 22.73596899
7 23142779 6.25063230501424 22.90289387
7 23219182 0 23.38046093
7 23246827 0 23.38046093
7 23328346 0 23.38046093
7 23350685 5.1335157885919 23.38046093
7 23374563 0 23.50303902
7 23423434 0 23.50303902
7 23451699 0 23.50303902
7 23472428 72.8391387559812 23.50303902
7 23474936 0 23.68571958
7 23529977 2.48614024892245 23.68571958
7 23550626 0.520112773985614 23.73705589
7 23574213 0 23.74932379
7 23617074 2.86792974544595 23.74932379
7 23684486 8.18187989799721 23.94265667
7 23716642 0 24.2057532
7 23741599 0 24.2057532
7 23777525 1.51584923621877 24.2057532
7 23798782 1.5158492362188 24.2379756072143
7 23823525 1.51584923621873 24.2754822648661
7 23867865 6.48625010626534 24.34269502
7 23891391 0.565271229978852 24.49529054
7 23917863 2.78550673901627 24.5102544
7 23952141 0 24.605736
7 23972629 1.11690963013664 24.605736
7 24007696 0.145927821711003 24.64490267
7 24181571 4.7568449095578 24.67027587
7 24218169 2.55632443896926 24.84436688
7 24375647 0 25.24693174
7 24397878 0 25.24693174
7 24424774 3.3992379329926 25.24693174
7 24468799 0.817130120796659 25.39658319
7 24706140 0 25.59052167
7 24783223 1.56128474157833 25.59052167
7 24833451 1.21208549269104 25.66894188
7 24861430 2.61099188932261 25.70285482
7 24892384 2.61099188932279 25.7836754629421
7 24910871 0 25.83194487
7 24932436 0 25.83194487
7 24956224 0 25.83194487
7 25073548 21.0750756485721 25.83194487
7 25096483 0 26.31530173
7 25168890 0.891712981465168 26.31530173
7 25281489 1.886136376074 26.41570772
7 25318035 1.66252347494905 26.48463846
7 25348493 0 26.5352756
7 25379828 4.08258913772509 26.5352756
7 25405771 5.7279080359523 26.64119021
7 25447048 0 26.87762107
7 25481569 0 26.87762107
7 25508094 0 26.87762107
7 25570084 7.34019001269572 26.87762107
7 25617344 15.9935131094754 27.22451845
7 25643432 1.32402027742487 27.64175722
7 25681208 0 27.69177341
7 25725796 8.63284702701542 27.69177341
7 25772399 0.617723904782474 28.09408998
7 25851082 0 28.14269435
7 25885471 0 28.14269435
7 25912778 0 28.14269435
7 25936782 0 28.14269435
7 25967374 5.35399614267046 28.14269435
7 26046185 0 28.56464814
7 26087475 0 28.56464814
7 26204887 0 28.56464814
7 26228828 5.77224099768542 28.56464814
7 26307891 14.0749921277242 29.02101883
7 26344094 3.55276067729009 29.53057577
7 26398251 14.3836936382382 29.72298263
7 26430742 0 30.19032322
7 26466841 0 30.19032322
7 26497485 0 30.19032322
7 26543326 5.59050672681868 30.19032322
7 26580565 1.84789032101171 30.3985081
7 26625388 1.84789032101169 30.4813360878587
7 26671029 0 30.56567565
7 26707302 5.14135335745445 30.56567565
7 26744890 3.647971961128 30.75892884
7 26769998 0 30.85052212
7 26799264 4.62932962138079 30.85052212
7 26826204 0 30.97523626
7 26865012 2.90063881047844 30.97523626
7 26920631 2.51261998426426 31.13656689
7 26940967 0 31.18766353
7 26995609 5.26257372058691 31.18766353
7 27072148 0 31.59045566
7 27103526 1.94674022698605 31.59045566
7 27125730 0 31.63368108
7 27164197 0 31.63368108
7 27198824 0 31.63368108
7 27239757 0 31.63368108
7 27277595 2.6893329814608 31.63368108
7 27307909 0 31.71520552
7 27359209 8.89212724127078 31.71520552
7 27384641 0 31.9413501
7 27440972 0 31.9413501
7 27538862 0 31.9413501
7 27571448 0 31.9413501
7 27595494 1.46382595582363 31.9413501
7 27618040 0 31.97435352
7 27638200 4.41434974486275 31.97435352
7 27667204 0 32.10238732
7 27756085 0 32.10238732
7 27800784 0 32.10238732
7 27821931 0 32.10238732
7 27870224 2.77572629864168 32.10238732
7 27957392 0 32.34434183
7 28003385 1.01870934523308 32.34434183
7 28049997 2.39368892903984 32.39182591
7 28268063 1.33126441328292 32.91380808
7 28318624 2.4081614758771 32.98111814
7 28415109 4.02114062598667 33.2134696
7 28462618 0.203151300354432 33.40450997
7 28502684 3.6003004392661 33.41264943
7 28587826 0 33.71918621
7 28651409 0 33.71918621
7 28766721 0 33.71918621
7 28882031 0 33.71918621
7 28902673 7.95371547200297 33.71918621
7 28937355 0.474055461975178 33.99503697
7 28969413 0 34.01023424
7 29008910 0 34.01023424
7 29044477 3.02130991412956 34.01023424
7 29178982 2.26568258003979 34.41661553
7 29311135 8.1951315985574 34.71603228
7 29344684 4.1457926387668 34.99097075
7 29422008 0 35.31154002
7 29488227 0.160457802376788 35.31154002
7 29511534 1.25641807818895 35.31527981
7 29536448 0.406927145506956 35.34658221
7 29590899 0 35.3687398
7 29632170 0.00724195435935226 35.3687398
7 29666350 0.553696982578558 35.36898733
7 29802791 10.7698590745299 35.4445343
7 29830820 0 35.74640268
7 29856100 5.90602009626538 35.74640268
7 29884563 0 35.91450573
7 29944979 0 35.91450573
7 30036916 3.06412461779288 35.91450573
7 30105269 1.18160692795382 36.12394784
7 30185870 2.76825424165728 36.21918654
7 30271214 0 36.45544043
7 30325181 0 36.45544043
7 30358105 0 36.45544043
7 30398908 0 36.45544043
7 30446163 0 36.45544043
7 30509833 0.293119143754409 36.45544043
7 30587848 1.49199338641924 36.47830812
7 30640467 1.66756805129931 36.55681532
7 30718129 0.66264292433101 36.68632199
7 30756401 0.976652566567591 36.71168266
7 30842216 0 36.7954941
7 30893983 1.03414597441688 36.7954941
7 31053463 0 36.9604197
7 31097653 0.714353589006319 36.9604197
7 31159216 0 37.00439745
7 31184677 4.5120363857891 37.00439745
7 31220790 0 37.16734062
7 31271517 1.2558711038385 37.16734062
7 31322240 0 37.23104217
7 31343335 0 37.23104217
7 31457843 9.38407381885524 37.23104217
7 31481062 1.23502254484193 37.44893098
7 31521426 0 37.49878143
7 31589214 0 37.49878143
7 31643707 1.39421117296018 37.49878143
7 31683589 0 37.55438536
7 31743184 0.0445782979668288 37.55438536
7 31806238 1.25531397428795 37.5571962
7 31901835 0 37.67720045
7 32010210 0 37.67720045
7 32039528 0 37.67720045
7 32071172 0 37.67720045
7 32124679 0 37.67720045
7 32165961 5.80710269317901 37.67720045
7 32205691 0 37.90791664
7 32248787 0 37.90791664
7 32271801 0 37.90791664
7 32305922 0 37.90791664
7 32334690 0.979053772208918 37.90791664
7 32398459 2.7958513694298 37.97034992
7 32494886 0 38.23994548
7 32525437 3.26435694791863 38.23994548
7 32543025 1.15274154283119 38.29735899
7 32582459 0 38.3428162
7 32612196 0 38.3428162
7 32641467 0 38.3428162
7 32682099 4.8823402345132 38.3428162
7 32718856 0 38.52227638
7 32773705 0 38.52227638
7 32825853 0 38.52227638
7 32860542 2.29356774015523 38.52227638
7 32936649 1.38420346787014 38.69683294
7 32991380 0 38.77259178
7 33111323 2.54602194573665 38.77259178
7 33201181 0 39.00137222
7 33225943 4.72783651371597 39.00137222
7 33278400 0 39.24938034
7 33299330 3.87474965721618 39.24938034
7 33344548 0.144825098592444 39.42458877
7 33375737 2.0765637432854 39.42910572
7 33525039 0.948688539586329 39.73914084
7 33590630 12.1484174042866 39.80136627
7 33609384 0 40.02919769
7 33666641 0.628403521561374 40.02919769
7 33702307 0 40.05161033
7 33733352 0 40.05161033
7 33761341 0 40.05161033
7 33782646 0.0253322750333885 40.05161033
7 33814773 0 40.05242418
7 33854683 0 40.05242418
7 33929533 0 40.05242418
7 34056175 8.13174927623034 40.05242418
7 34096243 0 40.37824711
7 34168848 0 40.37824711
7 34195094 1.53401942050483 40.37824711
7 34220737 2.92682257507761 40.41758397
7 34243913 0.615896133438937 40.48541601
7 34411840 1.56717174973979 40.5888416
7 34480073 0 40.69577443
7 34503586 0 40.69577443
7 34553590 0.165681595941417 40.69577443
7 34760164 4.29386892865447 40.72999994
7 34781679 1.75182786495505 40.82238253
7 34802709 0.866162453518697 40.85922347
7 34832022 0 40.88461329
7 34939728 1.00941021721359 40.88461329
7 34967857 1.30314919221893 40.91300699
7 35028517 0 40.99205602
7 35071618 0.672432377559754 40.99205602
7 35179977 0.7071752448859 41.06492012
7 35208868 0 41.08535112
7 35253454 1.8636874375944 41.08535112
7 35452755 1.54621749281614 41.45678589
7 35508435 0 41.54287928
7 35532412 1.95214515164065 41.54287928
7 35641057 0 41.75497009
7 35676428 0 41.75497009
7 35718611 2.3138979911669 41.75497009
7 35739668 0 41.80369384
7 35773347 0 41.80369384
7 35797660 0 41.80369384
7 35827850 0.723960358300033 41.80369384
7 35906555 0.511325296933063 41.86067314
7 35934760 0 41.87509507
7 36009511 0 41.87509507
7 36039581 0 41.87509507
7 36136185 3.77740166740161 41.87509507
7 36183804 0 42.05497116
7 36283231 9.50179505272644 42.05497116
7 36308740 0.106787061797193 42.29735245
7 36336039 0 42.30026763
7 36484722 9.65660569496196 42.30026763
7 36510745 0 42.55156148
7 36553840 1.61862824207498 42.55156148
7 36595480 0 42.61896116
7 36626525 2.29695962291455 42.61896116
7 36666622 0.945695841866045 42.71106235
7 36689084 0.352649171270993 42.73230457
7 36718044 0.977308009568547 42.74251729
7 36766536 2.92451280091703 42.78990891
7 36834578 3.39988191869865 42.98889861
7 36906910 3.39988191869868 43.2348188689433
7 37018265 0.8574558327488 43.61341272
7 37048208 0.530341140529531 43.63908752
7 37093380 0 43.66304409
7 37190298 11.2546209778806 43.66304409
7 37219729 0 43.99427884
7 37248767 0 43.99427884
7 37324655 0 43.99427884
7 37352736 0 43.99427884
7 37374185 9.07271567070166 43.99427884
7 37410699 2.01638010621934 44.32555998
7 37430846 0 44.36618399
7 37463704 0 44.36618399
7 37486362 0 44.36618399
7 37509032 0 44.36618399
7 37529456 0 44.36618399
7 37554192 0 44.36618399
7 37581897 9.88472462925262 44.36618399
7 37616287 0 44.70611967
7 37647123 0 44.70611967
7 37677097 0 44.70611967
7 37710008 0 44.70611967
7 37736082 1.03316882663546 44.70611967
7 37758999 0.044660059400679 44.7297968
7 37820951 0 44.73256358
7 37842531 0 44.73256358
7 37874845 0 44.73256358
7 37915577 1.38214812456007 44.73256358
7 37975243 6.56702260397838 44.81503083
7 38019483 0 45.10555591
7 38039999 0 45.10555591
7 38097774 0 45.10555591
7 38140643 0 45.10555591
7 38173937 0 45.10555591
7 38197339 0 45.10555591
7 38298547 0 45.10555591
7 38319402 0 45.10555591
7 38346722 0 45.10555591
7 38377151 1.91074086082515 45.10555591
7 38401825 0 45.15270153
7 38441466 0 45.15270153
7 38583978 0 45.15270153
7 38608111 0 45.15270153
7 38708301 0 45.15270153
7 38779937 2.99213771392213 45.15270153
7 38809796 0 45.24204377
7 38846080 0.306017790485262 45.24204377
7 38934217 0.457205398361081 45.26901526
7 38979490 0.0174777610742508 45.28971432
7 39156432 0.0422030018469354 45.29280687
7 39194875 0.950401435540374 45.29442928
7 39241408 0.829869158878524 45.33865431
7 39260133 0.096200790336943 45.35419361
7 39286957 7.0266946765986 45.3567741
7 39308973 0 45.51147381
7 39344641 0 45.51147381
7 39366213 0 45.51147381
7 39395593 0 45.51147381
7 39449426 0 45.51147381
7 39470408 0 45.51147381
7 39501264 0 45.51147381
7 39534416 3.01364601283421 45.51147381
7 39629007 0 45.7965376
7 39652628 0 45.7965376
7 39673026 0 45.7965376
7 39695685 1.73290890829014 45.7965376
7 39721571 0.624207375077069 45.84139568
7 39757313 0 45.8637061
7 39806416 0.645760574805925 45.8637061
7 39849561 0 45.89156744
7 39900031 0 45.89156744
7 39964153 0 45.89156744
7 39994553 1.8654771728 45.89156744
7 40060965 0 46.01545751
7 40139230 10.7767012313675 46.01545751
7 40179348 0 46.44779721
7 40199671 0 46.44779721
7 40222313 0 46.44779721
7 40305483 0 46.44779721
7 40327264 0 46.44779721
7 40351250 0 46.44779721
7 40388364 1.51354625904561e-06 46.44779721
7 40441220 0 46.44779729
7 40472082 4.46515694272031 46.44779729
7 40511555 0.697109039005749 46.62405043
7 40591774 0 46.67997182
7 40687768 1.93671580497382 46.67997182
7 40748888 0 46.79834389
7 40774613 0.22039296644154 46.79834389
7 40850421 0 46.81505144
7 40898134 0.863937025529386 46.81505144
7 40929353 0.605419623195387 46.84202269
7 40957962 1.80722720932723 46.85934314
7 41041845 0 47.01093878
7 41062081 0 47.01093878
7 41113860 0 47.01093878
7 41170104 0 47.01093878
7 41223498 0 47.01093878
7 41249226 0 47.01093878
7 41322999 0 47.01093878
7 41450432 0 47.01093878
7 41484076 0 47.01093878
7 41585477 1.00888570641698 47.01093878
7 41621787 2.29002979366793 47.04757142
7 41644275 0 47.09906961
7 41694084 0 47.09906961
7 41769258 0 47.09906961
7 41803776 0 47.09906961
7 41827969 0 47.09906961
7 41896105 0 47.09906961
7 41964060 0 47.09906961
7 41982734 0 47.09906961
7 42030943 0 47.09906961
7 42057689 0 47.09906961
7 42096163 0 47.09906961
7 42149619 0 47.09906961
7 42207500 0 47.09906961
7 42236368 0 47.09906961
7 42261368 0 47.09906961
7 42322361 0 47.09906961
7 42475062 0 47.09906961
7 42545291 1.27001341550353 47.09906961
7 42569144 2.88406823445572 47.12936324
7 42602822 0 47.22649289
7 42627355 0 47.22649289
7 42659928 0 47.22649289
7 42704347 0.498156170477014 47.22649289
7 42804161 0 47.27621585
7 42879707 0 47.27621585
7 43018116 0.284924234650357 47.27621585
7 43047351 0 47.28454561
7 43085607 0 47.28454561
7 43105247 0 47.28454561
7 43163282 0 47.28454561
7 43190739 0 47.28454561
7 43217648 0.647303328518114 47.28454561
7 43284104 0 47.3275628
7 43541948 0 47.3275628
7 43580347 0.110045360396163 47.3275628
7 43715046 0 47.3423858
7 43741249 0.330030750573545 47.3423858
7 43764338 0 47.35000588
7 43792866 0 47.35000588
7 43820298 0.524084820652025 47.35000588
7 43877784 0 47.38013342
7 43951008 0 47.38013342
7 44022730 0 47.38013342
7 44131991 0.00515384547700796 47.38013342
7 44245644 0 47.38071917
7 44326829 0 47.38071917
7 44379268 5.79872899290429 47.38071917
7 44403367 0 47.52046274
7 44487531 1.08126684502576 47.52046274
7 44568267 0 47.6077599
7 44672168 0 47.6077599
7 44733105 0.747082559302781 47.6077599
7 44789089 0 47.64958457
7 44827072 0 47.64958457
7 44851097 0 47.64958457
7 44904188 0 47.64958457
7 44945647 0.235642765168194 47.64958457
7 44997680 0.119321794371371 47.66184577
7 45071979 8.00476532069584 47.67071126
7 45102787 0 47.91732207
7 45124464 0 47.91732207
7 45178735 0 47.91732207
7 45227737 0.175901218013294 47.91732207
7 45254584 0 47.92204449
7 45275260 0 47.92204449
7 45286574 0.34323257811663 47.92204449
7 45323826 0.237606263982258 47.93483059
7 45350646 6.70549888776528 47.94120319
7 45375371 0 48.10699665
7 45402272 0 48.10699665
7 45440815 0.0241004552037993 48.10699665
7 45479479 0.423931810962481 48.10792847
7 45507812 0 48.11993973
7 45528045 3.55207522652236 48.11993973
7 45556519 0 48.22108152
7 45578304 0 48.22108152
7 45608714 3.9024736468921 48.22108152
7 45629869 0 48.30363835
7 45668300 0 48.30363835
7 45691037 0 48.30363835
7 45729837 0 48.30363835
7 45766695 0 48.30363835
7 45800275 0 48.30363835
7 46032825 0 48.30363835
7 46066923 4.14876290529814 48.30363835
7 46133078 0 48.57809976
7 46218847 0 48.57809976
7 46249260 0 48.57809976
7 46278905 0.397590400128436 48.57809976
7 46303822 2.53450698287785 48.58800652
7 46366168 2.534506982878 48.7460228923545
7 46396334 0 48.82247883
7 46425181 0 48.82247883
7 46454923 0 48.82247883
7 46479739 0 48.82247883
7 46499390 5.68839271421987 48.82247883
7 46540621 0 49.05701695
7 46584625 0.0140374037403899 49.05701695
7 46628257 1.84156677652983 49.05762943
7 46722010 0 49.23028184
7 46762222 0 49.23028184
7 46786336 0.547249857764514 49.23028184
7 46851369 0 49.26587114
7 46880865 7.42748234147902 49.26587114
7 46905499 0 49.44883974
7 46940783 2.23858725594081 49.44883974
7 46973818 0 49.52279147
7 46998950 0.188294839966211 49.52279147
7 47118581 0.0424645332864368 49.54531737
7 47220860 0 49.5496606
7 47256926 6.36167322047457 49.5496606
7 47286934 2.98073871051938 49.74056169
7 47313751 0 49.82049616
7 47352367 4.27948072444507 49.82049616
7 47404324 3.1534899840497 50.04284514
7 47489588 0 50.31172431
7 47510255 0 50.31172431
7 47551014 0 50.31172431
7 47648490 0 50.31172431
7 47739341 0.935952240029119 50.31172431
7 47871125 0.759490634685311 50.43506784
7 47915651 0 50.46888492
7 48120936 1.51249720446133 50.46888492
7 48190690 0.635409230600938 50.57438765
7 48300347 0 50.64406472
7 48325959 0 50.64406472
7 48404826 0 50.64406472
7 48430753 6.73007515342437 50.64406472
7 48461224 0 50.84913684
7 48501171 0 50.84913684
7 48542265 3.91511027370096 50.84913684
7 48567475 0 50.94783677
7 48610008 4.67394228552976 50.94783677
7 48631701 0 51.0492286
7 48680543 0 51.0492286
7 48755566 0 51.0492286
7 48788678 1.60673851000455 51.0492286
7 48852799 0 51.15225428
7 48892893 6.84667587477008 51.15225428
7 48913527 0 51.29352859
7 48945842 0 51.29352859
7 48982387 0.693416174791317 51.29352859
7 49231095 0.90374224038016 51.46598674
7 49420054 0 51.63675697
7 49526867 0 51.63675697
7 49556691 0.452103882968244 51.63675697
7 49962051 0.0864897261884164 51.8200218
7 50600081 0 51.87520484
7 50664346 0 51.87520484
7 50794543 0 51.87520484
7 50862531 0 51.87520484
7 50921935 0 51.87520484
7 50945701 0 51.87520484
7 50974963 0 51.87520484
7 51000821 0 51.87520484
7 51038075 0.0384867578430164 51.87520484
7 51106002 0.477440221913976 51.87781913
7 51178102 1.08181046879493 51.91224257
7 51219826 0 51.95738003
7 51294680 0 51.95738003
7 51418311 0 51.95738003
7 51517206 0 51.95738003
7 51652762 0 51.95738003
7 51754749 0 51.95738003
7 51785251 0.220238529031066 51.95738003
7 51826965 0 51.96656706
7 51981817 0 51.96656706
7 52176483 0 51.96656706
7 52224828 0 51.96656706
7 52249785 0 51.96656706
7 52368369 0.736280680720721 51.96656706
7 52398396 0 51.98867536
7 52418587 0 51.98867536
7 52464625 1.86997838651316 51.98867536
7 52527086 0 52.10547608
7 52773163 0.18518915850707 52.10547608
7 52843633 0 52.11852636
7 52886233 0 52.11852636
7 52950551 0 52.11852636
7 52983007 0 52.11852636
7 53020077 0 52.11852636
7 53053673 0 52.11852636
7 53092322 0 52.11852636
7 53233377 0 52.11852636
7 53261474 0 52.11852636
7 53292556 0 52.11852636
7 53326389 15.8406518294191 52.11852636
7 53354786 0 52.56835335
7 53462499 0 52.56835335
7 53551894 2.16313687704078 52.56835335
7 53570575 0 52.60876291
7 53596147 0 52.60876291
7 53664626 2.55666900894066 52.60876291
7 53772783 2.42476932267255 52.88528456
7 53838069 0 53.04358805
7 53909229 0 53.04358805
7 53930717 0 53.04358805
7 53981262 0 53.04358805
7 54108331 0 53.04358805
7 54136253 0 53.04358805
7 54168856 11.3415011770154 53.04358805
7 54194769 0 53.33748037
7 54243364 0.214968510090499 53.33748037
7 54265117 0 53.34215658
7 54361876 0 53.34215658
7 54402978 2.83800062401053 53.34215658
7 54489515 0 53.58774864
7 54513641 0 53.58774864
7 54533689 0 53.58774864
7 54585899 0.161869908930424 53.58774864
7 54827253 20.7998531850358 53.62681659
7 54851978 0 54.14109296
7 54970766 0 54.14109296
7 55004131 0 54.14109296
7 55050466 0 54.14109296
7 55071899 0 54.14109296
7 55135068 0 54.14109296
7 55186678 0.893872866391966 54.14109296
7 55234250 0 54.18361628
7 55393142 0 54.18361628
7 55416080 0 54.18361628
7 55493863 0 54.18361628
7 55508633 0 54.18361628
7 55541674 0 54.18361628
7 55567655 1.52471499112046 54.18361628
7 55613829 9.35248244126907 54.25401847
7 55634474 0 54.44710047
7 55666681 0 54.44710047
7 55700335 0.00629498782044656 54.44710047
7 55762324 4.27456683113294 54.44749069
7 55784821 2.05226859142618 54.54365562
7 55807681 0 54.59057048
7 55904814 3.05583145906102 54.59057048
7 55946608 0 54.7182859
7 55992973 1.43706885483545 54.7182859
7 56089553 0.584399722350308 54.85707801
7 56304212 2.31998393267039 54.98252467
7 56343422 0 55.07349124
7 56381886 0 55.07349124
7 56431311 0 55.07349124
7 56485366 0 55.07349124
7 56544865 1.59562787783412 55.07349124
7 56613493 0.50429795504644 55.18299599
7 56709192 0 55.2312568
7 56726933 0 55.2312568
7 56748159 0 55.2312568
7 56774182 0 55.2312568
7 56822804 0 55.2312568
7 56850914 0 55.2312568
7 56886217 0 55.2312568
7 56943570 17.0122925805839 55.2312568
7 56964542 0 55.5880386
7 56997351 0 55.5880386
7 57031021 0 55.5880386
7 57052096 0 55.5880386
7 57088698 0 55.5880386
7 57129827 0 55.5880386
7 57153518 0 55.5880386
7 57199600 0 55.5880386
7 57259244 3.36796309819391 55.5880386
7 57279785 0 55.65721993
7 57328665 0 55.65721993
7 57361575 0.364994971986814 55.65721993
7 57417263 0.942649493363681 55.67754577
7 57459305 0 55.71717664
7 57528620 0.378601024890043 55.71717664
7 57569600 0 55.73269171
7 57602292 0 55.73269171
7 57664597 0.166518626693414 55.73269171
7 57699520 0 55.73850704
7 57713439 2.91025774010926 55.73850704
7 57745060 2.62535490873787 55.8305323
7 57780069 0 55.92244335
7 57843022 0 55.92244335
7 57875535 0 55.92244335
7 57924014 0 55.92244335
7 57987563 0.0136299615083673 55.92244335
7 58068360 2.75122113821156 55.92354461
7 58099110 0 56.00814466
7 58230441 0 56.00814466
7 58267508 0 56.00814466
7 58330962 0 56.00814466
7 58357486 4.26613287551262 56.00814466
7 58400880 1.76442582391907 56.19326923
7 58422302 0.0344867606744741 56.23106676
7 58483219 0 56.23316759
7 58541430 3.52025766310435 56.23316759
7 58569878 0 56.33331188
7 58592504 2.42237479437037 56.33331188
7 58636272 0.286596807231988 56.43933438
7 58695343 0.876843468699402 56.45626394
7 58749000 0.234523122385051 56.50331273
7 58821419 2.17251206605797 56.52029666
7 58855813 0 56.59501804
7 58892909 0 56.59501804
7 58941567 1.3496269391028 56.59501804
7 59023886 0 56.70611798
7 59047857 0 56.70611798
7 59072131 0 56.70611798
7 59101278 0 56.70611798
7 59124350 0 56.70611798
7 59143898 2.84746554903572 56.70611798
7 59173723 0 56.79104364
7 59196398 0 56.79104364
7 59228035 0 56.79104364
7 59255672 0 56.79104364
7 59330527 0 56.79104364
7 59367429 0.735343339438959 56.79104364
7 59519203 0 56.90264964
7 59544039 0 56.90264964
7 59648673 0 56.90264964
7 59679291 0.956847296843389 56.90264964
7 59703115 0 56.92544557
7 59845558 0 56.92544557
7 59880943 0 56.92544557
7 59933040 0 56.92544557
7 59957635 1.25608762944597 56.92544557
7 59993171 5.3742669899504 56.9700819
7 60021629 0.267047046026421 57.12302279
7 60051047 0.182870218836312 57.13087878
7 60120094 1.63296282603716 57.14350542
7 60198536 0 57.27159829
7 60234071 0 57.27159829
7 60270476 0.555703698183166 57.27159829
7 60512000 7.33743857749678 57.40581407
7 60536014 0 57.58201532
7 60568272 0 57.58201532
7 60668104 0.85710722847123 57.58201532
7 60711488 0.596471843124021 57.61920006
7 60782270 0 57.66141953
7 60842877 7.12602298958887 57.66141953
7 60864104 0 57.81268362
7 60893688 0 57.81268362
7 60960766 0 57.81268362
7 60982212 0 57.81268362
7 61011183 0 57.81268362
7 61041480 6.71410799522678 57.81268362
7 61061592 0 57.94771776
7 61219757 0 57.94771776
7 61234323 15.864923428097 57.94771776
7 61258418 6.90114964804399 58.32998309
7 61303310 0 58.6397895
7 61327468 0.220008115236516 58.6397895
7 61386616 0.313122794066678 58.65280254
7 61473314 0 58.67994966
7 61497597 0 58.67994966
7 61518179 1.2124241684684 58.67994966
7 61546861 7.33716158202364 58.71472441
7 61568757 0 58.8753789
7 61681361 0.10807324911848 58.8753789
7 61815779 0 58.88990589
7 61842672 5.01875258157782 58.88990589
7 61900776 0 59.18151549
7 61933929 0 59.18151549
7 61965719 0.892576481312785 59.18151549
7 61993144 0 59.2059944
7 62021492 5.40516079405902 59.2059944
7 62055293 0 59.38869424
7 62108330 0 59.38869424
7 62143053 0 59.38869424
7 62172453 0 59.38869424
7 62199036 0 59.38869424
7 62286280 0 59.38869424
7 62316291 0 59.38869424
7 62376253 4.85170251430744 59.38869424
7 62413122 0.357737007192838 59.56757166
7 62450104 0 59.58080149
7 62508971 0 59.58080149
7 62557586 0 59.58080149
7 62602428 0 59.58080149
7 62656699 0 59.58080149
7 62701221 0 59.58080149
7 62725311 4.3177332058208 59.58080149
7 62764000 0 59.74785027
7 62794533 7.98103490414729 59.74785027
7 62820719 0 59.95684165
7 62866606 0 59.95684165
7 62888521 4.96309035104548 59.95684165
7 62914586 0 60.0862046
7 62936236 0 60.0862046
7 62969519 0 60.0862046
7 63007127 0 60.0862046
7 63036997 0 60.0862046
7 63061770 0 60.0862046
7 63087909 0 60.0862046
7 63101792 0 60.0862046
7 63128731 0 60.0862046
7 63152437 0 60.0862046
7 63176839 2.63324357347607 60.0862046
7 63240676 0 60.25430297
7 63281918 0 60.25430297
7 63328452 0 60.25430297
7 63355823 0 60.25430297
7 63377142 0 60.25430297
7 63412014 0 60.25430297
7 63436389 2.40383895131085 60.25430297
7 63466293 0.678278005368044 60.32618737
7 63501688 2.93409461304699 60.35019502
7 63524391 0 60.41680777
7 63581493 0 60.41680777
7 63640374 0 60.41680777
7 63666988 0 60.41680777
7 63693558 0 60.41680777
7 63765326 0 60.41680777
7 63803340 7.61992597930035 60.41680777
7 63833872 0 60.64945935
7 63888976 0 60.64945935
7 63935354 0 60.64945935
7 63948819 0 60.64945935
7 64065612 0 60.64945935
7 64091361 0 60.64945935
7 64160880 2.90602475803821 60.64945935
7 64216054 1.31996387489303 60.80979636
7 64258130 0 60.86533516
7 64285750 0 60.86533516
7 64307708 0 60.86533516
7 64332584 0 60.86533516
7 64375368 2.63914126689642 60.86533516
7 64398006 0 60.92508004
7 64419306 0 60.92508004
7 64494013 0 60.92508004
7 64541363 0 60.92508004
7 64630387 7.199495675864 60.92508004
7 64661954 0.42236476373747 61.15234652
7 64690016 0 61.16419892
7 64710431 0 61.16419892
7 64730800 0 61.16419892
7 64766972 0.595684277219958 61.16419892
7 64890080 0 61.23753242
7 64929828 1.21048828780451 61.23753242
7 64959626 1.59784975832464 61.27360255
7 64989418 0 61.32120569
7 65019133 0 61.32120569
7 65041113 0.983015063399489 61.32120569
7 65083069 0 61.36244907
7 65106178 0 61.36244907
7 65127020 0 61.36244907
7 65211026 0 61.36244907
7 65274641 0 61.36244907
7 65351212 0 61.36244907
7 65372697 3.08024589231922 61.36244907
7 65407875 0 61.47080596
7 65450525 0 61.47080596
7 65504331 0.302435393044521 61.47080596
7 65780114 0 61.5542125
7 65836393 0.75190102235575 61.5542125
7 65918654 1.03892288962151 61.61606463
7 65991757 0.556107260258767 61.69201301
7 66072980 0 61.73718171
7 66158927 1.08947293379217 61.73718171
7 66284471 0.977078942135537 61.8739585
7 66385051 0 61.9722331
7 66410609 0 61.9722331
7 66439620 0 61.9722331
7 66464604 0 61.9722331
7 66491734 0 61.9722331
7 66517792 0 61.9722331
7 66540102 0 61.9722331
7 66626152 0 61.9722331
7 66665180 0.614707503179419 61.9722331
7 66745386 0 62.02153633
7 66781960 1.35704384205639 62.02153633
7 66828331 0.556415538995117 62.08446381
7 67001032 0 62.18055733
7 67074388 0 62.18055733
7 67099158 1.15763322174969 62.18055733
7 67132317 0.669963232950151 62.21894329
7 67226423 1.04430877649627 62.28199085
7 67298650 0 62.35741814
7 67360713 0.27921405699003 62.35741814
7 67410055 0 62.37119512
7 67460407 0 62.37119512
7 67486613 0 62.37119512
7 67511817 0.125180660237601 62.37119512
7 67663732 0 62.39021194
7 67742494 0 62.39021194
7 67766885 2.3815995886425 62.39021194
7 67824256 1.74297429222256 62.52684669
7 67858059 1.86983465061669 62.58576445
7 67888298 0 62.64230638
7 67978936 4.64872206274352 62.64230638
7 68017952 0 62.82368092
7 68287467 0 62.82368092
7 68359300 7.31196514262856 62.82368092
7 68419316 0.385626730600469 63.26251582
7 68448930 0.821927054981048 63.27393577
7 68481996 0.00603417625395967 63.30111361
7 68709815 0 63.30248831
7 68765400 0 63.30248831
7 68846721 0 63.30248831
7 68928960 7.35306627963198 63.30248831
7 68949630 3.30736344601873 63.45447619
7 68998823 0 63.61717532
7 69100649 0 63.61717532
7 69160353 1.67571792103646 63.61717532
7 69199257 0 63.68236745
7 69325517 0 63.68236745
7 69371502 0 63.68236745
7 69399622 0 63.68236745
7 69504321 0 63.68236745
7 69571729 0.288447861367059 63.68236745
7 69753504 1.20102853437107 63.73480006
7 69815184 2.77160772712979 63.8088795
7 69837495 1.47160424392118 63.87071684
7 69990938 0 64.09652421
7 70034607 0 64.09652421
7 70082260 0 64.09652421
7 70154172 0 64.09652421
7 70178308 0 64.09652421
7 70289374 0 64.09652421
7 70314165 0.379240380262802 64.09652421
7 70336255 0 64.10490163
7 70363252 0 64.10490163
7 70393017 0 64.10490163
7 70416916 2.22356450275745 64.10490163
7 70472402 0.785877198390037 64.22827833
7 70585951 0 64.3175139
7 70622451 0 64.3175139
7 70646016 0 64.3175139
7 70702816 0 64.3175139
7 70728354 0 64.3175139
7 71047470 0 64.3175139
7 71094251 0 64.3175139
7 71132712 5.49150658389035 64.3175139
7 71183290 0 64.59526332
7 71209958 0 64.59526332
7 71235879 0 64.59526332
7 71260173 0 64.59526332
7 71401116 2.80786142864548 64.59526332
7 71439782 0 64.70383209
7 71462005 0 64.70383209
7 71485604 0 64.70383209
7 71509393 0.566291002022229 64.70383209
7 71545001 3.13050637804383 64.72399658
7 71565697 0.43934396214165 64.78878554
7 71601198 0 64.80438269
7 71643232 0 64.80438269
7 71667750 0 64.80438269
7 71699040 0 64.80438269
7 71743286 0 64.80438269
7 71775261 0 64.80438269
7 71825182 0 64.80438269
7 71860951 4.94795928222586 64.80438269
7 71952066 0 65.255216
7 71980986 0 65.255216
7 72053452 0 65.255216
7 72087070 0.729370034381313 65.255216
7 72207775 0 65.34325461
7 72232062 1.09698893392221 65.34325461
7 72254021 0 65.36734339
7 72302069 0 65.36734339
7 72339273 5.47242502067638 65.36734339
7 72362246 1.9327772134479 65.49306141
7 72423282 0 65.6110304
7 72454463 0 65.6110304
7 72482132 0 65.6110304
7 72518376 0 65.6110304
7 72563728 1.33461150454295 65.6110304
7 72593664 0 65.65098333
7 72621717 0 65.65098333
7 72657448 0 65.65098333
7 72693116 0 65.65098333
7 72767095 0 65.65098333
7 72828445 0 65.65098333
7 72852260 3.76422580645156 65.65098333
7 72898450 0 65.82485292
7 72977747 0.223597546463565 65.82485292
7 73070185 0.0056039893012681 65.84552183
7 73184591 1.17605989524794 65.84616296
7 73215712 1.8369228503251 65.88276312
7 73249659 0 65.94512114
7 73401395 0 65.94512114
7 73473535 0 65.94512114
7 73507133 0 65.94512114
7 73539906 0 65.94512114
7 73574389 0 65.94512114
7 73605674 48.548687436158 65.94512114
7 73607632 3.03890224848869 66.04017947
7 73637074 0.418942415637637 66.12965083
7 73667360 0 66.14233892
7 73708388 0 66.14233892
7 73770590 1.73288508850892 66.14233892
7 73837250 4.27461300564255 66.25785304
7 73898039 0 66.51770249
7 74076164 1.33002877209544 66.51770249
7 74143938 1.92225609527252 66.60784386
7 74223877 0 66.76150709
7 74306327 0 66.76150709
7 74372113 0.0794085337944637 66.76150709
7 74490091 0 66.77087555
7 74514149 0 66.77087555
7 74543202 0 66.77087555
7 74593989 0 66.77087555
7 74635366 0 66.77087555
7 74667894 0 66.77087555
7 74701773 2.61794934599887 66.77087555
7 74782201 0 66.98143198
7 74817572 0 66.98143198
7 74855538 0 66.98143198
7 74880320 0 66.98143198
7 74906647 0 66.98143198
7 75032215 0 66.98143198
7 75060987 5.21750998801428 66.98143198
7 75091023 0 67.13814511
7 75152909 2.4119987564677 67.13814511
7 75197942 1.25954047954384 67.24676465
7 75256873 0 67.32099063
7 75300874 0 67.32099063
7 75350671 2.43597605237303 67.32099063
7 75380152 0 67.39280564
7 75440095 0 67.39280564
7 75473623 1.65734618181812 67.39280564
7 75501123 0.41546883361107 67.43838266
7 75566530 0 67.46555723
7 75609551 0 67.46555723
7 75641182 0 67.46555723
7 75677689 0 67.46555723
7 75721458 3.71186605935508 67.46555723
7 75791713 0 67.72633438
7 75832195 0 67.72633438
7 75907378 0.923374721426474 67.72633438
7 75948211 5.39193834741895 67.76403854
7 76013999 0 68.11876338
7 76174417 0 68.11876338
7 76194335 0 68.11876338
7 76213128 0 68.11876338
7 76297401 0 68.11876338
7 76449456 0 68.11876338
7 76464440 0 68.11876338
7 76537357 0 68.11876338
7 76625461 0 68.11876338
7 76662200 10.0260501476154 68.11876338
7 76686249 0 68.35987986
7 76715944 0 68.35987986
7 76741205 2.68949257737134 68.35987986
7 76765051 0 68.4240135
7 76800530 0 68.4240135
7 76828775 0 68.4240135
7 76875877 0 68.4240135
7 76960595 5.11890797377826 68.4240135
7 77004376 1.99808063794208 68.64812441
7 77089274 0 68.81775746
7 77122283 0 68.81775746
7 77150383 0 68.81775746
7 77181235 0 68.81775746
7 77244668 1.40354704660178 68.81775746
7 77281727 0 68.86977151
7 77342042 0.184229287523501 68.86977151
7 77408753 0.250335452200175 68.88206163
7 77440531 1.13039879301861 68.89001679
7 77465055 0.923142253193152 68.91773869
7 77520878 0 68.96927126
7 77558003 0.572014795550714 68.96927126
7 77614912 0.212492539787834 69.00182405
7 77759680 0 69.03258617
7 77786145 0 69.03258617
7 77854382 0 69.03258617
7 77881994 0 69.03258617
7 77918353 0 69.03258617
7 77946199 0 69.03258617
7 77985281 0 69.03258617
7 78019816 0.992902466578863 69.03258617
7 78041060 4.04606733210182 69.05367939
7 78116299 0 69.35810145
7 78196679 1.16565807459482 69.35810145
7 78217163 0 69.38197879
7 78245853 4.82342176870719 69.38197879
7 78287013 0.584115951856296 69.58051083
7 78351902 0 69.61841353
7 78374653 0.540011053011883 69.61841353
7 78445222 0 69.65652157
7 78597514 0 69.65652157
7 78618519 0 69.65652157
7 78689485 0 69.65652157
7 78709632 0 69.65652157
7 78759812 2.02618376178424 69.65652157
7 78919029 3.51424792232357 69.97912447
7 78967641 0 70.14995909
7 79204768 0 70.14995909
7 79283366 0 70.14995909
7 79304306 3.44837756544063 70.14995909
7 79381437 7.68002200339076 70.4159359
7 79409160 0.988385319995254 70.62884915
7 79575100 2.07036046804211 70.79286181
7 79622788 0.769454350001919 70.89159316
7 79676742 0 70.9331083
7 79735833 0.66680557702401 70.9331083
7 79800527 0 70.97624662
7 79885606 0 70.97624662
7 79921971 0 70.97624662
7 79953397 0 70.97624662
7 79986126 0 70.97624662
7 80013044 6.86035246664596 70.97624662
7 80045274 3.82752516294482 71.19735578
7 80092069 0 71.37646482
7 80131436 1.28322830108019 71.37646482
7 80185229 0 71.44549352
7 80222091 2.09524168848608 71.44549352
7 80325592 0 71.66235313
7 80423038 0 71.66235313
7 80473773 4.12420535506395 71.66235313
7 80495248 0.335007343222492 71.75092044
7 80536102 0 71.76460683
7 80567044 0 71.76460683
7 80633111 0.383211029867759 71.76460683
7 80686312 1.07461949019971 71.78499404
7 80708046 4.28018922497899 71.80834982
7 80765438 0 72.05399844
7 80789323 0 72.05399844
7 80818037 0 72.05399844
7 80863489 0.024859563627817 72.05399844
7 81093522 1.64397938443689 72.05971696
7 81114186 0 72.09368815
7 81135191 0 72.09368815
7 81158131 1.40062191131672 72.09368815
7 81246761 0.779426717478551 72.21782527
7 81295306 0 72.25566254
7 81316371 2.35252362118238 72.25566254
7 81343677 0 72.31990055
7 81369144 0.723522164681526 72.31990055
7 81562244 0 72.45961268
7 81611128 0 72.45961268
7 81641133 0 72.45961268
7 81703747 0 72.45961268
7 81763478 6.97237790130263 72.45961268
7 81810612 0 72.78824874
7 81840386 0 72.78824874
7 81968933 0 72.78824874
7 82004359 0 72.78824874
7 82044706 2.64491347288376 72.78824874
7 82182004 1.20998286780685 73.15139007
7 82214691 0 73.19094078
7 82230892 0.00511078976642775 73.19094078
7 82275842 0 73.19117051
7 82333200 3.36973499100275 73.19117051
7 82369878 0.646142960487776 73.31476565
7 82515023 0 73.40855007
7 82549435 4.15619665984995 73.40855007
7 82578775 0.931861086375645 73.53049288
7 82603481 0.032413874399586 73.55351544
7 82637414 0 73.55461534
7 82662900 0 73.55461534
7 82683055 0 73.55461534
7 82706333 0 73.55461534
7 82732378 5.05342185663937 73.55461534
7 82762163 0 73.70513151
7 82867764 5.74514908656477 73.70513151
7 82907942 0.719774110077638 73.93596011
7 83079530 1.12317630723391 74.05946471
7 83109058 0 74.09262986
7 83153295 0 74.09262986
7 83203387 0.984251805337493 74.09262986
7 83235237 0 74.12397828
7 83270379 0 74.12397828
7 83310833 0 74.12397828
7 83356278 0 74.12397828
7 83376855 0 74.12397828
7 83406881 0 74.12397828
7 83431925 0.648050757063277 74.12397828
7 83508801 0.0879643283476189 74.17379783
7 83551524 0 74.17755593
7 83622044 0 74.17755593
7 83648228 0 74.17755593
7 83661814 0 74.17755593
7 83733569 0 74.17755593
7 83782728 0 74.17755593
7 83818631 2.88760290493432 74.17755593
7 83856773 0 74.28769488
7 83906511 0 74.28769488
7 83978373 0 74.28769488
7 84051130 5.82985127844256 74.28769488
7 84072445 0.430682085127911 74.41195816
7 84108203 0 74.42735849
7 84147425 0 74.42735849
7 84170090 9.32286914670123 74.42735849
7 84207697 0.693389485944204 74.77796363
7 84302142 2.53836060240723 74.8434508
7 84354399 0 74.97609791
7 84377356 0 74.97609791
7 84416098 0 74.97609791
7 84450073 5.96446539245022 74.97609791
7 84473146 0 75.11371602
7 84495803 0 75.11371602
7 84551979 1.08312033664559 75.11371602
7 84608537 0 75.17497514
7 84651553 2.04430960622357 75.17497514
7 84680732 1.249693463846 75.23462605
7 84759907 0 75.33357053
7 84913932 0 75.33357053
7 85032366 0.532069231713016 75.33357053
7 85227970 0.410012735530642 75.4376454
7 85293142 1.0172652714931 75.46436675
7 85321430 0 75.49314315
7 85363850 0 75.49314315
7 85403302 0 75.49314315
7 85518776 0 75.49314315
7 85540162 0 75.49314315
7 85643117 0 75.49314315
7 85688629 0 75.49314315
7 85747983 1.36646416822951 75.49314315
7 85845564 0 75.62648409
7 85921338 0 75.62648409
7 85944120 0 75.62648409
7 85965693 2.72763781468602 75.62648409
7 85998146 0 75.71500412
7 86029776 0 75.71500412
7 86057459 0 75.71500412
7 86115165 1.75036068420315 75.71500412
7 86180818 0 75.82992055
7 86227389 0.0412997543583369 75.82992055
7 86269320 0 75.83165229
7 86322369 0 75.83165229
7 86348377 0 75.83165229
7 86378639 4.64576641322087 75.83165229
7 86407442 0 75.9654643
7 86462459 0 75.9654643
7 86578282 0 75.9654643
7 86682998 0 75.9654643
7 86738775 0 75.9654643
7 86795320 0 75.9654643
7 86852636 0 75.9654643
7 86887387 0 75.9654643
7 87028241 0 75.9654643
7 87065764 0 75.9654643
7 87095122 0 75.9654643
7 87140874 0 75.9654643
7 87189005 0 75.9654643
7 87301452 0 75.9654643
7 87353210 27.344337123632 75.9654643
7 87376691 2.16325955399566 76.60753668
7 87442789 0 76.75052381
7 87497014 0 76.75052381
7 87564366 0 76.75052381
7 87608911 1.77683501947534 76.75052381
7 87647164 0 76.81849308
7 87698991 0 76.81849308
7 87721519 0 76.81849308
7 87807658 9.31429974059293 76.81849308
7 87843509 9.71427980332656 77.15242004
7 87880728 1.3619933946579 77.51397582
7 88102064 0.987198912426906 77.81543399
7 88204310 2.17859874581226 77.91637113
7 88262515 0 78.04317647
7 88297225 2.28689042690006 78.04317647
7 88395187 0.749559875498367 78.26720483
7 88541691 2.95123857481333 78.37701835
7 88565323 5.3099134475068 78.44676202
7 88624940 0.693175634970294 78.76332313
7 88790932 1.43596277691071 78.87838474
7 88867175 0 78.98786685
7 88902378 0.727942760942756 78.98786685
7 89125128 0 79.1500161
7 89148646 0.551850669004628 79.1500161
7 89244460 0 79.20289112
7 89311722 0 79.20289112
7 89335556 0 79.20289112
7 89368516 0 79.20289112
7 89404622 0 79.20289112
7 89480893 0 79.20289112
7 89523902 0 79.20289112
7 89546406 8.54482845128301 79.20289112
7 89588260 3.59668894565538 79.56052637
7 89616837 0 79.66330895
7 89663152 0 79.66330895
7 89777575 2.48574079146528 79.66330895
7 89846940 0.511538677523643 79.83573236
7 89939539 0.51770766508116 79.88310033
7 89993785 0 79.9111839
7 90120282 2.14718375883462 79.9111839
7 90300540 0.294526448128055 80.29823095
7 90364968 0 80.3172067
7 90389523 0 80.3172067
7 90462253 0.631883593069841 80.3172067
7 90589754 0 80.39777249
7 90622467 0 80.39777249
7 90688919 0 80.39777249
7 90819463 6.88904726588129 80.39777249
7 90889577 0.101242922146046 80.88079115
7 90997484 0.840422684139779 80.89171597
7 91437245 1.24731221040885 81.26130109
7 91489258 2.23813236719436 81.32617754
7 91705928 0.443121647667795 81.81111368
7 91796723 0 81.85134691
7 91841823 0 81.85134691
7 91844617 0 81.85134691
7 91858328 0.930279084110629 81.85134691
7 91975067 0.569786561264835 81.95994676
7 92018077 0.965436523361732 81.98445328
7 92108118 0 82.07138215
7 92144656 0 82.07138215
7 92169498 0 82.07138215
7 92383426 11.8489693316666 82.07138215
7 92441825 0 82.76335011
7 92485553 3.62369150021869 82.76335011
7 92574720 0 83.08646381
7 92627202 0 83.08646381
7 92695443 0 83.08646381
7 92762601 0 83.08646381
7 92925832 3.9858853401527 83.08646381
7 93036106 1.70171226565398 83.52600333
7 93152227 2.6326723739978 83.72360786
7 93176056 3.9545104674246 83.78634181
7 93198220 0.174384152325296 83.87398958
7 93433611 0 83.91503804
7 93499475 1.30367833851709 83.91503804
7 93648980 1.17827049162629 84.10994447
7 93787927 2.18052399859113 84.27366162
7 93850389 0 84.40986151
7 93916381 0.259464145781366 84.40986151
7 94137150 1.23322678813473 84.46714315
7 94290606 0.990723702582355 84.6563892
7 94358645 10.2029557422519 84.72379705
7 94408399 0 85.23143491
7 94438004 0 85.23143491
7 94529183 0.79810230692066 85.23143491
7 94623898 5.28601112271421 85.30702717
7 94665075 0.48262073479256 85.52468925
7 94744526 0 85.56303395
7 94952848 0 85.56303395
7 95003286 3.34797447501805 85.56303395
7 95058526 3.45992635583306 85.74797606
7 95079030 1.99337622891865 85.81891839
7 95116563 0 85.89373578
7 95156038 0.16017601538734 85.89373578
7 95245462 0.355835131635857 85.90805936
7 95284851 0 85.92207535
7 95364919 0 85.92207535
7 95454269 1.2640402868593 85.92207535
7 95492197 1.62411029968573 85.97001787
7 95607084 2.11195806023814 86.15660703
7 95763928 0 86.48785498
7 95785453 0.577180992867262 86.48785498
7 95813211 1.03950953506691 86.50387637
7 95844936 0.522325454364922 86.53685481
7 95965764 0.938486087571803 86.59996635
7 96087310 0 86.71403558
7 96119746 0 86.71403558
7 96152289 2.22076519565795 86.71403558
7 96221108 0 86.86686642
7 96266192 0 86.86686642
7 96314484 1.20576802306989 86.86686642
7 96345694 2.87894859701777 86.90449844
7 96387676 0 87.02536246
7 96409276 0.982393123863631 87.02536246
7 96475825 0 87.09073974
7 96496016 0 87.09073974
7 96562828 2.45136306384311 87.09073974
7 96613640 2.92036526027055 87.2152984
7 96674884 0 87.39415325
7 96767571 0 87.39415325
7 96807889 1.47340051116928 87.39415325
7 96937396 1.65685852943857 87.58496893
7 96992001 1.78535357898828 87.67544169
7 97084597 0.782713344247149 87.84075829
7 97227535 0 87.95263777
7 97279309 0 87.95263777
7 97368442 0 87.95263777
7 97434118 4.31179166555218 87.95263777
7 97508892 1.05970278448461 88.27504768
7 97603739 0 88.37555731
7 97677973 0 88.37555731
7 97813968 0 88.37555731
7 97980945 3.533675765499 88.37555731
7 98148842 0 88.96885087
7 98299112 0 88.96885087
7 98348636 0 88.96885087
7 98370718 0 88.96885087
7 98455684 0 88.96885087
7 98475828 0 88.96885087
7 98735612 6.76673083211153 88.96885087
7 98830419 1.18179347480646 89.61038432
7 98940546 0 89.74053169
7 99063063 0 89.74053169
7 99086143 1.04187342153892 89.74053169
7 99112672 2.99852998860731 89.76817155
7 99251358 0 90.18402568
7 99279468 0 90.18402568
7 99373681 0 90.18402568
7 99486081 0 90.18402568
7 99760797 10.7613895350323 90.18402568
7 99799918 0 90.605022
7 99823517 0 90.605022
7 99923642 0 90.605022
7 99980197 0.886501834488323 90.605022
7 100053787 0 90.67025967
7 100093907 0 90.67025967
7 100116800 10.7384060734221 90.67025967
7 100145647 6.21876006629404 90.98003047
7 100239773 0.233388336137068 91.56537748
7 100358070 0 91.59298662
7 100436001 0 91.59298662
7 100470115 0.8006374542771 91.59298662
7 100655744 3.16824587403951 91.74160815
7 100740088 1.25275905217328 92.00883068
7 100955064 1.28366287302116 92.27814381
7 101048993 2.51670318821499 92.39871698
7 101358947 1.03276655068875 93.1787792
7 101568757 0.326911865841188 93.39546395
7 101606563 3.08100807046921 93.40782318
7 101647205 3.11476053639832 93.53304151
7 101667041 0 93.5948259
7 101707488 0 93.5948259
7 101760734 2.89489910197636 93.5948259
7 101857168 0.0363760934055393 93.8739926
7 102093471 0.00244747312975908 93.88258838
7 102313882 2.40931214758514 93.88312783
7 102477042 4.70999475700776 94.2762312
7 102501837 0 94.39301552
7 102545786 0 94.39301552
7 102688495 4.78880844303221 94.39301552
7 102719337 0 94.54071195
7 102747625 1.29181543570001 94.54071195
7 102790992 0 94.59673411
7 102815040 0 94.59673411
7 102857357 0 94.59673411
7 102882376 0 94.59673411
7 102908771 35.2972678434387 94.59673411
7 102913983 0 94.78070347
7 102962653 0 94.78070347
7 102989579 9.87907243148598 94.78070347
7 103014720 0 95.02907323
7 103041146 6.56495862216418 95.02907323
7 103073893 0.428345287905819 95.24405593
7 103114045 0.036887367491108 95.26125485
7 103136685 2.10647970279105 95.26208998
7 103158757 1.93644561917717 95.3085842
7 103196969 0 95.38257966
7 103233313 2.34931061722063 95.38257966
7 103326991 1.55409431841946 95.60265838
7 103403519 0 95.72159011
7 103428844 0 95.72159011
7 103452855 0 95.72159011
7 103477257 0 95.72159011
7 103508998 7.61854186538371 95.72159011
7 103557224 5.10647577316981 96.08900191
7 103596478 1.5234978884257 96.28945151
7 103707059 0 96.45792143
7 103740916 4.1367659527204 96.45792143
7 103794935 0 96.68138539
7 103857495 0 96.68138539
7 103879095 0 96.68138539
7 103928656 0 96.68138539
7 103960833 0 96.68138539
7 103990359 22.9066785644023 96.68138539
7 104025940 0 97.49642792
7 104068858 0 97.49642792
7 104138019 0.710653124864467 97.49642792
7 104184197 0.719966958972823 97.52924446
7 104311917 3.86540359794003 97.62119864
7 104401635 0 97.96799492
7 104427719 5.73981568891898 97.96799492
7 104458862 0 98.14675
7 104488544 4.38837208050828 98.14675
7 104525708 0 98.30983946
7 104549617 1.2461873865812 98.30983946
7 104589844 0.333801085948722 98.35996984
7 104627599 2.00546506862321 98.3725725
7 104727638 1.1570052880108 98.57319722
7 104784181 0 98.63861777
7 104819407 3.81161376886453 98.63861777
7 104903626 3.57018131984007 98.95962807
7 104932084 0 99.06122829
7 104953786 1.75336533032179 99.06122829
7 104980351 0 99.10780644
7 105006690 3.20320586687539 99.10780644
7 105080801 0.247640271596857 99.34519923
7 105124395 0 99.35599486
7 105169077 0 99.35599486
7 105214330 0 99.35599486
7 105243734 5.50274316890006 99.35599486
7 105287541 6.98492508458192 99.59705353
7 105312369 0 99.77047525
7 105343984 2.14256375743832 99.77047525
7 105414564 2.34289693173954 99.9216974
7 105480986 1.20493974138242 100.0773173
7 105535584 0 100.1431046
7 105570259 0 100.1431046
7 105617059 0 100.1431046
7 105645272 1.36486007895965 100.1431046
7 105679720 4.39492570399347 100.1901213
7 105737462 2.4024368794988 100.4438931
7 105780673 0.757331651035669 100.5477048
7 105857552 8.71715034965092 100.6059277
7 105880432 4.57858232650192 100.8053761
7 105904683 0 100.9164113
7 105926901 0 100.9164113
7 105949582 4.09420176105602 100.9164113
7 105990353 14.732454695222 101.083336
7 106023131 0 101.5662364
7 106046833 0 101.5662364
7 106074924 0 101.5662364
7 106127282 0 101.5662364
7 106206716 10.8850255661067 101.5662364
7 106268321 0 102.2368084
7 106311771 3.98356575074962 102.2368084
7 106348128 0 102.3816389
7 106392644 1.28581553920618 102.3816389
7 106414936 6.619035219954 102.4103023
7 106444124 0.163406807365052 102.6034987
7 106527328 0 102.6170948
7 106557340 0 102.6170948
7 106588001 1.19049914222681 102.6170948
7 106624724 3.30363711510623 102.6608135
7 106658597 0 102.7727176
7 106716761 0 102.7727176
7 106742506 1.4604783357625 102.7727176
7 106817976 0 102.8829399
7 106841849 0 102.8829399
7 106941879 0 102.8829399
7 106968339 3.3971243955084 102.8829399
7 107041541 0 103.1316162
7 107066036 2.18945752637258 103.1316162
7 107096655 0 103.1986552
7 107124895 0 103.1986552
7 107149184 0 103.1986552
7 107183717 0 103.1986552
7 107242564 0 103.1986552
7 107322214 0 103.1986552
7 107402195 8.07650527479589 103.1986552
7 107423902 0 103.3739719
7 107462570 0 103.3739719
7 107560973 0 103.3739719
7 107586644 0 103.3739719
7 107622850 0 103.3739719
7 107659264 0 103.3739719
7 107680547 0 103.3739719
7 107731937 0 103.3739719
7 107797993 0 103.3739719
7 107822340 0 103.3739719
7 107967324 0 103.3739719
7 108010063 0 103.3739719
7 108031191 22.5445664521023 103.3739719
7 108052319 0 103.8502935
7 108072714 0 103.8502935
7 108087296 0 103.8502935
7 108111127 0 103.8502935
7 108132999 0 103.8502935
7 108172572 0 103.8502935
7 108207357 0 103.8502935
7 108261145 1.96117431517924 103.8502935
7 108294986 0 103.9166616
7 108325698 0 103.9166616
7 108359412 0 103.9166616
7 108470062 15.8157394563649 103.9166616
7 108503945 0.179559307007467 104.4525463
7 108558087 1.57289614892738 104.462268
7 108633936 0 104.5815706
7 108657867 0 104.5815706
7 108689634 0 104.5815706
7 108733061 0.424902319394617 104.5815706
7 108781177 0 104.6020152
7 108824875 0 104.6020152
7 108869039 0 104.6020152
7 108909349 1.79369829603555 104.6020152
7 108939690 0 104.6564378
7 108963936 0 104.6564378
7 109005877 6.82920990312134 104.6564378
7 109029102 0 104.8150462
7 109054585 0 104.8150462
7 109083995 0 104.8150462
7 109109174 0 104.8150462
7 109131727 2.01243920107614 104.8150462
7 109160716 0 104.8733848
7 109186530 2.67421721909588 104.8733848
7 109210515 0 104.9375259
7 109247629 0 104.9375259
7 109275262 0 104.9375259
7 109296766 0 104.9375259
7 109336544 0 104.9375259
7 109377995 0 104.9375259
7 109412667 2.19902149700008 104.9375259
7 109485840 1.18782185967997 105.0984349
7 109510113 2.32414652857698 105.1272669
7 109536183 0 105.1878574
7 109538431 0 105.1878574
7 109576858 3.39649569026409 105.1878574
7 109612243 0.184345858206853 105.3080424
7 109637872 6.91101535809978 105.312767
7 109670363 0.406887248472912 105.5373128
7 109723737 0 105.55903
7 109764644 0 105.55903
7 109798348 0 105.55903
7 109930188 0 105.55903
7 109975051 0 105.55903
7 110014945 0 105.55903
7 110033975 0 105.55903
7 110058462 3.13733788176192 105.55903
7 110089535 1.01477719214215 105.6565165
7 110120840 0 105.6882841
7 110144441 0 105.6882841
7 110167477 0 105.6882841
7 110236419 0 105.6882841
7 110271206 1.64666854011559 105.6882841
7 110306791 0 105.7468808
7 110338132 3.1985680805353 105.7468808
7 110450778 0 106.1071867
7 110478001 1.82154285941198 106.1071867
7 110528375 0 106.1989451
