Chromosome Position(bp) Rate(cM/Mb) Map(cM)
16 0 0 0
16 244385 0.55834195924838 0
16 287279 0 0.02394952
16 332804 0 0.02394952
16 359335 0 0.02394952
16 719450 0.754927253515403 0.02394952
16 756359 0 0.05181313
16 791646 0.0151979739778885 0.05181313
16 887795 0.0634260131950989 0.0532744
16 951455 5.99677201930959 0.0573121
16 973413 0 0.18898922
16 1001450 0 0.18898922
16 1030157 0 0.18898922
16 1063379 0 0.18898922
16 1124008 0 0.18898922
16 1147051 0.983317944271285 0.18898922
16 1189722 3.17962784697067 0.23094838
16 1209875 0.838748162411744 0.29502742
16 1306469 6.62357792546555 0.37604546
16 1350556 1.40942439862543 0.66805914
16 1395952 3.12445257080011 0.73204137
16 1432322 4.5784096147514 0.84567771
16 1456618 0 0.95691475
16 1480344 0.553149616450719 0.95691475
16 1511370 2.64301474334234 0.97407677
16 1576145 0 1.14527805
16 1599816 0 1.14527805
16 1629696 0 1.14527805
16 1659699 1.60761210680766 1.14527805
16 1700932 4.58425177981074 1.21156472
16 1758101 0 1.47364181
16 1791082 1.81189393743704 1.47364181
16 1829795 0 1.54378566
16 1873661 2.51303826008802 1.54378566
16 2002725 2.5641598466205 1.86812843
16 2037671 4.94287631811962 1.95773556
16 2087363 2.62297226635851 2.20335697
16 2156593 0 2.38494534
16 2195385 0.325719753777287 2.38494534
16 2240060 2.85928838564374 2.39949687
16 2288457 0 2.53787785
16 2308888 4.33293682050798 2.53787785
16 2351291 0 2.72160737
16 2419919 3.8532435649457 2.72160737
16 2500571 18.8240735590294 3.03237917
16 2521425 0 3.4249364
16 2621771 0 3.4249364
16 2830326 7.45719373379918 3.4249364
16 2856945 0.0407709225333979 3.62343944
16 2899686 0 3.62518203
16 2983544 0.638044858231059 3.62518203
16 3011900 2.08740785587714 3.64327443
16 3045760 0 3.71395406
16 3068532 5.45801273810914 3.71395406
16 3102760 2.65203821913383 3.90077092
16 3127512 2.046099276411 3.96641417
16 3162062 0.672621815673155 4.0371069
16 3201199 1.73366281744013 4.0634313
16 3242506 4.14223964212551 4.13504371
16 3266425 0.0804435034832845 4.23412194
16 3343651 1.42935765051395 4.24033427
16 3428776 1.42217601309862 4.36200834
16 3453206 2.27415587004186 4.3967521
16 3593682 0 4.71621642
16 3619509 0 4.71621642
16 3640699 0 4.71621642
16 3670316 2.70283749466909 4.71621642
16 3773488 1.8915213605442 4.99507357
16 3810238 3.30202849887136 5.06458698
16 3845678 6.33315574844892 5.18161087
16 3880009 0 5.39903444
16 3912733 3.61111620504538 5.39903444
16 3954831 1.82592473054406 5.55105521
16 4106340 0 5.82769924
16 4137251 2.89124669525878 5.82769924
16 4171293 3.94817794251423 5.92612306
16 4244946 0 6.21691821
16 4265692 0 6.21691821
16 4288023 0 6.21691821
16 4333882 0 6.21691821
16 4382439 0 6.21691821
16 4430946 5.29592541376773 6.21691821
16 4454087 0.534827279346341 6.33947122
16 4478809 0.797159643563111 6.35269322
16 4542551 0 6.40350577
16 4685301 1.37583086993245 6.40350577
16 4713717 2.35647781674038 6.44260138
16 4746512 0 6.51988207
16 4777673 0 6.51988207
16 4831223 0.551625666405265 6.51988207
16 4982970 0 6.60358961
16 5030301 0 6.60358961
16 5085279 0 6.60358961
16 5114057 0 6.60358961
16 5151533 0 6.60358961
16 5203502 1.59992505866616 6.60358961
16 5243133 0 6.66699624
16 5296637 1.2412775483117 6.66699624
16 5397596 0 6.79231438
16 5588286 0.612290544163359 6.79231438
16 6121692 0 7.11891383
16 6308221 8.26968208506368 7.11891383
16 6329170 0 7.2921554
16 6421207 0 7.2921554
16 6446024 0 7.2921554
16 6529002 0 7.2921554
16 6549899 0 7.2921554
16 6614897 0 7.2921554
16 6656521 0 7.2921554
16 6685994 0 7.2921554
16 6719503 3.13354909958568 7.2921554
16 6781530 0.687504100628271 7.48652005
16 7392412 0 7.90650393
16 7428219 2.30419732721986 7.90650393
16 7463987 0.265318247547576 7.98892046
16 7591922 1.35925391314942 8.02286395
16 7674017 0 8.1344519
16 7729659 0.0370370471260904 8.1344519
16 7766369 1.15148135139658 8.13581153
16 7826159 0.300103325218532 8.2046586
16 7898455 0 8.22635487
16 8060022 0 8.22635487
16 8133978 0 8.22635487
16 8181774 0 8.22635487
16 8281004 0 8.22635487
16 8310031 1.80632745906763 8.22635487
16 8350036 0 8.298617
16 8426942 2.4174237439798 8.298617
16 8464939 1.51358737234294 8.39047185
16 8495000 0 8.4359718
16 8558740 0.792737013611507 8.4359718
16 8647121 0.197351843241451 8.50603469
16 8722396 0 8.52089035
16 8736704 0 8.52089035
16 8783216 0 8.52089035
16 8817297 0 8.52089035
16 8845857 0 8.52089035
16 8870689 0 8.52089035
16 8893758 0 8.52089035
16 8923213 0 8.52089035
16 8947135 2.566547990913 8.52089035
16 8975307 0 8.59319514
16 9024111 0.799636747533003 8.59319514
16 9047318 0 8.61175231
16 9136194 0.658514193678269 8.61175231
16 9210699 0 8.66081491
16 9259453 0 8.66081491
16 9259631 0 8.66081491
16 9288135 2.5348501817806 8.66081491
16 9346172 0 8.80793001
16 9400703 0.957233998632411 8.80793001
16 9478212 0 8.88212426
16 9524060 3.73134879746066 8.88212426
16 9565015 0 9.03494165
16 9626519 0 9.03494165
16 9653910 0.000120254348216075 9.03494165
16 9707380 0 9.03494808
16 9734211 0 9.03494808
16 9757553 2.87073445595861 9.03494808
16 9788433 0 9.12359636
16 9824839 0 9.12359636
16 9872872 0.417904611554679 9.12359636
16 9938750 0.117670583110481 9.15112708
16 10021393 1.65878111100595 9.16085173
16 10053094 1.41602167280381 9.21343675
16 10100619 0 9.28073318
16 10137691 0.473187610852002 9.28073318
16 10168137 0.508115507478695 9.29513985
16 10254850 3.75621914078257 9.33920007
16 10354010 3.34480879782392 9.71166676
16 10460991 0 10.06949775
16 10491446 0 10.06949775
16 10561114 0 10.06949775
16 10595797 37.3524190421893 10.06949775
16 10613337 0 10.72465918
16 10635705 0.80227750149194 10.72465918
16 10786515 4.14978908818735 10.84565065
16 10823924 9.41224490539902 11.00089011
16 10851355 0 11.2590774
16 10872800 0 11.2590774
16 10896040 0 11.2590774
16 10919192 0 11.2590774
16 10976232 1.13687849585552 11.2590774
16 11094944 0 11.39403852
16 11142518 5.08596936091409 11.39403852
16 11190039 3.65089728689941 11.63572887
16 11214992 0 11.72682971
16 11242430 0 11.72682971
16 11306087 0 11.72682971
16 11346994 3.85423684280368 11.72682971
16 11384673 0 11.8720535
16 11410055 0 11.8720535
16 11433148 0.810536794986556 11.8720535
16 11516923 1.07335259126932 11.93995622
16 11622161 0.482980403371238 12.0529137
16 11748050 2.45999736271798 12.11371562
16 11835261 0 12.32825445
16 11866057 0 12.32825445
16 11921231 4.27788398070575 12.32825445
16 11976377 0 12.56416264
16 12125227 2.08366403047226 12.56416264
16 12280122 0 12.88691178
16 12312835 0 12.88691178
16 12372925 0 12.88691178
16 12406183 0 12.88691178
16 12436243 9.92540385774562 12.88691178
16 12486013 0.299843271594555 13.38089913
16 12598692 1.08002751542467 13.41468517
16 12717171 0.75915132592644 13.54264575
16 12741833 1.14538437348499 13.56136794
16 12818152 2.15970476696118 13.64878253
16 12870890 2.21457044933822 13.76268104
16 12923701 0.11608291749324 13.87963472
16 13038128 0 13.89291774
16 13072437 0 13.89291774
16 13110189 1.74514533684513 13.89291774
16 13173215 7.5957469621157 14.00290727
16 13196998 0 14.18355692
16 13322398 0 14.18355692
16 13358425 2.16945188367048 14.18355692
16 13404054 0.349469838805473 14.28254684
16 13447852 0.748478941803152 14.29785292
16 13497975 2.4180315596078 14.33536893
16 13556214 2.57881766971139 14.47619267
16 13587635 0 14.5572217
16 13616166 0 14.5572217
16 13644796 5.09934180076421 14.5572217
16 13700539 0 14.84147431
16 13821123 0 14.84147431
16 13872867 1.04470595651149 14.84147431
16 14055306 0.455788771463101 15.03206942
16 14301892 2.36524915821844 15.14446055
16 14411481 0.402226925478375 15.40366584
16 14520389 1.41821866099976 15.44747157
16 14726498 0.242761809500508 15.7397792
16 14779485 3.66712017096826 15.75264242
16 14870730 0 16.0872488
16 15003583 11.6367921249687 16.0872488
16 15059405 7.83020816501105 16.73683781
16 15080446 0 16.90159322
16 15208552 4.60166419787113 16.90159322
16 15266610 0 17.16875664
16 15290752 2.9938030056313 17.16875664
16 15349708 0 17.34525929
16 15408677 0 17.34525929
16 15481730 0 17.34525929
16 15516070 0.959348297368544 17.34525929
16 15546053 2.01317446876494 17.37402343
16 15608643 1.12070892475205 17.50002802
16 15634358 0 17.52884705
16 15738775 4.37572361011573 17.52884705
16 15816911 6.21274574409664 17.87074859
16 15838763 0.438248263888812 18.00650951
16 15861803 0.359835887444272 18.01660675
16 15915181 1.80722164907555 18.03581407
16 15940383 0 18.08135967
16 15977374 1.7429472568248 18.08135967
16 16011331 0.512622666731085 18.14054493
16 16321786 0.705319572890136 18.2996912
16 16433701 1.46253547491097 18.37862704
16 16483384 0.250145281451798 18.45129019
16 16644726 0.53068665141861 18.49164913
16 16665275 0.490694118196761 18.50255421
16 16900696 1.69806852112724 18.61807391
16 17049059 3.01739978235937 18.87000445
16 17083060 0.270394766471689 18.97259906
16 17256251 0 19.019429
16 17283088 2.35265834541872 19.019429
16 17344457 1.96143767201658 19.16380929
16 17376794 0 19.2272363
16 17397768 1.71413183335854 19.2272363
16 17483725 0.320118208078476 19.37457793
16 17607659 1.36459458375448 19.41425146
16 17732321 3.18361987852975 19.58436455
16 17824360 0.421967637347899 19.87738174
16 17857979 1.60136058616945 19.89156787
16 17953651 2.08250152278141 20.04477324
16 17975275 2.08250152278141 20.0898052529286
16 18451096 0 21.08070321
16 18473610 1.47509110534298 21.08070321
16 18551432 2.44710384120564 21.19549775
16 18633047 0 21.39521813
16 18659855 2.35703701634309 21.39521813
16 18695650 0 21.47958827
16 18731889 1.60433347832391 21.47958827
16 18835344 0.089430528565391 21.64556459
16 19031403 1.90293336293005 21.66309825
16 19144028 0 21.87741612
16 19197451 0.591110725261757 21.87741612
16 19370230 0 21.97954764
16 19391842 2.73044259964233 21.97954764
16 19413645 4.2262766707812 22.03907948
16 19436329 0 22.13494834
16 19495429 0 22.13494834
16 19545669 2.14192101020948 22.13494834
16 19568001 0.318713297964006 22.18278172
16 19672423 2.57788933905924 22.2160624
16 19763006 0.204482878196671 22.44957535
16 19786076 9.84257634907088 22.45429277
16 19835258 1.82857291204147 22.93837036
16 19974892 0 23.19370131
16 20015420 3.02366364421413 23.19370131
16 20043212 1.05711433551396 23.27773497
16 20087389 4.71185910858506 23.32443511
16 20127505 0 23.51345605
16 20179462 2.05383366385725 23.51345605
16 20219802 0 23.5963077
16 20274580 0 23.5963077
16 20297366 0 23.5963077
16 20367174 11.9242545679944 23.5963077
16 20404280 0 24.03876909
16 20446296 2.65646085417761 24.03876909
16 20467205 0 24.09431303
16 20503645 7.54245315548309 24.09431303
16 20525686 0 24.26055624
16 20565974 6.86700912347474 24.26055624
16 20601706 1.02939661594126 24.50592821
16 20639294 0 24.54462117
16 20684227 0.699016235348986 24.54462117
16 20778589 0 24.61058174
16 20811063 0.778245038543531 24.61058174
16 20841548 0 24.63430654
16 20863125 6.21334696381117 24.63430654
16 20887580 6.03901717034599 24.78625394
16 20929571 3.59528505948393 25.03983831
16 20968405 3.0707701486252 25.17945761
16 21025394 11.2273262718185 25.35445773
16 21058909 0 25.73074157
16 21089945 1.73065327148834 25.73074157
16 21138669 1.8783821143848 25.81506592
16 21210794 1.14087550351728 25.95054423
16 21295945 0 26.04769092
16 21331231 1.76267393685418 26.04769092
16 21352230 0 26.08470531
16 21383455 0 26.08470531
16 21418258 5.9059252915212 26.08470531
16 21463795 0 26.35364343
16 21496181 2.51485097098965 26.35364343
16 21584184 0 26.57495786
16 21614541 0.783751559590708 26.57495786
16 21718735 0.202664103691958 26.65662007
16 21893792 2.23946723901247 26.69209784
16 22077364 1.27977240251613 27.10320132
16 22145247 0.458935416419353 27.19007611
16 22254764 0.160821576853698 27.24033734
16 22346770 0 27.25513389
16 22417578 0.475041537530481 27.25513389
16 22472107 0 27.28103743
16 22614822 5.08929649812396 27.28103743
16 22637210 2.6961964744404 27.3949766
16 22778918 1.8134256667547 27.77704921
16 23006138 0 28.18909579
16 23096755 3.9438613140654 28.18909579
16 23133846 0.671762578541661 28.33537755
16 23260212 0 28.4202655
16 23317276 0.0611745029886489 28.4202655
16 23386037 0 28.42447192
16 23410253 0 28.42447192
16 23542463 2.66330495104358 28.42447192
16 23625496 0 28.64561412
16 23647136 0 28.64561412
16 23681465 0 28.64561412
16 23703215 0 28.64561412
16 23823605 3.87261996045035 28.64561412
16 23848384 3.20882498288235 28.74157377
16 23915566 0.0858543816680132 28.95714905
16 24047445 0.641616379654954 28.96847144
16 24109986 2.03580153621298 29.00859877
16 24174300 0 29.13952931
16 24198154 0 29.13952931
16 24221725 0 29.13952931
16 24244162 4.07211159958046 29.13952931
16 24293750 0.698238387955702 29.34145718
16 24476276 0 29.46890384
16 24514522 0.664004445288324 29.46890384
16 24783121 0.831591609945956 29.64725477
16 24819116 3.08235425790752 29.67718791
16 24880766 0 29.86721505
16 24938178 0.398507293047881 29.86721505
16 25038479 0.153640553821912 29.90718573
16 25205753 0 29.9328858
16 25226450 0.994196548114609 29.9328858
16 25390766 0.413658660806149 30.0962482
16 25677431 0 30.21482966
16 25753006 0 30.21482966
16 25877452 0 30.21482966
16 25911399 3.73245400680612 30.21482966
16 25969288 0 30.43089769
16 25999582 0 30.43089769
16 26033886 1.34868143407794 30.43089769
16 26114830 0.550286958681473 30.54006536
16 26227564 0 30.60210141
16 26291375 0 30.60210141
16 26322718 4.6865875152999 30.60210141
16 26347228 0.684653850104369 30.71696967
16 26405642 2.19747743698544 30.75696304
16 26461264 0.255440191046461 30.87919113
16 26545432 8.99465660642228 30.90069102
16 26573927 1.31569281764161 31.15699376
16 26632153 0.174924651429611 31.23360129
16 26729766 0.416026723171682 31.25067621
16 26786870 1.1101874128084 31.274433
16 26824861 0.82593109087699 31.31661013
16 26870109 3.2520791450993 31.35398186
16 26900054 2.22710233833715 31.45136537
16 26927766 0.273448300384084 31.51308283
16 26969952 0 31.52461852
16 26990386 0 31.52461852
16 27018554 0.83626523120579 31.52461852
16 27050971 0.00664689712305817 31.55172773
16 27104083 2.6831347223002 31.55208076
16 27193118 0 31.79097366
16 27227164 0.696582582031642 31.79097366
16 27303476 0 31.84413127
16 27452942 2.2788893434865 31.84413127
16 27616701 2.39517435114496 32.21731991
16 27682201 0 32.37420383
16 27760994 0 32.37420383
16 27793251 0 32.37420383
16 27851640 0 32.37420383
16 27880821 4.21281406613109 32.37420383
16 27916538 0 32.52467291
16 27938714 0.712129358073799 32.52467291
16 28008613 0.383133725846858 32.57445004
16 28259305 0 32.6704986
16 28294425 0 32.6704986
16 28408961 0.281623902584023 32.6704986
16 28573780 3.10338116795727 32.71691557
16 28688202 0 33.07201065
16 28738342 0 33.07201065
16 28797323 0 33.07201065
16 28848328 0 33.07201065
16 28883744 0 33.07201065
16 28908880 5.56610929472187 33.07201065
16 28938854 2.68011270625772 33.23884921
16 29015336 0 33.44382959
16 29059673 2.13117519808501 33.44382959
16 29137796 0.839835687834488 33.61032339
16 29174251 0 33.6409396
16 29288094 0 33.6409396
16 29331799 0 33.6409396
16 29353506 0 33.6409396
16 29383160 3.44701267773327 33.6409396
16 29411714 0 33.7393656
16 29432549 1.4273892659344 33.7393656
16 29507842 3.59761086855346 33.84683802
16 29552963 0 34.00916582
16 29585625 0 34.00916582
16 29623372 0 34.00916582
16 29648031 0 34.00916582
16 29687157 0 34.00916582
16 29716390 0 34.00916582
16 29760720 6.21545918468666 34.00916582
16 29811081 0 34.32218256
16 29855846 0 34.32218256
16 29876673 0 34.32218256
16 29906770 0 34.32218256
16 29932278 0 34.32218256
16 29964503 0 34.32218256
16 30007133 0.13522821657097 34.32218256
16 30110434 1.25483737596473 34.33615177
16 30161226 0 34.39988747
16 30185523 0.0999992759920462 34.39988747
16 30213147 0.073119452778952 34.40264985
16 30260806 0 34.40613465
16 30342941 0.879183721546741 34.40613465
16 30376900 2.15681133721737 34.43599085
16 30412429 0 34.5126202
16 30435173 0 34.5126202
16 30476512 0 34.5126202
16 30505468 0 34.5126202
16 30546100 0 34.5126202
16 30566574 4.63805343336866 34.5126202
16 30588433 0 34.61400341
16 30632651 5.09976671549782 34.61400341
16 30668830 0 34.79850787
16 30712879 0 34.79850787
16 30750024 0 34.79850787
16 30855245 4.4674655342684 34.79850787
16 30880560 0 34.91160176
16 30904995 8.29897422491766 34.91160176
16 30943249 0 35.22907072
16 31034463 3.94558841370918 35.22907072
16 31060839 0.40321481710498 35.33313956
16 31112590 0.910692941246381 35.35400633
16 31179854 0 35.41526318
16 31216698 1.04255962439306 35.41526318
16 31310200 5.07684630611085 35.51274459
16 31341522 0.0596209881189911 35.67176157
16 31415926 2.12910494918759 35.67619761
16 31458337 0.600782786419962 35.76649508
16 31502372 0 35.79295055
16 31587509 0 35.79295055
16 31618949 0 35.79295055
16 31704359 1.4793287258792 35.79295055
16 31762815 1.89730240260482 35.87942619
16 31798443 0.62949561097949 35.94702328
16 31834328 0 35.96961273
16 31896105 0 35.96961273
16 31924464 9.76738699098127 35.96961273
16 31961054 0 36.32700142
16 32035645 1.70621674693565 36.32700142
16 32084024 1.11892885174709 36.40954648
16 32105683 3.37652820624233 36.43378136
16 32174728 0 36.66691375
16 32205846 0.796694570193171 36.66691375
16 32245387 0 36.69841585
16 32289340 2.99090199750308 36.69841585
16 32363032 0 36.9188214
16 32416117 0 36.9188214
16 32472255 1.10423992010178 36.9188214
16 32534334 0 36.98737151
16 32570779 0 36.98737151
16 32641693 2.05704702791024 36.98737151
16 32760431 0 37.23162116
16 32803046 0 37.23162116
16 32846023 2.09649207682712 37.23162116
16 32880542 0 37.30398997
16 32910155 1.87233244097143 37.30398997
16 32951618 0 37.38162249
16 32999210 4.67272216642485 37.38162249
16 33026093 3.52901878128645 37.50723928
16 33052662 1.84298098871212 37.60100178
16 33116624 0 37.71888253
16 33137322 0 37.71888253
16 33179783 0 37.71888253
16 33212425 1.3477362455425 37.71888253
16 33259537 7.44954546941965 37.78237708
16 33290096 0 38.01002774
16 33370308 0 38.01002774
16 33417238 0.36836739511664 38.01002774
16 33446890 0 38.02095057
16 33471733 0 38.02095057
16 33528921 4.26915156807125 38.02095057
16 33556407 0 38.13829247
16 33577437 0 38.13829247
16 33629124 0 38.13829247
16 33653229 0 38.13829247
16 33712006 0 38.13829247
16 33749010 0 38.13829247
16 33789714 0 38.13829247
16 33835259 0 38.13829247
16 33885015 1.30198915126514 38.13829247
16 33977376 0.601496179338872 38.25854549
16 34048437 0 38.30128841
16 34063645 0.666812534344788 38.30128841
16 34138256 0 38.35103996
16 34165224 0 38.35103996
16 34191501 0 38.35103996
16 34221715 2.19534992981683 38.35103996
16 34307918 0.642321734170073 38.54028571
16 34337719 0 38.55942754
16 34396924 0 38.55942754
16 34451175 4.71846405306728 38.55942754
16 34493084 0 38.75717365
16 34537769 0 38.75717365
16 34620089 2.6892229453512 38.75717365
16 34650666 0 38.83940202
16 34700757 2.68654139202997 38.83940202
16 34766905 0 39.01711136
16 34933617 0.316913161789211 39.01711136
16 34975511 0 39.03038812
16 34998930 0 39.03038812
16 35045999 2.84070324622945 39.03038812
16 35078221 0 39.12192126
16 35106442 0 39.12192126
16 35137739 0 39.12192126
16 35171790 0 39.12192126
16 35221629 0 39.12192126
16 35254252 0 39.12192126
16 35294619 11.4201031562011 39.12192126
16 35315752 0 39.3632623
16 35336999 0 39.3632623
16 35372501 0 39.3632623
16 35398564 1.41101453533326 39.3632623
16 35463234 0 39.45451261
16 35484406 0 39.45451261
16 35556979 0 39.45451261
16 35613606 1.32112342714772 39.45451261
16 35668999 0 39.5276936
16 35697721 0 39.5276936
16 35711204 0.11967420654244 39.5276936
16 35733795 0 39.53039716
16 35792938 0 39.53039716
16 35817432 0.947008064168365 39.53039716
16 35910188 5.47524271394124 39.61823784
16 35931736 0 39.73621837
16 35955069 3.09078507026231 39.73621837
16 36004313 0 39.88842099
16 36037389 1.17389977365103 39.88842099
16 36078476 1.85692395689096 39.93665301
16 36095085 0.865740494604965 39.96749466
16 36190636 0 40.05021703
16 36211859 2.38379761147618 40.05021703
16 36254312 0 40.15141639
16 36287126 0 40.15141639
16 36314471 4.43244363103958 40.15141639
16 36341791 0.125798106985165 40.27251075
16 36365140 2.06935195827081 40.27544801
16 36387762 0 40.32226089
16 36421148 0 40.32226089
16 36441290 1.87346999284325 40.32226089
16 36470633 1.75352218407052 40.37723412
16 36500339 0 40.42932425
16 36525642 0 40.42932425
16 36549278 0 40.42932425
16 36582321 2.69646034111987 40.42932425
16 36670208 7.65293621487165 40.66630806
16 36695935 0 40.86319515
16 36778922 0 40.86319515
16 36859263 0 40.86319515
16 36902338 1.56977506854411 40.86319515
16 36939905 0 40.92216689
16 36979476 0 40.92216689
16 37030433 0 40.92216689
16 37068802 0 40.92216689
16 37096204 0 40.92216689
16 37128689 0.184491038802868 40.92216689
16 37174665 0 40.93064905
16 37219475 0 40.93064905
16 37251454 0 40.93064905
16 37350310 7.35194813101173 40.93064905
16 37374949 4.00669950614158 41.1117937
16 37414434 0 41.26999823
16 37457859 0 41.26999823
16 37518825 0 41.26999823
16 37544697 1.51115541215333 41.26999823
16 37570731 0.0995048125011236 41.30933965
16 37631718 0 41.31540815
16 37673618 0.27711291756629 41.31540815
16 37744475 0 41.33504354
16 37783504 0 41.33504354
16 37818373 4.19711943963023 41.33504354
16 37859917 0 41.50940867
16 37913732 0.472852460540667 41.50940867
16 37956751 0 41.52975031
16 37992488 0 41.52975031
16 38015878 0 41.52975031
16 38112124 0 41.52975031
16 38137107 0 41.52975031
16 38205760 9.0499455930361 41.52975031
16 38238844 0 41.82915871
16 38259115 0 41.82915871
16 38360685 0 41.82915871
16 38491636 0 41.82915871
16 38697245 0.103323192952503 41.82915871
16 38728802 1.01493955063201 41.83241928
16 38783145 0 41.88757414
16 38804969 4.14457332524356 41.88757414
16 38832988 0.240621206884862 42.00370094
16 39142595 0.489692721436575 42.07819895
16 39200230 0 42.10642239
16 39226879 0.0479470892181612 42.10642239
16 39299454 0.770171223722834 42.10990215
16 39363055 0.392217513181497 42.15888581
16 39393021 0 42.170639
16 39415297 0 42.170639
16 39447477 0 42.170639
16 39509462 0 42.170639
16 39534519 0.212343878914792 42.170639
16 39949037 0 42.25865936
16 39981351 0 42.25865936
16 40015231 0 42.25865936
16 40051894 0 42.25865936
16 40101319 0.0956638210793896 42.25865936
16 40149698 1.08496125252841 42.26328748
16 40263899 1.90581162673084 42.38719114
16 40327167 1.19647320387439 42.50776803
16 40391486 1.09715677782569 42.58472399
16 40414576 0 42.61005734
16 40475517 0.59781060905956 42.61005734
16 40793811 0 42.80033687
16 41118210 0 42.80033687
16 41156220 0 42.80033687
16 41180351 0 42.80033687
16 41217175 0.0667279142769282 42.80033687
16 41301913 0 42.80599126
16 41331486 3.48892192904227 42.80599126
16 41377457 0 42.96638049
16 41511077 0 42.96638049
16 41535754 0 42.96638049
16 41592505 1.15067118936714 42.96638049
16 41747722 0 43.14498422
16 41789465 0 43.14498422
16 41809312 0 43.14498422
16 41852637 0 43.14498422
16 41929338 0 43.14498422
16 41964938 0.358585486105479 43.14498422
16 42014022 0.237849801094436 43.16258503
16 42063543 0.821256316626417 43.17436359
16 42233333 1.3671023269042 43.3138047
16 42293112 0.17974853860621 43.39552871
16 42489842 0.862849518744539 43.43089064
16 42543244 0.460208330615656 43.47696853
16 42619901 1.61991991991969 43.51224672
16 42640880 0.0216368941239654 43.54623102
16 42761181 0 43.54883396
16 42815053 2.60753317861246 43.54883396
16 42859434 0.732924464751162 43.66455889
16 42927720 0.248541875825576 43.71460737
16 42965570 0.828568880688802 43.72401468
16 42998090 0 43.75095974
16 43040172 0 43.75095974
16 43156392 0 43.75095974
16 43191497 0 43.75095974
16 43231366 0 43.75095974
16 43266548 0 43.75095974
16 43291228 0.203964474757942 43.75095974
16 43339025 0.0913672460459489 43.76070863
16 43383728 0 43.76479302
16 43574652 0.903926826966644 43.76479302
16 44104492 0 44.24372961
16 44131136 4.32726451572002 44.24372961
16 44162688 1.26225195444854 44.38026346
16 44223191 0.232353106406873 44.45663349
16 44262352 0.224546300845464 44.46573267
16 44301023 0 44.4744161
16 44309062 0.284039165389351 44.4744161
16 44341029 0 44.48349598
16 44363499 0 44.48349598
16 44460919 0.277175329527456 44.48349598
16 44527833 0.341547149285754 44.50204289
16 45220940 0 44.73877161
16 45244584 0 44.73877161
16 45310956 0 44.73877161
16 45343409 0 44.73877161
16 45364374 0 44.73877161
16 45391930 1.52478527311866 44.73877161
16 45661831 0.584490308613031 45.15031268
16 45759753 0 45.20754714
16 45782727 0.414986632922198 45.20754714
16 45894943 0 45.25411528
16 45928470 0.0672924573363609 45.25411528
16 46043615 0 45.26186367
16 46071614 1.23356218460064 45.26186367
16 46096186 3.00402448445943 45.29217476
16 46129840 0 45.3932722
16 46155215 0 45.3932722
16 46185646 1.69269120554112 45.3932722
16 46250903 0 45.50373215
16 46286961 0 45.50373215
16 46322245 0.926208958560321 45.50373215
16 46358032 0 45.53687839
16 46424566 0 45.53687839
16 46456312 0 45.53687839
16 46523438 0.0273082792828278 45.53687839
16 46560132 2.22126330234843 45.53788044
16 46598753 0 45.62366785
16 46683276 1.90362146408375 45.62366785
16 46712441 0 45.67918697
16 46749989 1.38798803580658 45.67918697
16 46773225 0 45.71143826
16 46834856 0 45.71143826
16 46895164 0 45.71143826
16 46932908 0 45.71143826
16 47002315 0 45.71143826
16 47068054 1.34855545936977 45.71143826
16 47094623 0 45.74726803
16 47122872 0.957118189898605 45.74726803
16 47199376 1.48821779202552 45.8204914
16 47239304 0 45.87991296
16 47331725 0 45.87991296
16 47352485 0 45.87991296
16 47379638 0 45.87991296
16 47469005 0 45.87991296
16 47497911 2.46849656522583 45.87991296
16 47555120 0 46.02113318
16 47575183 0.483756663644604 46.02113318
16 47602758 0 46.03447277
16 47649083 0.426682385899392 46.03447277
16 47691918 0.190950593682499 46.05274971
16 47748935 2.56485021703257 46.06363714
16 47781649 0 46.14754365
16 47800640 0.171401855580178 46.14754365
16 47848819 0.0866565650121345 46.15580162
16 47880167 0 46.15851813
16 47915797 3.04224651040309 46.15851813
16 47930985 0 46.20472377
16 48003197 0 46.20472377
16 48033155 1.89850212963123 46.20472377
16 48089268 0 46.31125442
16 48128286 0 46.31125442
16 48292035 3.44251612514335 46.31125442
16 48325213 0 46.42547022
16 48366828 1.97269523151345 46.42547022
16 48471012 0 46.6309935
16 48584407 0.956135856540743 46.6309935
16 48608609 0 46.6541339
16 48651177 0 46.6541339
16 48687445 1.04648306661708 46.6541339
16 48725063 0 46.6935005
16 48787404 0.337085508917125 46.6935005
16 48816898 0.685504456327968 46.7034425
16 48836533 0.727768040480956 46.71690238
16 48863805 0 46.73675007
16 48916987 0.0707042043668539 46.73675007
16 48990815 2.32253693781456 46.74197002
16 49015451 0 46.79918804
16 49035594 0 46.79918804
16 49059402 0.827444037938106 46.79918804
16 49117075 1.09366862096744 46.84690922
16 49153064 1.4128945665399 46.88626926
16 49191695 0.449785309161771 46.94085079
16 49220434 0 46.95377717
16 49250967 0 46.95377717
16 49283946 1.61731883996866 46.95377717
16 49402529 0 47.14556369
16 49425121 2.93715573714346 47.14556369
16 49468932 10.4841781161318 47.27424342
16 49491131 0.169416916460156 47.50698169
16 49529496 0 47.51348137
16 49594006 0 47.51348137
16 49627658 0 47.51348137
16 49659723 0 47.51348137
16 49697264 0 47.51348137
16 49746045 0.740529384706995 47.51348137
16 49819961 2.61677401288156 47.56821834
16 49852100 0 47.65231884
16 49910019 4.30968336449495 47.65231884
16 49951202 0 47.82980453
16 49977041 0 47.82980453
16 50021892 0 47.82980453
16 50054368 0.395055574792389 47.82980453
16 50112128 0 47.85262294
16 50190328 3.30525649421512 47.85262294
16 50240719 2.3267390922401 48.01917812
16 50274869 0 48.09863626
16 50349234 0 48.09863626
16 50375600 0.48058340611361 48.09863626
16 50415675 0 48.11789564
16 50444884 0 48.11789564
16 50490709 0 48.11789564
16 50521569 0 48.11789564
16 50563062 3.33996794148172 48.11789564
16 50585209 1.28450433049552 48.19186591
16 50666493 0 48.29627556
16 50694365 0.7731458046221 48.29627556
16 50845293 3.18613251598913 48.41296491
16 50890480 0 48.55693668
16 50917832 0 48.55693668
16 50954858 0 48.55693668
16 51049027 0 48.55693668
16 51127937 0 48.55693668
16 51311742 0 48.55693668
16 51411085 0.970191090409577 48.55693668
16 51444577 0 48.58943032
16 51536835 0 48.58943032
16 51572644 0 48.58943032
16 51725814 0 48.58943032
16 51820397 0 48.58943032
16 51848191 0 48.58943032
16 51949929 0 48.58943032
16 52029725 5.00475230671019 48.58943032
16 52081422 3.953250572132 48.848161
16 52104581 1.75133763776013 48.93971433
16 52149496 0.0301963175932553 49.01837566
16 52183930 0 49.01941544
16 52253742 0.766866487171306 49.01941544
16 52304254 4.73056966049258 49.0581514
16 52327847 3.0038378895049 49.16975973
16 52354002 0.861782398407469 49.24832511
16 52418303 0 49.30373858
16 52503102 0 49.30373858
16 52524332 0 49.30373858
16 52550733 0 49.30373858
16 52635870 0 49.30373858
16 52668461 0 49.30373858
16 52700170 19.6640636058034 49.30373858
16 52722778 2.12951612208248 49.74830373
16 52792403 0.339881671644541 49.89657129
16 52880125 0 49.92638639
16 52902520 0.545212283755993 49.92638639
16 52966279 2.34811064985144 49.96114858
16 53017106 0 50.080496
16 53093745 0 50.080496
16 53114298 0.691758927873276 50.080496
16 53280547 2.44359912426076 50.19550023
16 53378293 0.25643861197906 50.43435227
16 53407745 0 50.4419049
16 53433033 0 50.4419049
16 53470013 0 50.4419049
16 53531283 5.29990348169301 50.4419049
16 53556874 0 50.57753473
16 53585655 0 50.57753473
16 53618524 2.50924454887693 50.57753473
16 53658103 0.564305098951532 50.67684812
16 53796504 0 50.75494851
16 53817301 0 50.75494851
16 53941353 0 50.75494851
16 53997980 0.00415573197315126 50.75494851
16 54022291 0.812954982058177 50.75504954
16 54077469 0 50.79990677
16 54098335 1.07401657909033 50.79990677
16 54120411 0.309509991673494 50.82361676
16 54144431 0 50.83105119
16 54190079 0.791118600998934 50.83105119
16 54246748 1.59637412609024 50.87588309
16 54279074 0 50.92748748
16 54315276 0.888140726868197 50.92748748
16 54386293 0 50.99056057
16 54496479 0.462901994471724 50.99056057
16 54785177 0 51.12419945
16 54827505 1.30796918699972 51.12419945
16 54868981 0 51.17844878
16 54883696 0.243313451895266 51.17844878
16 54947910 0 51.19407291
16 54992007 1.11698945090614 51.19407291
16 55032674 0 51.23949752
16 55107811 0 51.23949752
16 55144393 0 51.23949752
16 55170608 0 51.23949752
16 55212092 0.709200928805875 51.23949752
16 55259034 0 51.27278883
16 55289919 5.42084193536241 51.27278883
16 55316560 0 51.41720548
16 55344755 0 51.41720548
16 55375439 0 51.41720548
16 55492150 0 51.41720548
16 55536216 0 51.41720548
16 55571093 0.340722104953152 51.41720548
16 55652577 0 51.44496888
16 55736428 0 51.44496888
16 55777077 0 51.44496888
16 55801535 0 51.44496888
16 55916935 0 51.44496888
16 55937303 0 51.44496888
16 55956665 0 51.44496888
16 56005196 0 51.44496888
16 56027426 4.64251299316853 51.44496888
16 56058019 0.492658620689521 51.58699728
16 56081219 0 51.59842696
16 56181865 0 51.59842696
16 56212190 5.36486634663957 51.59842696
16 56251770 0 51.81076837
16 56325569 1.32908380020999 51.81076837
16 56426595 7.48757302746444 51.94504039
16 56451791 4.24087585718817 52.13369728
16 56492768 0 52.30747565
16 56529489 0 52.30747565
16 56571453 0.315420615984077 52.30747565
16 56754185 7.95539094261081 52.36511309
16 56775339 0.494501479581927 52.53340143
16 56826029 0.0830600796868222 52.55846771
16 56940477 7.26781221549291 52.56797377
16 56965740 0 52.75158051
16 57072220 0.55392540210787 52.75158051
16 57101068 0 52.76756015
16 57144029 0 52.76756015
16 57178503 1.72675812516262 52.76756015
16 57205364 0.215412100382741 52.8139426
16 57251627 0 52.82390821
16 57307940 0 52.82390821
16 57442769 2.89792942281713 52.82390821
16 57527924 0 53.07068139
16 57584057 0 53.07068139
16 57608446 0 53.07068139
16 57643669 0 53.07068139
16 57692792 0 53.07068139
16 57718806 2.43364027341708 53.07068139
16 57779958 2.35267490220296 53.21950336
16 57852813 0.849673260649119 53.39090749
16 58058910 0 53.5660226
16 58081003 0 53.5660226
16 58102627 0 53.5660226
16 58195280 0.950836315767947 53.5660226
16 58219589 4.44746278152457 53.58913648
16 58243166 0 53.69399431
16 58285620 0 53.69399431
16 58289347 0 53.69399431
16 58323094 0 53.69399431
16 58359897 0.628260697043663 53.69399431
16 58405260 0 53.7224941
16 58433277 0 53.7224941
16 58460441 0 53.7224941
16 58500019 0 53.7224941
16 58521028 0 53.7224941
16 58553216 5.39253429816557 53.7224941
16 58590390 0 53.92295617
16 58616087 0 53.92295617
16 58672515 0.859960076609582 53.92295617
16 58709586 5.77158809319759 53.95483575
16 58735252 0 54.10296933
16 58761154 0.294736873561764 54.10296933
16 58828080 1.29914774880749 54.12269489
16 58904595 0 54.22209918
16 58944371 2.14741774126899 54.22209918
16 58966162 0.07402510052398 54.26889356
16 59007197 0 54.27193118
16 59030333 0.152483268144505 54.27193118
16 59053343 0 54.27543982
16 59072626 0 54.27543982
16 59102810 1.15419249117624 54.27543982
16 59154376 0 54.33495691
16 59188953 0.987117497561311 54.33495691
16 59266861 1.14797207514048 54.41186126
16 59296512 0 54.44589978
16 59335529 0 54.44589978
16 59362032 1.07348244054237 54.44589978
16 59631972 18.8384171128296 54.73567563
16 59652144 0 55.11568418
16 59731379 0 55.11568418
16 59788199 0 55.11568418
16 59841996 0 55.11568418
16 59897334 0 55.11568418
16 59946371 10.2216142888815 55.11568418
16 59982455 0 55.48452091
16 60042685 4.8749118458155 55.48452091
16 60074958 0 55.64184894
16 60096458 1.19398979289356 55.64184894
16 60174051 0.712622026580908 55.73449419
16 60233116 0.27712053710204 55.77658521
16 60281375 0 55.78995877
16 60322634 0 55.78995877
16 60355931 0.992272930899299 55.78995877
16 60391647 0 55.82539879
16 60447270 0.8966476413969 55.82539879
16 60497554 0 55.87048582
16 60525984 0.126596021135634 55.87048582
16 60560617 1.03563265830934 55.87487022
16 60638392 0 55.95541655
16 60664937 1.80001609232977 55.95541655
16 60744478 0 56.09859163
16 60784885 1.00761764411311 56.09859163
16 60924671 0 56.23944247
16 60966792 0.101202167287475 56.23944247
16 61008134 0 56.24362637
16 61117067 0.427343418707813 56.24362637
16 61193944 0 56.27647925
16 61295643 1.19082612383379 56.27647925
16 61336908 2.0752849978694 56.32561869
16 61397926 0 56.45224843
16 61430643 0 56.45224843
16 61459911 0 56.45224843
16 61507218 0 56.45224843
16 61550007 2.46386531552285 56.45224843
16 61604282 0 56.58597472
16 61731673 0.738634957463183 56.58597472
16 61767877 2.11871020105966 56.61271626
16 61802991 0.291742234526711 56.68711265
16 61867118 0.291742234526929 56.7058212042735
16 61891557 0.291742234526537 56.7129510927431
16 61944236 0.291742234526779 56.7283197819157
16 62041386 0 56.75666254
16 62068790 2.92842949076208 56.75666254
16 62131413 0.453241230897831 56.94004958
16 62241544 0 56.98996549
16 62323164 0 56.98996549
16 62345092 3.14424359521762 56.98996549
16 62391932 0 57.13724186
16 62413194 0 57.13724186
16 62458973 0 57.13724186
16 62504604 0 57.13724186
16 62536239 0 57.13724186
16 62578656 0 57.13724186
16 62607838 11.6735456483816 57.13724186
16 62633633 0 57.43836097
16 62683690 0 57.43836097
16 62711820 0 57.43836097
16 62763185 3.4226010831562 57.43836097
16 62836120 2.98821925633575 57.68798838
16 62874632 2.45824017155102 57.80307068
16 62902612 0 57.87185224
16 62935560 2.51466080240285 57.87185224
16 62958865 3.29266987051134 57.93045641
16 62981338 1.12332712354831 58.00445258
16 63082254 0.0615137415969918 58.11781426
16 63144583 0.0848999415388237 58.12164835
16 63189057 1.51862898263814 58.12542419
16 63226438 0 58.18219206
16 63252161 1.4020949977737 58.18219206
16 63285846 0 58.22942163
16 63362612 2.4786343335427 58.22942163
16 63392839 0.536719010918555 58.30434331
16 63423979 3.44401195864338 58.32105674
16 63448062 0.672757494515567 58.40399888
16 63468577 0.44310727935358 58.4178005
16 63491079 2.04400136575491 58.4277713
16 63524760 1.72766182029671 58.49661531
16 63559150 0.468329941228695 58.5560296
16 63602879 2.7582690646105 58.5765092
16 63634128 2.24549475651511 58.66270235
16 63663021 0.551349438925228 58.72758143
16 63691003 7.43131928406453 58.74300929
16 63739499 0 59.10339855
16 63775525 0 59.10339855
16 63820369 4.48715834315928 59.10339855
16 63846660 0 59.22137043
16 63904062 0 59.22137043
16 64013519 1.41503666989908 59.22137043
16 64152734 7.49562104966136 59.41836476
16 64188174 2.71639244958598 59.68400957
16 64213762 0 59.75351662
16 64223291 0 59.75351662
16 64253701 8.58558759800732 59.75351662
16 64298468 0 60.13786762
16 64372019 6.65019209858636 60.13786762
16 64394091 3.67852685847722 60.28465066
16 64480600 0 60.60287634
16 64534356 3.80868222484642 60.60287634
16 64584319 0 60.79316953
16 64605294 0 60.79316953
16 64636844 0 60.79316953
16 64746091 4.68272585512057 60.79316953
16 64795470 2.99316426269339 61.02439785
16 64833324 5.43523909162476 61.13770109
16 64885417 0 61.420839
16 64924645 0 61.420839
16 64966278 0 61.420839
16 65063641 2.52865242879784 61.420839
16 65128632 5.02952213593335 61.58517865
16 65163914 0 61.76263025
16 65195892 3.91124038206407 61.76263025
16 65248658 4.64021064097451 61.96901076
16 65313840 2.39417937590417 62.27146897
16 65386425 5.12361624141471 62.44525048
16 65414526 0 62.58922922
16 65440219 0.578998704823033 62.58922922
16 65472647 1.03101098676761 62.60800499
16 65580413 1.91069623971797 62.71911292
16 65641685 0 62.8361851
16 65672634 0 62.8361851
16 65705962 0 62.8361851
16 65783105 4.53603457717277 62.8361851
16 65834237 2.80766699491277 63.06812162
16 65846423 0 63.10233585
16 65942478 0 63.10233585
16 66006620 0.800775688955398 63.10233585
16 66100240 4.26575287573058 63.17730447
16 66121452 2.02468336247761 63.26778962
16 66137464 1.27272153883724 63.30020885
16 66166161 0 63.33673214
16 66217414 2.21152194366037 63.33673214
16 66253552 0 63.41665212
16 66323846 13.8196533795493 63.41665212
16 66348657 0 63.75953154
16 66466029 0.701863184595483 63.75953154
16 66528712 0 63.80352643
16 66553781 1.41818053359348 63.80352643
16 66583504 2.96838654308285 63.84567901
16 66621373 0 63.95808884
16 66673802 0 63.95808884
16 66694809 0.439621653369785 63.95808884
16 66756102 3.15033312748726 63.98503457
16 66785250 2.60020616011382 64.07686048
16 66817652 0.156181053137726 64.16111236
16 66859242 3.65513655085954 64.16760793
16 66903914 0 64.33089019
16 66927091 0 64.33089019
16 67025984 0 64.33089019
16 67070199 38.5347251201499 64.33089019
16 67095792 0.493295941483163 65.31710941
16 67132431 0 65.33518328
16 67259366 2.77906356489323 65.33518328
16 67296635 1.3447299625468 65.4387562
16 67323335 0 65.47466049
16 67400920 0 65.47466049
16 67460891 0 65.47466049
16 67493398 0.57554508645513 65.47466049
16 67532667 5.25372029250406 65.49726157
16 67549077 3.02823449042998 65.58347512
16 67631784 0 65.83393131
16 67667253 0.409362864531766 65.83393131
16 67787510 4.44732874941878 65.88316006
16 67806853 5.81630871127405 65.96918474
16 67876154 2.31022055232596 66.37226075
16 67939631 8.22957601584024 66.51890662
16 67962863 0.797080761639715 66.71009613
16 68050516 0.990380791596268 66.77996265
16 68119819 0 66.84859901
16 68147591 0 66.84859901
16 68212960 0 66.84859901
16 68255710 0 66.84859901
16 68276631 0 66.84859901
16 68311076 6.08171413726322 66.84859901
16 68353418 0.239574412804105 67.10611095
16 68411150 2.54117295081922 67.11994206
16 68435550 7.79882045652435 67.18194668
16 68461967 0 67.38796812
16 68489199 0 67.38796812
16 68513253 0 67.38796812
16 68561808 8.87814144621639 67.38796812
16 68604637 0 67.76821004
16 68624997 0.808892220977878 67.76821004
16 68652674 1.63975142519634 67.79059775
16 68691616 5.50610219203489 67.85445295
16 68717528 0 67.99712707
16 68811568 15.3410141488307 67.99712707
16 68833902 0 68.33975328
16 68869129 0 68.33975328
16 68909737 0 68.33975328
16 68984620 1.00137610225731 68.33975328
16 69009342 0 68.3645093
16 69036093 0 68.3645093
16 69066591 0 68.3645093
16 69086868 11.2389877368028 68.3645093
16 69109619 0.989698165826595 68.62020751
16 69202849 4.2036145849609 68.71247707
16 69228437 2.47500851366338 68.82003916
16 69288928 0 68.9697549
16 69333819 0 68.9697549
16 69373891 0.831611422849774 68.9697549
16 69421830 5.93975105664436 69.00962152
16 69471279 4.34714526670896 69.30333627
16 69509223 0 69.46828435
16 69553620 1.814845700737 69.46828435
16 69607606 2.26815912838257 69.56626061
16 69638537 2.30838385237711 69.63641704
16 69674629 0.0428996917719473 69.71973123
16 69704477 1.99197638848123 69.7210117
16 69857792 0 70.02641156
16 69888936 0 70.02641156
16 69966111 3.11307717953016 70.02641156
16 69996106 1.10368363864762 70.11978831
16 70055007 3.70607036274231 70.18479638
16 70078798 0 70.2729675
16 70129856 0 70.2729675
16 70222305 11.7664337836861 70.2729675
16 70249987 2.77212986463654 70.59868592
16 70273627 0 70.66421907
16 70367208 0 70.66421907
16 70399176 10.6495618264781 70.66421907
16 70430077 0 70.99330118
16 70473352 5.25934370377022 70.99330118
16 70517966 1.48817735625718 71.22794154
16 70587239 0 71.33103205
16 70608188 0 71.33103205
16 70675707 0 71.33103205
16 70702826 10.1017304319227 71.33103205
16 70739314 0 71.69962399
16 70768143 0 71.69962399
16 70806285 2.43261330470678 71.69962399
16 70836094 0 71.77213776
16 70862193 0 71.77213776
16 70942109 5.51263915259289 71.77213776
16 70982137 0 71.99279768
16 71035799 0 71.99279768
16 71066302 0 71.99279768
16 71087377 0 71.99279768
16 71122844 0 71.99279768
16 71172629 0.706149382873002 71.99279768
16 71211924 0.792637254641614 72.02054582
16 71249573 0.0369202893945042 72.05038782
16 71328220 3.86865478482786 72.05329149
16 71350551 0 72.13968242
16 71389983 0 72.13968242
16 71410496 1.163251169786 72.13968242
16 71434432 0.819627602078303 72.167526
16 71463111 0.418999224204852 72.1910321
16 71503070 4.81890062549179 72.20777489
16 71527211 1.00461375990577 72.32410797
16 71588287 1.10443946514231 72.38546576
16 71629569 0 72.43105923
16 71741467 1.04886184407985 72.43105923
16 71814761 0.142543661061042 72.50793451
16 71839497 0.869833078569374 72.51146047
16 71904917 0.0388710724807589 72.56836495
16 71924936 7.56617163967061 72.56914311
16 71942531 0 72.7022699
16 71977141 2.246120512484 72.7022699
16 72000010 3.54320810283781 72.75363643
16 72025137 0.00937733514920974 72.84266662
16 72105164 0 72.84341706
16 72146211 2.01452426855184 72.84341706
16 72258249 0 73.06912033
16 72311987 0 73.06912033
16 72407716 0 73.06912033
16 72435182 0 73.06912033
16 72529139 4.09216105212537 73.06912033
16 72552026 3.45324807300123 73.16277762
16 72580957 3.08689365701918 73.26268354
16 72611810 1.65230406512138 73.35792347
16 72631957 0 73.39121244
16 72652266 0 73.39121244
16 72684735 0.336131150500374 73.39121244
16 72773366 2.76887927991507 73.42100408
16 72847024 0 73.62495419
16 72879325 0 73.62495419
16 72925169 8.97946357965029 73.62495419
16 72947931 0.741718246799526 73.82934474
16 72973393 0.624227302652208 73.84823037
16 73100985 3.28043303990073 73.92787678
16 73167099 0 74.14475933
16 73181477 0 74.14475933
16 73257921 2.23568725705119 74.14475933
16 73312202 0 74.26611467
16 73333141 1.02210845472936 74.26611467
16 73361835 0 74.29544305
16 73406881 2.96619453073025 74.29544305
16 73442937 0.0355638757205362 74.40239216
16 73476056 0 74.40357
16 73508512 0 74.40357
16 73534277 0.177909346085901 74.40357
16 73563134 0.560845668263035 74.40870393
16 73599886 0 74.42931613
16 73622925 2.22944977050376 74.42931613
16 73694168 0 74.58814882
16 73791935 0 74.58814882
16 73848494 6.77860709796559 74.58814882
16 73912935 0.43533386058088 75.02496904
16 73948339 0 75.0403816
16 73969151 0 75.0403816
16 73992807 3.38700107296129 75.0403816
16 74020002 3.38700107296092 75.1324910941792
16 74041271 1.29256463863735 75.20452922
16 74093407 0 75.27191837
16 74126765 1.46395188467339 75.27191837
16 74158813 2.54153252275105 75.3188351
16 74185625 0 75.38697867
16 74223546 5.47809902818632 75.38697867
16 74246287 0 75.51155612
16 74268623 0 75.51155612
16 74376450 6.69453331451155 75.51155612
16 74411870 2.44700617577252 75.74867649
16 74432920 0 75.80018597
16 74469945 0 75.80018597
16 74493109 15.6009143983071 75.80018597
16 74520515 3.4122843023549 76.22774463
16 74619670 0 76.56608968
16 74643085 0 76.56608968
16 74702292 0.590465445985522 76.56608968
16 74777059 0 76.61023701
16 74800780 4.79893423597714 76.61023701
16 74821460 9.54585848497122 76.70947897
16 74853499 0 77.01531873
16 74876995 0 77.01531873
16 74898882 3.51181482496719 77.01531873
16 74960899 1.02800096933438 77.23311095
16 74983595 7.1743444164181 77.25644246
16 75005400 1.17052351108913 77.41287904
16 75032047 0 77.44406998
16 75062297 3.39739746484373 77.44406998
16 75118546 0 77.63517019
16 75154527 5.37272606479403 77.63517019
16 75195920 2.02315307663231 77.85756344
16 75227708 13.1827981848068 77.92187543
16 75255694 0 78.29080922
16 75287003 2.23202137514344 78.29080922
16 75359330 0 78.45224463
16 75385186 0 78.45224463
16 75405924 0 78.45224463
16 75433377 5.29686645753146 78.45224463
16 75568218 0.744864811680783 79.1664794
16 75593627 2.2662606582365 79.18540567
16 75617904 0.865213181356543 79.24042368
16 75662209 3.30856431337505 79.27875695
16 75746134 0 79.55642821
16 75770841 2.79020731053698 79.55642821
16 75817486 0 79.68657743
16 75853423 3.67770049075764 79.68657743
16 75887452 0 79.8117259
16 75923672 2.15956319959924 79.8117259
16 75999519 0 79.97552229
16 76033367 12.7590635331962 79.97552229
16 76066940 2.75761607761614 80.40388233
16 76114559 1.09675463394721 80.53519725
16 76183183 1.11495199944791 80.61046094
16 76212141 2.79720295241033 80.64274772
16 76250889 3.94693191206389 80.75113374
16 76300516 0 80.94700813
16 76338383 0 80.94700813
16 76379036 1.1213231353663 80.94700813
16 76408519 4.06137863812029 80.9800681
16 76437758 0 81.09881875
16 76495672 2.43191702668616 81.09881875
16 76544049 1.79801002273886 81.2164676
16 76589346 2.24357100547899 81.29791206
16 76629864 0.356527172678219 81.38881707
16 76731087 0 81.42490582
16 76757879 2.37792350999789 81.42490582
16 76809389 0 81.54739266
16 76837294 0 81.54739266
16 76866839 0 81.54739266
16 76906399 0 81.54739266
16 76986131 8.93120592546927 81.54739266
16 77012053 0 81.77890738
16 77047411 6.06538132611622 81.77890738
16 77084361 5.43285111126115 82.00302322
16 77113967 0 82.16386821
16 77135990 1.32717934807171 82.16386821
16 77180228 0 82.22257997
16 77209384 0 82.22257997
16 77234944 3.01694006619289 82.22257997
16 77265461 1.38313423366206 82.31464793
16 77287527 0 82.34516817
16 77365802 3.97779242269365 82.34516817
16 77522322 0.537487955953169 82.96777224
16 77631297 0 83.02634499
16 77660465 4.56456261003508 83.02634499
16 77696817 6.92761031801741 83.19227597
16 77735274 0 83.45869108
16 77772465 11.0280654429372 83.45869108
16 77797525 0 83.7350544
16 77824449 5.13236160144228 83.7350544
16 77851075 0 83.87170866
16 77973314 1.55893295592944 83.87170866
16 78003697 1.34472038073773 83.91907372
16 78087114 5.40684294269091 84.03124626
16 78121681 6.12577534331114 84.2181446
16 78180010 0 84.57545495
16 78204634 2.3391533288667 84.57545495
16 78285232 1.71698163191977 84.76398603
16 78427163 0 85.00767895
16 78441583 0 85.00767895
16 78451173 0 85.00767895
16 78483462 6.76328100695499 85.00767895
16 78539393 0.183631258774018 85.38595602
16 78567174 2.34254380467066 85.39105748
16 78603871 0 85.47702181
16 78636932 5.38662390843805 85.47702181
16 78714344 1.13399940285138 85.89401114
16 78794726 0 85.98516428
16 78819477 2.11349991044063 85.98516428
16 78825060 0 85.99696395
16 78860229 0 85.99696395
16 78895705 0 85.99696395
16 78936848 3.25343541923793 85.99696395
16 79002479 0 86.21049017
16 79064232 8.73865776691048 86.21049017
16 79094495 0 86.47494817
16 79155953 28.9294591304344 86.47494817
16 79178953 6.21357612436201 87.14032573
16 79221088 2.80211606676243 87.40213476
16 79311019 1.39523958184141 87.65413186
16 79345934 0.572989198523742 87.70284665
16 79464066 0.475332585154441 87.77053501
16 79938997 0 87.99628519
16 80002018 0 87.99628519
16 80024105 0 87.99628519
16 80057455 0 87.99628519
16 80180909 0.868951062038332 87.99628519
16 80202283 0.17635524777412 88.01485815
16 80424663 0 88.05407603
16 80448457 0 88.05407603
16 80517376 0.787678125163766 88.05407603
16 80631818 0 88.14421949
16 80667403 0 88.14421949
16 80814937 0 88.14421949
