Chromosome Position(bp) Rate(cM/Mb) Map(cM)
12 0 0 0
12 227903 0 0
12 317454 2.53340961195551 0
12 341008 0.16070598490217 0.05967193
12 641581 0 0.10797581
12 665131 0 0.10797581
12 698323 4.17542868740758 0.10797581
12 732812 3.51206731751154 0.25198217
12 757293 0 0.33796109
12 826580 0 0.33796109
12 860789 0 0.33796109
12 891788 0 0.33796109
12 930109 0 0.33796109
12 977267 0 0.33796109
12 1012481 0 0.33796109
12 1294811 1.59161356320056 0.33796109
12 1397943 9.96144476531184 0.50210738
12 1421144 0 0.73322286
12 1497417 0 0.73322286
12 1523099 0 0.73322286
12 1575670 0 0.73322286
12 1606902 0 0.73322286
12 1631008 0 0.73322286
12 1662538 0.303344278320153 0.73322286
12 1742331 0 0.75742761
12 1786737 0 0.75742761
12 1973142 0 0.75742761
12 2017529 7.09791310715158 0.75742761
12 2066693 1.29331424682609 1.10638941
12 2109306 0.746382797530339 1.16150141
12 2146882 2.56875130019609 1.18954749
12 2205527 0.00980794348682006 1.34019191
12 2259886 0.15555072905553 1.34072506
12 2299252 1.05978956021373 1.34684847
12 2323582 0 1.37263315
12 2350878 1.48734196958537 1.37263315
12 2373959 0 1.40696249
12 2400899 0 1.40696249
12 2438161 0 1.40696249
12 2509817 1.60723354368811 1.40696249
12 2549908 1.14406925651098 1.47139809
12 2618638 0.206026826658516 1.55002997
12 2644806 0 1.55542128
12 2667114 0.697459446659035 1.55542128
12 2692451 0 1.57309281
12 2731456 0 1.57309281
12 2758980 2.57833696358287 1.57309281
12 2811318 1.3288752899271 1.70803781
12 2859606 0 1.77220654
12 2880958 0.240097659848893 1.77220654
12 2902666 3.21002275813269 1.77741858
12 2954955 0 1.94526746
12 2988843 0 1.94526746
12 3013810 0 1.94526746
12 3036572 1.27205146048897 1.94526746
12 3091177 0 2.01472783
12 3216739 3.84578985145425 2.01472783
12 3248783 2.74765220661623 2.13796232
12 3317916 0 2.32791576
12 3394655 0 2.32791576
12 3438119 0.132667154648026 2.32791576
12 3477738 5.19281356261536 2.3331719
12 3508617 1.98245354647405 2.49352079
12 3606080 1.40029273263987 2.68673666
12 3634536 0 2.72658339
12 3693855 7.82191178600244 2.72658339
12 3742192 1.24518217090942 3.10467114
12 3763326 0 3.13098682
12 3786708 2.74302434583221 3.13098682
12 3816364 3.22342511798458 3.21233395
12 3845817 4.74795742326099 3.30727349
12 3876538 0 3.45313549
12 3898855 0 3.45313549
12 4046381 2.36164569151585 3.45313549
12 4076496 0 3.52425645
12 4125837 0 3.52425645
12 4193758 0.861101086990563 3.52425645
12 4257604 3.09268655097615 3.57923431
12 4285264 1.73556698499987 3.66477802
12 4325997 0.96512334149615 3.73547287
12 4398276 6.21421438969244 3.80523102
12 4430563 1.14225979960063 4.00586936
12 4486152 0 4.06936644
12 4564035 3.56621344985486 4.06936644
12 4630861 2.47669795609387 4.30768222
12 4670491 5.3784951957685 4.40583376
12 4702442 0 4.57768206
12 4734848 0 4.57768206
12 4735467 0 4.57768206
12 4765918 0.0872281034654958 4.57768206
12 4805970 3.39167602100199 4.58117572
12 4844633 5.26109884357304 4.71230809
12 4907672 2.89548788952618 5.0439625
12 5017164 0 5.36099526
12 5048441 3.77545646843899 5.36099526
12 5069242 0 5.43952853
12 5121952 0 5.43952853
12 5163260 1.33424185635173 5.43952853
12 5400715 1.97857410477295 5.75635093
12 5609433 1.56776647219721 6.16931496
12 5840489 0.687271493473983 6.53155681
12 5944381 4.20586985344181 6.60295882
12 5972288 6.05693067512466 6.72033203
12 5994358 0.694487484222837 6.85400849
12 6211444 2.41497466288758 7.004772
12 6397732 6.13829941243492 7.4546528
12 6442493 0 7.72940922
12 6573855 9.53216132110704 7.72940922
12 6597956 0.44570178781643 7.95914384
12 6716033 0.039709257473448 8.01177097
12 6778253 1.95426869649495 8.01424168
12 6827781 0 8.1110327
12 6888350 0 8.1110327
12 6923585 2.48022971946966 8.1110327
12 6974952 1.69968612344026 8.23843466
12 7034657 0 8.33991442
12 7075382 2.92749173553718 8.33991442
12 7099582 1.39244837773717 8.41075972
12 7477665 2.19677805006526 8.93722078
12 7521328 0.840367354767873 9.0331387
12 7672517 2.29473921905601 9.160193
12 7697538 4.26481345315902 9.21760967
12 7741602 0 9.40553441
12 7777501 1.85036241456551 9.40553441
12 7951611 0.864213322819262 9.72770101
12 8111397 0.686156014566181 9.8657902
12 8211080 1.24882116868057 9.93418829
12 8508595 5.81357471786864 10.30573132
12 8559192 0 10.59988076
12 8651610 0 10.59988076
12 8700370 0.894929292459414 10.59988076
12 8743364 0 10.63835735
12 8796877 3.72211704090314 10.63835735
12 8901490 3.78549596865191 11.02773918
12 8998976 0 11.39677204
12 9035851 1.79574443751299 11.39677204
12 9122413 3.41717189147732 11.55221527
12 9132844 0 11.58785979
12 9230190 5.32018155440423 11.58785979
12 9254315 2.01317841363745 11.71620917
12 9307052 1.50841407071468 11.82237816
12 9495358 0 12.10642158
12 9522013 1.24597023790919 12.10642158
12 9554000 0 12.14627643
12 9595423 0.665901083172821 12.14627643
12 9708609 12.3083328113991 12.22164711
12 9734155 4.93360437216739 12.53607578
12 9782918 0 12.77665313
12 9830851 0 12.77665313
12 9874763 0 12.77665313
12 9904786 0 12.77665313
12 10032424 26.6454598183623 12.77665313
12 10058630 0 13.47492405
12 10124348 0.706697922515416 13.47492405
12 10159968 3.03991669206546 13.50009663
12 10199340 6.41125527013517 13.61978423
12 10222347 0 13.76728798
12 10271928 3.45306456743002 13.76728798
12 10297080 0 13.85413946
12 10318008 0 13.85413946
12 10345922 9.61967104270403 13.85413946
12 10372430 0 14.1091377
12 10398932 0 14.1091377
12 10428649 0.521123442627336 14.1091377
12 10541098 0 14.16773751
12 10585260 3.50439111378484 14.16773751
12 10631804 1.56231847358802 14.33084589
12 10665766 14.0285166742645 14.38390535
12 10694283 0.661657252630622 14.78395656
12 10729160 0 14.80703318
12 10779144 5.52613508990429 14.80703318
12 10830532 5.71281407766998 15.09101021
12 10851132 1.41188498127501 15.20869418
12 10967287 0.306698034466388 15.37269168
12 11150596 0 15.42891219
12 11193032 1.57742944963086 15.42891219
12 11324144 2.07980320065653 15.63573212
12 11385069 10.3173909025568 15.76244413
12 11414286 0 16.06388734
12 11470110 0 16.06388734
12 11524425 2.96830887505456 16.06388734
12 11622892 1.23849439210408 16.35616781
12 11645182 2.68498605820218 16.38377385
12 11670645 0 16.45214165
12 11701004 0 16.45214165
12 11722008 0 16.45214165
12 11746738 0 16.45214165
12 11793754 0 16.45214165
12 11793991 0.36642806504493 16.45214165
12 11839129 2.29976000000002 16.46868148
12 11881129 0 16.5652714
12 11906726 0 16.5652714
12 11927779 0 16.5652714
12 11959977 0.415008206106866 16.5652714
12 12012377 0.46471094710946 16.58701783
12 12109124 5.53504670037686 16.63197722
12 12171222 0 16.97569255
12 12219520 0 16.97569255
12 12257583 0 16.97569255
12 12338859 17.4816735278791 16.97569255
12 12377239 0 17.64663918
12 12409614 0 17.64663918
12 12443527 0.27126150800193 17.64663918
12 12473832 0 17.65485976
12 12517885 0 17.65485976
12 12572486 9.15562718218233 17.65485976
12 12599695 9.63062913907287 17.90397522
12 12624761 3.7918435673222 18.14537657
12 12645460 4.91175396666303 18.22386394
12 12710313 0 18.54240592
12 12739825 0 18.54240592
12 12764521 0 18.54240592
12 12804473 0 18.54240592
12 12935140 1.79160551075269 18.54240592
12 13098820 0 18.83565591
12 13137566 0 18.83565591
12 13161754 3.42204842941319 18.83565591
12 13231505 0 19.07434721
12 13258927 0 19.07434721
12 13283977 0 19.07434721
12 13310878 0 19.07434721
12 13331631 4.86456464987723 19.07434721
12 13357679 1.74604701875605 19.20105939
12 13439306 0 19.34358397
12 13473520 2.00617329434252 19.34358397
12 13516949 0.330114782608676 19.43071007
12 13562949 0 19.44589535
12 13606719 10.7453266982057 19.44589535
12 13629125 0.756903553299613 19.68665514
12 13656705 0.60811048092609 19.70753054
12 13682447 0 19.72318452
12 13710731 5.46963639932289 19.72318452
12 13751490 0.512804757917525 19.94612143
12 13792096 3.82019047198162 19.96694438
12 13814724 2.17651476086111 20.05338765
12 13861266 0 20.154687
12 13919664 1.06561919128025 20.154687
12 13940215 0 20.17658654
12 14005588 3.65160316460684 20.17658654
12 14030994 0 20.26935917
12 14056621 0 20.26935917
12 14083373 0 20.26935917
12 14109902 0.231719038024576 20.26935917
12 14156556 0.686790940997304 20.28016979
12 14186758 3.4710728386109 20.30091225
12 14211580 0.769810883646155 20.38707122
12 14317335 0.1214786733785 20.46848257
12 14365608 8.78369399725451 20.47434671
12 14397660 1.25992142932881 20.75588167
12 14491970 2.46607503313279 20.87470486
12 14531206 0 20.97146378
12 14559945 0.0225618353682242 20.97146378
12 14610725 3.14932582491872 20.97260947
12 14680247 0 21.1915569
12 14836161 1.23694602180021 21.1915569
12 14897445 2.0151984281729 21.2673619
12 14930782 0 21.33454257
12 15004714 1.32360188235293 21.33454257
12 15057839 0 21.40485892
12 15078495 0 21.40485892
12 15108440 1.62334771088789 21.40485892
12 15205814 0 21.56293078
12 15228150 0 21.56293078
12 15278970 0 21.56293078
12 15302872 0 21.56293078
12 15359375 0 21.56293078
12 15384018 0 21.56293078
12 15394868 0 21.56293078
12 15416051 0.0703181583983725 21.56293078
12 15524739 2.31723896313501 21.57057352
12 15575546 1.37862977063208 21.68830548
12 15639112 4.13322522007848 21.77593946
12 15677621 1.06945688249399 21.93510583
12 15729746 0 21.99085127
12 15767379 2.24547500249473 21.99085127
12 15787421 0 22.03585508
12 15815407 0 22.03585508
12 15888313 1.65947981862633 22.03585508
12 15986894 0 22.19944826
12 16021152 1.61029794790838 22.19944826
12 16051560 0.334292641971007 22.2484142
12 16120641 0 22.27150747
12 16171675 0 22.27150747
12 16209215 0 22.27150747
12 16253513 5.51493416015939 22.27150747
12 16279637 0 22.41557961
12 16291391 0 22.41557961
12 16352789 1.06332507323948 22.41557961
12 16443587 4.39093476798912 22.5121274
12 16470353 0.716809062608152 22.62965516
12 16499263 2.73583339602296 22.65037811
12 16539142 0 22.75948041
12 16559286 0 22.75948041
12 16594276 2.28009880975202 22.75948041
12 16651659 0.538618902348727 22.89031932
12 16685422 0.397545766112134 22.90850471
12 16709348 0.254647509117914 22.91801639
12 16759250 0.890009739408363 22.93072381
12 16839337 0.595657064051555 23.00200202
12 16871967 0.505756887420405 23.02143831
12 16954291 2.78218345032403 23.06307424
12 16983923 0 23.1455159
12 17069136 1.81382526155331 23.1455159
12 17098002 2.56729618754881 23.19787378
12 17141596 3.6114316416307 23.30979249
12 17186265 1.68443369274709 23.47111153
12 17218818 0 23.5259449
12 17386721 5.91932799002895 23.5259449
12 17444488 0 23.86788672
12 17477322 3.92874984721441 23.86788672
12 17559136 0.156752789009083 24.18931346
12 17609704 0.156752789009092 24.1972401350346
12 17653614 1.28211279087001 24.20412315
12 17721084 1.0442450131535 24.2906273
12 17815235 1.04424501315353 24.3889440122334
12 17877696 6.58459957704065 24.4541686
12 17924509 3.79635151137415 24.76241346
12 17956599 0.455723608090003 24.88423838
12 17999813 2.45403754581895 24.90393202
12 18029004 0 24.97556783
12 18054409 0 24.97556783
12 18117735 2.92556075047173 24.97556783
12 18200936 0.385597634787661 25.21897741
12 18394407 0.800087495846638 25.29357937
12 18448581 0 25.33692331
12 18506652 1.57119649676666 25.33692331
12 18604847 0 25.49120695
12 18661493 0 25.49120695
12 18708561 0.929226653863306 25.49120695
12 18854356 1.27070298924014 25.62668355
12 18911327 0 25.69907677
12 18968294 0 25.69907677
12 19021420 0 25.69907677
12 19074490 0.433742668788349 25.69907677
12 19096485 3.9514240673614 25.70861694
12 19149453 0 25.91791597
12 19195877 0 25.91791597
12 19241247 0 25.91791597
12 19311292 2.2832693033437 25.91791597
12 19337790 0 25.97841804
12 19367974 0.57159103030756 25.97841804
12 19581716 1.48571715057982 26.10059105
12 19650530 0 26.20282919
12 19774145 1.64449060210254 26.20282919
12 19805535 0 26.25444975
12 19913272 0 26.25444975
12 19986019 0.691387866018162 26.25444975
12 20036802 1.537193931079 26.2895605
12 20111148 2.1360605201878 26.40384472
12 20192311 0 26.5772138
12 20363379 2.96420197024897 26.5772138
12 20439410 3.36675492272039 26.80258504
12 20499387 0.858687584177159 27.0045129
12 20539481 0.238684968447335 27.03894112
12 20648505 0.120486707008555 27.06496351
12 20729149 4.088300338808 27.07468004
12 20794968 0.905051046243007 27.34376788
12 21002329 0 27.53144017
12 21032419 0.876904651464885 27.53144017
12 21086316 0 27.5787027
12 21209923 0 27.5787027
12 21245279 6.11404598131841 27.5787027
12 21282642 0 27.8071418
12 21368915 0 27.8071418
12 21798848 3.14907878794838 27.8071418
12 21972999 0 28.35555702
12 22044109 0.649843543216762 28.35555702
12 22146118 1.86442007333974 28.42184691
12 22205022 0.995261984752483 28.53166871
12 22235978 0 28.56247804
12 22287297 1.56797474057697 28.56247804
12 22358320 5.89134035259566 28.67384031
12 22378740 0 28.79414148
12 22436306 0 28.79414148
12 22464353 0.832621167326411 28.79414148
12 22643960 0 28.94368607
12 22684761 0 28.94368607
12 22772690 3.13189183429943 28.94368607
12 22843082 0 29.1641462
12 22865383 0 29.1641462
12 22957971 0 29.1641462
12 23024428 0 29.1641462
12 23046578 0 29.1641462
12 23067798 0 29.1641462
12 23109974 1.04274046019724 29.1641462
12 23151956 0 29.20792253
12 23238511 10.3911802421812 29.20792253
12 23260615 10.3911802421813 29.4376091780732
12 23295906 3.99771775504368 29.80432432
12 23316824 0.241460868150341 29.88794858
12 23427450 0 29.91466043
12 23553969 2.4123983797088 29.91466043
12 23703078 1.24957182211719 30.27437074
12 23728488 15.1140054302422 30.30612236
12 23752428 0 30.66795165
12 23773551 1.37325715446538 30.66795165
12 23852313 0 30.77611213
12 23938392 0 30.77611213
12 23968918 0 30.77611213
12 24004091 1.73726106846165 30.77611213
12 24562389 7.76066863957331 31.74602151
12 24596518 0 32.01088537
12 24646452 1.54595373697319 32.01088537
12 24708207 1.54595373697308 32.1063557430268
12 24780598 1.45961602362945 32.21826888
12 24802266 0 32.24989584
12 24961349 0 32.24989584
12 25043912 0 32.24989584
12 25091649 0 32.24989584
12 25118354 0 32.24989584
12 25194335 0 32.24989584
12 25233090 1.82524155016813 32.24989584
12 25351761 0 32.46649908
12 25390440 2.6791888794779 32.46649908
12 25470724 0 32.68159508
12 25530246 0 32.68159508
12 25583109 0 32.68159508
12 25639542 0.6971390314132 32.68159508
12 25723933 0 32.74042734
12 25753077 0 32.74042734
12 25835535 0 32.74042734
12 25963773 0.215208118624487 32.74042734
12 26344133 0.520406494040232 32.8222839
12 26465783 0 32.88559135
12 26532698 0 32.88559135
12 26581859 0 32.88559135
12 26747820 0 32.88559135
12 26777414 0 32.88559135
12 26784974 0 32.88559135
12 26857611 0 32.88559135
12 26941585 0 32.88559135
12 26986259 1.06439953788403 32.88559135
12 27038194 0.160964331587419 32.94087094
12 27058436 0.279484734221739 32.94412918
12 27113068 1.65631463337382 32.95939799
12 27210947 0.148368775295828 33.12151641
12 27255668 1.07657569183866 33.12815161
12 27289780 7.4822060844693 33.16487576
12 27316701 0 33.36630423
12 27400917 0 33.36630423
12 27442938 0 33.36630423
12 27556737 0 33.36630423
12 27575523 0.996363677633938 33.36630423
12 27663634 0 33.45409483
12 27699364 0 33.45409483
12 27723132 1.10848603942729 33.45409483
12 27786489 0.345649551571588 33.52432518
12 27894756 0 33.56174762
12 27933503 0.354187254658783 33.56174762
12 28002030 1.10977573591955 33.58601901
12 28031415 0 33.61862977
12 28105312 0.0494945029599798 33.61862977
12 28183354 1.15378932069061 33.62249242
12 28212251 0 33.65583347
12 28252065 0 33.65583347
12 28467052 0.792980279395996 33.65583347
12 28587383 0.895819435672502 33.75125358
12 28763132 2.769997531806 33.90869295
12 28807699 0 34.03214343
12 28834261 0 34.03214343
12 28890678 0 34.03214343
12 28922150 0 34.03214343
12 28954423 0 34.03214343
12 28987000 9.8090779582173 34.03214343
12 29011077 0 34.2683166
12 29098459 0.474861517835252 34.2683166
12 29126802 2.44869611590075 34.2817756
12 29149304 0.441978683509267 34.33687616
12 29169570 1.34847052780282 34.3458333
12 29216292 0.0605786495147323 34.40883654
12 29304290 3.56451404088857 34.41416734
12 29347236 0 34.56724896
12 29397313 0 34.56724896
12 29495469 0 34.56724896
12 29537962 1.17271536535604 34.56724896
12 29624234 4.75526492721439 34.66842146
12 29656658 0.233672354176108 34.82260617
12 29753830 3.0825350335691 34.84531258
12 29776023 0.777685464705582 34.91372328
12 29807161 0 34.93793885
12 29842066 0 34.93793885
12 29913447 1.07970268956578 34.93793885
12 30073919 1.8179225782006 35.1112009
12 30121425 9.00103436392289 35.19756313
12 30141737 0 35.38039214
12 30248515 0 35.38039214
12 30337283 0 35.38039214
12 30364771 1.58175753953662 35.38039214
12 30430027 0 35.48361131
12 30458512 0.715637903315606 35.48361131
12 30584158 0 35.57352835
12 30643496 0 35.57352835
12 30673223 0 35.57352835
12 30698975 0.338572778084153 35.57352835
12 30724381 3.43815935644531 35.58213013
12 30750486 0.346169274991783 35.67188328
12 30781796 0 35.68272184
12 30905157 3.41284928839396 35.68272184
12 30940078 2.79825350559291 35.80190195
12 30965466 0 35.87294401
12 31006856 0 35.87294401
12 31059835 0.28147380425307 35.87294401
12 31119463 0.715020665515527 35.88972773
12 31247454 0 35.98124394
12 31291233 0.12075393333564 35.98124394
12 31319644 12.1805176528682 35.98467468
12 31343946 0.408788538479783 36.28068562
12 31394934 1.24629855978766 36.30152893
12 31416042 0.684344787870436 36.3278358
12 31532386 0.488361118803657 36.40745521
12 31586551 0 36.43390729
12 31615691 0.509224852071003 36.43390729
12 31656251 0 36.45456145
12 31767190 7.63770290304789 36.45456145
12 31825198 0.940948004097407 36.89760932
12 32077064 0 37.13460213
12 32135504 0 37.13460213
12 32162469 0 37.13460213
12 32244222 2.62072257670375 37.13460213
12 32273686 0 37.2118191
12 32422158 4.28383766325956 37.2118191
12 32450334 0 37.33252051
12 32569961 2.49130967137288 37.33252051
12 32603038 1.50447054770916 37.41492556
12 32632068 1.27394296257248 37.45860034
12 32726918 0 37.57943383
12 32769866 0 37.57943383
12 32797085 0 37.57943383
12 32849385 0 37.57943383
12 32881037 0 37.57943383
12 32950247 2.00722742827904 37.57943383
12 33044048 0 37.76771377
12 33066364 3.52131237848347 37.76771377
12 33103396 0 37.89811501
12 33255411 0 37.89811501
12 33295786 2.72621249817064 37.89811501
12 33336784 0.110456615972438 38.00988427
12 33418450 0 38.01890482
12 33458620 0.251493886230591 38.01890482
12 33479311 1.34224046116799 38.02410848
12 33536210 0.477147380351306 38.10048062
12 33702969 2.06995032857182 38.18004924
12 33767795 1.18107002798335 38.31423584
12 33968986 0 38.5518565
12 34016083 1.19367914839914 38.5518565
12 34258544 0 38.84127714
12 34274775 3.48709542150702 38.84127714
12 34306969 0.328695507286037 38.95354069
12 34339978 0 38.9643906
12 34388211 0 38.9643906
12 34415010 2.19696109973636 38.9643906
12 34435524 1.25058442575284 39.00945906
12 34524928 0 39.12126631
12 34604973 0 39.12126631
12 34658218 0 39.12126631
12 34711526 0 39.12126631
12 34966660 0 39.12126631
12 34989764 0 39.12126631
12 35073582 0 39.12126631
12 35104341 0 39.12126631
12 35143134 7.04271147253443 39.12126631
12 35180763 0 39.3862765
12 35202030 0 39.3862765
12 35259814 0 39.3862765
12 35303788 0 39.3862765
12 35329106 0 39.3862765
12 35363362 0 39.3862765
12 35387279 0 39.3862765
12 35424126 0.584513161722009 39.3862765
12 35451630 0 39.40235295
12 35561574 0 39.40235295
12 35602449 0 39.40235295
12 35628568 0 39.40235295
12 35676910 0 39.40235295
12 35725261 0 39.40235295
12 35747252 0 39.40235295
12 35806060 0 39.40235295
12 35897885 0.0129328251250716 39.40235295
12 35994171 0 39.4035982
12 36076362 0 39.4035982
12 36156775 1.24722113013935 39.4035982
12 36216803 0 39.47846639
12 36266125 0 39.47846639
12 36341507 0.154065484123633 39.47846639
12 36414288 0 39.48967943
12 36451049 0 39.48967943
12 36482159 0 39.48967943
12 36506500 0.347907330631444 39.48967943
12 36570901 0 39.51208501
12 36652801 0 39.51208501
12 36731568 0 39.51208501
12 36766826 0 39.51208501
12 36851183 0.502959811855915 39.51208501
12 36952382 0.190653906207926 39.56298404
12 37063820 0 39.58423013
12 37248107 0.00719167124615909 39.58423013
12 37329992 0.258498408910212 39.58481902
12 37420496 0 39.60821416
12 37945812 0.326652669902257 39.60821416
12 38149389 0.326652669902275 39.6747131305807
12 38330901 0.0248627794579231 39.73400451
12 38401663 0.806137045987123 39.73576385
12 38565535 0 39.86786714
12 38763631 0.396249169341927 39.86786714
12 38977317 0.171022798375426 39.95254004
12 39153119 0.417962522660428 39.98260619
12 39262892 0 40.02848719
12 39299824 0 40.02848719
12 39397138 0 40.02848719
12 39419016 0.390977098440178 40.02848719
12 39476523 2.09316659470799 40.05097111
12 39525162 0.133243246758291 40.15278064
12 39602051 0.540504640092259 40.16302558
12 39643645 0 40.18550733
12 39690074 0 40.18550733
12 39726857 0.321609084450115 40.18550733
12 39930942 0.528305445311453 40.25114292
12 40049870 0.309286574965099 40.31397323
12 40113773 0.40011990166432 40.33373757
12 40272820 0 40.39737544
12 40370873 0 40.39737544
12 40509769 0 40.39737544
12 40533095 1.39520887232677 40.39737544
12 40785881 0 40.75006471
12 40950675 1.72679205212204 40.75006471
12 40978456 0.863021536711933 40.79803672
12 41076939 0 40.88302967
12 41191463 0 40.88302967
12 41375572 0 40.88302967
12 41530417 0 40.88302967
12 41585700 0 40.88302967
12 41695431 0 40.88302967
12 41736685 0 40.88302967
12 41776475 0 40.88302967
12 41856843 1.85469096295216 40.88302967
12 41911529 0.598342114208055 40.9844553
12 42005673 0 41.04078562
12 42037770 0.692461359468943 41.04078562
12 42303359 2.32978474399178 41.22469574
12 42341639 0 41.3138799
12 42404270 0.274346852973028 41.3138799
12 43257202 3.66784958495856 41.54787911
12 43307197 0.274927766324024 41.73125325
12 43440099 0.601963373283203 41.7677917
12 43504096 0 41.80631555
12 43543060 0 41.80631555
12 43571333 0.407403174733721 41.80631555
12 43814503 0 41.90538378
12 43838412 0 41.90538378
12 43980053 0.633907552918547 41.90538378
12 44029941 8.76588122986348 41.93700816
12 44055082 0 42.15739118
12 44105798 0 42.15739118
12 44204562 1.01542013679978 42.15739118
12 44330878 0 42.28565499
12 44370496 0.458326323875032 42.28565499
12 44501985 0 42.34591986
12 44555573 0 42.34591986
12 44703903 0 42.34591986
12 44751289 1.77310914323664 42.34591986
12 44773874 3.86520432317946 42.38596553
12 44805980 3.22588100686494 42.51006178
12 44835259 0 42.60451235
12 44896474 0 42.60451235
12 44937336 0.336706391835662 42.60451235
12 44967124 0 42.61454216
12 44995499 0 42.61454216
12 45028139 0.31118234311929 42.61454216
12 45056887 0 42.62348803
12 45085841 0 42.62348803
12 45107714 7.26995852928635 42.62348803
12 45131104 2.59625310173701 42.79353236
12 45168986 0 42.89188362
12 45203762 0 42.89188362
12 45249755 1.18425802074238 42.89188362
12 45270389 0 42.9163196
12 45292347 0 42.9163196
12 45317214 2.96546464646452 42.9163196
12 45346914 0.335766587912828 43.0043939
12 45402361 0 43.02301115
12 45428814 0 43.02301115
12 45449524 1.08169300269502 43.02301115
12 45501101 3.78879560629546 43.07880163
12 45568197 0.909730414181841 43.33301466
12 45617161 0 43.3775587
12 45650558 0 43.3775587
12 45685589 0 43.3775587
12 45729436 0 43.3775587
12 45851547 0 43.3775587
12 45882508 0 43.3775587
12 45904326 1.22590062030858 43.3775587
12 45981062 0 43.47162941
12 46032340 0 43.47162941
12 46112989 0.181252777099435 43.47162941
12 46280880 0 43.50206012
12 46329415 1.42819197011103 43.50206012
12 46402218 6.39045633058775 43.60603678
12 46430991 0 43.78990938
12 46466855 0 43.78990938
12 46493934 0 43.78990938
12 46520325 0 43.78990938
12 46559519 0 43.78990938
12 46609222 0 43.78990938
12 46710859 0 43.78990938
12 46739136 1.71017109196941 43.78990938
12 46772919 1.49174703492911 43.84768409
12 46858836 0 43.97585052
12 46900942 0 43.97585052
12 46925612 0 43.97585052
12 46961986 3.44850809031898 43.97585052
12 46994803 0 44.08902021
12 47028302 0 44.08902021
12 47058444 3.14094057001975 44.08902021
12 47085215 0 44.17310633
12 47110686 0.173881762489522 44.17310633
12 47180224 7.88658590200777 44.18519772
12 47200695 2.49439708600638 44.34664402
12 47255877 0.0685361249357709 44.48428984
12 47285012 1.04513058804672 44.48628664
12 47309976 2.71250667196932 44.51237728
12 47405525 0 44.77155458
12 47441944 0 44.77155458
12 47483517 0 44.77155458
12 47504955 0 44.77155458
12 47531745 0.169520410172113 44.77155458
12 47648574 4.1483174593262 44.79135948
12 47680597 0 44.92420105
12 47737320 0.37424822869409 44.92420105
12 47826802 6.98251608997637 44.95768953
12 47858188 3.02814924617665 45.17684278
12 47885847 0 45.26059836
12 47937127 1.38815327695547 45.26059836
12 48012807 0 45.3656538
12 48047961 0 45.3656538
12 48128940 0 45.3656538
12 48150915 9.10174328698156 45.3656538
12 48184283 0 45.66936077
12 48244131 0 45.66936077
12 48275977 2.32574971039692 45.66936077
12 48303601 0 45.73360728
12 48339870 0.881671680497946 45.73360728
12 48474830 0 45.85259769
12 48489110 0.544812926658489 45.85259769
12 48534814 0 45.87749782
12 48579969 0 45.87749782
12 48604274 0 45.87749782
12 48679687 0 45.87749782
12 48701648 0 45.87749782
12 48724188 10.7475854172944 45.87749782
12 48790568 0.475401060054252 46.59092254
12 48897921 0 46.64195827
12 48960299 0 46.64195827
12 49066076 0 46.64195827
12 49089970 6.95896682210827 46.64195827
12 49116132 0 46.82401876
12 49139810 0 46.82401876
12 49185481 1.32111629000041 46.82401876
12 49211012 0 46.85774818
12 49236664 4.17399577778411 46.85774818
12 49271243 0.13657949458766 47.00208078
12 49425612 1.06395487723963 47.02316442
12 49451231 0 47.05042188
12 49472551 0 47.05042188
12 49498421 2.38968650094584 47.05042188
12 49529075 0 47.12367533
12 49555523 1.33964489129863 47.12367533
12 49650508 0 47.2509215
12 49692958 0 47.2509215
12 49776977 0.767173428295704 47.2509215
12 49807024 0 47.27397276
12 49873283 0 47.27397276
12 49919596 0 47.27397276
12 49948246 2.36099866343654 47.27397276
12 49972188 0 47.33049979
12 49976723 0 47.33049979
12 50028181 0 47.33049979
12 50052680 0 47.33049979
12 50104867 3.52646790495223 47.33049979
12 50138408 0 47.44878105
12 50159200 0 47.44878105
12 50217416 0 47.44878105
12 50244825 0 47.44878105
12 50328249 0 47.44878105
12 50367458 2.57907349573173 47.44878105
12 50405882 0 47.54787937
12 50459832 0 47.54787937
12 50490177 0 47.54787937
12 50517145 2.69109099234108 47.54787937
12 50541169 0 47.61253014
12 50570155 0 47.61253014
12 50603184 0 47.61253014
12 50622215 0 47.61253014
12 50648884 1.10626214251753 47.61253014
12 50678326 0 47.64510071
12 50719472 1.65814926468655 47.64510071
12 50757619 0 47.70835413
12 50779493 2.3325494012381 47.70835413
12 50816486 0 47.79464213
12 50869818 1.66758863516103 47.79464213
12 50918952 2.92078834395728 47.87657743
12 50942013 1.21177659371228 47.94393373
12 50989120 0 48.00101689
12 51054522 0 48.00101689
12 51112517 2.69410579302964 48.00101689
12 51172313 2.69259623164939 48.16211364
12 51206917 0.00702786289862801 48.25528824
12 51242161 0 48.25553593
12 51288042 3.28115649781517 48.25553593
12 51318937 0 48.35690726
12 51410661 10.3559440178351 48.35690726
12 51430846 0 48.56594199
12 51487770 4.8373871021497 48.56594199
12 51517775 0 48.71108779
12 51551826 0 48.71108779
12 51574558 3.30011145821287 48.71108779
12 51626416 0 48.88222497
12 51656871 1.36987442328357 48.88222497
12 51685698 0 48.92171434
12 51713035 0 48.92171434
12 51750792 0 48.92171434
12 51777852 1.25424792453951 48.92171434
12 51811459 2.62533130611654 48.96386585
12 51860130 0 49.09164335
12 51893026 0.792116426781629 49.09164335
12 51978831 0.811056044679903 49.1596109
12 52086620 0 49.24703382
12 52114901 0 49.24703382
12 52145075 0 49.24703382
12 52199487 0 49.24703382
12 52226211 3.44360750478211 49.24703382
12 52250782 0 49.3316467
12 52270911 5.40803932657601 49.3316467
12 52293898 0 49.4559613
12 52315982 0 49.4559613
12 52417500 1.41320194901239 49.4559613
12 52440486 0 49.48844516
12 52479873 0.411109724185634 49.48844516
12 52546367 2.03288077430716 49.51578149
12 52569097 0.492461017914195 49.56198887
12 52660421 2.44825063266806 49.60696238
12 52691638 0.594496253122627 49.68338942
12 52715658 0 49.69766922
12 52731451 0.418809090461699 49.69766922
12 52751780 1.84252824427486 49.70618319
12 52784530 0.53852115956563 49.76652599
12 52812437 0 49.7815545
12 52869826 0 49.7815545
12 52894128 0.153604653884842 49.7815545
12 52936845 0 49.78811603
12 52962916 4.09737540337066 49.78811603
12 52988017 0.194651079371391 49.89096425
12 53018683 1.50883054087463 49.89693342
12 53054255 1.63921183108221 49.95060554
12 53089349 0.180524380635764 50.00813204
12 53123618 0.770755720189473 50.01431843
12 53242670 2.75732103628494 50.10607844
12 53269072 0.715573010821292 50.17887723
12 53308347 0 50.20698136
12 53339054 0 50.20698136
12 53376017 0 50.20698136
12 53409122 1.63285885131242 50.20698136
12 53475180 0 50.31484475
12 53523285 0.298434116275409 50.31484475
12 53553300 0 50.32380225
12 53587669 0 50.32380225
12 53613101 0 50.32380225
12 53640047 0.729808566214513 50.32380225
12 53667994 0 50.34419821
12 53698739 0.857007205452454 50.34419821
12 53724414 0 50.36620187
12 53765203 0 50.36620187
12 53802891 1.90312657792071 50.36620187
12 53837747 0.45027542832354 50.43253725
12 53897690 0.780533051155782 50.45952811
12 53958172 0 50.50673631
12 53978522 2.21613295276629 50.50673631
12 53989383 0 50.53080573
12 54014743 0 50.53080573
12 54084088 1.4160816180302 50.53080573
12 54114792 0 50.5742851
12 54140138 0 50.5742851
12 54173297 1.31615752183226 50.5742851
12 54209711 0 50.62221166
12 54260080 0.927874965962861 50.62221166
12 54340874 0.985992702296855 50.69717839
12 54368828 0.421610831962707 50.72474083
12 54590136 0.117859116647642 50.81804668
12 54634286 1.55260966382523 50.82325016
12 54676050 0 50.88809335
12 54699856 1.74060291565441 50.88809335
12 54728666 3.39862441712571 50.93824012
12 54752256 0 51.01841367
12 54845013 0 51.01841367
12 54871553 3.68918866111503 51.01841367
12 54902773 4.58590186166921 51.13359014
12 54951439 0 51.35676764
12 54975717 1.18134165970535 51.35676764
12 55024798 3.688243231047 51.41474907
12 55046958 0 51.49648054
12 55068443 0 51.49648054
12 55096943 0.439168045926418 51.49648054
12 55183342 1.4114052841479 51.53442422
12 55203402 2.39973633017873 51.56273701
12 55241442 0.662586238574169 51.65402298
12 55284984 0 51.68287331
12 55312073 0 51.68287331
12 55332674 0 51.68287331
12 55350542 0.867548669050456 51.68287331
12 55410950 0.290496568119849 51.73528019
12 55437029 1.56808192842349 51.74285605
12 55470839 0 51.7958729
12 55496555 0 51.7958729
12 55525996 0 51.7958729
12 55564831 0.525922306023441 51.7958729
12 55613226 2.83829929839705 51.82132491
12 55638739 0 51.89373844
12 55661347 2.3211966519901 51.89373844
12 55684286 0.461938917847212 51.94698437
12 55711528 1.04464519534476 51.95956851
12 55828987 1.1359516174255 52.08227149
12 55943119 0 52.21191992
12 55980335 0 52.21191992
12 56021401 10.7549200752233 52.21191992
12 56034163 0 52.34917421
12 56071971 0.661555364386696 52.34917421
12 56206814 0 52.43838032
12 56239172 0 52.43838032
12 56276159 1.44425319051157 52.43838032
12 56304446 1.08238303947091 52.47923391
12 56344374 0.511213934293235 52.5224513
12 56399863 1.02059962065722 52.55081805
12 56423061 0.593655826996693 52.57449392
12 56478690 0 52.6075184
12 56537635 1.73030974842774 52.6075184
12 56601235 0.263606325301224 52.7175661
12 56667635 0.272595602906808 52.73506956
12 56722262 0.918612650318506 52.74996064
12 56756190 0 52.78112733
12 56777286 0 52.78112733
12 56839067 0 52.78112733
12 56855497 0 52.78112733
12 56924095 0 52.78112733
12 56976868 0.642185223725152 52.78112733
12 57008581 0 52.80149295
12 57032895 0 52.80149295
12 57076324 0.717527810177245 52.80149295
12 57133767 1.59130642449895 52.8427099
12 57246196 0 53.02161889
12 57304652 0 53.02161889
12 57325895 0 53.02161889
12 57348672 0 53.02161889
12 57388770 0 53.02161889
12 57411076 0 53.02161889
12 57444824 0 53.02161889
12 57506218 0 53.02161889
12 57541708 0 53.02161889
12 57572706 3.23983413784342 53.02161889
12 57627812 0.463848574968976 53.20015319
12 57668162 0.225631851641354 53.21886948
12 57731468 4.38788360110962 53.23315333
12 57764269 0 53.3770803
12 57798469 0 53.3770803
12 57839576 0 53.3770803
12 57976501 0 53.3770803
12 58016260 0.806177536231816 53.3770803
12 58101268 0 53.44561184
12 58146565 0.353693538517394 53.44561184
12 58190688 1.90940474015526 53.46121786
12 58250897 0 53.57618121
12 58303845 0 53.57618121
12 58330693 0 53.57618121
12 58371169 0 53.57618121
12 58393712 0 53.57618121
12 58415118 0.410560160071081 53.57618121
12 58527568 0.247003360228722 53.6223487
12 58577267 2.49403528216464 53.63462452
12 58609748 0.0442882788422011 53.71563328
12 58672694 0.935084671607931 53.71842105
12 58711550 3.13489257539314 53.7547547
12 58783042 0 53.97887444
12 58803755 0 53.97887444
12 58824130 0 53.97887444
12 58857555 0.581037234687643 53.97887444
12 58898780 4.28787106649258 54.0028277
12 58920993 1.04738589978463 54.09807418
12 59045445 1.11069662080717 54.22842345
12 59069504 4.58434242970877 54.2551457
12 59129931 0 54.53216376
12 59160531 0 54.53216376
12 59189522 0 54.53216376
12 59242099 0 54.53216376
12 59322295 0 54.53216376
12 59351245 0 54.53216376
12 59394250 0.0474501373673751 54.53216376
12 59450304 0.917018884298222 54.53482353
12 59503311 0.932413901788394 54.58343195
12 59550902 0.291517276887826 54.62780646
12 59638302 0 54.65328507
12 59665420 0 54.65328507
12 59688270 0 54.65328507
12 59759572 0.942875077986228 54.65328507
12 59863757 0.683090855321115 54.75151851
12 60002395 0.244056892525812 54.84622086
12 60192543 1.08453092029978 54.89262779
12 60494901 0 55.22054439
12 60557565 0 55.22054439
12 60592865 0.471527542986014 55.22054439
12 60658526 1.05960678834437 55.25150536
12 60705371 0 55.30114264
12 60736444 0.213570243970752 55.30114264
12 60786491 0.117090197848331 55.31183119
12 60813077 0.464921100230914 55.31494415
12 60845143 0 55.32985231
12 60891701 2.2240139364128 55.32985231
12 60947813 0.132916424666091 55.45464618
12 60997744 0 55.46128283
12 61020039 0 55.46128283
12 61039629 0 55.46128283
12 61069311 0 55.46128283
12 61099685 1.86833406056374 55.46128283
12 61214275 1.71470277946847 55.67537523
12 61248778 0 55.73453762
12 61307520 1.98457812213588 55.73453762
12 61591204 0.924836841764381 56.29753068
12 61668399 0 56.36892346
12 61709582 0 56.36892346
12 61740608 0 56.36892346
12 61820062 0 56.36892346
12 61830994 0 56.36892346
12 61867104 0 56.36892346
12 61902144 0 56.36892346
12 61944009 0 56.36892346
12 61978377 0 56.36892346
12 62021237 0 56.36892346
12 62054174 4.47423991942496 56.36892346
12 62082967 0 56.49775025
12 62119132 2.67297806749934 56.49775025
12 62150273 5.72424880789063 56.58098946
12 62180891 0 56.75625451
12 62215048 0 56.75625451
12 62244337 0.913636882414898 56.75625451
12 62277632 2.60556040345978 56.78667405
12 62316595 0 56.8881945
12 62357382 0 56.8881945
12 62486452 7.49004846728447 56.8881945
12 62526479 1.14378615871635 57.18799867
12 62599767 0 57.27182447
12 62624564 1.47032942828097 57.27182447
12 62665878 0 57.33256966
12 62697756 0 57.33256966
12 62728452 0.155879687266522 57.33256966
12 62788695 0 57.34196032
12 62831006 0 57.34196032
12 62865973 1.63107130250623 57.34196032
12 62922633 0 57.43437682
12 62971636 1.20727114531512 57.43437682
12 63053238 1.61763188867336 57.53289256
12 63111014 0 57.62635286
12 63133056 4.39189592262246 57.62635286
12 63167588 0 57.77801381
12 63206792 0 57.77801381
12 63246638 0 57.77801381
12 63277552 0 57.77801381
12 63297603 0 57.77801381
12 63357328 0.327826488896313 57.77801381
12 63406005 0 57.79397142
12 63428289 0 57.79397142
12 63470082 0 57.79397142
12 63504722 1.49057011151008 57.79397142
12 63589109 0.545048531679601 57.91975616
12 63710370 1.50506948467721 57.98584929
12 63843277 0.0455394115978448 58.18588356
12 63920843 1.77108662160816 58.18941587
12 63961087 0.270169879467764 58.26069148
12 64008709 2.25767653260632 58.27355751
12 64086485 0.193320147320158 58.44915056
12 64108478 1.33219338021639 58.45340225
12 64145307 3.2695207201015 58.5024656
12 64191856 0 58.65465852
12 64216538 2.07151591450228 58.65465852
12 64253077 0 58.73034964
12 64281544 0 58.73034964
12 64303152 0 58.73034964
12 64325291 0 58.73034964
12 64355048 0 58.73034964
12 64371608 3.25651650624592 58.73034964
12 64433009 0.275770743584674 58.93030301
12 64475721 0 58.94208173
12 64586228 0.460683052719344 58.94208173
12 64674962 0 58.98295998
12 64700809 1.04795226354202 58.98295998
12 64740150 2.37378049630552 59.02418747
12 64768842 0 59.09229598
12 64812980 0 59.09229598
12 65021140 8.32557675869244 59.09229598
12 65064425 1.81382572673727 59.45266857
12 65106187 0 59.52841756
12 65124144 0 59.52841756
12 65146783 0 59.52841756
12 65189902 0 59.52841756
12 65233994 0 59.52841756
12 65268163 0 59.52841756
12 65289522 2.20385751190947 59.52841756
12 65331715 0 59.62140492
12 65371475 7.168291834003 59.62140492
12 65393885 0 59.78204634
12 65430646 0 59.78204634
12 65486078 1.75976032579654 59.78204634
12 65531014 1.09202779751 59.86112293
12 65638002 0 59.9779568
12 65665979 0 59.9779568
12 65830722 0.257728285658469 59.9779568
12 65907457 0 59.99773358
12 65960241 0 59.99773358
12 66007088 2.6504934071463 59.99773358
12 66056763 0.978829990449313 60.12939684
12 66079797 0 60.15194321
12 66123957 3.17321332616871 60.15194321
12 66183509 0 60.34091441
12 66232247 0 60.34091441
12 66285701 1.3984204561065 60.34091441
12 66314817 0 60.38163082
12 66340756 0 60.38163082
12 66366069 0 60.38163082
12 66386065 0 60.38163082
12 66434442 0.575743163486182 60.38163082
12 66475106 1.60818072805156 60.40504284
12 66498456 0 60.44259386
12 66537606 0.527983433258329 60.44259386
12 66660865 0 60.50767257
12 66712879 1.32392304750081 60.50767257
12 66796541 0 60.61843462
12 66849830 0 60.61843462
12 66905284 1.71214206219982 60.61843462
12 67002326 1.85618655240617 60.78458431
12 67032666 0.102878422753041 60.84090101
12 67108190 1.37083506210442 60.8486708
12 67184352 0 60.95307634
12 67235387 0 60.95307634
12 67262559 0 60.95307634
12 67305785 2.48957946820646 60.95307634
12 67417144 0 61.23031342
12 67514012 3.52750014532914 61.23031342
12 67565619 0 61.41235712
12 67591160 0.524579813305017 61.41235712
12 67672362 0 61.45495405
12 67697092 0 61.45495405
12 67719247 0.995712497765308 61.45495405
12 67741619 0 61.47723013
12 67765095 6.46163298280173 61.47723013
12 67801611 0 61.71318312
12 67821644 2.6083868164477 61.71318312
12 67868824 0 61.83624681
12 67896547 0 61.83624681
12 67923499 2.54363230455905 61.83624681
12 67949031 3.45692176996381 61.90119083
12 67976105 0 61.99478353
12 68001818 0 61.99478353
12 68073185 3.18858726866615 61.99478353
12 68098257 0 62.07472779
12 68125289 4.24385030188541 62.07472779
12 68146986 0 62.16680661
12 68171491 0 62.16680661
12 68196683 0.916361043551143 62.16680661
12 68253834 1.13515256911331 62.21917756
12 68281723 0 62.25083583
12 68314848 0 62.25083583
12 68349473 0 62.25083583
12 68411781 0 62.25083583
12 68445488 6.87657015758137 62.25083583
12 68472014 5.26152585350542 62.43324373
12 68510268 0 62.63451814
12 68520830 0 62.63451814
12 68572875 0.335948801150519 62.63451814
12 68681354 0 62.67096153
12 68742412 1.80609807599428 62.67096153
12 68831445 1.19176104137585 62.83176386
12 68852955 0 62.85739864
12 68903786 0 62.85739864
12 68930465 0 62.85739864
12 68957597 5.68646696632038 62.85739864
12 68973838 0 62.94975255
12 69018797 0.821699312790016 62.94975255
12 69110181 0 63.02484272
12 69204867 0 63.02484272
12 69228475 0 63.02484272
12 69257472 0 63.02484272
12 69298405 0.54434833414057 63.02484272
12 69333492 0.349308396799529 63.04394227
12 69385357 0.976587391468275 63.06205915
12 69427741 2.43780935464785 63.10345083
12 69458143 0.390265221961602 63.17756511
12 69495244 0 63.19204434
12 69521762 1.32414460802095 63.19204434
12 69549340 2.91158707763549 63.2285616
12 69576982 0 63.30904369
12 69598014 0 63.30904369
12 69620661 1.2106144702588 63.30904369
12 69681738 0 63.38298439
12 69716399 0 63.38298439
12 69746467 0.359633239201537 63.38298439
12 70199378 0 63.54586624
12 70467376 0.0816542066666168 63.54586624
12 71561544 2.45074800889696 63.63520966
12 71589418 0 63.70352181
12 71619208 12.3482369923791 63.70352181
12 71666315 0 64.28521021
12 72932996 0 64.28521021
12 73063509 0 64.28521021
12 73085199 0 64.28521021
12 73245516 0 64.28521021
12 73378861 0 64.28521021
12 73452468 1.14628178895034 64.28521021
12 73483257 1.12336753186962 64.32050308
12 73515812 20.668138636364 64.35707431
12 73524612 0.322794647892061 64.53895393
12 73583131 0 64.55784355
12 73613834 0 64.55784355
12 73637667 0 64.55784355
12 73661585 0 64.55784355
12 73750510 0.0722766546327949 64.55784355
12 73833610 0 64.56384974
12 73863243 7.74995592286542 64.56384974
12 73885023 0.653859180168865 64.73264378
12 73951988 0 64.77642946
12 74093292 6.59014557074346 64.77642946
12 74121457 3.33202391314321 64.96204091
12 74143286 2.70055869108026 65.03477566
12 74227447 2.35439476418018 65.26205738
12 74275577 0 65.3753744
12 74299711 0.47880443523809 65.3753744
12 74340746 0 65.39502214
12 74404063 7.25428067115267 65.39502214
12 74428141 0.864176110884085 65.56969071
12 74452671 0 65.59088895
12 74492602 2.85105035077934 65.59088895
12 74573137 5.44242110870839 65.82049829
12 74605048 0 65.99417139
12 74634037 6.06391190526906 65.99417139
12 74666888 0 66.19337696
12 74733267 5.25948566463982 66.19337696
12 74767797 1.33173544146141 66.374987
12 74802330 0 66.42097582
12 74823873 0.54024856033245 66.42097582
12 74861208 0 66.441146
12 74894376 0 66.441146
12 74953290 6.84898049875877 66.441146
12 74995595 1.65595413121194 66.73089212
12 75154483 6.99176947253634 66.99400336
12 75201254 4.86827315869399 67.32101541
12 75253934 2.30015186202681 67.57747604
12 75280142 0.949826856784834 67.63775842
12 75318434 0 67.67412919
12 75339646 1.44676482443052 67.67412919
12 75381823 0 67.73514939
12 75403639 0 67.73514939
12 75485603 0.928846135885849 67.73514939
12 75549848 0.933881342186956 67.79482311
12 75589306 0.882860474782899 67.8316722
12 75632610 1.1955436562931 67.86990359
12 75672295 3.36908141304907 67.91734874
12 75710397 0 68.04571748
12 75737403 0 68.04571748
12 75772237 0 68.04571748
12 75817277 0 68.04571748
12 75844220 3.19899026030833 68.04571748
12 75895659 0 68.21027034
12 75921002 22.8192472649826 68.21027034
12 75941660 0 68.68167035
12 76081859 0.955383091002167 68.68167035
12 76171681 0.798235521889707 68.76748477
12 76213002 0 68.80046866
12 76245063 0 68.80046866
12 76353632 0 68.80046866
12 76416585 0 68.80046866
12 76481344 0 68.80046866
12 76505511 0 68.80046866
12 76603573 0 68.80046866
12 76649683 Inf 68.80046866
12 76649683 0 69.03847049
12 76685099 0 69.03847049
12 76715103 0 69.03847049
12 76818459 0 69.03847049
12 76870848 0 69.03847049
12 76911515 0 69.03847049
12 76934650 0 69.03847049
12 76997850 0 69.03847049
12 77068046 7.92505080147317 69.03847049
12 77104167 7.02599041943442 69.32473125
12 77139238 2.17917084913245 69.57113976
12 77202797 0 69.70964568
12 77277035 0 69.70964568
12 77389562 0 69.70964568
12 77413272 0 69.70964568
12 77462693 0 69.70964568
12 77508556 0 69.70964568
12 77557044 8.04359343936392 69.70964568
12 77583200 7.21792540902479 69.92003391
12 77604409 4.39407705399919 70.07311889
12 77636724 0.53730296960808 70.21511349
12 77659690 0.529637515842625 70.22745319
12 77695195 2.43120808129658 70.24625797
12 77736525 1.49415304481048 70.3467398
12 77867075 2.22526525653069 70.54180148
12 77957610 0.554898592818834 70.74326587
12 77997548 0 70.76542741
12 78041886 0 70.76542741
12 78074040 0 70.76542741
12 78176104 0 70.76542741
12 78216262 3.69226632359706 70.76542741
12 78342184 0.825798613226905 71.23036497
12 78424245 0 71.29813083
12 78464170 5.50413544708646 71.29813083
12 78500125 0 71.49603202
12 78577324 0 71.49603202
12 78644637 0 71.49603202
12 78674429 1.5126954105715 71.49603202
12 78734175 0.79874494289091 71.58640952
12 78778914 4.99019975648746 71.62214457
12 78805196 0.230858728411933 71.753297
12 78826099 0 71.75812264
12 78906120 0.766237076943942 71.75812264
12 78972571 0 71.80903986
12 78995948 1.85713761775789 71.80903986
12 79037665 0 71.88651407
12 79060778 0 71.88651407
12 79086696 0 71.88651407
12 79167236 0 71.88651407
12 79238953 6.53544960007339 71.88651407
12 79282336 5.21674334776128 72.17004148
12 79352801 0.273844927842235 72.5376393
12 79490208 3.65621332075564 72.57526751
12 79519891 2.64056789837029 72.68379489
12 79554369 0.225521652026412 72.77483639
12 79606281 6.30662506000928 72.78654367
12 79627111 2.32589321473775 72.91791067
12 79708508 0 73.1072314
12 79751803 0 73.1072314
12 79789862 0 73.1072314
12 80051895 5.58026256828052 73.1072314
12 80105900 9.39815294971104 73.40859348
12 80191366 0 74.21181602
12 80258942 2.37235155259463 74.21181602
12 80475837 3.25029600116108 74.72636721
12 80537830 0.0834520309361496 74.92786281
12 80653811 0 74.93754166
12 80663771 2.78936399699552 74.93754166
12 80748975 0 75.17520663
12 80785406 9.44959372772618 75.17520663
12 80823287 0 75.53316669
12 80846368 0 75.53316669
12 80887832 5.51962200685214 75.53316669
12 81048073 5.40972324805399 76.41763644
12 81070548 12.4476232307017 76.53921997
12 81104813 4.63223191001749 76.96573778
12 81142776 0.994492244272689 77.1415912
12 81180619 0 77.17922577
12 81214960 0 77.17922577
12 81248933 5.24454770143328 77.17922577
12 81281301 0.406457415462368 77.34898129
12 81316936 0 77.3634654
12 81337501 0 77.3634654
12 81363131 0 77.3634654
12 81387748 3.78524851974572 77.3634654
12 81461384 4.33273503077829 77.64219596
12 81482828 0 77.73510713
12 81508005 1.85703641972603 77.73510713
12 81576402 2.00288932306631 77.86212285
12 81602505 0 77.91440427
12 81626682 0.824854439039142 77.91440427
12 81652994 0 77.93610784
12 81678721 1.06926539916057 77.93610784
12 81717327 0 77.9773879
12 81775694 0 77.9773879
12 81797191 0 77.9773879
12 81828022 0 77.9773879
12 81859174 25.5816930461861 77.9773879
12 81882298 4.31055363565841 78.56893897
12 81924835 0 78.75229699
12 81984865 4.18605403476139 78.75229699
12 82077324 1.49273689639265 79.13933536
12 82114165 0 79.19432928
12 82145601 3.18972253852563 79.19432928
12 82277331 0 79.61451143
12 82367236 0.699232212364626 79.61451143
12 82424270 2.11412637120374 79.65439144
12 82499113 3.44269339957458 79.812619
12 82530111 0 79.91933561
12 82553812 0 79.91933561
12 82618729 1.69909592657026 79.91933561
12 82652067 7.28046813093826 79.97598007
12 82678064 5.54785403235602 80.1652504
12 82719169 1.90458700933376 80.39329494
12 82766095 2.72855635289153 80.48266959
12 82822951 4.373008675244 80.63780439
12 82846812 3.09868742493549 80.74214875
12 82925078 0 80.98467062
12 82928912 11.885230435725 80.98467062
12 82951977 4.260483732993 81.25880346
12 83099269 0 81.88633863
12 83138419 0 81.88633863
12 83181683 0 81.88633863
12 83214603 0.271162191722923 81.88633863
12 83242946 4.11557915534648 81.89402418
12 83255093 0 81.94401612
12 83281715 2.39316615146841 81.94401612
12 83307595 0.625927167113864 82.00595126
12 83329975 6.77522542198352 82.01995951
12 83362026 0 82.23711226
12 83388823 0.758646773704834 82.23711226
12 83421833 0 82.26215519
12 83457070 4.57105148468304 82.26215519
12 83567666 0.106999838318416 82.7676952
12 83660441 0.178621564099454 82.77762211
12 83682524 0 82.78156661
12 83705468 0.738778804843055 82.78156661
12 83813002 18.593792142033 82.86101045
12 83844206 1.16148963874138 83.44121114
12 83880302 1.54901725717795 83.48313627
12 83906494 0 83.52370813
12 83965011 3.06260259478508 83.52370813
12 84004706 0 83.64527814
12 84035914 1.08909873965254 83.64527814
12 84116368 2.80400823631427 83.73290049
12 84148664 0 83.82345874
12 84189393 2.2444735438185 83.82345874
12 84230631 2.13644508395899 83.91601634
12 84304298 7.4648403508769 84.07340184
12 84332798 1.06299252546385 84.28614979
12 84358619 0 84.31359732
12 84379394 0 84.31359732
12 84418942 1.80100440928541 84.31359732
12 84573162 3.05290355723583 84.59134822
12 84624747 1.46445651614214 84.74883225
12 84663589 1.71529171936981 84.80571467
12 84745020 1.88948595911319 84.94539259
12 84848183 0.427242255990837 85.14031763
12 84882403 0 85.15493786
12 84921509 0 85.15493786
12 84993056 0 85.15493786
12 85021830 14.4174650403598 85.15493786
12 85083401 8.46937021464927 86.0426356
12 85105996 0 86.23400102
12 85142913 2.92230046096378 86.23400102
12 85170464 2.16125803026993 86.31451332
12 85243936 0 86.47330527
12 85293796 0 86.47330527
12 85327563 0 86.47330527
12 85389517 0 86.47330527
12 85475922 0 86.47330527
12 85535162 0 86.47330527
12 85568519 0 86.47330527
12 85639450 0 86.47330527
12 85790348 2.87847131714064 86.47330527
12 85830860 0 86.5899179
12 85966521 33.2257564692349 86.5899179
12 86001301 0 87.74550971
12 86039478 0 87.74550971
12 86064733 0 87.74550971
12 86088449 1.96828724630792 87.74550971
12 86143092 0 87.85306283
12 86166412 0 87.85306283
12 86228426 0 87.85306283
12 86264937 1.29678794896818 87.85306283
12 86314161 0.977634687772973 87.91689592
12 86433177 0 88.03325009
12 86467485 6.48878016573232 88.03325009
12 86519738 0 88.37230832
12 86604613 3.52163554926918 88.37230832
12 86647033 3.6080841874084 88.5216961
12 86688013 0 88.66955539
12 86739749 0 88.66955539
12 86761500 0 88.66955539
12 86794730 0 88.66955539
12 86815037 0 88.66955539
12 86846780 0 88.66955539
12 86877342 0 88.66955539
12 86908054 0 88.66955539
12 86928618 0 88.66955539
12 86976669 0 88.66955539
12 87009895 0 88.66955539
12 87050767 0 88.66955539
12 87084547 0 88.66955539
12 87186356 0 88.66955539
