Chromosome Position(bp) Rate(cM/Mb) Map(cM)
22 0 0 0
22 178967 0 0
22 199935 0.630087742181257 0
22 441438 0 0.15216808
22 518530 0 0.15216808
22 550101 0 0.15216808
22 593100 0 0.15216808
22 651171 0 0.15216808
22 747038 0 0.15216808
22 810412 1.864566529843 0.15216808
22 935634 0.156805279145281 0.38565283
22 1012010 1.8020970776038 0.39762899
22 1049753 0 0.46564554
22 1092963 0 0.46564554
22 1129008 3.42090365759612 0.46564554
22 1165316 3.03391055648582 0.58985171
22 1247133 0 0.83807717
22 1295940 0 0.83807717
22 1335402 0 0.83807717
22 1401367 0 0.83807717
22 1418645 0 0.83807717
22 1443404 3.57948103208829 0.83807717
22 1470766 1.17486777418961 0.93601893
22 1560877 0 1.04188744
22 1654768 1.48238089428415 1.04188744
22 1703947 0 1.11478945
22 1738773 1.25461811722913 1.11478945
22 1777057 3.88431864447372 1.16282125
22 1860567 2.03593792542924 1.4872007
22 1958997 6.28042446619463 1.68759807
22 2067604 1.53824569654133 2.36969613
22 2212197 6.12275400466271 2.59211569
22 2278682 2.04860928595895 2.99918699
22 2310795 1.37205162249722 3.06497398
22 2329624 2.00198325208251 3.09080834
22 2466238 0 3.36430728
22 2514948 0.481424066727698 3.36430728
22 2583765 0.307157325062506 3.39743744
22 2646959 3.67999307544616 3.41684794
22 2678730 2.13215111504202 3.533765
22 2710388 0 3.60126464
22 2754320 0 3.60126464
22 2779868 0 3.60126464
22 2799401 0 3.60126464
22 2848904 0 3.60126464
22 2886646 0 3.60126464
22 2909285 0 3.60126464
22 2946770 4.60109885542553 3.60126464
22 2978048 0 3.74517781
22 3004263 0 3.74517781
22 3057710 0.46974017680749 3.74517781
22 3107821 0 3.76871696
22 3163936 0 3.76871696
22 3220010 6.3447349519049 3.76871696
22 3267624 6.83295913356612 4.07081517
22 3304280 0 4.32128412
22 3350917 0 4.32128412
22 3372717 0.589401113061673 4.32128412
22 3506582 0 4.4001843
22 3549197 0.14787824664484 4.4001843
22 3609105 0 4.40904339
22 3679627 0 4.40904339
22 3703892 1.60865959314935 4.40904339
22 3798423 0 4.56111159
22 3834614 6.70549548780139 4.56111159
22 3869741 0 4.79665553
22 3963831 9.11977075356007 4.79665553
22 4003788 2.40746521485166 5.16105421
22 4070555 5.32512220082679 5.32179344
22 4144818 3.56580023973315 5.71725299
22 4183194 0 5.85409414
22 4212969 9.04537876693392 5.85409414
22 4234671 0.678265390328445 6.05039695
22 4283143 1.49848664629548 6.08327383
22 4333541 2.54427400518113 6.15879456
22 4380635 3.37655354412269 6.2786146
22 4400908 4.67797978562534 6.34706747
22 4490844 0 6.76778626
22 4533470 2.57688298833756 6.76778626
22 4579944 0 6.88754432
22 4606768 4.82005866331448 6.88754432
22 4659271 4.81598161018513 7.14061186
22 4691789 1.7799670883381 7.29721795
22 4746499 1.77996708833809 7.39459994940298
22 4804515 0 7.49786652
22 4923253 5.20548137564052 7.49786652
22 4943549 0 7.60351697
22 4971947 0 7.60351697
22 5001038 6.46419544280011 7.60351697
22 5030837 2.02985261919541 7.79614353
22 5061438 1.07926886013217 7.85825905
22 5134078 1.08463485084739 7.93665714
22 5173199 4.39547231060967 7.97908914
22 5204312 2.54444901983528 8.11584547
22 5238796 4.20888818982563 8.20358825
22 5261048 0 8.29724443
22 5304398 3.6993563218391 8.29724443
22 5359208 0.669678989157341 8.50000615
22 5382634 0.172464145745013 8.51569405
22 5476277 0 8.53184411
22 5499054 0 8.53184411
22 5531843 0 8.53184411
22 5553183 0 8.53184411
22 5582039 6.61340176088971 8.53184411
22 5603619 0 8.67456132
22 5623694 0.842906837606855 8.67456132
22 5647094 0 8.69428534
22 5693798 0.870673440873843 8.69428534
22 5733163 0 8.7285594
22 5786344 4.79953702600757 8.7285594
22 5811529 0 8.84943574
22 5837156 0 8.84943574
22 5879481 0 8.84943574
22 5916128 5.19564055510954 8.84943574
22 5942285 0 8.98533811
22 5973740 0 8.98533811
22 5986322 3.65768854951952 8.98533811
22 6017229 0 9.09838629
22 6054177 0 9.09838629
22 6092530 1.40924637395165 9.09838629
22 6143205 0 9.16979985
22 6179148 2.60824023306193 9.16979985
22 6246083 1.91892722362636 9.34438241
22 6303849 2.70778991878086 9.45523116
22 6375507 9.7226990031678 9.64926597
22 6409916 0.403341161861542 9.98381432
22 6446960 0 9.99875569
22 6483212 5.55838447098167 9.99875569
22 6546603 1.48968539325844 10.35110724
22 6605343 1.85204311784178 10.43861136
22 6639482 0 10.50183826
22 6683071 6.95929849867529 10.50183826
22 6717041 0 10.73824563
22 6741201 0 10.73824563
22 6766918 0.0127879361644535 10.73824563
22 6803888 1.72121643835615 10.7387184
22 6844038 0 10.80782524
22 6874059 1.22434405618663 10.80782524
22 6920191 0 10.86430668
22 6949563 0 10.86430668
22 6970153 0 10.86430668
22 7005226 0 10.86430668
22 7079353 7.99947436074 10.86430668
22 7101136 3.27658573963543 11.03855923
22 7311902 0 11.7291521
22 7347580 0.374423768511505 11.7291521
22 7456026 2.59797117965323 11.76975686
22 7549918 0 12.01368557
22 7574511 0 12.01368557
22 7618031 0 12.01368557
22 7655365 0 12.01368557
22 7687485 0.682041976052126 12.01368557
22 7843574 9.779643183238 12.12014482
22 7885192 0 12.52715401
22 7989455 0.677387266806494 12.52715401
22 8134399 0 12.62533723
22 8154544 0 12.62533723
22 8175191 0 12.62533723
22 8205389 5.59392325920524 12.62533723
22 8260249 0 12.93221986
22 8318632 0 12.93221986
22 8364033 2.07673645079241 12.93221986
22 8404921 2.08262576814917 13.01713346
22 8481729 2.72066308454589 13.17709578
22 8558220 1.19435429808123 13.38520202
22 8596109 0 13.43045491
22 8627077 1.64086678990235 13.43045491
22 8696321 1.13616483084721 13.54407509
22 8770130 1.78273146571878 13.62793428
22 8926591 1.78273146571876 13.9068622278578
22 8990411 0.207773442942796 14.02063615
22 9019119 2.15228104744618 14.02660091
22 9057689 0 14.10961439
22 9109400 4.17717870532376 14.10961439
22 9129405 0 14.19317885
22 9187273 0.774614317206622 14.19317885
22 9288885 0 14.27188896
22 9327268 0 14.27188896
22 9369415 1.20589735099336 14.27188896
22 9447935 2.51175541006404 14.36657602
22 9516973 0.275569050149272 14.53998259
22 9556495 1.02178373757412 14.55087363
22 9647736 1.90353923454993 14.6441022
22 9748043 0.712094144948686 14.83504051
22 9781515 0.712094144948596 14.8588757252197
22 9835950 1.87002306991802 14.89763857
22 9885365 2.69190857994398 14.99004576
22 9947102 0.567573641056828 15.15623612
22 10006376 2.15157847356394 15.18987848
22 10051920 2.07503119566341 15.28786997
22 10081251 0 15.34873271
22 10133889 2.90184089168444 15.34873271
22 10195256 3.13538623716017 15.52680998
22 10236047 0 15.65470552
22 10285746 11.2461318347813 15.65470552
22 10345715 0 16.3291248
22 10379428 0 16.3291248
22 10442688 9.21572343453513 16.3291248
22 10467984 0.310258729871534 16.56224574
22 10528781 0.436125991569522 16.58110854
22 10558910 0.176333040830046 16.59424858
22 10597656 7.60580398546185 16.60108078
22 10621593 0 16.78314091
22 10648705 1.02569738759953 16.78314091
22 10773571 4.48140338952326 16.91121564
22 10817707 0 17.10900686
22 10839139 0.620908494373173 17.10900686
22 10961055 0.40178708369847 17.18470554
22 10997567 0 17.19937559
22 11000418 0 17.19937559
22 11026124 1.53619419840338 17.19937559
22 11122201 2.48804051250759 17.34696852
22 11163176 0 17.44891598
22 11187539 0 17.44891598
22 11209744 0.169138314417549 17.44891598
22 11365346 0 17.47523424
22 11395277 0.605262635634305 17.47523424
22 11596830 0 17.59722674
22 11631375 0 17.59722674
22 11681181 3.51229184867495 17.59722674
22 11718954 2.85116455020184 17.72989654
22 11752658 0.496050979580573 17.82599219
22 11781650 0.863686378672165 17.8403737
22 11862971 6.16158807414319 17.91060954
22 11897283 0.951016091252549 18.12202595
22 12008710 1.64215655246799 18.22799482
22 12149634 0 18.45941409
22 12219351 0.527164328971816 18.45941409
22 12251220 3.06621763470958 18.47621429
22 12291232 0.629791168465562 18.59889979
22 12430483 0 18.68659884
22 12445006 3.92412609109339 18.68659884
22 12469179 0.658453644076507 18.78145674
22 12518094 0 18.813665
22 12557991 0 18.813665
22 12628589 0 18.813665
22 12655771 7.9919335770397 18.813665
22 12681485 1.89643621206907 19.01916958
22 12733118 1.89643621206905 19.1170882709378
22 12762817 0.314382435746067 19.17341053
22 12784839 0 19.18033386
22 12825992 0 19.18033386
22 12904294 11.5487592364531 19.18033386
22 12927030 5.49424866386717 19.44290645
22 12968942 2.95610013548854 19.6731814
22 13064153 0.563175163744397 19.95463465
22 13128430 10.7325150278054 19.99083386
22 13159539 0 20.32471167
22 13179776 1.76115047632057 20.32471167
22 13326211 0 20.58260574
22 13356898 0.860137537425093 20.58260574
22 13388962 0 20.61018519
22 13473162 2.03301639849101 20.61018519
22 13538107 0 20.74221944
22 13559915 0.0862462148676279 20.74221944
22 13606809 0 20.74626387
22 13682511 0 20.74626387
22 13754613 0 20.74626387
22 13879233 0 20.74626387
22 13907734 0 20.74626387
22 13948704 0 20.74626387
22 13979737 0 20.74626387
22 14013742 0 20.74626387
22 14043410 0 20.74626387
22 14090230 0 20.74626387
22 14142598 8.99894834937579 20.74626387
22 14181765 0 21.09872568
22 14188037 0 21.09872568
22 14209641 0 21.09872568
22 14258727 0.389898566431511 21.09872568
22 14412818 2.12977689618603 21.15880554
22 14438277 1.22699675280379 21.21302753
22 14511571 0 21.30295903
22 14554388 1.04041012067107 21.30295903
22 14653749 0 21.40633522
22 14689735 0 21.40633522
22 14727105 0 21.40633522
22 14797074 0.933205704334282 21.40633522
22 14961300 0.317136330654904 21.55959186
22 15072933 0.272994695800135 21.59499474
22 15123459 0 21.60878807
22 15178471 0 21.60878807
22 15262037 0 21.60878807
22 15293304 0 21.60878807
22 15347292 0 21.60878807
22 15523954 0 21.60878807
22 15571330 0 21.60878807
22 15605929 0.520557766093546 21.60878807
22 15648151 0 21.63076706
22 15669736 0 21.63076706
22 15744263 0 21.63076706
22 15787078 0 21.63076706
22 15870638 0.2068089045625 21.63076706
22 15916008 4.85609873969473 21.64014998
22 15937114 0 21.7426428
22 16017718 0 21.7426428
22 16047415 14.3619735950336 21.7426428
22 16084302 0 22.27241292
22 16130993 0 22.27241292
22 16181342 3.08618329834495 22.27241292
22 16263274 0 22.52527009
22 16365797 0 22.52527009
22 16394774 0 22.52527009
22 16427442 2.75052834276091 22.52527009
22 16485605 0 22.68524907
22 16542734 0 22.68524907
22 16568961 0 22.68524907
22 16592558 0 22.68524907
22 16615903 0 22.68524907
22 16651416 2.49328012224454 22.68524907
22 16682174 1.43905756821602 22.76193738
22 16749277 0 22.85850246
22 16869964 2.16295582948125 22.85850246
22 16916692 0 22.95957306
22 16945200 0 22.95957306
22 16999618 0 22.95957306
22 17028294 0 22.95957306
22 17129064 0 22.95957306
22 17258833 0.484018124909018 22.95957306
22 17396213 0.188284250609525 23.02606747
22 17432716 0 23.03294041
22 17484711 4.10854171913794 23.03294041
22 17512504 0 23.14712911
22 17533970 4.26170801560883 23.14712911
22 17561903 0 23.2661714
22 17585681 0 23.2661714
22 17624753 0 23.2661714
22 17751879 0.997754514524931 23.2661714
22 17790089 4.46402672124192 23.3042956
22 17815986 0 23.4199005
22 17840988 0 23.4199005
22 17869233 0 23.4199005
22 17905672 0 23.4199005
22 17937879 2.69082404706912 23.4199005
22 17997196 0 23.57951211
22 18079757 0.823442058730642 23.57951211
22 18111427 0.792350692223405 23.60559052
22 18247438 1.96266890251997 23.71335893
22 18270099 0 23.75783497
22 18307672 1.65017321581582 23.75783497
22 18340348 3.94711922853916 23.81175603
22 18405886 1.32911095249425 24.07044233
22 18443713 2.19952197063315 24.12071861
22 18553769 1.97409391823072 24.3627892
22 18581261 3.11206937255971 24.41706099
22 18603287 0 24.48560743
22 18656385 0 24.48560743
22 18699907 0 24.48560743
22 18739075 0 24.48560743
22 18761349 0 24.48560743
22 18810822 3.31754246270076 24.48560743
22 18847619 3.47444915477847 24.60768304
22 18904468 0 24.805202
22 18935576 1.13312778894513 24.805202
22 19055469 0 24.94105609
22 19093982 0.984774158596853 24.94105609
22 19212118 3.0684777329238 25.05739337
22 19274295 1.07809365272251 25.24818211
22 19334368 0 25.31294643
22 19403914 1.6180543406503 25.31294643
22 19452386 0.928839346122783 25.39137676
22 19544024 0 25.47649374
22 19588204 2.33966863601331 25.47649374
22 19634920 0 25.5857937
22 19668973 1.10089886470163 25.5857937
22 19726579 0 25.64921208
22 19760035 0 25.64921208
22 19804932 0 25.64921208
22 19868652 0 25.64921208
22 19930860 0 25.64921208
22 19987774 3.03275647485193 25.64921208
22 20044339 0 25.82075995
22 20092769 0 25.82075995
22 20170693 0 25.82075995
22 20208256 0 25.82075995
22 20242780 0 25.82075995
22 20310903 0 25.82075995
22 20347974 0 25.82075995
22 20364584 0 25.82075995
22 20404647 0.732772760870228 25.82075995
22 20466881 0 25.86636333
22 20504421 3.20996567615244 25.86636333
22 20577548 3.46198717445883 26.10109849
22 20628540 0.611083071370336 26.27763214
22 20697252 0 26.31962088
22 20817059 0 26.31962088
22 20830719 0 26.31962088
22 20869228 2.24751483131075 26.31962088
22 20980142 0 26.56890174
22 21013940 0 26.56890174
22 21042310 5.93927384658441 26.56890174
22 21070899 0 26.73869964
22 21110136 0 26.73869964
22 21157473 5.44231930431191 26.73869964
22 21196226 0 26.94960584
22 21233203 2.36895635387729 26.94960584
22 21339398 0 27.20117716
22 21363010 0.920095966411734 27.20117716
22 21403024 0 27.23799388
22 21522835 0.871258918853533 27.23799388
22 21555911 0.730123066559624 27.26681164
22 21594508 3.41808245331422 27.2949922
22 21644791 0 27.46686364
22 21678074 0 27.46686364
22 21717860 1.89577762070739 27.46686364
22 21758889 0 27.5446455
22 21795079 0 27.5446455
22 21849283 0.166673390001311 27.5446455
22 21870106 0 27.54811614
22 21911533 0 27.54811614
22 21954728 0 27.54811614
22 21982486 0 27.54811614
22 22020075 0 27.54811614
22 22063396 0.0616846677137198 27.54811614
22 22280513 0 27.56150893
22 22366127 3.68143238069195 27.56150893
22 22453883 3.40586126212919 27.88457671
22 22468414 0 27.93406728
22 22764830 0 27.93406728
22 22856963 0 27.93406728
22 22893070 5.54597313298108 27.93406728
22 22930737 0.783533516252696 28.14296745
22 23083081 3.68434207712596 28.26233408
22 23111139 0 28.36570935
22 23141788 0 28.36570935
22 23199934 0 28.36570935
22 23261443 2.99211145779844 28.36570935
22 23286762 0 28.44146662
22 23356265 5.40872366902728 28.44146662
22 23400462 1.1233562312166 28.68051598
22 23451704 0 28.738079
22 23472988 0 28.738079
22 23523877 2.05836137160861 28.738079
22 23579753 0 28.853092
22 23626365 0 28.853092
22 23662619 0 28.853092
22 23731895 0 28.853092
22 23777170 0 28.853092
22 23812493 2.82231226279652 28.853092
22 23882844 0 29.05164449
22 23906888 0 29.05164449
22 23931842 0 29.05164449
22 23978327 1.51727353084607 29.05164449
22 24011135 0.562117172461878 29.1014232
22 24059969 0 29.12887363
22 24080569 0 29.12887363
22 24118533 1.06272301387434 29.12887363
22 24246395 0 29.26475552
22 24275822 0 29.26475552
22 24327392 3.73096268877692 29.26475552
22 24361162 1.65653919270005 29.39075013
22 24392724 0.735683190480458 29.44303382
22 24426675 2.09300969359915 29.468011
22 24465154 1.72892386443234 29.54854792
22 24557949 0 29.70898341
22 24578670 0 29.70898341
22 24606457 0 29.70898341
22 24648286 0 29.70898341
22 24782332 0 29.70898341
22 24883780 12.6396553534906 29.70898341
22 24919962 0.212250122906035 30.16631142
22 24946405 0.494939340573304 30.17192395
22 24966847 1.53781185463732 30.1820415
22 25031733 1.13464264364797 30.28182396
22 25157196 0.651744272399751 30.42417963
22 25211058 0.70620912116314 30.45928388
22 25264845 1.80004010289348 30.49726875
22 25327434 0.0605394660147534 30.60993146
22 25442381 6.66974298056159 30.61689029
22 25488681 4.79153975183831 30.92569939
22 25532201 0.089817637518729 31.1342272
22 25696215 1.93622912038427 31.14895855
22 25862765 0 31.47143751
22 25887078 0.862328796106935 31.47143751
22 25957973 0 31.53257231
22 26006496 0 31.53257231
22 26048787 0 31.53257231
22 26092215 0 31.53257231
22 26141283 8.05317882359109 31.53257231
22 26179382 0 31.83939037
22 26200017 1.07300814825863 31.83939037
22 26240271 1.70076125887889 31.88258324
22 26389642 3.13666355529958 32.13662765
22 26490348 0 32.45250849
22 26542166 0.465267001134113 32.45250849
22 26600368 0.21162246452142 32.47958796
22 26807183 3.15738217948922 32.52335466
22 26866362 0 32.71020538
22 26916122 0 32.71020538
22 26927279 0 32.71020538
22 26962139 5.81650497690848 32.71020538
22 26997000 0 32.91297456
22 26999432 1.11007294624499 32.91297456
22 27162840 0 33.09436936
22 27191769 0 33.09436936
22 27245524 0 33.09436936
22 27280232 0 33.09436936
22 27310488 0 33.09436936
22 27439015 0 33.09436936
22 27474071 0 33.09436936
22 27530422 0.443786681344692 33.09436936
22 27652146 0 33.14838885
22 27676428 0 33.14838885
22 27702753 0 33.14838885
22 27739097 0 33.14838885
22 27808032 0 33.14838885
22 27919579 2.31384258253683 33.14838885
22 27993243 0 33.31883575
22 28040647 0 33.31883575
22 28088504 0.847967996571059 33.31883575
22 28172495 2.77775887907408 33.39005743
22 28254570 0.902207537516984 33.61804199
22 28313210 0.790762119628016 33.67094744
22 28404075 1.26687029746289 33.74280004
22 28449795 0.858196221051733 33.80072135
22 28473717 2.07450438575467 33.82125112
22 28515443 0 33.90781189
22 28552670 0 33.90781189
22 28593803 1.75145282744204 33.90781189
22 28669366 0 34.04015692
22 28984386 0.0151116023884592 34.04015692
22 29120539 0 34.04221441
22 29183969 2.09413358192579 34.04221441
22 29220441 0 34.11859165
22 29287546 0 34.11859165
22 29360037 0.783452513712408 34.11859165
22 29403976 0 34.15301577
22 29430027 0 34.15301577
22 29483332 2.20201544585436 34.15301577
22 29512725 0 34.21773961
22 29541201 1.16418757880171 34.21773961
22 29590375 0 34.27498737
22 29688945 1.27309895222462 34.27498737
22 29740101 0 34.34011402
22 29872348 0 34.34011402
22 29908751 0 34.34011402
22 30069623 2.42861793446701 34.34011402
22 30370998 0.716381871844111 35.07203875
22 30652218 0 35.27349966
22 30746668 4.89889956190165 35.27349966
22 30777483 0.716106459585036 35.42445925
22 30871359 0.346888075632878 35.49168446
22 30904149 0.694435822618399 35.50305892
22 30935336 0 35.52471629
22 30970982 0 35.52471629
22 31014839 2.14629481652816 35.52471629
22 31071905 0 35.64719675
22 31142604 2.19056771695977 35.64719675
22 31192717 0.875436356496216 35.75697267
22 31292028 4.17401636696457 35.84391313
22 31329176 2.85247353224266 35.99896949
22 31363463 1.18731419873875 36.09677225
22 31409453 0 36.15137683
22 31531549 1.9534784188484 36.15137683
22 31583840 0 36.25352617
22 31640900 0 36.25352617
22 31664300 2.26836058389232 36.25352617
22 31723626 0.246312832436866 36.38809893
22 31924040 0 36.43746347
22 32058754 2.87032410472465 36.43746347
22 32091984 0 36.53284434
22 32118168 0 36.53284434
22 32140413 0 36.53284434
22 32181603 0 36.53284434
22 32208077 0 36.53284434
22 32252626 1.26391146023915 36.53284434
22 32422064 0.341570714812869 36.74699897
22 32457290 0 36.75903114
22 32483637 3.37724112426035 36.75903114
22 32535013 0.498224654702639 36.93254028
22 32577585 0.703958549687326 36.9537507
22 32711432 2.04469602490373 37.04797344
22 32814549 0 37.25881636
22 32874417 1.57960932937805 37.25881636
22 32960039 0 37.39406567
22 32982493 1.1031706464023 37.39406567
22 33076846 4.14788906246988 37.49815313
22 33128695 0 37.71321703
22 33173130 0 37.71321703
22 33193391 0 37.71321703
22 33233528 0 37.71321703
22 33306246 0 37.71321703
22 33329374 0 37.71321703
22 33393340 0 37.71321703
22 33465237 0.369200606196068 37.71321703
22 33648676 0.629441076540789 37.78094282
22 33865593 0 37.91747929
22 33928717 0 37.91747929
22 34009535 0 37.91747929
22 34099403 0 37.91747929
22 34128003 0 37.91747929
22 34149028 1.34819637973696 37.91747929
22 34195102 0 37.97959609
22 34222916 0.992357507882937 37.97959609
22 34268901 0 38.02522965
22 34300421 0.134207977330306 38.02522965
22 34766241 1.62696897080147 38.08774641
22 34863472 0 38.24593823
22 35001338 0 38.24593823
22 35172791 0 38.24593823
22 35213378 0 38.24593823
22 35239727 1.68732108039001 38.24593823
22 35271012 3.58905987935853 38.29872607
22 35298200 2.26142017295007 38.39630543
22 35327457 0.431008170915928 38.4624678
22 35382408 0 38.48615213
22 35412584 0.485537697339264 38.48615213
22 35514249 0.165823799657824 38.53551432
22 35547552 0 38.54103675
22 35592531 1.62844202504078 38.54103675
22 35656826 3.66983395346256 38.64573743
22 35692840 0.26444356164378 38.77790283
22 35729340 0.580343327431409 38.78755502
22 35933227 1.29265771690952 38.90587948
22 36221354 0 39.27832907
22 36335811 0 39.27832907
22 36411261 0 39.27832907
22 36432552 0.411115256422615 39.27832907
22 36505459 1.24863237979302 39.30830225
22 36554749 0 39.36984734
22 36606947 0 39.36984734
22 36638441 3.47271445872327 39.36984734
22 36668167 0 39.47307725
22 36749829 0.489186841264736 39.47307725
22 36812449 2.40496069777459 39.50371013
22 36898322 0 39.71023132
22 36967637 0.0367107129526062 39.71023132
22 37088192 1.89245339250718 39.71465698
22 37149931 0 39.83149516
22 37221156 0 39.83149516
22 37286386 0.158651425099181 39.83149516
22 37339049 1.43950281800335 39.83985022
22 37401682 1.55408717783767 39.9300106
22 37473191 0 40.04114182
22 37499021 0 40.04114182
22 37535687 0 40.04114182
22 37591854 0 40.04114182
22 37612734 0 40.04114182
22 37642805 5.32064848049777 40.04114182
22 37667879 0 40.17455176
22 37696050 0 40.17455176
22 37728583 1.3687447004789 40.17455176
22 37830479 1.28649305422198 40.31402137
22 37908584 0 40.41450291
22 37941891 0 40.41450291
22 37971154 0 40.41450291
22 38005262 0 40.41450291
22 38030978 0 40.41450291
22 38060795 0 40.41450291
22 38104455 0.400246786118627 40.41450291
22 38164507 3.63382224037015 40.43853853
22 38201242 0 40.57202699
22 38321809 1.38092586956524 40.57202699
22 38413809 2.408860640803 40.69907217
22 38507660 0.32399753970034 40.92514615
22 38552370 0 40.93963208
22 38586293 0.97440173511047 40.93963208
22 38617876 0 40.97040661
22 38640644 0.924681738301691 40.97040661
22 38674217 0.601958655658817 41.00145095
22 38735749 2.39033669087846 41.03849067
22 38760668 3.14641939407501 41.09805547
22 38832195 1.17007902015015 41.32310941
22 38885346 0 41.38530028
22 38933225 0.623537036484491 41.38530028
22 39000267 1.38428184664651 41.42710345
22 39042744 0 41.48590359
22 39080164 0 41.48590359
22 39130220 4.69533168158562 41.48590359
22 39155244 0 41.60339957
22 39184036 0.395126961883434 41.60339957
22 39219716 0 41.6174977
22 39242875 3.85356477528515 41.6174977
22 39268641 1.09635575186018 41.71678865
22 39314965 1.09635575185997 41.7675762338492
22 39345193 1.09635575186023 41.8007168755164
22 39399277 0.58711153360931 41.86001218
22 39455556 1.63677592307971 41.89305423
22 39511510 2.74476689308392 41.98463839
22 39556854 13.8637681308861 42.1090971
22 39585948 3.35560623589985 42.51244957
22 39620522 0.0649536664751283 42.6284663
22 39672752 2.45696621914272 42.63185883
22 39700460 6.08658768834362 42.69993645
22 39736166 0.997943066161493 42.91726415
22 39820369 0 43.00129395
22 39826838 0.774355001038421 43.00129395
22 39889435 1.38415526754418 43.04976625
22 39959031 0.844935872918597 43.14609792
22 39998250 0 43.17923546
22 40021576 1.95141030277973 43.17923546
22 40060284 0 43.25477065
22 40107360 3.54331324584716 43.25477065
22 40132583 2.05278593126685 43.34414364
22 40159906 0 43.40023191
22 40182873 0 43.40023191
22 40225862 0.133469008917605 43.40023191
22 40497908 2.30166018466292 43.43654162
22 40531591 0.409548538073178 43.51406844
22 40607655 0 43.54522034
22 40640210 3.77678564574939 43.54522034
22 40692320 0 43.74202864
22 40723894 0 43.74202864
22 40756017 2.99673727933541 43.74202864
22 40784907 0.053891988601156 43.82860438
22 40813862 0.0538919886012195 43.83016482253
22 40893340 0 43.83444805
22 40936789 2.66748340190757 43.83444805
22 40979565 0 43.94855232
22 41036177 2.50202844740507 43.94855232
22 41072806 1.84842958369408 44.04019912
22 41285342 3.19123866412688 44.43305695
22 41381938 0 44.74131784
22 41402504 0 44.74131784
22 41433064 0 44.74131784
22 41472920 0 44.74131784
22 41529103 1.67426193036452 44.74131784
22 41556072 3.68567267013176 44.78647101
22 41580891 1.09144121131363 44.87794572
22 41607903 0.276590485798422 44.90742773
22 41633675 0.957383437892152 44.91455602
22 41673525 0.71872884819726 44.95270775
22 41697991 0.836130162219622 44.97029217
22 41780780 1.23795627587222 45.03951455
22 41834892 2.11278401671455 45.10650284
22 41857866 0 45.15504194
22 41927634 2.48883031629222 45.15504194
22 41947742 0.854152691754117 45.20508734
22 42071416 0.631488923796635 45.31072382
22 42245844 0 45.42087317
22 42422862 0 45.42087317
22 42451776 0.690920752341219 45.42087317
22 42502604 0 45.45599129
22 42552768 0 45.45599129
22 42584175 1.96310529372732 45.45599129
22 42632383 6.09110176116239 45.55062867
22 42675877 0 45.81555505
22 42709094 0 45.81555505
22 42731135 0 45.81555505
22 42753833 0.378242387394146 45.81555505
22 42793307 2.35010772782224 45.83048579
22 42820598 0 45.89462258
22 42936001 1.13598836623705 45.89462258
22 42975713 0 45.93973495
22 43027337 0 45.93973495
22 43053292 0 45.93973495
22 43078353 2.40156156018277 45.93973495
22 43121912 0.727542928132566 46.04434457
22 43180673 0.998030630557144 46.08709572
22 43229709 0 46.13603515
22 43257449 0 46.13603515
22 43290581 0 46.13603515
22 43318535 1.17843529338244 46.13603515
22 43350541 0 46.17375215
22 43370918 0 46.17375215
22 43404645 0 46.17375215
22 43483997 0.901239404368166 46.17375215
22 43633351 0.616700913241995 46.30835586
22 43721827 0 46.36291909
22 43752557 1.01389597252279 46.36291909
22 43795065 0 46.40601778
22 43886017 0 46.40601778
22 43988976 4.73770494911833 46.40601778
22 44020618 5.97903179000128 46.55592824
22 44050942 0 46.7372364
22 44074260 0 46.7372364
22 44098957 1.46211752156497 46.7372364
22 44218016 0.0881649041637445 46.91131465
22 44248276 0 46.91398252
22 44296985 0 46.91398252
22 44342498 0 46.91398252
22 44399730 0 46.91398252
22 44493710 0 46.91398252
22 44563359 0 46.91398252
22 44573464 4.44376245476635 46.91398252
22 44593637 0.64264850598802 47.00362654
22 44669038 0.391071923131282 47.05208288
22 44704423 0 47.06592096
22 44731720 0 47.06592096
22 44800260 0 47.06592096
22 44892862 0 47.06592096
22 44915434 0.695246526900768 47.06592096
22 44955024 0 47.09344577
22 45000290 0.95416241220771 47.09344577
22 45142102 3.2974114394331 47.22875745
22 45194185 0.123659224401196 47.40049653
22 45309786 0 47.41479166
22 45339971 0 47.41479166
22 45397995 0 47.41479166
22 45467766 0.178586860831903 47.41479166
22 45522290 0 47.42452893
22 45575562 0.966299829811542 47.42452893
22 45656061 0 47.5023151
22 45656307 0.841613049608677 47.5023151
22 45718010 7.04428659718507 47.55424515
22 45753607 0 47.80500062
22 45796550 0 47.80500062
22 45828715 0 47.80500062
22 45895559 3.056326216395 47.80500062
22 45978694 2.91568580694399 48.0590883
22 46052082 0 48.27306465
22 46108056 0 48.27306465
22 46136249 0.992309286968028 48.27306465
22 46196064 0 48.33241963
22 46226497 0 48.33241963
22 46254992 3.41709010881542 48.33241963
22 46295887 1.05777140171176 48.47216153
22 46346946 1.6167880456503 48.52617028
22 46414503 1.39823389875427 48.63539563
22 46489963 2.32908879503444 48.74090636
22 46548446 0 48.87711846
22 46609167 3.94898623144128 48.87711846
22 46664801 3.10216131754531 49.09681636
22 46740639 0 49.33207807
22 46762508 0 49.33207807
22 46810720 0 49.33207807
22 46860910 3.07749128077619 49.33207807
22 46889869 0.502429406519352 49.42119914
22 46910055 1.41450510032513 49.43134118
22 46954660 0 49.49443518
22 46981263 1.22884947134113 49.49443518
22 47060331 2.03640727399671 49.59159785
22 47123350 2.82859678867047 49.7199302
22 47163458 0.116270238006466 49.83337956
22 47203667 3.63043585386581 49.83805467
22 47238977 2.34630366598093 49.96624536
22 47268628 2.60410478854918 50.03581561
22 47385511 1.91522174535064 50.34019119
22 47424655 2.20718805031471 50.41516063
22 47456455 0 50.48534921
22 47504630 0 50.48534921
22 47552074 6.09138926743023 50.48534921
22 47579225 0 50.65073652
22 47617100 0 50.65073652
22 47726147 6.37513500829123 50.65073652
22 47758108 0 50.85449221
22 47792518 0 50.85449221
22 47817656 0.725479416947038 50.85449221
22 47848871 0.660353529260937 50.87713805
22 47981505 0.462480653026633 50.96472338
22 48019237 0.0844081893793843 50.9821737
22 48047371 0 50.98454844
22 48107831 0 50.98454844
22 48171831 4.14836297965935 50.98454844
22 48208654 1.32668830288704 51.13730361
22 48275055 0 51.22539704
22 48339762 0 51.22539704
22 48363431 0.961416698483071 51.22539704
22 48578205 0.5901584089909 51.43188435
22 48673591 0 51.4881772
22 48698246 3.24064971876508 51.4881772
22 48720825 0 51.56134783
22 48847559 0 51.56134783
22 48961009 8.75052956477843 51.56134783
22 48986766 1.2207458820143 51.78673522
22 49139632 1.03312538459073 51.97334576
22 49420775 0.156411417593337 52.26380173
22 49442636 0 52.26722104
22 49480862 0 52.26722104
22 49768282 0 52.26722104
22 49836856 1.52211760681727 52.26722104
22 49904097 0 52.36956975
22 49963223 0 52.36956975
22 49991511 0.420010994122319 52.36956975
22 50038809 3.39203477080766 52.38943543
22 50081546 0 52.53440082
22 50134423 1.36405555829183 52.53440082
22 50215635 0.32525330230352 52.6451785
22 50354856 0.929135284891312 52.69046059
22 50423075 0.832859831875188 52.75384527
22 50516577 0 52.83171933
22 50541873 0 52.83171933
22 50610098 0 52.83171933
22 50639539 0 52.83171933
22 50669330 0 52.83171933
22 50675124 0 52.83171933
22 50710803 0 52.83171933
22 50749286 0 52.83171933
22 50784252 0 52.83171933
22 50825845 0 52.83171933
22 50846521 0 52.83171933
22 50879663 0 52.83171933
22 50912271 0 52.83171933
22 50978447 0 52.83171933
22 51035457 0 52.83171933
22 51231847 0.39390474713014 52.83171933
22 51328537 3.2062554551689 52.86980598
22 51397050 0 53.08947616
22 51437776 0 53.08947616
22 51461698 2.78772723806635 53.08947616
22 51487926 0 53.16259267
22 51544527 0.0607390671061372 53.16259267
22 51745686 1.39363376590284 53.17481088
22 51800629 0.0243304562611011 53.2513813
22 51872693 0.049311455383382 53.25313465
22 51926720 0 53.2557988
22 51949184 0.800161344853438 53.2557988
22 52002424 2.01206114243944 53.29839939
22 52040728 0 53.37546938
22 52072842 0.000901705641332912 53.37546938
22 52185351 1.22803769282847 53.37557083
22 52213420 4.80944624285424 53.41004062
22 52227939 0.063618518708056 53.47986897
22 52267013 0.430872071169031 53.4823548
22 52338842 0.856597654167295 53.51330391
22 52395112 0 53.56150466
22 52453366 0 53.56150466
22 52563506 0 53.56150466
22 52595613 0 53.56150466
22 52638988 0 53.56150466
22 52667098 8.88916063611205 53.56150466
22 52689484 2.89963656774014 53.76049741
22 52717990 2.04116572030232 53.84315445
22 52744583 0.165999795386023 53.89743517
22 52783681 2.08989365936542 53.90392543
22 52952008 4.03845162948048 54.25571096
22 53068763 1.59314888994514 54.72722038
22 53098221 0.576427842018267 54.77415136
22 53231401 6.84819076974019 54.85092002
22 53279742 0 55.18196841
22 53319876 0 55.18196841
22 53356121 0 55.18196841
22 53403177 0.96486681678371 55.18196841
22 53439593 0 55.217105
22 53477312 9.91027702519618 55.217105
22 53506840 6.44729356895484 55.50973566
22 53557656 0 55.83736133
22 53586865 0 55.83736133
22 53630193 1.57671682421917 55.83736133
22 53663621 9.30957035479973 55.89006782
22 53695019 5.50085693255325 56.18236971
22 53746645 4.18376998223803 56.46635695
22 53771417 0 56.5699973
22 53810621 0 56.5699973
22 53917066 9.97384083440507 56.5699973
22 53952061 0 56.91903186
22 53975472 6.80710095912475 56.91903186
22 54013319 5.85178239936495 57.17666021
22 54033466 0.83143923054508 57.29455607
22 54102086 0 57.35160943
22 54144744 2.93554005251228 57.35160943
22 54250243 0 57.66130597
22 54271229 9.212504446375 57.66130597
22 54295406 0.559759508955456 57.88403669
22 54325220 0.522885261233729 57.90072536
22 54372266 0 57.92532502
22 54428720 0 57.92532502
22 54473931 0 57.92532502
22 54498985 0 57.92532502
22 54521697 17.3200411129171 57.92532502
22 54542615 0 58.28762564
22 54565150 6.85563061463613 58.28762564
22 54621476 4.40946726951059 58.67377589
22 54657085 5.57927708131707 58.83079261
22 54701516 3.91186707070669 59.07868547
22 54726266 10.0632103056949 59.17550418
22 54755609 6.90146383245236 59.47078896
22 54809898 0 59.84546253
22 54873498 0 59.84546253
22 54897237 0 59.84546253
22 54917636 0 59.84546253
22 54947766 0 59.84546253
22 55001225 0 59.84546253
22 55061612 0 59.84546253
22 55101208 10.9922738115814 59.84546253
22 55130133 7.1639837277667 60.16341405
22 55163810 3.03798635699207 60.40467553
22 55225380 0 60.59172435
22 55249116 7.00472201157464 60.59172435
22 55274171 8.19135567017175 60.76722766
22 55349204 5.4219891109708 61.38184965
22 55445815 7.03406250000026 61.90567344
22 55468983 0 62.0686386
22 55513644 0 62.0686386
22 55550038 5.41926942220291 62.0686386
22 55596248 2.4411478870842 62.31906304
22 55625615 21.5221666018661 62.39075223
22 55646191 2.3029599896413 62.83359233
22 55677083 0 62.90473537
22 55706026 0 62.90473537
22 55737686 0 62.90473537
22 55808310 0 62.90473537
22 55839788 15.6236037751467 62.90473537
22 55863946 0 63.28217039
22 55883157 Inf 63.28217039
22 55883157 2.95835938109487 63.38292039
22 55921612 8.29355018028859 63.4966841
22 55961548 3.08081277738365 63.82789532
22 56033425 0 64.0493349
22 56069346 2.97700766417296 64.0493349
22 56123755 0 64.21131091
22 56149532 4.0948623659942 64.21131091
22 56192254 0 64.38625162
22 56212477 0 64.38625162
22 56236463 1.75594121871165 64.38625162
22 56275455 1.76599962962935 64.45471928
22 56302455 0.728890086206974 64.50240127
22 56325655 0 64.51931152
22 56349404 0 64.51931152
22 56357549 0.635358974359179 64.51931152
22 56395379 3.37650801320729 64.54334715
22 56420213 0 64.62719935
22 56458708 0 64.62719935
22 56485011 0 64.62719935
22 56531377 0 64.62719935
22 56555201 0 64.62719935
22 56596761 0 64.62719935
22 56635317 0 64.62719935
22 56693933 2.34435778260715 64.62719935
22 56773540 6.76808722073273 64.81382664
22 56829490 0 65.19250112
22 56922951 0.086791621541821 65.19250112
22 56963579 0 65.19602729
22 56986234 0 65.19602729
22 57017818 0 65.19602729
22 57040932 10.8619994011976 65.19602729
22 57074332 0 65.55881807
22 57113984 6.46469719694685 65.55881807
22 57143987 0 65.75277838
22 57212052 2.36552201880301 65.75277838
22 57224178 0 65.7814627
22 57274276 2.68098967546058 65.7814627
22 57353989 1.72455715000086 65.99517243
22 57419982 0 66.10898113
22 57443702 2.25846792011438 66.10898113
22 57489868 1.36233092123578 66.21324556
22 57511426 0.743633712983805 66.24261469
22 57544351 0 66.26709883
22 57577938 1.13599358974403 66.26709883
22 57605394 1.45188674321503 66.29828867
22 57689698 0 66.42068853
22 57739477 9.14233308185581 66.42068853
22 57771289 0 66.71152443
22 57798918 5.48332972570761 66.71152443
22 57828485 0 66.87365004
22 57870012 0 66.87365004
22 57894402 0 66.87365004
22 57935108 18.0429301740887 66.87365004
22 57987610 0 67.82093996
22 58013104 0 67.82093996
22 58055817 1.13463855421696 67.82093996
22 58086195 0 67.85540801
22 58128222 2.48816598122118 67.85540801
22 58153996 1.71407238322082 67.919538
22 58184224 6.12071183916609 67.97135098
22 58211084 11.7477754597852 68.1357533
22 58229299 0 68.34973903
22 58265396 0 68.34973903
22 58337526 0 68.34973903
22 58405797 17.6743600548806 68.34973903
22 58446613 0.887289495772721 69.07113571
22 58495460 1.32377596663095 69.11447714
22 58531901 1.73609898898413 69.16271686
22 58565036 0.673853486234211 69.2202425
22 58606370 3.74220528268618 69.24809556
22 58715254 4.01141292473966 69.65556184
22 58784826 20.060480237846 69.93464386
22 58813416 4.28758492825719 70.50817299
22 58943673 3.66276359187654 71.06666094
22 59045848 1.9039244632118 71.44090381
22 59135129 2.4141983719695 71.61088809
22 59169035 4.89603391978168 71.6927439
22 59189554 0 71.79320562
22 59258133 0 71.79320562
22 59281683 0 71.79320562
22 59314106 0 71.79320562
22 59359432 10.4305435627798 71.79320562
22 59386439 0 72.07490331
22 59413554 0 72.07490331
22 59435098 0 72.07490331
22 59460054 1.63000053100176 72.07490331
22 59573048 1.74188973223682 72.25908359
22 59667908 4.8998716185239 72.42431925
22 59704985 2.59023699965345 72.60599179
22 59725196 2.46966352093806 72.65834307
22 59763237 0 72.75229154
22 59789766 0 72.75229154
22 59806410 0 72.75229154
22 59839962 0 72.75229154
22 59896431 0 72.75229154
22 59931231 0 72.75229154
22 59964919 0.804280552937278 72.75229154
22 59990383 7.79179841960967 72.77277174
22 60021388 4.91503606732587 73.01435645
22 60066304 0 73.23512021
22 60115712 5.29591413348012 73.23512021
22 60177459 0 73.56212702
22 60204756 0 73.56212702
22 60225202 0 73.56212702
22 60258838 0 73.56212702
22 60289223 0.162950216103488 73.56212702
22 60314211 0 73.56619882
22 60344480 0 73.56619882
22 60369311 0 73.56619882
22 60397895 0 73.56619882
22 60428254 0 73.56619882
22 60478622 0 73.56619882
22 60502614 0 73.56619882
22 60529003 0 73.56619882
22 60588764 0 73.56619882
22 60710593 0 73.56619882
