Chromosome Position(bp) Rate(cM/Mb) Map(cM)
4 190991 0 0
4 373227 0.00906138194429202 0.001651308
4 436528 0.0270632375475901 0.003364437
4 535625 0.0159107742918555 0.004941147
4 740775 0.0387957592005849 0.0129001
4 806949 0.156398283313688 0.023249619
4 1045047 0.0553948374198859 0.036438991
4 1195792 0.10165444956715 0.051762883
4 1219888 0.502257636122178 0.063865239
4 1446328 0.0534667019961138 0.07597222
4 1479697 0.302064790673979 0.086051775
4 1517484 0.279966655198878 0.096630901
4 1538039 0.535173923619557 0.107631448
4 1578287 0.303689624329159 0.119854355
4 1620950 0.315076295619155 0.133296452
4 1697818 0.205123068116772 0.149063888
4 1945493 0.0638110426970829 0.164868319
4 1987351 0.377688852787997 0.180677622
4 2043549 0.320739172212534 0.198702497
4 2124130 0.223329320807635 0.216698618
4 2168698 0.414620355411955 0.23517743
4 2230586 0.385594945708376 0.259041086
4 2337789 0.222806264750054 0.282926569
4 2472826 0.237090575175693 0.3149426
4 2617331 0.251002387460642 0.351213688
4 2645174 1.26956506123622 0.386562216
4 2665234 1.58465603190429 0.418350427
4 2773274 0.298016475379489 0.45054817
4 2913421 0.229742341969503 0.482745912
4 3020076 0.304541746753551 0.515226809
4 3314200 0.128184371217582 0.552928935
4 3441745 0.295598416245247 0.59063106
4 3614709 0.217976573159733 0.628333185
4 3680609 0.572110773899848 0.66603531
4 3848970 0.223936065953517 0.703737435
4 3932466 0.488946775893456 0.744562514
4 3969160 1.29718755109827 0.792161536
4 4008064 1.18601172115978 0.838302107
4 4185091 0.260664757353398 0.884446759
4 4229759 1.1346959792245 0.935131402
4 4276701 1.11507818158579 0.98747538
4 4345432 0.761577745122288 1.039819357
4 4369530 2.17213046725869 1.092163335
4 4389669 2.63111375937236 1.145151366
4 4427510 1.40499722523189 1.198317865
4 4595809 0.315905026173655 1.251484364
4 4651861 0.949946478270178 1.304730769
4 4681609 1.85420196315719 1.359889551
4 4733002 1.18034751814449 1.420551167
4 4786841 1.10771559650068 1.480189446
4 4813314 2.25279718958939 1.539827724
4 4852662 1.50807919081021 1.59916766
4 4925664 0.805019040574231 1.657935611
4 5015243 0.656046618068967 1.716703562
4 5037129 1.80836150964087 1.756281411
4 5071701 1.18085155617263 1.797105762
4 5115112 0.915809357075396 1.836861938
4 5144252 1.36622855181881 1.876673828
4 5173632 1.38364193328795 1.917325263
4 5212181 1.29284806350359 1.96716322
4 5304298 0.66676183549182 2.028583358
4 5345462 1.54811971625692 2.092310204
4 5372879 2.27084655505708 2.154569981
4 5395651 2.33682153521869 2.20778413
4 5422821 1.95856091277144 2.260998279
4 5482596 1.02756838143036 2.322421186
4 5505661 2.7820810752222 2.386589903
4 5545419 1.61398209165451 2.450758619
4 5604442 1.23615200853904 2.52372004
4 5631619 2.68467454097215 2.596681461
4 5758865 0.636177168633985 2.67763246
4 5795000 2.3241704718417 2.761616385
4 6130688 0.250368496937633 2.845662061
4 6330228 0.397256189235241 2.924930563
4 6418053 0.954342157699972 3.008745666
4 6551202 0.658190448294767 3.096383024
4 6653146 0.86080789453033 3.184137207
4 6678303 2.27133998489486 3.241277331
4 6766553 0.774896317280453 3.309661882
4 6798318 1.93387376042814 3.371091335
4 6823546 2.4349730458221 3.432520788
4 6872647 1.25108449929737 3.49395024
4 6923900 1.1685247692818 3.553840617
4 6948069 2.47516239811329 3.613662785
4 6983196 1.71336863381444 3.673848321
4 7009102 2.32245425770092 3.734013863
4 7049839 1.38665586567494 3.790502096
4 7073218 2.77685102014628 3.855422087
4 7106157 1.97091593551717 3.920342077
4 7140757 1.36411849710983 3.967540617
4 7167859 1.47076599512951 4.007401351
4 7192396 1.65146105880915 4.047923202
4 7225482 1.46668077132322 4.096449818
4 7295838 0.692529421797714 4.145173421
4 7372107 0.638838846713606 4.193897024
4 7402633 1.5961344427701 4.242620627
4 7427468 2.3299939601369 4.300486048
4 7455891 2.03553460225873 4.358342094
4 7510935 1.113238500109 4.419619158
4 7564729 1.14327062497676 4.481120252
4 7600537 1.72133322162645 4.542757765
4 7622434 3.1830068045851 4.612456031
4 7658831 1.49162843091464 4.666746831
4 7686050 1.44204048642492 4.70599775
4 7716646 1.53515165381096 4.752967257
4 7752741 1.30322205291592 4.800007034
4 7803131 1.22443341932923 4.86170624
4 7830808 2.18072406691477 4.922062109
4 7873471 1.40855073482877 4.982155091
4 7917973 1.38365691429599 5.04373057
4 7965121 1.32610290998558 5.106253676
4 8002812 1.65883367382134 5.168776782
4 8036956 1.60966494845361 5.223737189
4 8059203 2.48170090349261 5.278947547
4 8140871 0.738133663123867 5.339229445
4 8247604 0.564392455941461 5.399468772
4 8292905 1.38193196618176 5.46207168
4 8389760 0.646356925300707 5.524674587
4 8427382 1.65876083142842 5.587080526
4 8487620 1.03625452372257 5.64950238
4 8523238 1.7495732494806 5.711818713
4 8559144 1.66290035091628 5.771526833
4 8579280 2.58164481525626 5.823510825
4 8670471 0.541569891765635 5.87289716
4 8693683 2.18247889022919 5.923556817
4 8794043 0.504779792746114 5.974216473
4 8834042 1.26065401635041 6.024641354
4 8886977 1.09483706432417 6.082596504
4 8948692 0.939078019930325 6.140551655
4 8994466 1.26440992703281 6.198428711
4 9018525 2.39901076520221 6.256146483
4 9110803 0.62547736188474 6.313864256
4 9158553 1.21140942408377 6.371709083
4 9215327 1.00405819565294 6.428713487
4 9258983 1.30394447498626 6.485638521
4 9356778 0.612234776829081 6.545512019
4 9402430 1.16083632699553 6.598506492
4 9439592 1.43486087939293 6.651828758
4 9477621 1.40214836046175 6.705151025
4 9557423 0.593947520112278 6.752549222
4 9623951 0.740398027898028 6.801806457
4 9664664 1.16657578660379 6.849301212
4 9706609 1.15468828227441 6.897734634
4 9767312 0.797556957646245 6.94614873
4 9818598 1.07663884880864 7.001365224
4 9849883 1.76510468275531 7.056586505
4 9873717 2.21670722497273 7.109419482
4 9895901 2.18653083303282 7.157925465
4 9949236 0.811849629699072 7.201225485
4 9984631 1.22333662946744 7.244525505
4 10014964 1.42035736656447 7.287609208
4 10081611 0.645798010413072 7.330649712
4 10115683 1.27107302183611 7.373957682
4 10147900 1.38701927553776 7.418643288
4 10183150 1.4359829787234 7.469261684
4 10295895 0.448963590403122 7.51988008
4 10319594 2.13588759019368 7.570498476
4 10383490 0.792199824715162 7.621116872
4 10408953 1.98791972666222 7.671735268
4 10471725 0.823978844070605 7.723458092
4 10697650 0.229174726125927 7.775234397
4 10777639 0.647292752753504 7.827010702
4 10817058 1.31493695933433 7.878844209
4 10857725 1.38581159170826 7.935201029
4 10883762 2.16239582133118 7.991503281
4 10906324 2.49544809857282 8.047805534
4 10933115 1.58103467582397 8.090163032
4 10962938 1.50618650035208 8.135082077
4 11009756 0.959438677431757 8.180001123
4 11052634 1.09877093148001 8.227114221
4 11078261 1.8626214539353 8.274847655
4 11102156 1.99763130362 8.322581088
4 11135865 1.41739298110297 8.370359995
4 11163133 1.75219671409711 8.418138902
4 11190947 1.71780038829367 8.465917808
4 11265836 0.794359652285382 8.525406616
4 11285836 2.97444 8.584895424
4 11344256 1.0182951044163 8.644384233
4 11383248 1.51346430036931 8.703397211
4 11414051 1.91581988767328 8.762410189
4 11451300 1.5878520228731 8.821556093
4 11489447 1.55047316958083 8.880701997
4 11511465 2.53910891089109 8.936608078
4 11541902 1.70257252685876 8.988429258
4 11596320 0.956591568966151 9.040485067
4 11628579 1.8235438172293 9.099310793
4 11657268 2.06846177977622 9.158652936
4 11672688 4.49327496757458 9.227939215
4 11712883 1.72375419828337 9.297225493
4 11774467 1.14592101844635 9.367795927
4 11801898 2.57265137982574 9.43836636
4 11895206 0.683496591932096 9.502142085
4 11963350 0.965329302653205 9.56792344
4 11992215 2.27035163693054 9.6334571
4 12032541 1.58000793532708 9.697172537
4 12100573 0.929609595484478 9.760415761
4 12151115 1.46271813541213 9.834344482
4 12221690 1.04751965993624 9.908273203
4 12297483 0.989600622748803 9.983278015
4 12380103 0.907828612926652 10.05828283
4 12495114 0.652153272295693 10.13328764
4 12679653 0.406186226217764 10.20824482
4 12713687 1.93463007580655 10.27408805
4 12740142 2.48823284823285 10.33991423
4 12783996 1.50103069275323 10.40574041
4 12808648 2.67021742657797 10.47156659
4 12860940 0.850954256865295 10.5160647
4 12888127 1.52089969470703 10.55741339
4 13071992 0.296130856878688 10.61186153
4 13179271 0.683370463930499 10.68517281
4 13203145 3.07075898466951 10.7584841
4 13265822 1.16966829937617 10.83179538
4 13352573 0.908524397413286 10.91061073
4 13434062 1.1298482003706 11.00268092
4 13502063 1.42269378391494 11.09942556
4 13536325 2.83902866149086 11.19669633
4 13579488 2.20128814030535 11.29171049
4 13637472 1.52933567880795 11.38038752
4 13669055 3.02206883449957 11.47583354
4 13695387 2.7476036761355 11.54818345
4 13981534 0.241078187085659 11.61716723
4 14019682 1.80832022648632 11.686151
4 14084187 1.06132237811022 11.7546116
4 14137222 1.2908569812388 11.82307221
4 14220315 0.818040027439135 11.89104561
4 14277959 1.17919297758657 11.95901902
4 14360908 0.629662804855996 12.01124897
4 14385400 2.12644128695084 12.06332982
4 14462129 0.678762918844244 12.11541066
4 14679782 0.254718290122351 12.17085085
4 14709477 1.86622326991076 12.2262683
4 14792978 0.746236572017102 12.28857978
4 14882279 0.697769341888669 12.35089126
4 14921490 1.68404784371732 12.41692443
4 14983726 1.05641108040363 12.4826712
4 15122290 0.474486879709015 12.54841796
4 15203507 0.821529975251487 12.61514018
4 15253599 1.33199313263595 12.68186241
4 15301136 1.39840965984391 12.74833864
4 15372082 0.841748653905788 12.80805733
4 15434352 1.10557732455436 12.87690165
4 15470050 2.12426746596448 12.95273379
4 15495171 3.69324071493969 13.04551169
4 15559704 1.42480126446934 13.13745844
4 15605917 1.53747863155389 13.20850995
4 15628973 3.08640267175572 13.27967002
4 15667206 1.90627468417336 13.35255263
4 15692955 2.56031302186493 13.41847813
4 15736839 1.50226734117218 13.48440364
4 15802601 1.11247528968097 13.55756226
4 15841057 1.90239754524652 13.63072087
4 15882302 1.72694629652079 13.70194875
4 15935175 1.34715071964897 13.77317663
4 15961687 2.68662869643935 13.84440451
4 16006412 1.59257462269424 13.91563239
4 16124536 0.531404287020419 13.97840397
4 16162098 1.45337841435493 14.03299577
4 16183409 2.56167237576838 14.08758758
4 16215151 1.77064772226073 14.1437915
4 16215151 Inf 14.18050821
4 16299403 0.555345867160424 14.22729718
4 16372283 0.636232162458836 14.27366581
4 16402667 1.52608609794629 14.32003445
4 16496025 0.724423188157416 14.38766513
4 16529734 1.64964549526833 14.44327301
4 16569973 1.38194040607371 14.49888089
4 16611662 1.38377029911967 14.55656891
4 16714836 0.532693314207068 14.61152905
4 16815783 0.544445104857004 14.6664892
4 16910014 0.583132939266271 14.72143843
4 16948576 1.42495721176288 14.77638766
4 16984954 1.51050634999175 14.83133689
4 17035938 1.22080848893771 14.89357855
4 17065068 2.79132166151734 14.97488973
4 17122428 2.57096234309623 15.12236017
4 17182158 1.569564707852 15.21611025
4 17203868 4.16980654076463 15.30663674
4 17322859 0.774442604902892 15.39878846
4 17508210 0.545324276642694 15.49986487
4 17572213 1.57995562707998 15.60098674
4 17618092 1.77082979140783 15.68223068
4 17677748 1.3996982700818 15.76573108
4 17734849 1.45699199663754 15.84892679
4 17809297 0.808333333333333 15.90910555
4 17921004 0.595812258855757 15.97566196
4 17958670 1.48700153985026 16.03167135
4 17993220 1.62111143270622 16.08768074
4 18017219 2.29861660902538 16.14284524
4 18078676 0.897611338008689 16.19800973
4 18145217 0.82903022196841 16.25317423
4 18172340 2.03386424805516 16.30833873
4 18206975 1.59273855926086 16.36350322
4 18242028 1.59933243944883 16.41956462
4 18281865 1.40953887089891 16.47571639
4 18315736 1.76794307814945 16.53559836
4 18368097 1.15253910353125 16.59594643
4 18397050 2.3219839049494 16.66317484
4 18517110 0.559956688322505 16.73040325
4 18533491 4.10404737195531 16.79763166
4 18560948 2.42649233346688 16.86425585
4 18609348 1.23249173553719 16.92390847
4 18661495 1.07259478014076 16.97984109
4 18691345 1.9232797319933 17.03725104
4 18711571 2.83842084445763 17.09466098
4 18757766 1.24277302738392 17.15207093
4 18837954 0.693273307726842 17.20766316
4 18994381 0.389972319356633 17.2686654
4 19034870 1.52844476277507 17.33055058
4 19069641 1.93249834632309 17.39774547
4 19115874 1.5026820669219 17.46721901
4 19200647 0.548127351869109 17.51368537
4 19245211 1.04268916614308 17.56015173
4 19289636 1.07816544738323 17.60804921
4 19315923 1.82152014303648 17.65593154
4 19348580 1.4662185748844 17.70381386
4 19406201 0.830986966557332 17.75169619
4 19469354 0.758195176792868 17.79957851
4 19511881 1.13348931267195 17.84778237
4 19578767 0.720687438327901 17.89598624
4 19646092 0.716432231711846 17.94422002
4 19685555 1.29786888984618 17.99543781
4 19711700 1.95899024670109 18.0466556
4 19783036 0.717979701693395 18.09787339
4 19881613 0.519571502480294 18.14909118
4 19958222 0.86818128418332 18.21560168
4 19993580 1.96153345777476 18.28495754
4 20027146 2.14219448251207 18.35686243
4 20048665 3.38468795018356 18.42969752
4 20089949 1.98323321383587 18.51157333
4 20123515 2.4536137758446 18.59393136
4 20178396 1.50066507534484 18.67628938
4 20205649 3.02197923164422 18.75864741
4 20303118 0.7238804132596 18.82920335
4 20329251 1.91614051199633 18.8792778
4 20372464 1.46240946011617 18.94247291
4 20430208 1.0895002078138 19.00538503
4 20477053 1.34375493649269 19.06833319
4 20500429 3.02324178644764 19.13900449
4 20530946 2.31580102893469 19.20967578
4 20551974 3.35991059539661 19.28032796
4 20574492 3.13758770761169 19.35098013
4 20607846 2.11825268333633 19.42163231
4 20637561 2.10750799259633 19.48425688
4 20652215 3.10886447386379 19.52981422
4 20672262 2.54855589364992 19.58090509
4 20698466 1.94973668142268 19.63199597
4 20730245 1.86957739387646 19.69140928
4 20753698 2.53329211614719 19.7508226
4 20802748 1.14617940876656 19.80704272
4 20826819 2.05200448672677 19.8564365
4 20862531 1.29507448476703 19.90268625
4 20891559 1.63367782830371 19.95010862
4 20924989 1.37003888722704 19.995909
4 20974731 0.940408507900768 20.04268679
4 21023255 1.04768774214822 20.09352481
4 21062141 1.02404464331636 20.13334582
4 21106635 1.25231941385355 20.18906651
4 21130092 2.20621136547726 20.24081758
4 21153901 2.03378974337435 20.28924009
4 21223292 0.736624346096756 20.34035519
4 21255897 1.32856617083269 20.38367307
4 21278900 1.57009085771421 20.41978991
4 21321918 1.02301129759636 20.46379777
4 21383090 0.718508467926502 20.50775037
4 21473964 0.483665294803794 20.55170296
4 21513504 1.12492159838139 20.5961824
4 21576904 0.701514195583596 20.64065838
4 21635152 0.813974728746051 20.68807073
4 21671524 1.28307489277466 20.73473871
4 21711802 1.21348130493073 20.78361527
4 21884412 0.283162041596663 20.83249183
4 21916132 1.51706494325347 20.88061309
4 21998943 0.634053447005833 20.93311969
4 22035476 1.43723756603619 20.98562629
4 22084365 1.076910961566 21.03827541
4 22111851 1.91548788474132 21.09092452
4 22151097 1.35445905315191 21.14408165
4 22237945 0.612100451363301 21.19724138
4 22285549 1.11670657927905 21.25040112
4 22331398 1.15945167833541 21.30356085
4 22352000 2.58031744490826 21.35672058
4 22380529 1.86588383749869 21.40995236
4 22561170 0.372581529110224 21.47725582
4 22606375 1.49098551045238 21.54465579
4 22645142 1.96892202130678 21.62098494
4 22675392 2.52676363636364 21.69741953
4 22702596 2.9621085134539 21.77800068
4 22763246 1.25557955482275 21.85415159
4 22802072 1.64036727965796 21.91784052
4 22867741 0.969847264310405 21.98152945
4 22912664 1.29171248580905 22.039557
4 22995695 0.749267141188231 22.1017694
4 23173372 0.350143237447728 22.16398179
4 23209116 1.73740487914056 22.22608362
4 23313509 0.594884714492351 22.28818544
4 23349785 1.71192523982799 22.35028727
4 23388516 1.60341328651468 22.41238909
4 23421684 1.87234081041968 22.47449092
4 23572668 0.412263551104753 22.53673613
4 23601651 2.21092364489528 22.60081531
4 23682659 0.929774837053131 22.6761345
4 23704374 3.4696016578402 22.75147685
4 23739639 1.76382532255778 22.81367811
4 23798948 1.0703131059367 22.87715734
4 23835238 1.74914577018462 22.94063389
4 23863959 1.73578914383204 22.9904875
4 23971784 0.462356596336657 23.04034111
4 24012373 1.22825396043263 23.09019472
4 24036029 2.10743997294555 23.14004833
4 24060706 2.02024557280058 23.18990195
4 24122462 0.807267310058942 23.23975556
4 24143179 2.44518511367476 23.29041243
4 24206205 0.907211309618253 23.34759037
4 24239851 2.04486417404744 23.41639188
4 24265894 2.64184233767231 23.48519339
4 24288012 2.81809386020436 23.54752399
4 24416098 0.53265852630264 23.61575007
4 24452240 1.68719218637596 23.67672854
4 24489986 1.61549568166163 23.73770701
4 24498873 6.86153932710701 23.79868548
4 24536891 1.60393760850124 23.85966395
4 24583647 1.30418555907263 23.92064242
4 24614217 1.99471704285247 23.98162089
4 24641123 2.24988478406303 24.04215625
4 24810069 0.358097853752086 24.10265546
4 24840537 1.34741696205855 24.14370852
4 24966563 0.378366368844524 24.19139253
4 25057858 0.395527684977271 24.22750219
4 25081061 1.57358962203163 24.26401417
4 25103411 1.57776286353468 24.29927713
4 25187336 0.477578790586834 24.33935794
4 25244441 0.70920584887488 24.3798571
4 25267885 1.66563299778195 24.41890622
4 25301015 1.2141322064594 24.45913042
4 25373746 0.566895821589144 24.50036133
4 25405677 1.29124988255927 24.54159225
4 25466615 0.75796547310381 24.58778118
4 25553014 0.541444924131066 24.63456153
4 25583911 1.51407256367932 24.68134188
4 25666737 0.633338565184845 24.73379879
4 25701635 1.84146082870079 24.79806211
4 25742989 1.55398026793055 24.86232543
4 25773549 2.11154777486911 24.92685433
4 25856883 0.77781217750258 24.9916725
4 25880731 2.87899614223415 25.06033078
4 25907831 2.53015867158672 25.12889811
4 25933587 2.99796552259668 25.20611369
4 26010612 1.00247452125933 25.28332927
4 26087114 1.01829233222661 25.36123067
4 26109668 3.68272146847566 25.44429072
4 26163625 1.54465036973887 25.52763539
4 26206885 1.9281368469718 25.61104661
4 26235250 2.06904283447911 25.66973503
4 26257023 2.18966610021586 25.71741067
4 26282681 1.5112245693351 25.75618569
4 26323846 0.941940969270011 25.79496071
4 26349932 1.48424825576938 25.83367877
4 26397933 0.855442594945939 25.87474087
4 26456038 0.706687892608209 25.91580297
4 26511448 0.855942970582927 25.96323081
4 26541026 1.91473054297113 26.01986466
4 26573580 1.79670393807213 26.07835458
4 26611624 1.54355483124803 26.13707759
4 26648480 1.2365666377252 26.18265245
4 26688224 1.05203301127214 26.22446444
4 26746730 0.714661744094623 26.26627643
4 26796377 0.842185831973735 26.30808842
4 26825707 1.42557108762359 26.34990041
4 26854185 1.46822108294122 26.39171239
4 26901086 0.686004562802499 26.42388667
4 26934291 0.950697184159012 26.45545456
4 26981345 0.671985378501296 26.48707411
4 27021431 0.783734969814898 26.51849094
4 27045565 1.23620203861772 26.54832549
4 27094376 0.611224928807031 26.57816003
4 27127668 0.89614622131443 26.60799458
4 27162669 0.852389931716237 26.63782913
4 27194794 0.928700389105058 26.66766368
4 27230191 0.842853914173518 26.69749823
4 27282816 0.558426603325416 26.7268854
4 27365699 0.371576801032781 26.75768277
4 27441091 0.408496922750424 26.78848015
4 27463588 1.37377872605236 26.81938604
4 27536078 0.426347082356187 26.85029192
4 27587323 0.800645916674798 26.891321
4 27630616 0.946457856928372 26.932296
4 27698255 0.631231981549106 26.97499186
4 27727619 1.50953208009808 27.01931771
4 27806907 0.559049288669155 27.06364356
4 27869991 0.703265487286792 27.10800839
4 27892289 1.99005291954435 27.1523826
4 27984145 0.515081214074203 27.1996959
4 28025730 1.13774918840928 27.24700921
4 28080299 0.967223148674156 27.29978965
4 28186796 0.58679681117778 27.3622818
4 28222267 1.63561219023991 27.42029855
4 28253982 1.87449787166956 27.47974824
4 28307693 1.11853251661671 27.53982578
4 28342041 1.74851810876907 27.59988384
4 28367100 1.42152120994453 27.63550575
4 28407351 1.28669101388785 27.68729636
4 28525757 0.437398442646488 27.73908696
4 28552591 1.93114705224715 27.79090736
4 28575072 2.31052889106356 27.84285041
4 28650211 1.0441262194067 27.92130498
4 28717072 1.17790191591511 28.00006069
4 28755034 2.12382645803698 28.0806854
4 28801888 1.72076450249712 28.16131012
4 28896262 0.807931209867124 28.23755783
4 28939049 1.78202958842639 28.31380554
4 29093215 0.351752007576249 28.36803377
4 29348370 0.252441849072133 28.43244555
4 29383460 1.83561698489598 28.49685732
4 29426122 1.46513056115513 28.55936274
4 29499983 0.726344078742503 28.61301124
4 29571000 0.58468394891364 28.6545337
4 29633678 0.66247327610964 28.69605616
4 29794774 0.232183294433133 28.73345994
4 29832636 0.971026358882257 28.77022495
4 29919319 0.426348880403309 28.80718215
4 29943313 1.53674668667167 28.84405489
4 29973345 1.24116608950453 28.88132963
4 30105605 0.281828973234538 28.91860437
4 30212321 0.349288766445519 28.95587911
4 30297344 0.333847311903838 28.9842638
4 30332111 0.816426496390255 29.01264849
4 30362161 1.15570382695507 29.04737743
4 30430428 0.508721637101381 29.08210637
4 30456476 1.33252073095823 29.11681582
4 30511081 0.635646918780332 29.15152527
4 30585439 0.478478442131311 29.18710395
4 30629415 0.880227851555394 29.22581288
4 30668053 1.00183498110668 29.26452181
4 30697773 1.35596231493943 29.304821
4 30731415 1.53008144581178 29.35629598
4 30788794 0.956862266682933 29.41119976
4 30867683 0.695962681742702 29.46610354
4 30947083 0.754764483627204 29.52603181
4 31019317 0.834813245839909 29.58633368
4 31051367 1.85947269890796 29.64592975
4 31172894 0.565216783101698 29.71461881
4 31205322 1.75587455285556 29.77155834
4 31449986 0.234329938200961 29.8288904
4 31578995 0.444627119038207 29.88625127
4 31635955 0.837470154494382 29.93395362
4 31680539 0.825356630181231 29.9707513
4 31715516 1.21167052634588 30.0131319
4 31759087 1.00669022973996 30.05699435
4 31772853 2.88109109399971 30.09665543
4 31854356 0.4866213513613 30.1363165
4 31879325 1.58817733990148 30.17597173
4 31983419 0.380581973985052 30.21558799
4 32010653 1.45466328853639 30.25520425
4 32071130 0.656060981860873 30.29488089
4 32258867 0.242986731438129 30.34049851
4 32392946 0.340229267819718 30.38611612
4 32563793 0.267008492979098 30.43173373
4 32641770 0.561550200700206 30.47552174
4 32667619 1.91136214166892 30.52492853
4 32704791 1.3291402130636 30.57433532
4 32903859 0.25493248538188 30.62508418
4 32964897 0.803542055768538 30.67413077
4 33009376 1.07257357404618 30.72183778
4 33122529 0.393513207780616 30.76636501
4 33175457 0.841278718258767 30.81089224
4 33211684 1.22911640489138 30.85541947
4 33243067 1.5436796992002 30.90386479
4 33287197 1.05810559709948 30.95055902
4 33325825 1.18119239929585 30.99618611
4 33375916 0.908899802359705 31.04171382
4 33411976 1.2625540765391 31.08724153
4 33458221 0.977748945831982 31.1324575
4 33465954 5.84714858399069 31.17767346
4 33491475 1.93896007209749 31.22715767
4 33518290 1.84539250419541 31.27664188
4 33555283 1.16178195874895 31.31961964
4 33588842 1.21784320152567 31.3604892
4 33626106 1.09675826534994 31.40135876
4 33665235 1.05810013033811 31.44276114
4 33711848 0.966507197562912 31.48781289
4 33751013 1.15030767266692 31.53286464
4 33795400 0.930842363755154 31.57418197
4 33823601 1.47545477110741 31.61579129
4 33843921 1.54693405511811 31.64722503
4 33844286 85.32 31.67836683
4 33876391 0.969998442610185 31.70950864
4 33916387 0.778622862286229 31.74065045
4 33959230 0.590794295450832 31.76596187
4 33987400 0.904313099041534 31.79143633
4 34161540 0.149005397955668 31.81738413
4 34289879 0.202181721846048 31.84333192
4 34321303 0.807764765784114 31.86871512
4 34406687 0.304531293919235 31.89471718
4 34467666 0.42700109873891 31.92075527
4 34504581 0.799081674116213 31.95025333
4 34564005 0.496400444264943 31.97975139
4 34590723 1.10405344711431 32.00924945
4 34686027 0.309515865021405 32.03874751
4 34742329 0.523926325885404 32.06824557
4 34778313 0.856736327256558 32.09907441
4 34823772 0.678167139620317 32.12990325
4 34942975 0.258624363480785 32.16073209
4 35181784 0.129093962120356 32.19156094
4 35243114 0.504656774824719 32.22251156
4 35274417 0.988742293070952 32.25346218
4 35347999 0.288275665244217 32.27467409
4 35381822 0.740094018862904 32.29970632
4 35407175 0.987346665088944 32.32473856
4 35431583 1.02230416256965 32.34969094
4 35457854 0.937193102660729 32.3743119
4 35487581 0.828236956302351 32.39893285
4 35531603 0.559288537549407 32.42355381
4 35568330 0.672102268086149 32.44823813
4 35590051 1.13642557893283 32.47292245
4 35697318 0.230120167432668 32.49760678
4 35729098 0.819458779106356 32.52364922
4 35765927 0.71495832088843 32.54998046
4 35790121 1.03326857898653 32.57497937
4 35813626 1.07813656668794 32.60032094
4 35840146 0.959272247360483 32.62576086
4 35866549 1.11088891413854 32.65509169
4 35890835 1.20772461500453 32.68442253
4 35920074 1.00153220014364 32.71370637
4 35971843 0.565662848422801 32.74299022
4 36039808 0.592632972853675 32.7832685
4 36089192 0.89113883039041 32.82727651
4 36195941 0.411114858218812 32.87116258
4 36231774 1.22473976502107 32.91504866
4 36356764 0.351116889351148 32.95893473
4 36381457 1.66992265014377 33.00017015
4 36420563 1.05445200225029 33.04140556
4 36439960 2.12586482445739 33.08264098
4 36480099 0.89684097760283 33.11863925
4 36585084 0.434107729675668 33.16421407
4 36624991 1.14202520861002 33.20978889
4 36665416 1.12739146567718 33.25536372
4 36719984 0.746065459610028 33.29607497
4 36786360 0.612840484512474 33.33675292
4 36841497 0.679331483395905 33.37420924
4 36897202 0.672731352661341 33.41168374
4 36929230 1.37144061446235 33.45560826
4 36942637 3.27623629447304 33.49953277
4 36966333 1.87410111411209 33.54394143
4 36990307 1.77460582297489 33.5864858
4 37083351 0.457220239886505 33.62902737
4 37132913 0.858351156127678 33.67156895
4 37162499 1.48172784425066 33.71540732
4 37206606 1.09310766998436 33.76362103
4 37228637 2.18844809586492 33.81183474
4 37260138 1.47638170216819 33.85834228
4 37308198 0.967696629213483 33.90484982
4 37340418 1.44343575418994 33.95135736
4 37372358 1.52752661239825 34.00014652
4 37412325 1.29694748167238 34.05198163
4 37451912 1.0994442620052 34.09550538
4 37525435 0.83523251227507 34.15691423
4 37557056 1.97513045128238 34.21936979
4 37697536 0.445928246013667 34.28201378
4 37735828 1.67360806434764 34.3460996
4 37781358 1.45286404568416 34.41224848
4 37834962 1.47056936049549 34.49107691
4 37889395 1.42233938970845 34.56849911
4 37982226 0.834012345014058 34.64592131
4 38004556 3.46718316166592 34.72334352
4 38029032 3.0571988887073 34.79817148
4 38051191 3.53534455525971 34.87651116
4 38073208 3.60701276286506 34.95592672
4 38112230 2.09958484957204 35.03785668
4 38150074 2.16766198076313 35.11988972
4 38301044 0.544920182817778 35.20215632
4 38363077 0.881066529105476 35.2568115
4 38387402 2.23494758478931 35.31117663
4 38467787 0.6830776886235 35.36608585
4 38495028 2.02361146800778 35.42121103
4 38577586 0.720568569975048 35.48069974
4 38606134 2.15974148802018 35.542356
4 38631379 2.44231729055258 35.60401226
4 38654540 2.85846466042053 35.67021716
4 38720958 1.01728898792496 35.73778347
4 38854540 0.515156233624291 35.80659906
4 38933568 0.870774915219922 35.87541466
4 39023860 0.762145040535153 35.94423025
4 39056475 1.24238540548827 35.98475065
4 39096904 1.10528086274704 36.02943602
4 39253919 0.315422730312391 36.07896215
4 39299282 1.0917730308842 36.12848828
4 39345742 0.767914334911752 36.16416557
4 39432997 0.408885450690505 36.19984286
4 39484834 0.694378532708297 36.23583732
4 39518865 1.05769739355294 36.27183177
4 39562903 0.845031563649575 36.30904523
4 39646984 0.442591072893995 36.34625869
4 39687661 0.914853602773066 36.38347215
4 39718058 1.39471987367174 36.42586745
4 39753002 1.20152529761905 36.46785357
4 39786318 1.26023832392844 36.5098397
4 39865501 0.523978631777023 36.55132989
4 39900642 1.20050653083293 36.5935169
4 39937192 1.15422708618331 36.63570391
4 40104843 0.282893033742716 36.68313117
4 40158341 0.886119107256346 36.73053674
4 40238582 0.679874378434965 36.7850905
4 40502117 0.243494033050638 36.84925968
4 40545187 0.892523798467611 36.8877007
4 40575998 1.41356982895719 36.93125419
4 40605567 1.47294463796544 36.97480767
4 40689180 0.520236087689713 37.01830616
4 40722506 1.30524215327372 37.06180466
4 40850556 0.339310425614994 37.10525333
4 40925102 0.583274756526172 37.14873414
4 40946237 2.06107404778803 37.19229499
4 40974337 1.74259074733096 37.24126177
4 41012536 1.28188696039163 37.29022856
4 41024109 4.08198392810853 37.33746939
4 41057877 1.39898128405591 37.38471021
4 41096799 1.21373002415087 37.43195104
4 41169186 0.652614419716247 37.47919187
4 41201498 1.45675600396138 37.52626261
4 41230144 1.64318578510089 37.57333336
4 41346098 0.40594287389827 37.6204041
4 41400156 0.870465056050908 37.66745969
4 41434124 1.23076719265191 37.70926641
4 41553518 0.35067842605156 37.75113528
4 41668377 0.379551450038743 37.79473015
4 41727384 0.701730303184368 37.83613717
4 41815635 0.198571121007127 37.85366126
4 41837832 0.872500788394828 37.87302818
4 41866810 0.668331147767272 37.8923951
4 41947025 0.241437387022377 37.91176201
4 41973807 0.723131207527444 37.93112893
4 42001110 0.709332307805003 37.95049585
4 42048079 0.490840767314612 37.9735501
4 42098743 0.50878335701879 37.99932707
4 42245395 0.175685295802307 38.02509164
4 42282130 0.70136382196815 38.05085622
4 42305789 1.08847373092692 38.07660839
4 42342470 0.702058286306262 38.10236056
4 42392476 0.558572971243451 38.13029258
4 42459399 0.417375192385279 38.15822461
4 42497974 0.97151782242385 38.19570093
4 42583028 0.63684953088626 38.24986757
4 42849609 0.194659034214741 38.30176002
4 42939726 0.575833638492182 38.35365246
4 42979411 1.30658939145773 38.40550444
4 43056618 0.613203466006968 38.45284802
4 43120197 0.774691328897906 38.50210212
4 43203876 0.591621553794859 38.55160839
4 43292970 0.51427368846387 38.59742704
4 43321772 1.58777515450316 38.64315817
4 43366471 1.02309000201347 38.68888929
4 43475715 0.418614294606569 38.73462042
4 43528807 0.924672267008212 38.78371314
4 43625393 0.515369722320005 38.83349069
4 43681028 0.78553069111171 38.87719368
4 43942271 0.170112500622026 38.92163442
4 43988798 0.977683925462635 38.96712315
4 44057908 0.488616698017653 39.00089147
4 44121669 0.692432678282963 39.04504169
4 44232130 0.399690388462896 39.08919191
4 44268015 1.22945799080396 39.133311
4 44304396 0.877191391110745 39.16522406
4 44332586 1.33826534231997 39.20294975
4 44374726 0.895246796392976 39.24067543
4 44433702 0.537389785675529 39.27236855
4 44456308 1.40197735114571 39.30406167
4 44554757 0.321924041889709 39.33575479
4 44599064 0.723050533775701 39.367791
4 44646802 0.67449830323851 39.39999022
4 44689022 0.762652771198484 39.43218944
4 44713603 1.30663520605346 39.46430779
4 44729017 2.08371610224471 39.49642614
4 44753880 1.29181514700559 39.52854449
4 44782489 1.12266769198504 39.56066285
4 44814712 0.99271948608137 39.5926512
4 44839097 1.2519827762969 39.62318079
4 44863584 1.94296157144607 39.67075808
4 44885469 2.17397304089559 39.71833549
4 44908985 1.60904065317231 39.75617369
4 45048628 0.270963814870778 39.79401188
4 45074558 1.4854762822985 39.83253028
4 45095680 1.60891487548528 39.86651378
4 45161683 0.372205808826871 39.89108047
4 45208793 0.561367013372957 39.9175265
4 45248806 0.802371729188014 39.94963179
4 45313027 0.499919029600909 39.98173708
4 45337849 1.29342115864959 40.01384238
4 45400553 0.512013587649911 40.04594767
4 45446553 0.521408695652174 40.06993245
4 45479387 0.730486690625571 40.09391724
4 45539741 0.313255128077675 40.11282343
4 45597060 0.329841762766273 40.13172963
4 45618675 0.869289845015036 40.15051933
4 45682029 0.395826624996054 40.17559652
4 45708458 0.959866056226115 40.20096482
4 45744514 0.719062014643887 40.22689136
4 45779722 0.736380936150875 40.2528179
4 45820330 0.638457939322301 40.27874444
4 45875396 0.527786656012785 40.30780755
4 45932932 0.505128962736374 40.33687065
4 46026751 0.309981986591202 40.36595281
4 46086251 0.488776470588235 40.39503497
4 46109533 1.24912808177992 40.42411713
4 46190578 0.359982725646246 40.45329196
4 46212366 1.32849733798421 40.48223729
4 46242543 0.959184146866819 40.51118263
4 46311240 0.421347365969402 40.54012796
4 46389181 0.374884848795884 40.56934685
4 46562939 0.168158588381542 40.59856574
4 46618372 0.446771778543467 40.62333167
4 46640654 1.37634862220627 40.65399946
4 46666074 1.16901652242329 40.6837159
4 46708987 0.731831845827605 40.71512103
4 46738296 0.868606912552458 40.74057907
4 46864543 0.201652316490689 40.7660371
4 46894686 0.561848522044919 40.78297293
4 46921993 0.67748196433149 40.80147294
4 46943050 1.02715486536544 40.82310174
4 46989439 0.47050809459139 40.84492813
4 47056564 0.329585102420857 40.8670515
4 47085531 0.760251320468119 40.88907369
4 47123170 0.58508993331385 40.91109587
4 47155659 0.681316753362677 40.93323121
4 47190294 0.651719359029883 40.95580351
4 47228083 0.590277594008839 40.97810946
4 47266182 0.59422557022494 41.00074888
4 47346258 0.284480993056596 41.02352902
4 47423462 0.326628153981659 41.04874599
4 47463756 0.731138631061696 41.07820649
4 47488857 0.996669455400183 41.10322392
4 47513570 1.01231740379557 41.12824135
4 47546933 0.749854629379852 41.15325878
4 47570007 1.09150559070816 41.17844421
4 47595277 0.987063711911357 41.20338726
4 47634872 0.629955802500316 41.22833032
4 47674986 0.658268933539413 41.25473609
4 47697476 1.25544241885282 41.28297103
4 47751036 0.536038088125467 41.31168126
4 47781004 1.10356713828083 41.34475298
4 48001522 0.166815407359036 41.38153879
4 48127741 0.326824804506453 41.42279026
4 48150497 1.5582703462823 41.4582503
4 48155609 4.09199921752739 41.47916864
4 48179542 0.892550035515815 41.50053009
4 48244839 0.327142135167006 41.52189154
4 48307294 0.357049075334241 41.54419105
4 48335958 0.758735696343846 41.56593942
4 48370072 0.59397901154951 41.58620239
4 48408851 0.527917171665076 41.60667454
4 48496688 0.235490738527044 41.62735935
4 48540768 0.476041288566243 41.64834322
4 48591927 0.410170253523329 41.6693271
4 48666556 0.307328250412038 41.69226269
4 48697874 0.733335462034613 41.7152293
4 48757663 0.40182307782368 41.73925388
4 48795841 0.666572371522867 41.7647023
4 48827123 0.813515759861902 41.79015071
4 48851345 1.14580546610519 41.81790444
4 48952233 0.282596542700817 41.84641502
4 48996098 0.650352217029522 41.87494271
4 49040661 0.640280052958733 41.90347555
4 49093497 0.54002574002574 41.93200839
4 49136015 0.647426972105932 41.95953568
4 49168044 0.685419463611102 41.981489
4 49216223 0.54156790302829 42.00758117
4 49257006 0.647978324301792 42.03400765
4 49318750 0.484301308629179 42.06391035
4 49339002 1.476530713016 42.09381305
4 49364306 1.10919222257351 42.12188003
4 49384807 1.37473781766743 42.15006356
4 49415313 0.883504884285059 42.17701576
4 49439986 1.04230130101731 42.20273249
4 49461342 1.27745832552913 42.23001387
4 49482198 1.58360663598005 42.26304158
4 49523314 0.825099717871388 42.29696638
4 49546705 1.30263776666239 42.32743634
4 49580096 0.876891976879998 42.35671664
4 49629161 0.596765515132987 42.38599694
4 49723245 0.317923345095872 42.41590839
4 49751560 0.912770616281123 42.44175345
4 49813182 0.419413521145046 42.4675985
4 49842196 0.821468946026056 42.49143264
4 49888592 0.523327442020864 42.51571294
4 50020297 0.187313313845336 42.54038304
4 50042121 1.14486345307918 42.56536859
4 50167432 0.199975261549265 42.59042773
4 50208255 0.613847585919702 42.61548686
4 50239474 1.02005829783145 42.64733208
4 50306418 0.475699091778203 42.6791773
4 50382468 0.450383957922419 42.71342902
4 50387403 7.42111448834853 42.75005219
4 50634502 0.168649812423361 42.79172543
4 50755462 0.345101686507937 42.83346893
4 50855001 0.422950803202765 42.87556899
4 51038233 0.238093236989172 42.91919532
4 51078525 1.0827534001787 42.96282165
4 51114124 0.82833506559173 42.99230958
4 51149352 0.837058589758147 43.02179751
4 51179378 0.920339039499101 43.04943166
4 51252859 0.391090213796764 43.07816939
4 51363243 0.260342984490506 43.10690712
4 51407748 0.848302437928323 43.14466079
4 51434434 1.41473806490295 43.18241446
4 51502627 0.547944803718857 43.21978049
4 51576527 0.311897158322057 43.24282974
4 51637285 0.376834326343856 43.26572544
4 51683337 0.587292625727438 43.29277147
4 51708061 1.09391684193496 43.3198175
4 51730810 1.20419359092707 43.34721168
4 51805909 0.357673204703125 43.37407261
4 51831608 1.04521187594848 43.40093354
4 52001133 0.158448016516738 43.42779447
4 52030583 1.15107300509338 43.46169359
4 52112139 0.436615331796557 43.49730216
4 52226611 0.322845761408904 43.53425896
4 52282025 0.659483163099578 43.57080352
4 52315044 1.11977346376329 43.60777732
4 52359589 0.830032551352565 43.64475113
4 52382434 1.61846355876559 43.68172493
4 52488450 0.348756791427709 43.71869873
4 52510424 1.39657322289979 43.74938706
4 52535885 1.26031577707081 43.78147598
4 52661012 0.286890119638447 43.81737367
4 52693559 1.10294958060651 43.85327136
4 52830377 0.262132175590931 43.88913572
4 52862909 1.07531046354359 43.92411772
4 52927347 0.542878425773612 43.95909972
4 53003395 0.49581448558805 43.99680544
4 53087136 0.492020635053319 44.03800776
4 53121127 1.18788797034509 44.07838528
4 53210379 0.453418410791915 44.11885375
4 53246761 1.35977406409763 44.16832506
4 53292836 1.09592620727075 44.21881986
4 53366879 0.561163107923774 44.26037004
4 53463433 0.485462021252356 44.30724336
4 53516271 0.731757447291722 44.34590799
4 53543667 1.07400350416119 44.37533136
4 53613998 0.418356059205756 44.40475473
4 53659215 0.650715438883606 44.43417811
4 53686289 1.08677698160597 44.46360148
4 53713282 1.09003815804097 44.49302485
4 53747397 0.862476916312472 44.52244823
4 53768333 1.18916220863584 44.54734455
4 53799375 0.90731589459442 44.57550944
4 53830035 0.918620352250489 44.60367433
4 53887527 0.489892506783553 44.63183923
4 54068936 0.154734329608785 44.65990943
4 54098770 0.940879533418248 44.68797962
4 54130613 0.881518701127406 44.71604982
4 54159114 0.776309603171819 44.73817538
4 54199834 0.54335952848723 44.76030094
4 54232335 0.680766745638596 44.78242649
4 54264127 0.695948666331152 44.80455205
4 54391051 0.185683558665028 44.82811973
4 54466948 0.277327167081703 44.84916807
4 54517494 0.465910259961223 44.87271801
4 54558116 0.612475998227561 44.89759805
4 54588923 0.807608660369396 44.92247808
4 54616250 0.910454861492297 44.94735812
4 54647672 0.806065813761059 44.97268636
4 54735653 0.263123856287153 44.99583628
4 54814402 0.293970717088471 45.01898619
4 54993341 0.129373138332057 45.04213611
4 55031477 0.592356303754982 45.06472625
4 55064396 0.686232874631672 45.08731639
4 55119203 0.479484372434178 45.11359547
4 55247076 0.213504805549256 45.14089696
4 55274927 0.862977990018312 45.16493174
4 55301993 0.88611911623439 45.18891545
4 55336428 0.699154929577465 45.21299084
4 55367536 0.641715957310017 45.23295334
4 55403027 0.562466540813164 45.25291584
4 55430558 0.724750281500854 45.27286894
4 55471733 0.49135883424408 45.29310061
4 55579875 0.187084573986055 45.31333228
4 55648043 0.296791749794625 45.33356396
4 55737238 0.226949941140198 45.35380677
4 56022265 0.0745234661979392 45.37504796
4 56059409 0.589042644841697 45.39692736
4 56091771 0.675826586737532 45.41879845
4 56119324 0.827064203535005 45.44158656
4 56189947 0.338190108038458 45.46547055
4 56212197 1.0728 45.48934038
4 56379720 0.158351390555327 45.51586793
4 56415034 0.751189330010761 45.54239548
4 56449105 0.778594699304394 45.56892302
4 56561786 0.235421233393385 45.59545057
4 56680255 0.175041572056825 45.61618753
4 56766357 0.246311351652691 45.63739548
4 56793643 0.775819101370666 45.65856445
4 56820961 0.812574126949264 45.68076238
4 56847089 0.849582823025107 45.70296031
4 56885166 0.588667699661213 45.72537502
4 56911744 1.02893746707803 45.75272209
4 56939924 0.968580553584102 45.78001665
4 56977371 0.721561139744172 45.80703698
4 57013997 0.737735488450827 45.8340573
4 57056675 0.679884249496227 45.86307343
4 57094891 0.759265752564371 45.89208956
4 57187364 0.313779157159387 45.92110569
4 57210948 1.03809362279512 45.94558813
4 57264079 0.556488678925674 45.97515494
4 57308028 0.672752508589501 46.00472175
4 57378431 0.419965058307174 46.03428856
4 57421426 0.65748575415746 46.06255713
4 57443352 1.20430995165557 46.08896278
4 57463786 1.27869237545268 46.11509163
4 57508960 0.578403506441759 46.14122047
4 57574810 0.397022019741837 46.1673644
4 57623147 0.540867244553861 46.19350834
4 57661880 0.675844886789043 46.21968585
4 57710940 0.454661638809621 46.24199159
4 57754476 0.469684858507902 46.2624398
4 57775107 1.26682662013475 46.28857569
4 57810438 0.771914183012086 46.31584816
4 57841866 0.869501718213058 46.34317483
4 57942652 0.284599051455559 46.37185845
4 57985447 0.670255871012969 46.40054207
4 58032022 0.615654320987654 46.42921621
4 58070541 0.796316103741011 46.45988949
4 58104227 0.908944368580419 46.4905082
4 58147290 0.711093049717855 46.52113001
4 58198819 0.594263424479419 46.55175182
4 58241282 1.16904834797353 46.6013931
4 58269915 1.73370935633709 46.65103438
4 58305146 1.34078794243706 46.69827167
4 58326318 0.94676459474778 46.7183166
4 58392104 0.370724774268081 46.74270514
4 58437736 0.534460466339411 46.76709368
4 58478967 0.592612354781596 46.79152769
4 58515717 0.66487074829932 46.8159617
4 58552828 0.843633962975937 46.84726978
4 58574397 1.51414993741017 46.87992852
4 58607490 0.986876378690357 46.91258727
4 58628868 1.51368229020488 46.9449468
4 58650720 1.60537708218927 46.98002753
4 58716728 0.53191128348079 47.01513789
4 58772842 0.626237659051217 47.05027857
4 58841554 0.517560251484457 47.08584114
4 58877494 0.989499165275459 47.1214037
4 58916379 0.934375723286614 47.15773689
4 58952251 1.01285682426405 47.19407009
4 59089497 0.26473048394853 47.23040328
4 59132820 1.00180504581862 47.27380447
4 59162747 1.44622915761687 47.31708573
4 59208529 0.90093049670176 47.35833208
4 59234606 1.63302527131188 47.40091652
4 59296142 0.596904251170047 47.43764766
4 59339276 0.852895627579172 47.47443642
4 59368956 1.23951482479784 47.51122517
4 59410657 1.39849643893432 47.56954384
4 59421575 5.34151859314893 47.62786252
4 59467951 1.51668751078144 47.6982004
4 59503146 1.68987356158545 47.75767546
4 59526928 2.50084517702464 47.81715052
4 59612273 0.643490538402953 47.87206921
4 59666996 0.603161376386528 47.90507601
4 59706564 0.834179134654266 47.93808281
4 59730602 1.24016973125884 47.96789397
4 59761221 0.973617688363434 47.99770512
4 59769786 3.4805837711617 48.02751627
4 59797205 1.09222072285641 48.05746384
4 59818356 1.33175736371803 48.08563185
4 59877069 0.592216374567813 48.12040267
4 59899294 1.56449043869516 48.15517348
4 59934845 0.978054063176845 48.1899443
4 59964328 1.17935081233253 48.22471512
4 60043761 0.439027859957448 48.25958841
4 60083966 0.5885884840194 48.28325263
4 60132585 0.694530944692404 48.31701998
4 60164141 1.07714856128787 48.35101053
4 60246569 0.410274421313146 48.38482862
4 60288317 0.820882437482035 48.4190988
4 60371292 0.334199457667972 48.44682903
4 60392991 1.20768699018388 48.47303458
4 60421251 0.897979476291578 48.49841146
4 60524249 0.247678595700887 48.52392184
4 60573920 0.516957580882205 48.54959966
4 60622595 0.527535695942476 48.57527749
4 60682372 0.39640831758034 48.59897356
4 60705326 1.0323298771456 48.62266964
4 60730924 0.925701226658333 48.64636571
4 60760468 0.795152992147306 48.66985773
4 60784303 1.0102412418712 48.69393688
4 60815121 0.723927574793952 48.7162469
4 60871913 0.405365192280603 48.73926839
4 60919555 0.612906678980731 48.76846846
4 60944790 1.15712700614226 48.79766853
4 60970503 1.16913234550616 48.82773045
4 61038754 0.536871254633632 48.86437246
4 61066181 1.3468990410909 48.90131389
4 61099796 1.09895582329317 48.93825533
4 61136165 1.00247463499134 48.97471428
4 61174726 0.944477580975597 49.01113426
4 61247646 0.500481349424026 49.04762939
4 61270873 1.57123606148017 49.08412451
4 61295304 1.48821988457288 49.12048322
4 61322228 0.820569009062546 49.14257618
4 61411164 0.248414590267158 49.16466913
4 61439997 0.766240072139562 49.18676209
4 61506868 0.363327899986541 49.21105821
4 61543875 0.808971275704596 49.24099582
4 61611130 0.434138725745298 49.27019386
4 61654663 0.670709576643006 49.29939191
4 61681356 1.09384482823212 49.32858995
4 61714108 0.866860039081583 49.35698131
4 61781138 0.423562583917649 49.38537266
4 61812473 0.998184139141535 49.41665077
4 61916858 0.319686736600086 49.45002123
4 61939925 1.2412017167382 49.47865207
4 61967783 1.03963672912628 49.50761426
4 62007579 0.724502462559051 49.53644653
4 62039188 0.912154766047645 49.5652788
4 62069745 0.931148345714566 49.5937319
4 62140764 0.400640673622552 49.62218501
4 62161649 1.38714867129519 49.65115563
4 62197348 0.812025546934088 49.6801441
4 62228844 0.920386715773431 49.70913256
4 62251912 1.25665423963933 49.73812103
4 62276469 1.18267296493871 49.76716394
4 62333882 0.421146778604149 49.79134328
4 62357256 1.03445281081544 49.81552263
4 62386278 0.974929363930811 49.84381706
4 62447290 0.463751393168557 49.8721115
4 62482335 0.805492937651591 49.90033995
4 62573018 0.311287672441362 49.92856841
4 62593381 1.38626430290232 49.95679687
4 62634581 0.71447572815534 49.98623329
4 62670422 0.821305209118049 50.01566971
4 62703668 0.887878240991398 50.04518806
4 62733153 1.00113277937935 50.07470641
4 62751519 1.6072307524774 50.10422476
4 62884886 0.221332113641306 50.13374311
4 62927510 0.69253003003003 50.16326147
4 62978109 0.649481215043776 50.19612457
4 63049527 0.427626088661122 50.22666473
4 63083724 0.893066643272802 50.25720489
4 63146701 0.630881115327818 50.29693589
4 63223350 0.518349880624666 50.33666689
4 63260080 0.952956711135312 50.37166903
4 63280422 1.72068134893324 50.40667116
4 63316125 0.980368596476487 50.44167329
4 63444462 0.272735843910953 50.47667542
4 63467660 1.52011811363049 50.51193911
4 63512286 0.790205261506745 50.5472028
4 63656108 0.312676085717067 50.5921725
4 63826138 0.321182732458978 50.64678319
4 63890011 1.05852081474175 50.71439413
4 63954046 1.05584289841493 50.78200506
4 63988746 1.6016916426513 50.83758381
4 64020474 1.73130042864347 50.89251448
4 64096251 0.778477638333531 50.95150515
4 64136752 1.46218611886126 51.01072519
4 64156852 1.57112437810945 51.04230482
4 64183427 1.3103367826905 51.07712704
4 64383640 0.228188479269578 51.1228133
4 64527362 0.238866005204492 51.15714361
4 64596464 0.515472779369628 51.1927638
4 64650637 0.65360050209514 51.22817125
4 64776521 0.282787328016269 51.26376969
4 64824826 0.698020908808612 51.29748758
4 64865479 0.829407423806361 51.33120547
4 64895434 1.12561842764146 51.36492336
4 64924442 1.01498552123552 51.39436606
4 64951300 1.09623575843324 51.42380876
4 64979970 1.02695151726543 51.45325146
4 65005030 1.41762170790104 51.48877703
4 65059400 0.65806510943535 51.52455606
4 65170844 0.432152471196296 51.57271683
4 65212561 0.942956109020303 51.61205417
4 65401531 0.208166904799704 51.65139152
4 65449613 0.818129445530552 51.69072886
4 65586456 0.287403082364461 51.73005794
4 65615404 1.17569434848694 51.76409198
4 65640777 1.38793205375793 51.79930796
4 65679259 0.915129151291513 51.83452395
4 65712709 1.22493572496263 51.87549802
4 65757109 0.92284009009009 51.91647209
4 65780006 1.85699436607416 51.95899172
4 65887160 0.38174403195401 51.99989711
4 65921704 1.18415354330709 52.04080249
4 65945948 1.51546361986471 52.07754344
4 65968248 1.72072197309417 52.11591558
4 65997571 1.42042083006514 52.15756658
4 66020911 1.78453299057412 52.19921758
4 66082279 0.678708773302047 52.24086857
4 66103436 2.05687951978069 52.284386
4 66129484 1.69794993857494 52.32861416
4 66153156 1.87191196350118 52.37292607
4 66180337 1.63025275008278 52.41723799
4 66219758 1.084386494508 52.45998556
4 66265769 0.854652148399296 52.49930896
4 66351372 0.572118967793185 52.5482841
4 66400481 0.875126758842575 52.59126073
4 66424351 1.92483870967742 52.63720667
4 66504351 0.55637375 52.68171652
4 66548855 0.995636347294625 52.72602637
4 66576959 1.57663677768289 52.77033621
4 66647902 0.640767940459242 52.8157942
4 66684784 1.20917520741825 52.86039104
4 66715652 1.32034145393288 52.90114739
4 66753486 1.0772400486335 52.94190374
4 66791670 0.936096270689294 52.97764762
4 66882641 0.510852909168856 53.02412047
4 66948425 0.4835203088897 53.05592833
4 67059279 0.488839374312158 53.1101181
4 67099154 1.37863072100313 53.16509105
4 67168542 0.807450856055802 53.22111843
4 67207224 1.2458533684918 53.26931053
4 67253953 1.03131032121381 53.31750263
4 67325499 0.673582031140805 53.36569473
4 67350669 2.20096543504172 53.42109304
4 67374218 2.26243577221963 53.47437116
4 67432542 0.892368493244633 53.52641762
4 67587410 0.336070072577937 53.57846408
4 67613839 1.71831700026486 53.62387744
4 67692334 0.578551500095548 53.66929081
4 67743633 0.943971617380456 53.71771563
4 67803594 0.79160454295292 53.76518105
4 67863247 0.793842723752368 53.81253612
4 67980140 0.418517789773554 53.86145787
4 68001266 2.85870964688062 53.92185099
4 68076862 0.900772527646965 53.9899458
4 68127101 1.35903779931925 54.0582225
4 68147700 3.09974756056119 54.12207415
4 68319156 0.352363871780515 54.18248901
4 68369426 0.974330614680724 54.23146857
4 68429731 0.81165740817511 54.28041562
4 68489355 0.788506306185429 54.32742953
4 68557052 0.540016544307724 54.36398705
4 68586254 1.38294637353606 54.40437183
4 68669575 0.462005976884579 54.44286661
4 68705234 1.07952550548249 54.48136139
4 68767481 0.616448985493277 54.51973351
4 68808125 0.941410786339927 54.55799621
4 68936207 0.298735966021767 54.5962589
4 68976979 0.938455312469342 54.6345216
4 69045936 0.553681279638035 54.67270176
4 69085070 0.994109981090612 54.71160523
4 69236841 0.257049106878126 54.75061784
4 69325968 0.437719209667104 54.78963045
4 69373135 0.824714312973053 54.82852972
4 69412929 1.03661858571644 54.86978095
4 69466023 0.776946547632501 54.91103219
4 69495047 1.24207552370452 54.94708215
4 69607030 0.342416259610834 54.98542697
4 69627336 1.89258347286516 55.02385778
4 69734561 0.358412683609233 55.06228858
4 69813364 0.487681941042854 55.10071939
4 69841418 1.36664646752691 55.13905925
4 69886479 0.850844410909656 55.17739911
4 69934722 0.794724623261406 55.21573897
4 69955182 1.87447214076246 55.2540907
4 69987659 1.17328878898913 55.29219563
4 70018045 1.25868492068716 55.33044204
4 70045272 1.40472325265362 55.36868846
4 70073949 1.51435645290651 55.41211569
4 70201858 0.339516374922797 55.45554293
4 70230001 1.52112070497104 55.4983518
4 70250921 2.83428298279159 55.55764497
4 70279470 2.076892360503 55.61693814
4 70388902 0.541826887930404 55.67623131
4 70416159 1.69023737021683 55.72230215
4 70442151 1.75330871037242 55.76787416
4 70539870 0.466874405182206 55.81349669
4 70581054 1.11524621212121 55.859427
4 70610326 1.00716725881388 55.88890881
4 70638508 1.22653466751827 55.92347498
4 70663356 1.33233258209916 55.95658073
4 70708025 0.885316438693501 55.99612692
4 70740913 1.49804792021406 56.04539476
4 70904262 0.302006746291682 56.09472722
4 70960950 0.870245907423088 56.14405969
4 70981392 2.53468838665493 56.19587374
4 71005227 2.17386616320537 56.2476878
4 71032727 0.984356363636364 56.2747576
4 71077387 0.625696372592924 56.30270116
4 71101797 1.26075788611225 56.33347622
4 71151729 0.948880477449331 56.38085576
4 71173356 2.1907569242151 56.4282353
4 71298574 0.378376112060566 56.47561483
4 71447235 0.302423634981602 56.52057341
4 71497071 0.889104261979292 56.56488278
4 71526199 1.52119609997253 56.60919214
4 71619713 0.501280022242659 56.65606881
4 71823194 0.244128444424787 56.70574434
4 71876002 0.940736252083018 56.75542275
4 72082867 0.24036883958137 56.80514664
4 72119491 1.25332295762342 56.85104837
4 72155832 1.3357007237005 56.89958908
4 72246360 0.534688715093673 56.94799336
4 72324871 0.616528894040326 56.99639765
4 72465978 0.343032592288122 57.04480194
4 72532921 0.727601093467577 57.09350976
4 72567959 1.46335978080941 57.14478293
4 72628495 0.846986916875909 57.1960561
4 72670213 1.23126468191188 57.24742204
4 72803395 0.386248141640762 57.29886332
4 72900357 0.479454837977764 57.3453522
4 72923009 2.05230884690094 57.39184107
4 73064273 0.329092337750595 57.43832995
4 73095991 1.4451100321584 57.484166
4 73129045 1.5185212077207 57.53435915
4 73199829 0.709103752260398 57.58455231
4 73230433 1.97185662004967 57.64489896
4 73260781 1.99128113879004 57.70533033
4 73288742 2.20720288973928 57.76704588
4 73321939 1.85970117781727 57.82878242
4 73368289 1.33196332254585 57.89051896
4 73392097 2.59309895833333 57.9522555
4 73424213 1.9222972972973 58.01399204
4 73463439 1.22535053280987 58.06205766
4 73493416 1.67278913833939 58.11220282
4 73535701 1.24367979188838 58.16479181
4 73571440 1.4714737401718 58.21738079
4 73606213 1.51235153711213 58.26996978
4 73654208 1.09571830399 58.32255877
4 73677884 2.21719040378442 58.37505301
4 73709760 1.64682519764086 58.42754726
4 73760833 1.17926105770172 58.48777566
4 73792768 1.72489118521998 58.54286005
4 73828897 1.24304021700019 58.58776985
4 73877237 1.05043235415805 58.63854773
4 73924199 1.08125505728035 58.68932562
4 73986360 0.648837695661267 58.72965798
4 74023593 1.1035721000188 58.77074728
4 74056882 1.36908588422602 58.81632276
4 74101414 1.02343258780203 58.86189824
4 74196113 0.484521483859386 58.90778199
4 74229287 1.54795321637427 58.9591338
4 74302711 0.699317661799956 59.01048045
4 74342845 1.17630438032591 59.05769029
4 74454166 0.470217658842447 59.11003536
4 74580984 0.413548549890394 59.1624808
4 74628320 1.10793898935271 59.21492624
4 74678087 1.05771696103844 59.26756567
4 74699449 2.44991573822676 59.31990073
4 74720248 2.51623154959373 59.37223579
4 74806618 0.611432210258191 59.42504522
4 74833865 2.09049069622344 59.48200485
4 74914735 0.704335353035736 59.53896447
4 74941550 1.64407607682267 59.58305036
4 74966310 2.21220920840065 59.63782468
4 74986579 2.72748038877103 59.69310803
4 75006995 2.90912029780564 59.75250059
4 75029410 2.6754539370957 59.8124709
4 75067879 1.55892536847852 59.87244122
4 75093494 2.34537966035526 59.93251809
4 75168184 0.869692060516803 59.99747534
4 75207482 1.63194055677134 60.06160734
4 75308936 0.459245569420624 60.10819968
4 75369659 0.672048482453107 60.14900845
4 75405126 1.19643612372064 60.19144246
4 75437136 1.32564823492659 60.23387646
4 75467077 1.41725393273438 60.27631047
4 75490618 2.00609999575209 60.32353604
4 75541635 0.92568359566419 60.3707616
4 75566919 1.19813320677108 60.40105523
4 75602694 0.825788958770091 60.43059782
4 75757830 0.202219343028053 60.46196931
4 75785106 0.844650975216307 60.48500798
4 75809643 0.946158862126584 60.50822384
4 75876798 0.345706202069838 60.53143971
4 75895448 1.23353887399464 60.55444524
4 75935941 0.568135233250191 60.57745077
4 75956278 1.13121404336923 60.6004563
4 75994815 0.746319121882866 60.62921725
4 76027943 0.868174957739676 60.6579782
4 76069283 0.745527334300919 60.6887983
4 76150526 0.432380635870167 60.72392624
4 76202215 0.747064172261023 60.76254128
4 76247713 0.867598575761572 60.80201528
4 76312755 0.606900156821746 60.84148928
4 76377517 0.609524103641024 60.88096329
4 76409098 1.14772806434248 60.91720973
4 76449707 1.08590706493634 60.96130734
4 76549129 0.443539659230351 61.00540496
4 77016647 0.122195722945427 61.06253361
4 77081533 0.734463520636193 61.11019004
4 77114794 1.30061032440396 61.15344967
4 77158556 1.00016224121384 61.19721873
4 77212587 0.805837389646684 61.24075895
4 77272270 0.648266675602768 61.2794494
4 77313539 0.916014441832853 61.31725237
4 77356475 0.880449972051425 61.35505534
4 77380540 1.57087055890297 61.39285831
4 77462163 0.463141516484324 61.43066127
4 77545012 0.456287945539475 61.46846424
4 77565031 1.88835606174135 61.50626721
4 77636338 0.530144305608145 61.54407018
4 77658399 1.7135669280631 61.58187315
4 77703231 0.843214668094219 61.61967612
4 77752013 0.774937476938215 61.65747909
4 77788301 1.04174933862434 61.69528206
4 77833438 0.826191372931298 61.73257384
4 77864342 1.20669816205022 61.76986563
4 77895425 1.19974905897114 61.80715742
4 77917876 1.68391608391608 61.84496307
4 78046476 0.324737947122862 61.88672433
4 78071301 1.63051762336354 61.92720197
4 78120093 0.634962698803082 61.95818303
4 78148172 1.19017415150112 61.99160192
4 78182052 1.02323494687131 62.02626917
4 78281567 0.405231372154951 62.06659578
4 78519550 0.182900039078422 62.1101229
4 78559066 1.23237169754024 62.15882135
4 78759970 0.234480149723251 62.20592933
4 78984643 0.201363759775318 62.25117032
4 79040740 0.986250601636451 62.30649605
4 79088581 1.15644948893209 62.36182177
4 79139483 1.07761384621429 62.41667443
4 79207232 0.81071897740188 62.47159984
4 79231632 2.24188934426229 62.52630195
4 79298891 0.82503159428478 62.58179277
4 79369347 0.716555013057795 62.63227839
4 79412562 1.16824250838829 62.68276402
4 79476126 0.622824240135926 62.72235327
4 79563668 0.52752507367892 62.76853384
4 79581997 2.37816029243276 62.81212318
4 79604811 1.93501797142106 62.85626872
4 79628097 1.89579575710727 62.90041426
4 79651895 1.89725607193882 62.94556513
4 79695764 1.0292210900636 62.99071601
4 79708382 3.39836741163417 63.03359666
4 79843398 0.320938259169284 63.07692849
4 79908456 0.666048756494205 63.12026033
4 79930421 1.972765763715 63.16359217
4 80002392 0.602073057203596 63.20692401
4 80106468 0.421835966024828 63.25082704
4 80128883 1.72042828463083 63.28939043
4 80150755 1.76314008778347 63.32795381
4 80173150 1.72196472426881 63.3665172
4 80224647 0.746192982115463 63.40494392
4 80312765 0.434298327243015 63.4432134
4 80347612 1.10639653341751 63.48176801
4 80400688 0.619413670962394 63.51464405
4 80423235 1.43803610236395 63.5470675
4 80460200 0.934903286893007 63.58162621
4 80495322 1.00089402653607 63.61677962
4 80520587 1.39187413417772 63.65194529
4 80544515 1.46320628552324 63.68695688
4 80687621 0.24476891255433 63.72198483
4 80720788 1.0674405282359 63.75738859
4 80784074 0.559425465347786 63.79279235
4 80911716 0.277367950987919 63.82819611
4 81003441 0.385977650585991 63.86359987
4 81058202 0.645254834645094 63.89893467
4 81099299 0.859790252329854 63.93426946
4 81185186 0.410425326300837 63.96951964
4 81269949 0.3275544754197 63.99728411
4 81304427 0.806479494170195 64.02508987
4 81316459 2.31098736702128 64.05289563
4 81340756 1.14441289048031 64.08070138
4 81404005 0.439624341886828 64.10850714
4 81432770 0.966414044846167 64.13630608
4 81499885 0.416149891976458 64.16423602
4 81578120 0.357867961909631 64.19223379
4 81600782 1.2354514164681 64.22023156
4 81635406 0.808624075785582 64.24822934
4 81651671 1.54768521364894 64.2734024
4 81674617 1.0970583108167 64.29857546
4 81709988 0.712476322411015 64.32377641
4 81760979 0.494224470985076 64.34897736
4 81813652 0.560287054088432 64.3784894
4 81866760 0.555697823303457 64.40800144
4 81894066 1.08078810517835 64.43751348
4 81922427 1.04058390042664 64.46702552
4 81965971 0.950902535366526 64.50843161
4 82056167 0.459068029624374 64.54983771
4 82094311 1.08768351510067 64.59132632
4 82122068 1.4947076413157 64.63281493
4 82144750 1.70595185609735 64.6715093
4 82183463 0.999519541239377 64.71020368
4 82228394 0.861196056175024 64.74889805
4 82253091 1.56851844353565 64.78763575
4 82300658 0.814898984590157 64.82639809
4 82347285 0.859191026658374 64.8664596
4 82380944 1.18786060191925 64.90644181
4 82476237 0.420297398549736 64.9464932
4 82498161 2.7191251596424 65.00610734
4 82600772 0.597028583680112 65.06736904
4 82649833 1.4644707608895 65.13921744
4 82715307 1.09735772978587 65.21106583
4 82824766 0.597230013064252 65.27643808
4 82856823 2.26621642698942 65.34908622
4 82972946 0.706892691370357 65.43117269
4 83000740 2.68779592717853 65.50587727
4 83038296 1.68374693790606 65.56911208
4 83071733 1.07363997966325 65.60501142
4 83108884 0.86729563134236 65.63723228
4 83166849 0.548577589924955 65.66903057
4 83198958 0.956660126444299 65.69974795
4 83228263 1.04819655348917 65.73046532
4 83266331 0.803136492592204 65.7610391
4 83287626 1.43572669640761 65.79161288
4 83349549 0.493835892963842 65.82219272
4 83387242 0.811158570556867 65.85276777
4 83420381 0.940559461661486 65.88393693
4 83573297 0.220586465772058 65.91766814
4 83605492 1.04771548377077 65.95139936
4 83654829 0.735255487767801 65.98767463
4 83677944 1.56934025524551 66.02394991
4 83806996 0.315848650156526 66.06471083
4 83896198 0.456950516804556 66.10547175
4 83932237 1.20917339548822 66.14904912
4 84080423 0.332260807363719 66.19828557
4 84133681 0.897859476510571 66.24610379
4 84215114 0.555799246005919 66.29136424
4 84241236 1.73265446749866 66.33662469
4 84281208 1.13230261182828 66.38188513
4 84391496 0.450271108370811 66.43154463
4 84416859 1.742696053306 66.47574468
4 84439649 1.94014041246161 66.51996048
4 84498360 0.753109298087241 66.56417628
4 84527376 1.52384201819686 66.60839209
4 84580012 0.840029637510449 66.65260789
4 84609294 1.49637319855201 66.69642473
4 84636118 0.974097822845213 66.72255396
4 84656307 1.55372727723017 66.75392213
4 84736210 0.392578501432987 66.78529029
4 84766058 1.48197199142321 66.82952414
4 84792163 1.69582838536679 66.87379377
4 84829041 1.36662779977222 66.92419225
4 84856898 2.01877086549162 66.9804291
4 84886841 1.92970978191898 67.03821043
4 84915773 1.44940550255772 67.08014465
4 84961478 0.913239251723006 67.12188422
4 85008727 0.899489936294948 67.16438422
4 85034221 1.74344943908371 67.20883168
4 85066884 1.36079049689251 67.25327915
4 85154300 0.512431362679601 67.29807384
4 85182020 1.61597041847042 67.34286853
4 85232259 0.846670913035689 67.38540445
4 85257645 1.67556527219727 67.42794037
4 85358264 0.538604040986295 67.48213416
4 85470897 0.481153835909547 67.53632795
4 85501472 1.69234995911693 67.5880715
4 85565338 0.936402780822347 67.64787576
4 85595678 1.98563941990771 67.70812009
4 85687447 0.655978598437381 67.76831863
4 85722325 1.34951545386777 67.815387
4 85782318 1.12637807744237 67.88296181
4 85832979 1.5713862734648 67.96256982
4 85887613 1.4167295090969 68.03997144
4 85934298 1.66557352468673 68.11772877
4 85968886 2.41942292124436 68.20141172
4 86000178 2.65044100728621 68.28434928
4 86035452 1.15316096841867 68.32502585
4 86077441 0.983607611517302 68.36632653
4 86107048 1.25560509339008 68.40350125
4 86149793 0.86972277459352 68.44067752
4 86171841 1.68615293904209 68.47785379
4 86251880 0.507891153062882 68.51850493
4 86283849 1.27157871688198 68.55915607
4 86310478 1.70236584175147 68.60448839
4 86369934 0.763302273950484 68.64987125
4 86407089 1.05898264029067 68.68921778
4 86433800 1.76185092284078 68.73627861
4 86522372 0.531463667976336 68.78335141
4 86607963 0.549973712189366 68.83042422
4 86653223 1.06443879805568 68.8786007
4 86755718 0.470037562807942 68.92677719
4 86778721 1.51977568143286 68.96173656
4 86821185 1.14500989073097 69.01035824
4 86856521 1.37598200135839 69.05897993
4 86929394 0.667211450056948 69.10760162
4 86958000 1.69970285953996 69.15622331
4 86984044 2.21771617263093 69.21398153
4 87033808 1.25763805160357 69.27656663
4 87158280 0.502804646828202 69.33915172
4 87198287 1.56886294898393 69.40191718
4 87329160 0.514695926585316 69.46927695
4 87366923 1.88329317056378 69.54039572
4 87461569 0.711779684297276 69.60776284
4 87498590 1.90804408308798 69.67840052
4 87601224 0.689609681002397 69.74917794
4 87648361 1.22549165199313 69.80694398
4 87669502 2.31293694716428 69.85584181
4 87954952 0.188693641618497 69.90970443
4 87975607 2.6077269426289 69.96356705
4 87995912 2.60526963802019 70.0164671
4 88047331 1.02948909936016 70.06940244
4 88120245 0.726831609841731 70.12239866
4 88186628 0.798339936429508 70.17539489
4 88230965 1.048115569389 70.22186515
4 88309768 0.668677588416685 70.27455894
4 88352080 1.24536301758366 70.32725274
4 88459849 0.488951368204215 70.37994653
4 88482375 2.44486815235728 70.43501959
4 88516050 1.66773867854491 70.49118064
4 88559625 1.28883763625932 70.54734169
4 88596777 1.51043281653747 70.60345727
4 88618820 1.70834732114503 70.64111439
4 88652344 1.22902099988068 70.68231608
4 88686550 1.33318716014734 70.72791908
4 88783875 0.468564089391215 70.77352208
4 88842477 0.778181632026211 70.81912508
4 88863118 2.59686061721816 70.8727269
4 88923163 0.892961945207761 70.92634485
4 88959058 1.49374286112272 70.9799628
4 89008256 1.08983901784625 71.03358075
4 89030549 2.40514511281568 71.08719869
4 89065352 1.01116283079045 71.12239022
4 89094214 1.21930219665997 71.15758176
4 89136643 0.871474698908765 71.19455756
4 89183705 0.799702520079895 71.23219318
4 89269356 0.516945511435943 71.27647005
4 89316398 0.959113132945028 71.32158861
4 89487474 0.263663517968622 71.36669511
4 89524127 0.846004419829209 71.39770373
4 89717462 0.198046396151757 71.435993
4 89780265 0.674295813894241 71.47834081
4 89807975 1.58856369541682 71.52235987
4 89883024 0.586538128422764 71.56637893
4 89912824 1.54768120805369 71.61249983
4 89938910 1.92832170512919 71.66280207
4 90010959 0.698166525558994 71.7131043
4 90017540 7.64122473788178 71.7633912
4 90110496 0.54070958302853 71.8136534
4 90155256 1.12292672028597 71.8639156
4 90256644 0.495741113346747 71.91417781
4 90285593 2.65815399495665 71.99112869
4 90332134 1.75330998474463 72.07272945
4 90357667 2.1399600516978 72.12736901
4 90394489 1.50136603117701 72.18265234
4 90432611 0.890564503436336 72.21660244
4 90456765 1.36981452347437 72.24968894
4 90552815 0.33186881832379 72.28156495
4 90582429 1.08570946174107 72.31371715
4 90617855 0.975687348275278 72.34828186
4 90657815 1.02708458458458 72.38932419
4 90699304 0.989233290751765 72.43036651
4 90758875 0.689647647345185 72.47144955
4 90798299 1.04208096590909 72.51253258
4 90830678 1.26881620803607 72.55361562
4 90970561 0.293695445479436 72.59469866
4 91071208 0.404976800103331 72.63545838
4 91096852 1.58805958508813 72.67618255
4 91148043 1.08255357387041 72.73159957
4 91200188 1.06274810624221 72.78701659
4 91221680 3.03174204355109 72.85217477
4 91248156 2.46063227073576 72.91732246
4 91292803 1.4650973189688 72.98273464
4 91335787 1.54858086729946 73.04929884
4 91370510 1.80584050917259 73.11200302
4 91395217 2.69953454486583 73.17870046
4 91428995 1.98718100538812 73.2458235
4 91455481 1.50469304538247 73.2856768
4 91482794 1.4949181708344 73.32650747
4 91525544 0.938587134502924 73.36663209
4 91558162 1.00760929548102 73.3994983
4 91587893 0.826053614072853 73.42405765
4 91629746 0.566016772991183 73.44774719
4 91673440 0.579063486977617 73.47304876
4 91712681 0.663971356489386 73.49910369
4 91750789 0.683712081452713 73.52515861
4 91783379 0.93993863148205 73.55579119
4 91824373 0.740654729960482 73.58615363
4 91872901 0.62566765578635 73.61651607
4 91899970 1.12164099154014 73.64687775
4 91937565 0.8075994148158 73.67723944
4 91959897 1.08906949668637 73.70156053
4 91990021 0.887833621033063 73.72830561
4 92016885 0.996984812388326 73.75508858
4 92050350 0.821246077991932 73.78257161
4 92150036 0.354362698874466 73.8178966
4 92206455 0.753473120757192 73.86040682
4 92245734 1.0813208075562 73.90288001
4 92398977 0.2401323388344 73.9396786
4 92444591 0.786907528390406 73.9755726
4 92474426 1.20323110440758 74.01147104
4 92500436 1.38017685505575 74.04736948
4 92585519 0.422123103322638 74.08328497
4 92677005 0.392579192444746 74.11920046
4 92703589 1.34930785434848 74.15507045
4 92751188 0.753805752221685 74.1909508
4 92811446 0.595613860400279 74.22684131
4 92832567 2.09755219923299 74.27114367
4 92872962 1.09672979329125 74.31544602
4 92896910 2.15602555536997 74.36707856
4 92926956 0.873650402715836 74.3933283
4 92956921 0.939609544468547 74.42148372
4 93016182 0.506076509002548 74.45147431
4 93059809 0.687432094803677 74.48146491
4 93250500 0.157273285052782 74.5114555
4 93270718 1.1283212978534 74.53426787
4 93300363 1.02120087704503 74.56454138
4 93338554 0.812416537927784 74.59556836
4 93361477 0.931863194171793 74.61692948
4 93361477 Inf 74.63737097
4 93392902 0.678281622911694 74.65868601
4 93412720 1.07553739025129 74.68000105
4 93459666 0.45403229242108 74.7013161
4 93491261 0.674632062035132 74.72263114
4 93517701 0.827965204236006 74.74452252
4 93540829 0.92245330335524 74.76585697
4 93564741 0.892208932753429 74.78719142
4 93588285 0.928257730207272 74.80904628
4 93652019 0.343436784134057 74.83093492
4 93683022 0.673412250427378 74.85181272
4 93752906 0.398580504836586 74.87966708
4 93945303 0.16201863854426 74.91083897
4 94028896 0.372900840979508 74.94201086
4 94087661 0.571120564962137 74.97557275
4 94110001 1.50232318710833 75.00913463
4 94134577 1.21373697916667 75.03896339
4 94158290 1.72521401762746 75.07987336
4 94227977 0.582066956534217 75.12043585
4 94253812 1.57005999612928 75.16099833
4 94373553 0.283511078076849 75.19494627
4 94396489 1.83376787582839 75.23700561
4 94543945 0.285232883029514 75.27906495
4 94570629 1.57619922050667 75.32112429
4 94593797 2.51476174033149 75.37938626
4 94623036 2.06223879065631 75.43968406
4 94649712 1.41861598440546 75.47752705
4 94678198 1.13921224461139 75.50997861
4 94699823 1.50065202312139 75.54243017
4 94740679 0.845765615821422 75.5769848
4 94835535 0.383323142447499 75.61334525
4 94879799 0.56680598228809 75.63843434
4 94907377 1.02883457828704 75.66680752
4 94934517 1.03855195283714 75.69499381
4 95141997 0.135850684403316 75.72318011
4 95250718 0.259253502083314 75.75136641
4 95316682 0.438907585955976 75.78031847
4 95402548 0.398635082570517 75.81454772
4 95472483 0.489443054264674 75.84877696
4 95497229 1.71990624747434 75.89133777
4 95523178 1.64017110485953 75.93389857
4 95625384 0.431719272841125 75.97802288
4 95650788 1.71576523382145 76.02161018
4 95700864 0.8704229571052 76.06519747
4 95743784 1.01475302889096 76.10875066
4 95764971 2.05617123707934 76.15231476
4 95794903 1.479042496325 76.19658543
4 95819040 1.83081161701951 76.24077576
4 95845561 2.63464801478074 76.31064928
4 95874981 2.37592794017675 76.38054913
4 95908649 1.18211654983961 76.42034865
4 95942709 1.23074280681151 76.46226778
4 95968883 1.83733093909987 76.51035805
4 96011623 1.13481984089846 76.55886027
4 96039684 1.33462100424076 76.59631102
4 96084352 0.838425718635265 76.63376177
4 96120257 1.03267232975909 76.67083987
4 96201713 0.455191759968572 76.70791797
4 96257017 0.670441559380877 76.74499607
4 96278565 1.72072118062001 76.78207417
4 96335085 0.656017338995046 76.81915227
4 96429329 0.393426637239506 76.85623037
4 96542059 0.327794730772643 76.89318266
4 96657850 0.326385470373345 76.93097514
4 96805972 0.25514440798801 76.96876761
4 96914389 0.349174944888717 77.00662411
4 96980813 0.617796278453571 77.04766059
4 97084202 0.430473261178655 77.09216677
4 97164428 0.554760302146436 77.13667296
4 97208607 1.16877249371874 77.18830813
4 97420797 0.251525048305764 77.24167925
4 97452744 1.67061382915454 77.29505038
4 97555198 0.520927440607492 77.3484215
4 97634866 0.693592157453432 77.40367861
4 97668449 1.64538903611946 77.45893572
4 97724281 1.10511176386302 77.52063635
4 98037486 0.231965326224039 77.59328903
4 98180851 0.506974505632477 77.66597139
4 98208590 2.80221709506471 77.74370208
4 98479733 0.285562968618035 77.82113046
4 98535319 1.06496240060447 77.88032747
4 98564433 2.03353026035584 77.93953163
4 98601842 1.34736560720682 77.98993526
4 98640953 1.30507785533482 78.04097814
4 98673217 1.4783318869328 78.088675
4 98734344 0.780291851391365 78.13637186
4 98761107 1.78219556850876 78.18406872
4 98790061 1.64733370173378 78.23176558
4 98828352 1.24564257919616 78.27946244
4 98855926 1.72977805178792 78.32715929
4 99171476 0.170291554428775 78.38089481
4 99193138 2.48063429046256 78.43463032
4 99270409 0.845612196037323 78.49997166
4 99385221 0.569115597672717 78.565313
4 99490819 0.764101592833198 78.64600058
4 99525837 2.30417499571649 78.72668817
4 99637372 0.723373828842964 78.80736969
4 99674791 2.15786632459446 78.88811488
4 99697859 3.50622507369516 78.96899648
4 99754080 1.43610572561854 79.0497358
4 99790656 1.59993164916885 79.10825489
4 99815736 3.06609649122807 79.18515257
4 99864153 1.94843340149121 79.27948985
4 99906367 2.55756857914436 79.38745502
4 99947166 2.12399323512831 79.47411178
4 100010270 1.36246672160243 79.56008889
4 100048151 3.13313270505002 79.67877508
4 100083045 3.67391528629564 79.80697269
4 100127721 2.96013071895425 79.93921954
4 100151336 3.76299385983485 80.02808266
4 100273642 0.672419995748369 80.11032365
4 100374665 0.847116993159974 80.19590198
4 100496364 0.703196410816851 80.28148031
4 100554140 1.48120846026032 80.36705864
4 100649180 0.915511363636364 80.45406882
4 100720770 1.24071658052801 80.54289171
4 100762424 2.15153166562635 80.63251166
4 100785162 3.97282962441728 80.72284583
4 100878296 0.993679000150321 80.81539113
4 100911401 2.69873735085334 80.90473285
4 100958339 1.90339809962078 80.99407456
4 100990430 2.7722289738556 81.08303812
4 101054913 1.32967138625684 81.16877934
4 101104140 1.74175147784752 81.25452057
4 101189944 1.03745046850963 81.34353801
4 101231413 2.18704574501435 81.43423258
4 101283299 1.74795898700998 81.52492714
4 101328770 1.80457654329133 81.60698309
4 101359498 2.24441877115335 81.67594956
4 101385356 2.8293835563462 81.74911172
4 101633509 0.294826981741103 81.82227388
4 101689426 0.860872364397232 81.87041124
4 101720088 2.0475115778488 81.93319204
4 101775238 1.1383644605621 81.99597284
4 101796334 2.4431598407281 82.04751374
4 102079408 0.18207571165137 82.09905463
4 102115711 1.41974217006859 82.15059552
4 102165407 1.03712371216999 82.20213641
4 102223375 0.88772943693072 82.2535963
4 102244404 2.80417518664701 82.31256529
4 102292157 1.23439574476996 82.37151138
4 102345265 1.11166114333057 82.43054949
4 102384442 1.50936774127677 82.48968204
4 102421582 1.59196822832526 82.5488077
4 102442258 2.76370671309731 82.60595009
4 102477361 1.62784947155514 82.66309249
4 102524542 1.18549204128781 82.71902521
4 102560194 1.56885167732525 82.77495794
4 102585406 2.17740361732508 82.8298546
4 102606205 2.63921823164575 82.88474768
4 102672717 0.985008720230936 82.95026262
4 102773397 0.650724076281287 83.01577755
4 102942082 0.388386044995109 83.08129249
4 103014613 0.98033530490411 83.15239719
4 103046494 2.27655970640821 83.22497619
4 103081003 1.6004114868585 83.28020477
4 103118208 1.56799892487569 83.33854216
4 103142613 1.9940053267773 83.38720588
4 103200214 0.760521518723633 83.43101268
4 103279224 0.605977724338691 83.47889094
4 103359434 0.59691185637701 83.52676921
4 103388731 1.57504863979247 83.57291341
4 103409974 1.91391046462364 83.61357059
4 103443905 1.38673779140019 83.66062399
4 103472729 1.80250485706356 83.71257938
4 103567790 0.54700139910163 83.76457787
4 103589653 2.38461784750492 83.81671277
4 103683799 0.583000870987615 83.87159993
4 103706383 2.44698016294722 83.92686248
4 103739455 1.67097847121432 83.98212504
4 103945635 0.297837811620914 84.0435332
4 103979600 1.80798469012218 84.10494135
4 104004614 2.35222275525706 84.16377987
4 104072010 0.873026589115081 84.22261838
4 104152919 0.798609548999493 84.2872331
4 104332199 0.361137327086122 84.3519778
4 104360705 2.43972497018172 84.42152456
4 104402564 1.66553429370028 84.49124218
4 104440941 1.81665059801444 84.5609598
4 104487046 1.47884828109749 84.62914206
4 104521615 1.97235384303856 84.69732431
4 104554874 2.03025647193241 84.76484858
4 104664971 0.621956093263213 84.83332407
4 104699947 1.95778533851784 84.90179957
4 104720087 3.39997517378351 84.97027506
4 104742208 2.77451290628814 85.03165006
4 104956725 0.32491131239016 85.10134902
4 105140478 0.381284115089277 85.1714111
4 105180444 1.75323274783566 85.24148076
4 105356030 0.399061998109189 85.31155041
4 105416954 1.38295088963299 85.39580529
4 105439327 4.86425155321146 85.50463322
4 105485378 2.367881262079 85.61367651
4 105546934 1.7714487621028 85.7227198
4 105567518 6.41400602409638 85.85474573
4 105720759 0.952390026167932 86.00069091
4 105757195 3.42471182347129 86.12547375
4 105800360 3.22305339974516 86.26459682
4 106025469 0.600668120777046 86.39981258
4 106069205 1.5413252240717 86.46722394
4 106109340 1.53259997508409 86.52873489
4 106144190 1.59 86.58414638
4 106191183 1.21954759219458 86.64145655
4 106217430 2.30645026098221 86.70199391
4 106244569 2.17429897932864 86.76100217
4 106308774 0.919060820808348 86.82001042
4 106435387 0.454818225616643 86.87759634
4 106493723 0.987141730663741 86.93518226
4 106536218 1.35512177903283 86.99276817
4 106557726 2.67741770503998 87.05035409
4 106598792 1.40513320021429 87.10805727
4 106661275 0.923502392650801 87.16576045
4 106693695 1.77986428130783 87.22346364
4 106723818 2.16816386150118 87.2887752
4 106803445 0.846509349843646 87.35618019
4 106848043 1.14434503789408 87.40721569
4 106880831 1.73029766987922 87.46394874
4 106912463 1.58568854324734 87.51410723
4 106986917 0.74371961210949 87.56948012
4 107016434 1.78991089880408 87.62231289
4 107037936 2.48782438842898 87.67580605
4 107165603 0.422278270813914 87.72971702
4 107188905 2.31065144622779 87.78355978
4 107232885 1.45833560709413 87.84769737
4 107256350 2.85271255060729 87.91463626
4 107300727 1.33940780133853 87.97407516
4 107348686 1.23936904439208 88.03351406
4 107418323 0.853553427057455 88.09295296
4 107492370 0.803069671965103 88.15241786
4 107578320 0.713553228621291 88.21374779
4 107625627 1.29642336229311 88.27507772
4 107665738 1.4663733140535 88.3338954
4 107703370 1.56297034438775 88.39271308
4 107749164 1.28439751932568 88.45153075
4 107787202 1.55069141384931 88.51051598
4 107888167 0.642658346951914 88.57540194
4 107933164 1.44200724492744 88.64028791
4 107965831 1.69830409893777 88.69576638
4 108013761 1.39989359482579 88.76286328
4 108046559 2.03716385145436 88.82967819
4 108083376 2.18433875655268 88.91009898
4 108107549 3.33153932072974 88.99063231
4 108153804 1.95408928764458 89.08101869
4 108501357 0.281325150408715 89.17879412
4 108526688 3.83116734436067 89.27584145
4 108551776 3.8720065369898 89.37298233
4 108666329 0.847999615898318 89.4701232
4 108866338 0.485682644281007 89.56726408
4 109104658 0.407872608257805 89.66446829
4 109391615 0.426200441181083 89.78676951
4 109533204 0.869003241777257 89.90981076
4 109568557 3.481000198003 90.03287455
4 109634517 2.08187083080655 90.17019476
4 109840544 0.66651555378664 90.30751496
4 109881961 2.69920081126108 90.41930776
4 109953666 1.55844083397253 90.53105576
4 109990416 2.39149115646259 90.61894308
4 110020699 3.39041376349767 90.72161503
4 110053134 3.29828271928472 90.8285948
4 110098054 2.68541852181656 90.94922378
4 110120572 5.36600497379874 91.07005545
4 110142588 5.73235374273256 91.19625899
4 110260850 1.06715174781418 91.32246253
4 110308532 2.75134012835032 91.45365196
4 110354388 3.00501352058618 91.59144984
4 110396976 2.79882830844369 91.71064635
4 110458897 1.97627783789022 91.83301946
4 110491198 3.60321971455992 91.94940705
4 110582672 1.2723571725299 92.06579465
4 110627140 2.78827921201763 92.18978386
4 110730711 0.927713356055266 92.28586804
4 110759085 2.34746951434412 92.35247514
4 110799739 1.77872288089733 92.42478732
4 110901966 0.709786064346992 92.49734661
4 110953550 1.40662414702233 92.5699059
4 110997685 1.72820890449756 92.64618041
4 111036300 2.04486598472096 92.72514286
4 111071819 2.22310594329795 92.80410531
4 111094990 3.42977428682405 92.88357664
4 111124540 2.6122538071066 92.9607687
4 111148338 3.26619884023868 93.03849768
4 111174187 3.27452125807575 93.12314074
4 111199627 3.33123820754717 93.20788749
4 111257888 1.63320917938243 93.3030399
4 111290586 3.43314881644137 93.41529705
4 111372627 1.45930815080265 93.53502016
4 111393524 5.18180121548548 93.64330422
4 111416155 5.14963545579073 93.75984564
4 111441512 4.44470954765942 93.87255013
4 111467052 4.56476507439311 93.98913425
4 111528180 2.1529757230729 94.12074138
4 111593584 2.03016635068192 94.2535224
4 111618766 4.39957112223016 94.36431239
4 111644067 4.37887830520533 94.47510238
4 111684958 2.90749798244112 94.59399291
4 111740797 2.70673543580652 94.74513434
4 111804831 2.23458943686167 94.88822404
4 111836695 4.48823437107708 95.03123713
4 111857633 7.45242143471201 95.18727589
4 111911556 3.04810006861636 95.3516386
4 111965385 1.86926749521633 95.45225937
4 112024066 1.89601404202382 95.56351941
4 112144097 1.00372070548442 95.68399702
4 112153870 10.2523790033766 95.78419352
4 112194449 2.73591759284359 95.89521431
4 112231032 1.98237706038324 95.9677356
4 112262761 2.52022440039081 96.04769978
4 112288556 3.1559565807327 96.12910767
4 112324070 2.13259278031199 96.20484456
4 112358898 1.62635810267601 96.2614874
4 112380905 2.57385377379925 96.31813025
4 112452844 0.87511780814301 96.38108538
4 112499124 1.37672428694901 96.44480015
4 112565987 0.949243976489239 96.5082695
4 112606237 1.0520198757764 96.55061326
4 112646257 1.05806596701649 96.59295703
4 112692746 0.910834821140485 96.63530079
4 112719377 1.49238481468965 96.67504454
4 112741810 1.8232380867472 96.71594527
4 112769671 1.30449373676465 96.75228973
4 112797073 1.56227647616962 96.79509923
4 112822204 2.45273964426406 96.85673901
4 112899067 0.804428658782509 96.91856978
4 113089385 0.327608003446863 96.9809195
4 113394423 0.227326431460998 97.05026268
4 113481806 0.74494466887152 97.1153582
4 113503432 1.81531489873301 97.15461617
4 113527605 1.50226699209862 97.19093044
4 113551826 1.64721935510507 97.23082776
4 113575714 1.67650284661755 97.27087608
4 113597756 1.91395517648126 97.31306346
4 113632226 1.22388743835219 97.35525083
4 113665261 1.27961253216286 97.39752285
4 113718615 0.791936874461146 97.43977582
4 113741071 1.90887958674742 97.48264166
4 113767002 1.58268096101192 97.52368216
4 113804244 1.30023360721766 97.57210544
4 113865614 0.791851067296725 97.62070135
4 113889552 1.71653020302448 97.66179163
4 113914394 1.19209403429676 97.69140568
4 113945281 0.957823679865315 97.72098993
4 113972087 1.14332239050959 97.7516378
4 114051515 0.477608651860805 97.78957331
4 114103350 0.724892447188193 97.82714809
4 114176347 0.596782059536693 97.87071135
4 114211760 1.40995114788355 97.92064191
4 114248319 1.36767417051889 97.97064274
4 114313081 0.946582872672246 98.0319453
4 114369237 1.09164826554598 98.09324786
4 114401519 1.95631311566817 98.15640155
4 114435203 1.95123203895024 98.22212681
4 114602924 0.456576695822229 98.29870434
4 114711032 0.743772893772894 98.37911213
4 114739807 1.70978627280626 98.4283112
4 114763302 2.81997871887636 98.49456658
4 114788184 2.66570613294751 98.56089472
4 114812550 2.61940408766314 98.62471911
4 114860955 1.08270426608821 98.67712738
4 114918253 0.914661942825229 98.72953566
4 114945924 1.89397925626107 98.78194393
4 114973258 1.28481378502963 98.81706298
4 114979762 5.39961562115621 98.85218203
4 115007344 1.26356319338699 98.88703359
4 115127185 0.319906375948131 98.92537146
4 115153844 1.68393413106268 98.97026351
4 115178206 1.84270585337821 99.01515556
4 115246793 0.654526367970607 99.0600476
4 115276937 1.48839570063694 99.10491377
4 115319018 1.06456595613222 99.14971173
4 115365698 0.95968294772922 99.19450969
4 115413321 1.3897948470277 99.26069588
4 115440044 2.62196609662089 99.33076266
4 115461900 2.44625274524158 99.38422795
4 115523291 0.64523790132104 99.42383976
4 115554138 1.45112652770124 99.46860266
4 115586188 1.39665834633385 99.51336556
4 115619549 1.33799046791163 99.55800221
4 115645567 1.7203090168345 99.60276119
4 115666169 2.30975633433647 99.65034676
4 115713895 1.35530947491933 99.71503025
4 115794630 0.807114634297393 99.78019264
4 115852828 1.11966734252036 99.84535503
4 115894024 1.58401786581221 99.91061023
4 115921054 2.43246392896781 99.9763597
4 116067653 0.45923642043943 100.0436833
4 116159806 0.780526949746617 100.1156112
4 116192738 2.18413397303535 100.187539
4 116219888 2.8366408839779 100.2645538
4 116250616 2.5063394949232 100.3415685
4 116281772 1.9360187443831 100.4018871
4 116309840 2.15022089211914 100.4622395
4 116323718 4.34976221357544 100.5226055
4 116364732 1.47051006973229 100.582917
4 116393358 2.10687836232795 100.6432285
4 116420553 2.22138996138996 100.7036391
4 116468326 1.26453645364536 100.7640498
4 116514414 1.31076852976914 100.8244604
4 116561685 1.50962323623363 100.8958219
4 116633987 1.05297917070067 100.9719544
4 116657403 3.21244875298941 101.0471771
4 116698611 1.84191419141914 101.1230787
4 116744972 2.35575591553245 101.2322939
4 116766631 5.61512073502932 101.3539118
4 116792820 4.64656153346825 101.4756007
4 116822661 3.39089172614859 101.5767883
4 116851263 3.53778057478498 101.677976
4 116887654 2.78056662361573 101.7791636
4 116925293 2.58127474162438 101.8763202
4 116987390 1.54133049905793 101.9720322
4 117028057 2.34695207416333 102.0674757
4 117132073 0.918021265959083 102.1629646
4 117153295 4.17703326736406 102.2516096
4 117173628 4.36104362366596 102.3402827
4 117234465 1.60720285352664 102.4380602
4 117263904 3.17000577465267 102.531382
4 117293280 2.83233932461874 102.6145848
4 117315091 2.28880381458897 102.6645058
4 117346685 1.53207571057796 102.7129102
4 117385703 1.24056589266492 102.7613146
4 117389110 12.0450542999706 102.8023521
4 117467758 0.557627657410233 102.8462084
4 117502015 1.28021426277841 102.8900648
4 117541949 1.09821956227776 102.9339211
4 117572305 1.78116023191461 102.98799
4 117596725 2.69477067977068 103.0537964
4 117619959 2.78626151329948 103.1185323
4 117685703 0.993781942078365 103.1838676
4 117770193 0.772342289028287 103.2491228
4 117829938 1.08664490752364 103.3140444
4 117853059 2.80790623242939 103.378966
4 117877022 3.00279180403121 103.4509219
4 117897860 3.97023706689702 103.5336537
4 117939032 1.84593655882639 103.6096546
4 118090097 0.466053023532916 103.6800589
4 118150937 0.916623931623932 103.7358263
4 118188898 0.974803087379152 103.7728308
4 118257936 0.536001911990498 103.8098354
4 118289670 1.16608369572068 103.8468399
4 118370982 0.455092729240457 103.8838444
4 118397157 1.41373447946514 103.9208489
4 118433784 0.996854779261201 103.9573607
4 118486610 0.691171014273275 103.9938725
4 118512635 1.372353506244 104.029588
4 118559443 0.776134421466416 104.0659173
4 118583848 1.48860069657857 104.1022466
4 118624843 0.886188559580437 104.1385759
4 118653264 1.51094613138172 104.1815184
4 118681685 1.51094613138172 104.224461
4 118736372 0.696439738877613 104.2625472
4 118764276 1.41808701261468 104.3021175
4 118787044 1.72987526352776 104.3415033
4 118829731 0.924703071192635 104.3809761
4 118861376 0.911685890346026 104.4098264
4 118884027 1.27007637631893 104.4385949
4 118904819 1.3836331281262 104.4673634
4 118939017 0.841233405462308 104.4961319
4 118965565 1.0729621817086 104.5246169
4 119015339 0.572286736046932 104.553102
4 119047389 0.754951638065523 104.5772982
4 119082548 0.669145880144486 104.6008247
4 119126804 0.533911785972524 104.6244535
4 119160825 0.690976161782428 104.6479612
4 119184726 0.959407556169198 104.670892
4 119282789 0.230071484657822 104.6934534
4 119334228 0.331874647640895 104.7105247
4 119429259 0.166892908629816 104.7263848
4 119452267 0.614477573018081 104.7405227
4 119508492 0.251452200978213 104.7546606
4 119536985 0.48954480047731 104.7686092
4 119612203 0.0759311600946582 104.7743206
4 119658155 0.123385489206128 104.7799904
4 119689852 0.0192694892261097 104.7806012
4 119732047 0.0073752340324683 104.7809124
4 119789043 0 104.7809124
4 119814992 0 104.7809124
4 119841669 0 104.7809124
