Chromosome Position(bp) Rate(cM/Mb) Map(cM)
20 321756 0 0
20 370001 0.0538984350709918 0.002600335
20 392646 0.11985824685361 0.005314526
20 492259 0.0638827261502013 0.011678075
20 512692 0.316006949542407 0.018135049
20 538049 0.433888078242694 0.029137172
20 570315 0.366980722742205 0.040978136
20 607233 0.386058291348394 0.055230608
20 639178 0.652631084676788 0.076078862
20 705564 0.356282951224656 0.099731016
20 788373 0.285623543334662 0.12338317
20 788373 Inf 0.132591106
20 823850 0.325408010823914 0.144135635
20 853454 0.443227266585597 0.157256952
20 881886 0.503872397298818 0.17158306
20 920539 0.439417380280961 0.188567838
20 941579 0.871192965779468 0.20689777
20 973412 0.575814406433575 0.225227702
20 1021026 0.316207417986307 0.240283577
20 1048189 0.650631373559622 0.257956686
20 1164512 0.160663841200794 0.276645609
20 1314256 0.129228550058767 0.295996772
20 1425314 0.174244088674386 0.315347935
20 1546601 0.149060492880523 0.333426995
20 1619089 0.249408177905308 0.351506056
20 1673684 0.345042586317428 0.370343626
20 1708332 0.605593396444239 0.391326261
20 1738655 0.722573623981796 0.413236877
20 1768132 0.743311734572718 0.435147492
20 1796214 0.886461078270778 0.460041056
20 1829447 0.749679535401559 0.484955181
20 1851888 1.11020453633974 0.509869305
20 1961614 0.227057397517453 0.53478343
20 2008634 0.529861760952786 0.559697554
20 2033623 0.941798391292168 0.583232162
20 2061240 0.857203896150922 0.606905535
20 2084791 1.23290730754533 0.635941711
20 2121184 0.906020388536257 0.668914469
20 2148940 1.18795215448912 0.701887228
20 2257187 0.30670688333164 0.735087348
20 2298235 0.80992983823816 0.768333304
20 2362867 0.578441019928209 0.805719092
20 2386360 1.59135912825097 0.84310488
20 2420209 1.11506986912464 0.880848909
20 2451689 1.1989834815756 0.918592938
20 2487025 1.10056599501924 0.957482561
20 2512983 1.88705216118345 1.006466678
20 2549449 1.38843031865299 1.057097141
20 2588373 1.38393022299866 1.110965235
20 2636179 0.95793624231268 1.156760348
20 2654938 2.44132416440109 1.202557183
20 2682912 1.51267605633803 1.24487282
20 2795101 0.377181363591796 1.287188456
20 2818977 1.47631512816217 1.322436988
20 2853820 1.01163791866372 1.35768552
20 2985306 0.319448458391007 1.399688545
20 3056100 0.641423001949318 1.445097454
20 3091557 0.847595679273486 1.475150607
20 3132112 0.770906176796943 1.506414726
20 3155559 1.33339446411055 1.537678844
20 3180557 1.247811824946 1.568871674
20 3208949 1.08917652859961 1.599795606
20 3230621 1.42690568475452 1.630719538
20 3294960 0.480865415999627 1.661657901
20 3321480 1.18078808446456 1.692972378
20 3416182 0.328864226732276 1.724116491
20 3442790 1.1692761575466 1.755228565
20 3485019 0.770027706078761 1.787746105
20 3515903 1.05289146483616 1.820263646
20 3552643 0.885070767555797 1.852781187
20 3585646 0.983998424385662 1.885256117
20 3628845 0.72172041019468 1.916433762
20 3654796 1.36207853261917 1.951781095
20 3861412 0.221432512486932 1.997532634
20 3887827 1.72637137989779 2.043134764
20 3943115 0.824810085371148 2.088736894
20 3970013 1.70551713882073 2.134611857
20 4013601 1.31131504083693 2.191769486
20 4079529 0.868392792136877 2.249020887
20 4138471 1.09850870347121 2.313769188
20 4167192 2.25782180286202 2.378616069
20 4239870 0.912544373813258 2.444937982
20 4298284 1.14440202691136 2.511787103
20 4331799 1.99460241682829 2.578636223
20 4360799 2.30514137931034 2.645485344
20 4391014 2.21244745987092 2.712334464
20 4422634 1.77356103731815 2.768414461
20 4458450 1.56578065668975 2.824494459
20 4487971 1.7287625757935 2.875529276
20 4516902 2.15306418720404 2.937819603
20 4587638 0.880602522053834 3.000109931
20 4609314 3.21316202251338 3.069758387
20 4633738 2.23037585981002 3.124233062
20 4658953 2.94874479476502 3.198585686
20 4688529 2.16354814714633 3.2625748
20 4709731 3.04173191208377 3.327065608
20 4776408 0.885536241882508 3.38611051
20 4805282 2.04649165339059 3.445200884
20 4838678 1.76938555515631 3.504291258
20 4880129 1.42554823767822 3.563381632
20 4937498 1.03162509369172 3.622564906
20 4978213 1.47000122804863 3.682415979
20 5000086 2.85648059251132 3.744895824
20 5027370 2.29487611787128 3.807509222
20 5054905 2.04851280188851 3.86391499
20 5081368 2.13173109624759 3.920326959
20 5107041 2.29311338760566 3.979198035
20 5157415 1.22774645650534 4.041044522
20 5195575 1.62403825995807 4.103017839
20 5203393 7.46345612688667 4.161367172
20 5266222 0.882409396934537 4.216808091
20 5287760 1.72481196025629 4.253957051
20 5309882 1.97406654009583 4.297627333
20 5397009 0.501375004304062 4.341310597
20 5441435 0.980709494440193 4.384879584
20 5485968 0.978353131385714 4.42844857
20 5538506 0.829285469564886 4.472017557
20 5572654 1.27588731404475 4.515586544
20 5602625 1.45370524840679 4.559155531
20 5633232 1.33069885973797 4.599884196
20 5665364 1.2611633262791 4.640407854
20 5695030 1.36599811231713 4.680931513
20 5712109 2.36541952104924 4.721330509
20 5754805 0.946201049278621 4.761729505
20 5796361 0.972158051785542 4.802128501
20 5824933 1.41393672126557 4.842527497
20 5869205 0.912518070112035 4.882926493
20 5930029 0.664195054583717 4.923325489
20 5952610 1.83138922102653 4.964680068
20 5974071 1.92696519267508 5.006034647
20 6018410 0.860184036626897 5.044174384
20 6048825 1.25397665625514 5.082314121
20 6076915 1.35776788892844 5.120453859
20 6118622 0.73165176109526 5.150968887
20 6187335 0.499171917977675 5.185268531
20 6208301 1.63684536869217 5.219586627
20 6242330 1.00849569484851 5.253904724
20 6290851 0.934867377012015 5.299265467
20 6317887 1.67997854712236 5.344685323
20 6395922 0.586336900108925 5.390440132
20 6468913 0.665186118836569 5.438992721
20 6526713 0.841891003460208 5.487653993
20 6559017 1.60076461119366 5.539365057
20 6586964 1.84568289977457 5.590946378
20 6616632 1.33704664958878 5.630613859
20 6687788 0.605351621788746 5.673688249
20 6720317 1.25441913369609 5.71449325
20 6780487 0.672070799401695 5.754931764
20 6816485 1.12497916550919 5.795428807
20 6914755 0.437191411417523 5.838391609
20 6994618 0.532853762067541 5.880946876
20 7017878 1.82954858125537 5.923502143
20 7049088 1.36351489907081 5.966057411
20 7089351 1.05143680302014 6.008391428
20 7111049 2.00913448244078 6.051985637
20 7135420 2.41047966845841 6.110731477
20 7189183 1.09268083998289 6.169477318
20 7228830 1.56272857971599 6.231434847
20 7252037 2.63299866419615 6.292538866
20 7289961 1.22590971416517 6.339030303
20 7383014 0.499622795611103 6.385521741
20 7437979 0.779765305194214 6.428381583
20 7473329 1.43918246110325 6.479256696
20 7493618 2.51024693183498 6.530187061
20 7576188 0.649606394574301 6.5838251
20 7600464 2.6986365134289 6.649337183
20 7627071 2.46662156575337 6.714966591
20 7681577 1.20391699996331 6.780587253
20 7706288 2.66658977783173 6.846481394
20 7739561 2.03359781203979 6.914145269
20 7766915 2.31758792132778 6.977540546
20 7802924 1.76054042045044 7.040935823
20 7848101 1.40326493569737 7.1043311
20 7958728 0.575779872906253 7.168027949
20 7994534 1.77240685918561 7.231490751
20 8032579 1.66809830463924 7.294953552
20 8071432 1.57793220600726 7.356260991
20 8099584 2.17772804774084 7.41756843
20 8120294 3.19705939159826 7.483779552
20 8190372 0.944820057650047 7.549990674
20 8244125 1.20211337041653 7.614607867
20 8315198 0.958528555147524 7.682733346
20 8362279 1.44891569847709 7.75094977
20 8405995 1.56236160673438 7.819249935
20 8444468 1.77649000597822 7.887596871
20 8474308 2.17146782841823 7.952393494
20 8488419 4.58929204166962 8.017153021
20 8517935 2.19599878032254 8.081970146
20 8553437 1.82085234634668 8.146614068
20 8664743 0.726479255386053 8.227475555
20 8714373 1.63333467660689 8.308537946
20 8742285 2.60285898538263 8.381188992
20 8771290 1.70848129632822 8.430743458
20 8811738 1.34470678401899 8.485134124
20 8882568 0.767904842580827 8.53952479
20 8939370 0.893364670258089 8.590269685
20 8976316 1.20041682455476 8.634620319
20 9008027 1.3812336413232 8.678420661
20 9074647 0.564510657460222 8.716028403
20 9107005 0.962939613078682 8.747187159
20 9158417 0.608501906169766 8.77847148
20 9183592 1.40877060575968 8.813937324
20 9216108 1.09071841554927 8.849403167
20 9247423 1.13254989621587 8.884869011
20 9305618 0.568861586046911 8.917973863
20 9345520 0.928863214876447 8.955037332
20 9419987 0.607916258208334 9.000307013
20 9453219 1.36039961482908 9.045515782
20 9491210 1.16795030401937 9.08988742
20 9539935 0.928141611082607 9.135111104
20 9562025 2.04416025350837 9.180266581
20 9585914 1.9905312068316 9.227818341
20 9620557 1.36384262332939 9.27506597
20 9645703 1.87893104271057 9.322313599
20 9699294 0.909665802093635 9.371063463
20 9720731 2.7122125297383 9.429205141
20 9765233 1.30649633724327 9.48734682
20 9802407 1.68458600096842 9.549969583
20 9992987 0.384112183859796 9.623173673
20 10038684 1.34917171805589 9.684826758
20 10063471 2.63616815266067 9.750169415
20 10102306 1.68973091283636 9.815790164
20 10145630 1.52545471332287 9.881878966
20 10309125 0.40664729808251 9.948363803
20 10370635 1.17229393594537 10.02047161
20 10511918 0.505251870359491 10.09185511
20 10563535 1.38294554119767 10.1632386
20 10624057 1.17654241432867 10.2344453
20 10813129 0.376611555386308 10.30565199
20 10946439 0.673105543470107 10.39538367
20 10983709 2.84703514891333 10.50149269
20 11110107 0.839483219671197 10.60760171
20 11145049 1.81839047564536 10.67113987
20 11193154 1.52953747011745 10.74471829
20 11213830 3.54060263106984 10.81792379
20 11244156 2.3969300270395 10.89061309
20 11274635 2.38788017979593 10.96339333
20 11302898 2.53500689947989 11.0350402
20 11330806 2.5672531173857 11.10668708
20 11381378 0.844888475836431 11.14941483
20 11409646 2.10770836281307 11.20899553
20 11438125 2.17088732048176 11.27082019
20 11471518 1.98750636360914 11.33718898
20 11509548 1.95552195635025 11.41155748
20 11545685 1.58468328859618 11.46882316
20 11581207 1.64883170992624 11.52739292
20 11620497 1.49070501399847 11.58596268
20 11647073 1.84758052378085 11.63506394
20 11680790 1.69657442832992 11.6922673
20 11725238 1.30364470842333 11.75021172
20 11765691 1.35378587496601 11.80497643
20 11786831 2.59057237464522 11.85974115
20 11840080 1.08195083475746 11.91735399
20 11873589 1.70354233191083 11.97443797
20 11948110 0.777170193636693 12.03235345
20 12001911 1.07390940688835 12.0901309
20 12040873 1.49788768543709 12.14849165
20 12087403 1.20880077369439 12.20473719
20 12111883 1.98322712418301 12.25328663
20 12136194 2.08022294434618 12.30385895
20 12166596 1.66721268337609 12.35454557
20 12195219 2.11876462984313 12.41519102
20 12228546 1.81970774447145 12.47583646
20 12265622 1.69157945840975 12.5385535
20 12308594 1.48894861770455 12.6025366
20 12336676 2.27843814543124 12.6665197
20 12386636 1.29127301841473 12.73103169
20 12409400 2.75176155332982 12.79367282
20 12445726 1.72774596707592 12.85643495
20 12481347 1.76194098986553 12.91919709
20 12506758 2.4658809177128 12.9818576
20 12528287 2.91534674160435 13.04462214
20 12549501 2.49209484302819 13.09748948
20 12709041 0.435225648740128 13.16692534
20 12736223 2.55448090648223 13.2363612
20 12770387 2.30605608242595 13.31514529
20 12852838 0.955526312597785 13.39392938
20 12932941 0.526347327815438 13.43609135
20 12981726 0.77895049707902 13.47409247
20 13040341 0.662521538855242 13.51292622
20 13099369 0.657886087958257 13.55175996
20 13157397 0.670986420348797 13.59069595
20 13181648 1.60957486289225 13.62972971
20 13219019 1.2773969120441 13.67746736
20 13313314 0.50625802004348 13.72520501
20 13411239 0.499353586928772 13.7741042
20 13703761 0.206282604385311 13.83444643
20 13738970 1.71382885057798 13.89478866
20 13781933 1.61538300398017 13.96419037
20 13846644 1.08827556365997 14.0346138
20 13890738 1.55499160883567 14.10317957
20 13931338 1.68881280788177 14.17174534
20 13967565 1.571063019295 14.22866022
20 14050805 0.682925276309467 14.28550689
20 14096654 1.08528866496543 14.3352663
20 14120849 2.05659847075842 14.38502572
20 14268880 0.362391661206099 14.43867095
20 14305466 1.46627671787022 14.49231619
20 14390571 0.630341343046824 14.54596143
20 14441811 1.04693989071038 14.59960666
20 14988733 0.0980856502389737 14.6532519
20 15285374 0.166623292127521 14.70267923
20 15323444 0.911646966115051 14.7373856
20 15366439 0.80721944412141 14.77209198
20 15411666 0.767382315873261 14.80679836
20 15450996 0.828538011695907 14.83938471
20 15484111 1.04149781065982 14.87387389
20 15507726 1.46047850942198 14.90836307
20 15535630 1.36625215022936 14.94648693
20 15557271 1.76383254008595 14.98465801
20 15636147 0.545491657791977 15.0276842
20 15680573 1.21732769099176 15.08176524
20 15728161 1.01286879045137 15.12996566
20 15752335 1.23449573922396 15.15980839
20 15774747 1.43338836337676 15.19193348
20 15839035 0.499706010452962 15.22405858
20 15884369 0.708631490713372 15.25618367
20 15971909 0.378087731322824 15.28928145
20 16013737 0.791283350865449 15.32237922
20 16058541 0.990732970270512 15.36676806
20 16083771 2.12135156559651 15.42028978
20 16134026 1.06595363645408 15.47385926
20 16227962 0.492965423266905 15.52016647
20 16257634 1.55833782690752 15.56640548
20 16283139 1.54951186041953 15.6059258
20 16311925 1.37290002084347 15.64544612
20 16333125 1.78544339622642 15.68329756
20 16370404 1.04202365943292 15.7221432
20 16415738 0.863870384259055 15.76130592
20 16462119 0.852974278260495 15.80086769
20 16488000 1.63934160194737 15.84329553
20 16566822 0.590105554286874 15.88980884
20 16594682 1.66953697056712 15.93632215
20 16630787 1.34333471818308 15.98482325
20 16685174 0.891777446816335 16.03332435
20 16728544 1.11830989163016 16.08182545
20 16769004 0.894928324270885 16.11803426
20 16792247 1.55786688465344 16.15424375
20 16825235 0.969670789377956 16.18623128
20 16864177 0.82141389759129 16.21821881
20 16905698 0.770393294959177 16.25020634
20 16928917 1.37764330935872 16.28219387
20 16951836 1.39567607661765 16.3141814
20 16990181 0.834202633980962 16.34616893
20 17088438 0.325549324730045 16.37815646
20 17120684 0.991983501829684 16.410144
20 17158438 0.847261217354452 16.44213153
20 17185825 1.16798115894402 16.47411906
20 17214185 1.12790902679831 16.50610659
20 17251657 0.852799423569599 16.5380627
20 17292371 0.784892174681928 16.57001882
20 17334920 0.785327504759219 16.60343369
20 17380847 0.769982798789383 16.63879665
20 17422991 1.06154375474563 16.68353432
20 17473378 0.811401750451505 16.72441838
20 17627572 0.35770393141108 16.77957413
20 17719780 0.779943171959049 16.85149117
20 17751914 2.12125474575216 16.91965558
20 17823482 0.949362843729041 16.98759956
20 17847390 2.84189392671909 17.05554353
20 17847390 Inf 17.08928848
20 17924323 0.457190022487099 17.12446143
20 17955093 1.31883977900552 17.16504214
20 17995277 0.968567091379654 17.20396302
20 18107855 0.346252376130327 17.24294337
20 18132375 1.58973898858075 17.28192372
20 18153148 1.82041111057623 17.31973909
20 18185240 1.17850866259504 17.35755981
20 18269352 0.371996861327753 17.3888492
20 18296599 1.00474180643741 17.41622536
20 18323646 1.05772174363146 17.44483356
20 18373789 0.580078974133977 17.47392044
20 18412777 0.743131219862522 17.50289365
20 18441526 1.00630282792445 17.53182381
20 18497665 0.515331587666328 17.56075397
20 18534231 0.791177596674506 17.58968413
20 18571733 0.768884326169271 17.61851884
20 18595227 1.22732186941347 17.64735356
20 18626250 0.929462012055572 17.67618828
20 18658022 0.907550673549037 17.70502299
20 18714053 0.514620477949706 17.73385771
20 18738169 1.56988721180959 17.77171706
20 18767430 1.35839855097228 17.81146514
20 18811189 0.917379281976279 17.85160878
20 18843437 1.2448399900769 17.89175243
20 18876587 1.08158371040724 17.92760697
20 18943900 0.592199129440078 17.96746969
20 18968688 1.60178312086493 18.00717473
20 19034335 0.851088397032614 18.06304608
20 19061537 2.01471950591868 18.11785053
20 19087548 2.12317481065703 18.17307646
20 19138824 1.0770321397925 18.22830239
20 19180530 1.32411883182276 18.28352614
20 19223870 1.28484079372404 18.33921113
20 19255271 1.43484602401197 18.38426669
20 19283755 1.18532860553293 18.4180296
20 19328150 0.941128505462327 18.45981097
20 19363888 1.169102915664 18.50159235
20 19461263 0.433907060333761 18.54384405
20 19517625 0.749648699478372 18.58609575
20 19583755 0.642005141388175 18.62855153
20 19684214 0.422618182542132 18.67100731
20 19706770 2.20246054264941 18.72068604
20 19752394 1.22736936699982 18.77668357
20 19787997 1.57359773052833 18.83270839
20 19879554 0.696569350240834 18.89648414
20 19910542 2.05808054730864 18.96025989
20 19983821 0.80207972270364 19.01903553
20 20040369 1.03939308198345 19.07781118
20 20082715 1.38798469749209 19.13658682
20 20247670 0.315549089145525 19.18863826
20 20384162 0.381351287987574 19.24068969
20 20423152 1.34405745062837 19.29309449
20 20480975 0.917212873769953 19.3461305
20 20556225 0.704434551495017 19.39913923
20 20576961 2.55636091820988 19.45214796
20 20647815 0.747843452733791 19.5051357
20 20758517 0.517842496070532 19.56246187
20 20790609 2.11184718933067 19.63023523
20 20918623 0.529421781992595 19.69800858
20 21010356 0.738398395343006 19.7657441
20 21064209 1.31198076244592 19.83639824
20 21098610 2.09622976076277 19.90851068
20 21146255 1.5311071466051 19.98146029
20 21199073 1.35631413533265 20.0530981
20 21307568 0.538337250564542 20.11150504
20 21328279 3.34813867027184 20.18084837
20 21446273 0.584692441988576 20.24983853
20 21474221 2.46852010877344 20.3188287
20 21556674 0.836721526202806 20.38781887
20 21591220 1.99705320442309 20.45680903
20 21635103 1.02244149214958 20.50167688
20 21658212 2.39320611017353 20.55698151
20 21748513 0.638863356994939 20.61467147
20 21780313 1.81603144654088 20.67242129
20 21842803 0.785311249799968 20.7214954
20 21921307 0.74176984612249 20.77972727
20 21950333 2.02077103286708 20.83838221
20 22075470 0.468725476877342 20.89703715
20 22096867 2.74126746740197 20.95569209
20 22147800 1.26548603066774 21.0201471
20 22313712 0.399651622546892 21.08645405
20 22411430 0.64469493849649 21.14945234
20 22523592 0.517875037891621 21.20753825
20 22556737 1.93464172575049 21.27166191
20 22579799 2.5322348451999 21.33006028
20 22622347 0.932372849487637 21.36973092
20 22651571 1.50157404872707 21.41361288
20 22679412 1.57616464925829 21.45749485
20 22716594 1.16871335592491 21.50094995
20 22773662 0.890099530384804 21.55174611
20 22886964 0.448325713579637 21.60254226
20 22964914 0.651748556767158 21.65334607
20 23009076 1.04808432589104 21.69963161
20 23031675 2.13147041904509 21.74780072
20 23064555 1.46499695863747 21.79596984
20 23142234 0.651124499542991 21.84654852
20 23180410 1.32488212489522 21.89712719
20 23266165 0.549480496764037 21.94424789
20 23287834 2.16848031750427 21.99123665
20 23312762 1.88498074454429 22.03822542
20 23571023 0.181999992255896 22.08522893
20 23695033 0.379029916942182 22.13223245
20 23820020 0.376067110979542 22.17923596
20 23841545 2.18367015098722 22.22623947
20 23863171 2.16485711643392 22.27305666
20 23967747 0.452042533659731 22.32032944
20 24007509 0.938406015793974 22.35764233
20 24032164 1.8360454268911 22.40291007
20 24055106 1.97313660535263 22.44817781
20 24084296 1.55079479273724 22.49344556
20 24156101 0.630425457837198 22.5387133
20 24205213 0.921723814953575 22.58398104
20 24243254 1.18997134670487 22.62924879
20 24268879 1.24520585365854 22.66115717
20 24421180 0.337061476943684 22.71249201
20 24479790 0.914091451970653 22.76606689
20 24520116 1.3321975896444 22.81978906
20 24565655 1.17969652385867 22.87351123
20 24648952 0.4645689520631 22.91220839
20 24676265 1.42853220078351 22.95122592
20 24723777 0.982004546219902 22.99788289
20 24747276 1.98548874420188 23.04453986
20 24776258 1.66272513974191 23.09272895
20 24810660 1.4007644904366 23.14091803
20 24840568 1.45656011769426 23.18448086
20 24862047 2.05417384421994 23.22860247
20 24887821 1.71193062776441 23.27272579
20 24945107 0.770228328038264 23.3168491
20 25160596 0.232145956406127 23.36687396
20 25229625 0.72469396920135 23.41689881
20 25287084 0.872091404305679 23.46700834
20 25321745 1.28545916159372 23.51156367
20 25422359 0.442561671337985 23.55609156
20 25456504 1.23135744618539 23.59813624
20 25528151 0.586831269976412 23.64018091
20 25590025 0.679521285192488 23.68222559
20 25635745 0.919612860892389 23.72427027
20 25681663 0.915647458513002 23.76631494
20 25753294 0.640718404042942 23.81221025
20 25842833 0.523557332558997 23.85908901
20 25900387 0.814518539111096 23.90596777
20 25944395 1.06523359389202 23.95284653
20 26011480 0.698797048520534 23.9997253
20 26292282 0.184561007400232 24.0515504
20 26319951 1.87303841844664 24.1033755
20 26352669 1.58399352038633 24.1552006
20 26387100 1.50518718596613 24.20702571
20 26449927 0.824885797507441 24.25885081
20 26549990 0.517924707434316 24.31067591
20 26591866 1.23758477409495 24.36250101
20 26721455 0.399918974604326 24.41432612
20 26904360 0.259465296192012 24.46178365
20 26929602 1.88010062594089 24.50924118
20 27155826 0.205849954027866 24.5558094
20 27231295 0.704982178112868 24.60901369
20 27295488 0.828817783870515 24.66221799
20 27389086 0.48186606551422 24.70731966
20 27410300 2.12603469406995 24.75242133
20 27490668 0.561189777025682 24.797523
20 27519038 1.5897673598872 24.84262467
20 27647354 0.351394214283488 24.88771412
20 27766213 0.379352846650233 24.93280357
20 27821661 0.813185326792671 24.97789302
20 27915774 0.481346891502768 25.02319404
20 27957576 1.08370412898904 25.06849505
20 27984709 1.71191537979582 25.11494442
20 28062228 0.599394987035436 25.16140895
20 28135712 0.630062326492842 25.20770841
20 28173853 1.21390105136205 25.25400782
20 28231492 0.80326515033224 25.30030724
20 28286868 0.712711282866224 25.33977435
20 28317303 1.47706587810087 25.38472882
20 28351867 1.39898159935193 25.43308321
20 28429808 0.620397480145238 25.4814376
20 28451041 2.27732303489851 25.52979199
20 28525969 0.596578048259663 25.57449244
20 28630222 0.432411537317871 25.61957268
20 28654347 2.27103834196891 25.67436146
20 28758795 0.524137369791667 25.72910651
20 28835792 0.711003026091926 25.78385157
20 28873228 1.46902179720056 25.83884583
20 28947927 0.806017483500448 25.89905454
20 29069285 0.496124688936865 25.95926325
20 29159834 1.03827651326906 26.05327814
20 29218244 1.68638589282657 26.1517799
20 29275310 1.15911400834122 26.21792593
20 29312010 1.33793732970027 26.26702828
20 29337360 2.19207100591716 26.32259725
20 29362772 2.19748937509838 26.37843988
20 29447902 0.655968518736051 26.4342825
20 29540609 0.602355809162199 26.49012513
20 29647234 0.523728956623681 26.54596776
20 29679035 1.75600138360429 26.60181039
20 29753049 0.754500499905423 26.657654
20 29779527 2.10905657527004 26.71349762
20 29823354 1.27418258151368 26.76934123
20 29893476 0.747217706283335 26.82173762
20 29936827 1.20152476298125 26.87382489
20 29990492 0.974866300195658 26.92614107
20 30068266 0.673430709491604 26.97851647
20 30105126 1.3434997287032 27.02803789
20 30149974 1.09803112736354 27.07728239
20 30204542 0.902442823632898 27.12652688
20 30342550 0.339507854617124 27.17338172
20 30382405 1.17563166478485 27.22023655
20 30911469 0.0885616862988221 27.26709138
20 31034452 0.357112771683891 27.3110102
20 31069095 1.26480096989291 27.3548267
20 31134096 0.674089629390317 27.3986432
20 31177589 1.00743797852528 27.4424597
20 31275812 0.449087280983069 27.48657038
20 31373420 0.45191685107778 27.53068106
20 31422941 0.805112982371115 27.5705511
20 31448781 1.54295665634675 27.61042114
20 31532284 0.477357699723363 27.65028197
20 31563770 1.19482944800864 27.68790241
20 31645940 0.456785931605209 27.72543646
20 31684103 1.01587925477557 27.76420546
20 31730282 0.839537452088612 27.80297445
20 31826712 0.402042932697293 27.84174345
20 31912365 0.452628629470071 27.88051244
20 32009781 0.385017861542252 27.91801938
20 32053510 0.873587321914519 27.95622049
20 32271969 0.174866222037087 27.9944216
20 32338521 0.570858877268902 28.03241343
20 32488580 0.255316242278037 28.07072594
20 32834984 0.110600628168266 28.10903845
20 32864375 1.25702085672485 28.14598357
20 32914615 0.742549761146497 28.18328926
20 32956533 0.889968509947994 28.22059495
20 32994167 0.991276505287772 28.25790064
20 33034938 0.915005763900812 28.29520632
20 33140149 0.408073300320309 28.33814016
20 33212005 0.595745657982632 28.38094802
20 33244101 1.33374563808574 28.42375587
20 33273352 1.46346791562682 28.46656372
20 33299368 1.64544511070111 28.50937157
20 33323766 1.71841544388884 28.55129745
20 33354454 1.36416188738269 28.59316081
20 33397022 0.983447660214245 28.63502416
20 33419546 1.8586130349849 28.67688752
20 33477656 0.720044742729306 28.71872931
20 33510711 1.4355921948268 28.76618281
20 33537716 1.75721162747639 28.81363632
20 33569466 1.49459842519685 28.86108983
20 33627475 0.811639573169681 28.90817219
20 33695767 0.689427751420371 28.95525455
20 33717400 2.17641566125826 29.00233691
20 33758109 1.15655997445282 29.04941927
20 33836807 0.598266792040459 29.09650163
20 33883574 1.00674407167447 29.143584
20 34035703 0.309489972326118 29.19066636
20 34066849 1.36829448404289 29.23328328
20 34096890 1.41883425984488 29.27590646
20 34145466 0.892352190382082 29.31925333
20 34228714 0.77778204881799 29.38400209
20 34251704 2.68499782514137 29.44573015
20 34300857 1.25583585945924 29.50745821
20 34329841 3.80834598399117 29.61783929
20 34354675 4.44479342836434 29.72822131
20 34372089 6.46772137360744 29.84085016
20 34401000 3.8957109750614 29.95347902
20 34437498 2.73101813798016 30.0531557
20 34460986 2.37486376021798 30.10893653
20 34559156 0.568206172965264 30.16471735
20 34650294 0.617493251991485 30.22099444
20 34710584 0.734451816221595 30.26527451
20 34725923 2.88676576047982 30.30955458
20 34759872 1.30374090547586 30.35381533
20 34800041 1.08905125843312 30.39756146
20 34884887 0.515594135256818 30.4413076
20 34910904 1.68144290271745 30.48505373
20 34965270 0.804659161976235 30.52879986
20 35087221 0.358718665693598 30.572546
20 35154256 0.652585962556873 30.61629213
20 35197328 1.01565053863299 30.66003827
20 35233378 1.21348404993065 30.7037844
20 35318913 0.537860524931315 30.7497903
20 35463200 0.318849931040218 30.7957962
20 35495372 1.42999813502424 30.8418021
20 35540903 1.04084250291011 30.88919268
20 35578136 1.45283216501491 30.94328599
20 35621776 1.2395348304308 30.9973793
20 35666579 1.20735888221771 31.05147261
20 35702462 1.50749101245715 31.10556592
20 35757652 0.925401340822613 31.15663878
20 35895639 0.380071311065535 31.20908373
20 35924145 1.83978460674946 31.26152868
20 35956386 1.62665239911913 31.31397362
20 36050725 0.555794528243886 31.36640671
20 36079997 1.79640953812517 31.41899122
20 36135896 0.940705558238967 31.47157574
20 36224277 0.594714927416526 31.52413723
20 36274138 1.05416056637452 31.57669872
20 36294627 2.56535214017278 31.62926021
20 36319426 2.11950078632203 31.6818217
20 36347598 3.4743326707369 31.77970057
20 36433099 1.19217553011076 31.8816328
20 36496636 1.81277680721469 31.99681117
20 36544539 2.40607477611006 32.11206937
20 36553740 3.62322573633301 32.14540671
20 36572678 1.72381455275108 32.17805236
20 36596742 1.38077626329787 32.21127941
20 36657679 0.545268063737959 32.24450646
20 36694184 0.910204081632653 32.27773351
20 36739131 0.769027966271386 32.31229903
20 36817457 0.44130301560146 32.34686456
20 36894673 0.69956874222959 32.4008825
20 36934725 1.34869419754319 32.45490044
20 37042603 0.417766365709412 32.49996821
20 37095644 0.619241718670463 32.53281343
20 37149353 0.63336126161351 32.5668306
20 37213229 0.504835932118479 32.59907746
20 37240282 1.19198979780431 32.63132433
20 37273408 0.973461933224657 32.6635712
20 37309348 0.897242626599889 32.69581807
20 37350898 0.742469314079423 32.72666771
20 37388845 0.812965451814373 32.75751735
20 37416706 1.11002835504828 32.78844384
20 37443444 1.15664971202035 32.81937033
20 37473672 1.02304816726214 32.85029506
20 37529317 0.556567526282685 32.88126526
20 37571995 0.726163362856741 32.91225649
20 37605919 1.31094210588374 32.9567289
20 37694264 0.506084102099723 33.0014389
20 37749758 0.795471582513425 33.04558281
20 37811427 0.729317809596394 33.09055916
20 37887781 0.624838253398643 33.13826807
20 37911470 1.96758833213728 33.18487831
20 38031579 0.367345494509154 33.22899977
20 38081056 0.891757786446228 33.27312123
20 38164731 0.527296086047206 33.3172427
20 38195707 1.42437693698347 33.36136416
20 38225115 1.2274109085963 33.39745985
20 38257220 1.22689300731973 33.43684929
20 38362221 0.35722421691222 33.47435815
20 38394740 1.14815646237584 33.51169501
20 38418606 0.972186373921059 33.5348972
20 38452484 0.624411122262235 33.55605102
20 38543545 0.24172038523627 33.57806232
20 38571692 0.782012292606672 33.60007363
20 38639822 0.323077939233818 33.62208493
20 38726137 0.257885651393153 33.64434437
20 38758576 0.684984124048214 33.66656458
20 38780303 1.02502416348322 33.68883524
20 38857092 0.290024612900285 33.7111059
20 38885278 0.790310792592067 33.73338158
20 38924637 0.56596204171854 33.75565727
20 38982400 0.385639596281357 33.77793296
20 39010430 1.00941134498751 33.80622678
20 39036375 1.09142031219888 33.83454372
20 39062828 1.01309492307111 33.86134313
20 39156916 0.287732760819658 33.88841537
20 39181409 0.89357367411097 33.91030165
20 39204868 1.18289355897523 33.9380511
20 39238537 0.926671418812558 33.96925122
20 39287657 0.639678338762215 34.00067222
20 39311943 1.26927447912378 34.03149786
20 39383171 0.385102768574156 34.058928
20 39445232 0.439910732988511 34.0862293
20 39469722 1.11841159657003 34.11361916
20 39498641 0.947124727687679 34.14100902
20 39537989 0.694873945308529 34.16835096
20 39586579 0.576703025313851 34.19637291
20 39619846 0.717314455766976 34.22023578
20 39652634 0.72779370501403 34.24409866
20 39687381 0.846254352893775 34.27350343
20 39722083 0.878367241081206 34.30398448
20 39748050 1.21656333038087 34.33557495
20 39810772 0.482261407480629 34.3658233
20 39838584 1.08760247375234 34.39607166
20 39863071 1.23528402825989 34.42632002
20 39887763 1.12624331767374 34.45412921
20 39910970 1.24394794674021 34.48299751
20 39965197 0.571431205856861 34.5139845
20 39996191 1.0942375943731 34.54789933
20 40029474 1.39446263858426 34.59431118
20 40060386 1.49973796583851 34.64067106
20 40105543 1.02689505503023 34.68704251
20 40261584 0.303599054094757 34.73441644
20 40289542 1.88309964947421 34.78706411
20 40341630 0.982422054983873 34.83823654
20 40394766 0.97367509786209 34.88997372
20 40439619 0.981223106592647 34.93398456
20 40549277 0.401346003027595 34.9779954
20 40623091 0.600676023518574 35.02233368
20 40684807 0.718424719683712 35.06667195
20 40755960 0.623140275181651 35.11101023
20 40788482 1.35859110755796 35.15519433
20 40809757 1.37606580493537 35.18447014
20 40836864 0.973014350536762 35.21084565
20 40914113 0.353466064285622 35.23815055
20 40940374 0.987925059974868 35.26409441
20 40970720 0.936752784551506 35.29252112
20 40996969 1.10950512400472 35.32164451
20 41025188 0.714447712534108 35.34180549
20 41050966 1.07453642641012 35.36950486
20 41070075 1.57802082788215 35.39965929
20 41104184 0.884059925532851 35.42981371
20 41147570 0.657938044530494 35.45835902
20 41185658 0.679649758454106 35.4842455
20 41277836 0.239538718566252 35.50632574
20 41314208 0.607893434510063 35.52843609
20 41357395 0.601484242943478 35.55441244
20 41393456 0.732087296525332 35.58081223
20 41419243 1.04390972195292 35.60773152
20 41465643 0.559997844827586 35.6337154
20 41517311 0.502901215452504 35.65969927
20 41537439 1.28867249602544 35.68563768
20 41594592 0.453841443143842 35.71157609
20 41648089 0.484857094790362 35.73751449
20 41684531 0.711772131057571 35.7634529
20 41718842 0.745953192853604 35.78904732
20 41796368 0.330139566081057 35.81464174
20 41818553 1.15368041469461 35.84023616
20 41853874 0.724622745675377 35.86583057
20 41875712 1.07319809506365 35.88926707
20 41924869 0.565410826535387 35.917061
20 42113227 0.147558903789592 35.94485493
20 42133960 1.34056335310857 35.97264887
20 42210977 0.360880065440098 36.0004428
20 42286958 0.398618075571524 36.03073023
20 42331127 0.700224139102085 36.06165843
20 42485563 0.227158823072341 36.09673994
20 42543356 0.607019881300504 36.13182145
20 42718092 0.20127850013735 36.16699208
20 42743205 1.40049376816788 36.20216271
20 42774516 1.12326658362876 36.23733334
20 42807308 1.10362283483777 36.27352333
20 42876970 0.495361890270162 36.30803127
20 42942535 0.526315869747579 36.34253921
20 43133525 0.18352479187392 36.37759066
20 43159533 1.43664641648723 36.41495496
20 43185447 1.62683105657174 36.45711263
20 43249278 0.661501464805502 36.49933691
20 43279232 1.29937570942111 36.53825839
20 43317334 1.02150805731983 36.57717986
20 43344984 1.40764918625678 36.61610134
20 43447120 0.381075233022636 36.65502282
20 43483605 1.06678086885021 36.69394429
20 43505660 1.82299705282249 36.73415048
20 43528129 1.79352886198763 36.77444925
20 43561729 1.19936904761905 36.81474803
20 43644514 0.502443679410521 36.85634286
20 43750029 0.394207458655168 36.8979377
20 44003408 0.164160407926466 36.93953253
20 44026070 1.8354425911217 36.98112736
20 44172420 0.284214554151008 37.0227222
20 44217164 0.92961737886644 37.06431703
20 44280089 0.661021851410409 37.10591187
20 44363909 0.49623956096397 37.1475067
20 44396820 1.31238795539485 37.19069867
20 44442095 0.953992269464384 37.23389064
20 44461886 2.18240614420696 37.27708261
20 44480511 2.31903355704698 37.32027457
20 44527519 0.918822328114363 37.36346654
20 44673055 0.296778803869833 37.40665851
20 44840167 0.258588252190148 37.44987168
20 44870572 1.42125308337445 37.49308484
20 44894518 1.32882318550071 37.52490483
20 44920311 1.69394797037956 37.56859684
20 44961873 1.05124873682691 37.61228885
20 45022442 0.721359111096436 37.65598085
20 45053767 0.885331205107741 37.6837139
20 45076553 1.49040200122882 37.71767421
20 45148021 0.546250069961381 37.75671362
20 45269875 0.320378485728823 37.79575304
20 45326625 0.609582378854626 37.83034681
20 45372628 0.751990087602982 37.86494058
20 45608871 0.146433121827948 37.89953435
20 45641953 1.04569856719666 37.93412812
20 45677327 0.98023972409114 37.96880309
20 45726823 0.700371747211896 38.00346866
20 45766550 0.880026178669419 38.03842947
20 45806676 0.871275482230972 38.07339028
20 45872413 0.531828346289 38.1083511
20 45922379 0.699691790417484 38.14331191
20 45948384 1.34438761776581 38.17827272
20 45971800 1.39611376836351 38.21096409
20 46012686 0.799574426454043 38.24365546
20 46043225 1.08575591866138 38.27681333
20 46058057 1.79095873786408 38.30337687
20 46124910 0.413700207918867 38.331034
20 46155543 0.902272059543629 38.35867334
20 46185509 0.928292064339585 38.38649056
20 46246955 0.452709696318719 38.41430779
20 46271539 1.13151643345265 38.44212501
20 46321104 0.663143347119944 38.47499374
20 46379622 0.561685293413992 38.50786247
20 46474260 0.347309748726727 38.5407312
20 46529212 0.667577158247198 38.57741593
20 46572881 0.840062744738831 38.61410066
20 46682985 0.336131294049263 38.65111007
20 46709053 1.37503452508823 38.68695449
20 46757862 0.839386178778504 38.72792407
20 46782879 1.73741056081864 38.77138884
20 46805467 1.47552240127501 38.80471794
20 46840493 0.951553131959116 38.83804703
20 46870655 1.10500298388701 38.87137613
20 46912182 0.802588677246129 38.90470522
20 46964318 0.639272287862513 38.93803432
20 47027027 0.605943325519463 38.97603238
20 47066817 0.954966071877356 39.01403044
20 47139491 0.522322976580345 39.05198972
20 47196829 0.662480379503994 39.08997498
20 47380195 0.211119291471701 39.12868706
20 47413203 1.17280962190984 39.16739914
20 47459263 0.840471124620061 39.20611122
20 47508977 0.776785211409261 39.24472835
20 47537050 1.37559576817583 39.28334548
20 47630656 0.4146732047091 39.32216137
20 47666958 1.0775880116798 39.36127997
20 47716227 0.793979987416022 39.40039857
20 47779230 0.6209005920353 39.43951717
20 47804819 1.52872718746336 39.47863578
20 47857745 0.72397498393984 39.51695286
20 47885223 1.3944646626392 39.55526993
20 47899985 2.59565776994987 39.59358701
20 47927239 1.40573493799075 39.63189894
20 47968070 0.938304229629448 39.67021087
20 48077350 0.350584736456808 39.70852281
20 48124253 0.798499029912799 39.74597479
20 48156047 1.18439328175127 39.7836314
20 48250172 0.400177423638778 39.82129811
20 48300532 0.870216441620334 39.86512223
20 48405434 0.417762292425311 39.90894635
20 48467502 0.782623896371721 39.95752221
20 48593010 0.390026133792268 40.00647363
20 48686819 0.644126896140029 40.06689855
20 48709704 2.20138518680358 40.11727723
20 48758899 1.29601382254294 40.18103465
20 48841293 0.773811199844649 40.24479208
20 48874579 1.22736886378658 40.28564628
20 48917496 0.998720786634667 40.32850835
20 48966868 0.80619379405331 40.36831172
20 48991071 1.83915217121844 40.41282475
20 49048351 0.800862430167598 40.45869813
20 49086881 1.19058915131067 40.5045715
20 49126340 1.39629235408905 40.5596678
20 49187609 0.899252476782712 40.6147641
20 49275867 0.624264089374334 40.6698604
20 49360804 0.687077480956474 40.72821868
20 49388599 2.09959704982911 40.78657696
20 49542661 0.378797497111552 40.84493524
20 49613090 0.828611793437362 40.90329352
20 49691751 0.634080421047279 40.95317096
20 49729851 1.34363517060367 41.00436344
20 49779059 1.16101040481223 41.06149448
20 49835777 1.00728163898586 41.11862553
20 49918452 0.691031146053825 41.17575658
20 49961122 1.78976564330912 41.25212583
20 50003225 2.68473742963684 41.3651613
20 50045273 2.80658533105023 41.48317261
20 50081360 2.47815833956827 41.57260193
20 50113331 1.57573738700698 41.62297987
20 50178012 0.544639074844235 41.65820771
20 50257114 0.44714925033501 41.69357807
20 50317446 0.669430816150633 41.73396617
20 50353613 1.11154643736002 41.77416747
20 50519284 0.242616993921688 41.8143621
20 50585802 0.608355633061728 41.85482873
20 50628579 0.945989667344601 41.89529535
20 50703238 0.552864356608045 41.93657168
20 50737703 1.7264790367039 41.99607476
20 50794831 1.00687753815992 42.05359562
20 50844176 1.16407133448171 42.1110367
20 50879180 1.78968974974289 42.17368298
20 50908612 2.12714732264202 42.23628914
20 50953384 0.831834628785848 42.27353209
20 50983274 1.35754767480763 42.31410916
20 51027989 0.907460583696746 42.35468624
20 51052260 1.25922706110173 42.3852489
20 51084272 0.912954517056104 42.41447439
20 51114959 1.71300876592694 42.46704147
20 51156345 1.27016623979123 42.51960855
20 51257460 0.569733471789547 42.57721716
20 51337764 0.746800906555091 42.63718828
20 51392649 1.28825908718229 42.70789437
20 51423702 2.0043506263485 42.7701355
20 51454715 2.15362589881663 42.83692592
20 51480615 2.57877992277992 42.90371635
20 51512970 2.06429918096121 42.97050677
20 51589878 0.868445415301399 43.0372972
20 51628415 1.33438513636246 43.08872037
20 51675907 1.08422471153036 43.14021241
20 51730591 0.94977507131885 43.1921499
20 51760342 1.74573963900373 43.2440874
20 51788541 1.8418206319373 43.29602489
20 51813752 2.06011264924041 43.34796238
20 51883691 0.681478145240853 43.39562428
20 51912959 2.10587672543392 43.4572591
20 51954165 1.48924185798185 43.51862485
20 52066869 0.543033965076661 43.5798269
20 52125534 1.04324725134237 43.64102895
20 52212800 0.701546994247473 43.70225015
20 52340178 0.505342366813735 43.76661964
20 52471085 0.491714728776918 43.83098859
20 52611291 0.464798938704478 43.89615615
20 52674408 1.03248886987658 43.9613237
20 52711255 1.59696583168236 44.02016712
20 52750347 1.5910723421672 44.08236527
20 52835591 0.729420252451785 44.14454398
20 52906490 0.682614705426029 44.19294068
20 52939536 1.22469890455728 44.2334121
20 52973107 1.06599148074231 44.26919851
20 53024269 0.871506196004847 44.31378648
20 53064668 0.993925592217629 44.35394012
20 53182690 0.282246530307909 44.38725139
20 53226862 0.871395906909354 44.42574267
20 53256958 1.27895069112174 44.46423394
20 53288210 1.23164277486241 44.50272522
20 53347823 0.505835975374499 44.5328796
20 53373206 1.18797620454635 44.56303399
20 53405386 0.93705407085146 44.59318837
20 53415952 2.85497823206511 44.62335405
20 53443504 0.858623693379791 44.64701082
20 53471719 1.19180932128301 44.68063768
20 53496761 1.34282006229534 44.71426455
20 53529981 1.14126128838049 44.75217726
20 53560212 1.25410009592802 44.79008996
20 53597155 1.14898356928241 44.83253689
20 53680094 0.511784564559496 44.87498382
20 53721563 1.49082447129181 44.93680679
20 53779182 1.20949339627553 45.00649656
20 53829477 1.62047519634158 45.08799839
20 53881002 1.68762348374575 45.17495321
20 53914892 3.27116848627914 45.28581314
20 53975731 1.84855931228324 45.39827767
20 54078002 1.0976268932542 45.51053304
20 54106919 1.52264066120275 45.55456328
20 54131794 1.50402412060302 45.59197587
20 54165589 1.29178280810771 45.63563167
20 54254931 0.487311678717736 45.67916902
20 54263107 5.32502446183953 45.72270638
20 54284016 2.08223253144579 45.76624374
20 54305318 1.97275373204394 45.80826733
20 54369266 0.657152686557828 45.85029092
20 54432910 0.660291622148199 45.89231451
20 54511104 0.532112438294498 45.93392252
20 54554943 0.949052213782249 45.97552803
20 54647513 0.559989197364157 46.02736623
20 54680870 1.55789789249633 46.07933306
20 54710400 1.74751439214358 46.13093716
20 54812945 0.540702130771856 46.18638342
20 54890244 0.717296472140649 46.24182968
20 55007949 0.46236353595854 46.29625217
20 55055902 1.13254228098346 46.35056098
20 55163805 0.534738607823694 46.40826089
20 55232425 1.06057417662489 46.48103751
20 55277748 1.8172186307173 46.56339934
20 55297841 4.60594734484646 46.65594667
20 55321171 3.71193741963138 46.74254618
20 55350754 2.92734002636649 46.82914569
20 55483079 0.654445494048744 46.9157452
20 55516873 2.56257027874771 47.00234471
20 55570952 0.866510105586272 47.04920469
20 55615423 1.22930673922331 47.10387323
20 55719888 0.523001962379744 47.15850866
20 55838178 0.462651111674698 47.21323563
20 55881979 1.26077943425949 47.26845904
20 55934702 1.28537260778029 47.33622769
20 55976430 1.70536330521472 47.40738912
20 56003536 2.6238581863794 47.47851142
20 56029786 2.31612571428571 47.53930973
20 56060352 1.41521298174442 47.5825671
20 56103271 1.15662061091824 47.63220809
20 56137781 1.4374645030426 47.68181497
20 56230799 0.532896858672515 47.73138396
20 56266819 1.69057745696835 47.79227857
20 56290809 2.53833263859942 47.85317317
20 56351587 1.00191845733654 47.91406778
20 56375408 2.07703287015658 47.96354478
20 56475737 0.493147544578337 48.01302179
20 56500028 2.03684492198757 48.0624988
20 56533258 1.50758651820644 48.11259589
20 56587020 0.931831033071686 48.16269297
20 56609977 2.15263318377837 48.21211094
20 56645809 2.0571165438714 48.28582153
20 56667750 4.09083451073333 48.37557855
20 56713859 1.94662647205535 48.46533557
20 56749304 2.16202849485118 48.5419687
20 56792004 2.12123419203747 48.63254537
20 56793531 59.3167648984938 48.72312203
20 56845243 1.75056273205446 48.81364717
20 56883514 2.22214470486792 48.89869089
20 56925714 2.01525355450237 48.98373461
20 56966594 1.87966242661448 49.06057525
20 57005325 1.47191913454339 49.11758415
20 57049911 1.01606782398062 49.1628866
20 57079239 1.54070853791598 49.20807246
20 57102871 2.01740013540961 49.2557477
20 57159153 0.855866884616751 49.30391761
20 57191708 1.21708186146521 49.34353968
20 57229510 1.08226019787313 49.38445127
20 57277558 0.853744172494172 49.42547201
20 57301095 1.87445298891108 49.46959096
20 57331859 1.44310557794825 49.51398664
20 57436634 0.423724170842281 49.55838231
20 57466172 1.50195341593879 49.60274699
20 57496619 1.33341872762505 49.64334558
20 57530351 1.5806474564212 49.69666401
20 57567031 1.45360959651036 49.74998243
20 57599039 1.63434453886528 49.80229455
20 57647506 1.02257618585842 49.85185576
20 57708830 0.768482160328746 49.89898215
20 57748397 0.873879748275078 49.93355898
20 57772687 1.42349938246192 49.96813581
20 57804168 1.10925320034306 50.00305623
20 57843945 0.943701133821052 50.04059386
20 57902166 0.731959258686728 50.0832093
20 57954912 0.773110757213817 50.12398778
20 57998777 0.90659295565941 50.16375546
20 58038676 0.990318053084037 50.20326812
20 58145385 0.366463934625945 50.24237307
20 58171888 1.46669056333245 50.28124482
20 58195760 1.62833863941019 50.32011657
20 58223587 1.40018327523628 50.35907947
20 58259660 1.0801125495523 50.39804238
20 58292483 1.10869512232276 50.4344331
20 58336239 0.815479020020112 50.47011519
20 58379906 0.817141090526027 50.50579727
20 58486035 0.37800035805482 50.54591407
20 58523306 1.07635427007593 50.58603086
20 58551899 1.40302871332144 50.62614766
20 58586804 1.14931385188368 50.66626446
20 58662803 0.625214805457967 50.71378013
20 58688893 1.89814105021081 50.76330265
20 58743415 0.805280437254686 50.80720816
20 58772092 1.53449802977996 50.85121298
20 58795440 1.88330049683056 50.8951843
20 58859456 0.73164208947763 50.94202113
20 58881657 2.24234043511554 50.99180338
20 58907301 1.94553891748557 51.04169475
20 58946230 1.26380847183334 51.09089354
20 58967596 1.97698212112702 51.13313376
20 59000145 1.31206488678608 51.17584015
20 59038858 1.0603466535789 51.21688932
20 59086224 0.832124308575772 51.25630372
20 59112350 1.57767740947715 51.29752213
20 59163861 0.800186367960242 51.33874054
20 59231608 0.608416608853529 51.37995895
20 59274036 0.971490525124918 51.42117736
20 59350245 0.540860003411671 51.46239577
20 59370672 1.99671513193323 51.50318271
20 59443482 0.56466694135421 51.5442961
20 59495159 0.802918126052209 51.58578853
20 59529006 1.22588117115254 51.62728096
20 59555625 1.55881888876367 51.66877513
20 59592160 1.3924784453264 51.71964931
20 59768633 0.307738294243312 51.77395681
20 59805970 1.46226263491978 51.82855327
20 59869085 0.865415511368138 51.88317401
20 59893295 2.25451466336225 51.93775578
20 59918158 1.60353939588947 51.97762458
20 60031735 0.460442695264006 52.02992027
20 60113609 0.792471358428805 52.09480302
20 60270348 0.443019924843211 52.16424156
20 60319134 1.42332841388923 52.23368009
20 60365668 1.48707826535436 52.30287983
20 60391422 2.8008620020191 52.37501326
20 60552112 0.459367104362437 52.448829
20 60609288 1.32179236043095 52.52440382
20 60645087 1.82191681331881 52.58962664
20 60700673 0.787111862699241 52.63337907
20 60732819 1.66065762458782 52.68676254
20 60762570 1.79434304729253 52.74014601
20 60812859 0.949406430829804 52.7878907
20 60839388 1.79971729051227 52.83563539
20 60864932 1.86911603507673 52.88338009
20 60925857 0.846104226508002 52.93492895
20 60962666 1.40044282648265 52.98647781
20 61062718 0.515221085035781 53.03802668
20 61220422 0.393245573986709 53.10004305
20 61244855 2.67401465231449 53.16537729
20 61277004 2.03223117359793 53.23071153
20 61310753 1.93588550771875 53.29604577
20 61340934 1.38489778337365 53.33784335
20 61384834 0.896480637813212 53.3771989
20 61444036 0.865389682780987 53.42843171
20 61473823 1.72711249874106 53.47987717
20 61516027 1.19729646479007 53.53040788
20 61558977 1.17650058207218 53.58093859
20 61610794 0.948430051913465 53.63008339
20 61647645 1.39369352256384 53.68144237
20 61670841 2.15422917744439 53.73141189
20 61708731 1.34593032462391 53.78240915
20 61736374 1.84471656477227 53.83340261
20 61769059 1.44160930090255 53.88052164
20 61810872 1.12689833305431 53.92764067
20 61840450 1.52339914801542 53.97269975
20 61874085 1.29337297458005 54.01620235
20 61907323 1.23049521631867 54.05710151
20 61939299 1.27905929447085 54.09800067
20 61971945 1.15503890216259 54.13570807
20 62006100 1.10595813204509 54.17348202
20 62044820 0.992107438016529 54.21189646
20 62087758 0.88908891890633 54.25007217
20 62141354 0.712862900216434 54.28827878
20 62182900 1.0088383959948 54.33019201
20 62224111 1.059416175293 54.37385156
20 62299626 0.563421836721181 54.41639835
20 62365196 0.757201464084185 54.46604807
20 62394644 1.68693969030155 54.51572507
20 62424711 1.64444407489939 54.56516858
20 62452020 1.81102200739683 54.61462573
20 62477409 1.94101382488479 54.66390608
20 62537740 0.773708375462034 54.71058472
20 62579695 1.12524132999642 54.75779425
20 62670672 0.518916869098783 54.80500378
20 62694788 1.9743199535578 54.85261647
20 62733437 1.2319257936816 54.90022916
20 62767767 1.51447422079814 54.9522211
20 62797813 1.43991213472675 54.99548466
20 62853912 0.857722954063352 55.04360207
20 62929336 0.637546404327535 55.09168839
20 62966157 1.2330735178295 55.13709143
20 63002899 1.18177018126395 55.18051198
20 63066825 0.679232237274349 55.22393253
20 63093179 1.97235334294604 55.27591198
20 63145232 0.997058767025916 55.32781185
20 63176000 1.6868142225689 55.37971172
20 63213809 1.43387288740776 55.43392502
20 63237466 2.34667117555058 55.48944018
20 63261240 2.33613190880794 55.54497941
20 63288579 1.87775339258934 55.59631532
20 63316525 1.64064982466185 55.64216494
20 63344041 1.6662887047536 55.68801455
20 63380694 1.25090988459335 55.73386417
20 63401179 2.22103002196729 55.779362
20 63455895 0.877565977045106 55.82737895
20 63491933 1.0640268605361 55.86572434
20 63521064 1.12483608526999 55.89849196
20 63583377 0.659010158393915 55.93955688
20 63620380 0.97690998027187 55.97570545
20 63652815 1.15047325420071 56.01302108
20 63676717 1.56119153208936 56.0503367
20 63713524 1.01381802374548 56.08765233
20 63746476 1.14169701383831 56.12527353
20 63786593 0.946700899867886 56.16325235
20 63807637 1.89410283216119 56.20311185
20 63858382 0.785486254803429 56.24297135
20 63882214 1.67147952332998 56.28280604
20 63914703 1.35219304995537 56.32673741
20 63961345 1.12768105998885 56.37933476
20 63987983 1.9745213604625 56.4319321
20 64016805 1.82490111720214 56.48452945
20 64047166 1.73968907479991 56.53734817
20 64062820 3.37413440654146 56.59016689
20 64101405 1.36972398600492 56.64301767
20 64141578 1.25561446742837 56.69345949
20 64204869 1.00663601459923 56.75717053
20 64277373 0.875730994152047 56.8206645
20 64297438 3.16441564914029 56.88415847
20 64322460 2.53752697626089 56.94765243
20 64346985 2.5889500509684 57.0111464
20 64371581 2.58147666287201 57.07464036
20 64452794 0.696808392745004 57.1312303
20 64483841 1.7365929075273 57.18514629
20 64522929 1.53905546459271 57.24530492
20 64632071 0.577917758516428 57.30838003
20 64653514 1.81055356060253 57.34720372
20 64675161 1.79349101492124 57.3860274
20 64745377 0.575373134328358 57.42642782
20 64766027 1.95643583535109 57.46682825
20 64807368 0.977247768559058 57.50722867
20 64835795 1.42013226861786 57.54759877
20 64866726 1.30516633797808 57.58796888
20 64949440 0.48806852527988 57.62833899
20 64983700 1.17834500875657 57.66870909
20 65045024 0.658308329528407 57.7090792
20 65104129 0.952122493866847 57.76535443
20 65154115 1.15882046973152 57.82327927
20 65179847 2.27800015544847 57.8818968
20 65253523 0.7997312557685 57.94081777
20 65282835 1.54414233078603 57.98607963
20 65321361 1.14198982505321 58.03007592
20 65351653 1.46044500198072 58.07431576
20 65374045 1.97569667738478 58.1185556
20 65411643 1.17665301345816 58.16279545
20 65444844 1.3391855666998 58.20725773
20 65468145 1.90817132311918 58.25172001
20 65520688 0.844070570770607 58.29607002
20 65545266 2.4103303767597 58.35531113
20 65566194 2.83071005351682 58.41455224
20 65598795 1.81624796785375 58.47376373
20 65622138 2.63623784432164 58.53530144
20 65656287 1.81122434039064 58.59715296
20 65699418 1.13272124458046 58.64600839
20 65741860 0.691864191131426 58.67537247
20 65789145 0.690787776250396 58.70803639
20 65840235 0.680863182618908 58.74282168
20 65880316 0.861804845188493 58.77736369
20 65955264 0.460879543149917 58.8119057
20 65988032 1.02772216796875 58.84558208
20 66082471 0.427661241648048 58.88597001
20 66112811 1.33117666446935 58.92635794
20 66224088 0.397260889491988 58.97056394
20 66253596 1.6284499118883 59.01861622
20 66299312 1.07934858692799 59.06795973
20 66360651 1.00344642071113 59.1295101
20 66396476 1.77191346824843 59.19298888
20 66432076 1.78962640449438 59.25669962
20 66468697 1.73973130171213 59.32041036
20 66507960 1.46053027022897 59.37775515
20 66534199 1.54674720835398 59.41834027
20 66577741 1.07461761058289 59.46513123
20 66601922 1.93031305570489 59.51180811
20 66641678 1.16544420967904 59.55814152
20 66807283 0.335857612994777 59.61376122
20 66895762 0.628620350591666 59.66938093
20 66921301 1.71907279063393 59.71328432
20 66942687 2.31513139437015 59.76279576
20 66972901 1.63869067319786 59.81230721
20 67025701 0.906539772727273 59.8601725
20 67065143 1.20582881192637 59.90773285
20 67116866 0.938261508419852 59.95626252
20 67153938 1.55195025895555 60.01379646
20 67328258 0.330047613584213 60.0713304
20 67356085 1.99706400258742 60.12690266
20 67381293 2.20757299270073 60.18255115
20 67405972 2.29974877426152 60.23930665
20 67443129 1.50420916650967 60.29519851
20 67471544 1.96698574696463 60.35109037
20 67521112 1.1275802937379 60.40698223
20 67563010 1.30689293045014 60.46173838
20 67654736 0.61959204587576 60.51857109
20 67683835 1.96024605656552 60.57561228
20 67706216 1.96352263080291 60.61955785
20 67734400 1.55816420664207 60.66347311
20 67763408 1.51390306122449 60.70738837
20 67782979 2.24389658167697 60.75130363
20 67846798 0.688122659396105 60.79521889
20 67929050 0.641834849000632 60.84801114
20 67952434 3.00195860417379 60.91820898
20 68014966 1.12259003390264 60.98840682
20 68060566 1.72347807017544 61.06699747
20 68094730 2.30039222573469 61.14558811
20 68139337 1.91447979016746 61.2309873
20 68163008 3.60815766127329 61.31639605
20 68265664 0.853891638092269 61.40405317
20 68292870 3.22197676983018 61.4917103
20 68323418 2.97869909650386 61.58270357
20 68371234 2.10536849590095 61.68337385
20 68394279 3.37064439140811 61.76105031
20 68432538 2.06231736323479 61.83995246
20 68466730 2.30986780533458 61.91893146
20 68543299 1.0316942888114 61.99792722
20 68575447 2.45725395047903 62.07692298
20 68640146 1.01351334641957 62.14249632
20 68678166 1.41880852183062 62.19643938
20 68708556 1.78073708456729 62.25055599
20 68742940 1.44738832014891 62.30032297
20 68768871 1.64881416065713 62.34307833
20 68795700 1.59379030153938 62.38583809
20 68827826 1.23294839071157 62.42544774
20 68883059 0.84404432132964 62.47206688
20 68908675 1.8199211430356 62.51868601
20 68934547 1.80191326530612 62.56530515
20 68963859 1.59044418668122 62.61192429
20 68990075 1.77826899603296 62.65854342
20 69026779 1.27013676983435 62.70516256
20 69097447 0.60606639497368 62.74799201
20 69150453 0.808012300494284 62.79082146
20 69174801 1.76162723837687 62.83371359
20 69201824 1.58724419938571 62.87660571
20 69233216 1.69845183486239 62.92992347
20 69288227 0.969220701314283 62.98324123
20 69317277 1.83538037865749 63.03655899
20 69362976 1.16671699599554 63.08987674
20 69386176 2.17156465517241 63.14025703
20 69412384 1.92232524420024 63.19063731
20 69445770 1.51887318037501 63.24134644
20 69473096 1.85570884871551 63.29205557
20 69496499 1.65930436268854 63.33088829
20 69518506 1.67344026900532 63.36771566
20 69548641 1.2220806371329 63.40454303
20 69583955 1.04285552472107 63.44137041
20 69607011 1.59730222068008 63.47819778
20 69627639 2.09405662206709 63.52139398
20 69720352 0.465913086622157 63.56459019
20 69747885 1.47690407874187 63.60525381
20 69769960 1.84206568516421 63.64591743
20 69806006 1.12810297952616 63.68658105
20 69828381 1.81736759776536 63.72724467
20 69878154 0.828396922025998 63.76847642
20 69915377 1.00915831609489 63.8060403
20 69954283 0.971210096129132 63.8438262
20 69997598 0.865808611335565 63.88132871
20 70084541 0.435724555168329 63.91921187
20 70108587 1.57544705980205 63.95709503
20 70152336 0.863841459233354 63.99488725
20 70189480 1.01745100150765 64.03267946
20 70241778 0.854139737657272 64.07734931
20 70264535 1.9855209386123 64.12253378
20 70296851 1.39820831786112 64.16771826
20 70354195 1.02630266462054 64.22657059
20 70391925 1.52550225284919 64.28412776
20 70415421 2.44965951651345 64.34168493
20 70496746 0.705719028588995 64.39907758
20 70521195 2.26390854431674 64.45442788
20 70551758 2.18920590256192 64.52133662
20 70582567 2.17172579441072 64.58824536
20 70614282 1.50849440327921 64.6360873
20 70667818 0.892111849970114 64.68384736
20 70694677 1.77817863658364 64.73160743
20 70720844 1.95081591317308 64.78265442
20 70839970 0.428512667259876 64.8337014
20 70902193 0.820387959436221 64.88474839
20 70948562 1.0458841036037 64.93324499
20 70975538 1.78496070581257 64.98139614
20 70997794 2.16759974838246 65.02963823
20 71025492 1.74171781356055 65.07788032
20 71053477 1.31504377345006 65.11468183
20 71124183 0.520486238791616 65.15148334
20 71153153 1.18341042457715 65.1857667
20 71177834 1.06732304201613 65.21210926
20 71313672 0.0745306909701262 65.22223337
20 71377848 0.0506958987783595 65.22548683
20 71410943 0.0983066928539054 65.22874029
20 71448297 0.0870980350163302 65.23199376
20 71502380 0.00723857774161936 65.23238524
20 71536477 0 65.23238524
20 71619188 0 65.23238524
20 71677629 0 65.23238524
