Chromosome Position(bp) Rate(cM/Mb) Map(cM)
11 122657 0 0
11 159352 0.0437144025071536 0.001604099
11 199474 0.0993903594038184 0.005591842
11 237780 0.144366939904976 0.01112196
11 265663 0.212790947889395 0.017055206
11 300485 0.225558842111309 0.024909619
11 332384 0.395645631524499 0.037530356
11 365695 0.380033622527093 0.050189688
11 387685 0.67674852205548 0.065071382
11 491137 0.148110234698218 0.080393648
11 671455 0.120134983750929 0.102056101
11 709326 0.577058963322859 NA
11 743177 0.868798558388231 0.153319616
11 783187 0.735058735316171 0.182729356
11 818745 0.85974183024917 0.213300009
11 840272 1.65368142332884 0.248898836
11 897007 0.634343879439499 0.28488833
11 943558 0.77919056518657 0.321160451
11 1022700 0.458316696570721 0.357432571
11 1079356 0.830545749788195 0.404487937
11 1108647 1.60066573350176 0.451373076
11 1129271 1.61997187742436 0.484783359
11 1164276 1.18167404656478 0.526147872
11 1186334 1.87526067639859 0.567512386
11 1244479 0.840187462378536 0.616365043
11 1283185 1.25774040200486 0.665047177
11 1313643 1.59225819160812 0.713544172
11 1340346 1.83241957832453 0.762475224
11 1371301 1.34688741721854 0.804168127
11 1391662 1.99885074406954 0.844866727
11 1415181 2.03731025978996 0.892782233
11 1447036 1.8582828441375 0.951977834
11 1469542 2.68399982226962 1.012383937
11 1527700 1.06884693421369 1.074545913
11 1552062 2.57257203842049 1.137218879
11 1582315 2.07162925990811 1.199891846
11 1622421 1.5626838876976 1.262564813
11 1692581 1.01103477765108 1.333499027
11 1729993 1.71884422110553 1.397804446
11 1729993 Inf 1.445489039
11 1760610 1.84308064147369 1.501918617
11 1833938 0.80418121317914 1.560887647
11 1861245 2.0604277291537 1.617151786
11 1891910 1.83924995923692 1.673552343
11 1928291 1.55130150353206 1.729990289
11 1946915 3.16222079037801 1.788883445
11 1989902 1.18823365203434 1.839962073
11 2025372 1.4617930645616 1.891811854
11 2054152 1.88297081306463 1.946003712
11 2091173 1.1532292482645 1.988697392
11 2101874 4.3430613961312 2.035172514
11 2143332 1.1185102995803 2.081543699
11 2173361 1.66188684271871 2.13144849
11 2199833 1.8851919008764 2.181353281
11 2227925 1.93774384166311 2.235788332
11 2259857 1.70471940373293 2.290223382
11 2292247 1.6798857672121 2.34463485
11 2320706 1.91192592852876 2.399046317
11 2359238 1.40646475656597 2.453240248
11 2382261 2.45563566867915 2.509776303
11 2403508 2.31673177389749 2.558999899
11 2490183 0.567910008653014 2.608223496
11 2576685 0.586871979838616 2.658989049
11 2615654 1.30271754471503 2.709754602
11 2635883 2.50954570171536 2.760520155
11 2669610 2.14782221958668 2.832959764
11 2690165 3.84924835806373 2.912081104
11 2723971 2.34045139915991 2.991202444
11 2779224 1.4354207011384 3.070513757
11 2799685 3.86874541811251 3.149672116
11 2831387 2.49695287363573 3.228830474
11 2853274 9.4460273221547 3.435575632
11 2884493 1.29488132227169 3.47600054
11 2909967 1.66852477035409 3.518504531
11 2944607 1.2270207852194 3.561008522
11 3014726 0.606169511829889 3.603512514
11 3048066 1.2748650269946 3.646016505
11 3075331 1.68683660370438 3.692008092
11 3138408 0.731092157204686 3.738123157
11 3171417 1.16872368142022 3.776701542
11 3224077 0.783921382453475 3.817982814
11 3246454 1.99440496938821 3.862611661
11 3269560 1.91857093395655 3.906942154
11 3336733 0.659945216083843 3.951272648
11 3378187 1.06302648719062 3.995339321
11 3403758 1.73232959211607 4.039636693
11 3442414 1.00157543460265 4.078353561
11 3483025 1.43310186895176 4.13655322
11 3508985 1.57620570107858 4.177471568
11 3588915 0.613459276867259 4.226505396
11 3610640 2.25702186421174 4.275539225
11 3649393 1.6742574768405 4.340421733
11 3686030 1.76707699866255 4.405162109
11 3715425 2.31779894539888 4.473293858
11 3744831 2.31693191865606 4.541425606
11 3767245 2.86130989560096 4.605559004
11 3796607 2.21616715482597 4.670630092
11 3834575 1.64402654867257 4.733050534
11 3876104 1.8763081220352 4.810971721
11 3935679 1.31019555182543 4.889026635
11 4001011 1.0441330435315 4.957241913
11 4044668 1.56252834596972 5.025457191
11 4130467 0.740430541148498 5.088985363
11 4156192 2.73779980563654 5.159415306
11 4178858 3.10729286155475 5.22984525
11 4403990 0.312838246006787 5.300275194
11 4449404 1.74790813405558 5.379654655
11 4496298 1.69274320808632 5.459034115
11 4555835 1.33328014511984 5.538413576
11 4573244 4.55968177379516 5.617793036
11 4643628 1.43015884291885 5.718453365
11 4730407 1.23943926526003 5.826010675
11 4764132 1.36280207561156 5.871971126
11 4794328 1.47094979467479 5.916387907
11 4832808 1.14744542619543 5.960541622
11 4858124 1.54430399747195 5.999637245
11 4881133 1.69914381329045 6.038732869
11 4908155 1.46334098142254 6.078275243
11 4950432 0.908245618184829 6.116673128
11 4975389 1.6439435829627 6.157701009
11 4996418 1.95307432593086 6.198772198
11 5038925 0.847495706589503 6.234796711
11 5067539 1.25898161739009 6.270821224
11 5089726 1.69331139856673 6.308390746
11 5124115 1.07971735147867 6.345521114
11 5157964 1.0969423025791 6.382651482
11 5180952 1.61282843222551 6.419727172
11 5238236 0.647226101529223 6.456802861
11 5280592 0.87533525356502 6.49387855
11 5308860 1.2984965331824 6.530584406
11 5318049 3.99454782892589 6.567290262
11 5341289 1.67708691910499 6.606265781
11 5405552 0.606196411620995 6.645221811
11 5444893 0.921171297120053 6.68146163
11 5493772 0.739360461547904 6.717600858
11 5517891 1.49837057921141 6.753740086
11 5570448 0.68761915634454 6.789879314
11 5596358 1.51197993052875 6.829054746
11 5624323 1.53936349007688 6.872103054
11 5660221 1.1915844893866 6.914878525
11 5736454 0.561115265042698 6.957653996
11 5791339 0.974632413227658 7.011146696
11 5821776 1.75748924006965 7.064639397
11 5842433 2.51151183618144 7.116519719
11 5873934 1.64694136694073 7.168400042
11 5899228 2.0510911678659 7.220280365
11 5933786 1.38789860524336 7.268243368
11 5968520 1.36930385213336 7.315804774
11 6045318 0.619305190239329 7.36336618
11 6115951 0.672468959268331 7.410864692
11 6136933 1.95713945286436 7.451929396
11 6192173 0.822842143374366 7.497383215
11 6217716 1.77950123321458 7.542837033
11 6290438 0.676007260526388 7.591997584
11 6312650 2.21324509274266 7.641158134
11 6353928 1.18105770628422 7.689909864
11 6390618 1.32874625238485 7.738661594
11 6425053 1.41576012777697 7.787413324
11 6477854 0.946044582488968 7.837365449
11 6515875 1.28455064306567 7.886205331
11 6543030 1.79856011784202 7.935045212
11 6590132 1.03332979491317 7.983717116
11 6616229 1.82583821895237 8.031366003
11 6636942 2.3121228214165 8.079257031
11 6670300 1.43566760597158 8.127148059
11 6693294 2.22209271983996 8.178242864
11 6729148 1.2924248340492 8.224581436
11 6776731 1.07860370300317 8.275904679
11 6842315 0.785543730178092 8.327423822
11 6876724 1.54357290243832 8.380536594
11 6913554 1.43840890578333 8.433513212
11 7014610 0.539359365104496 8.488018723
11 7059583 1.21196050963912 8.542524233
11 7130154 0.769310339941336 8.596815192
11 7202346 0.734395777925532 8.64983268
11 7226332 2.21035187192529 8.702850169
11 7257740 1.68717524197657 8.755841004
11 7287920 1.99057654075547 8.81591657
11 7308948 2.85693361232642 8.875992136
11 7333551 2.51251879852051 8.937807666
11 7356975 2.63639429644809 8.999562566
11 7394112 1.66289414869268 9.061317465
11 7417300 2.66322666896671 9.123072365
11 7444969 2.23191658534822 9.184827264
11 7470768 2.9014225357572 9.259681046
11 7493053 3.35893201705183 9.334534828
11 7519936 3.19209165643715 9.420347825
11 7550642 2.79466553767993 9.506160822
11 7569713 3.73975145508888 9.577481587
11 7595786 2.74411843669697 9.649028983
11 7635350 2.09240976645435 9.731813062
11 7707184 1.1524361722861 9.81459714
11 7795378 0.938659092455269 9.897381219
11 7821953 3.11511194731891 9.980165297
11 7862006 2.06686390532544 10.06294938
11 7907641 1.83024213870932 10.14647244
11 7988627 1.21799446817969 10.2451129
11 8016015 3.44707901270629 10.33952152
11 8049485 2.71987152674036 10.43055564
11 8158686 0.759702749974817 10.51351594
11 8194895 2.58459222845149 10.60710147
11 8229778 2.68283977868876 10.70068699
11 8293596 1.37051145444859 10.7881503
11 8409065 0.737687171448614 10.87333032
11 8432838 3.51845370798805 10.95697448
11 8462700 2.80102471368294 11.04061864
11 8496021 2.51025479427388 11.1242628
11 8559109 1.34373573421253 11.20903639
11 8580745 3.85812534664448 11.29251083
11 8604987 3.4433173830542 11.37598378
11 8628565 2.92550682839936 11.44496139
11 8726457 1.01815878723491 11.54463104
11 8776884 1.97582644218375 11.64426607
11 8849774 1.35232542186857 11.74283711
11 8928139 1.25784470107829 11.84140815
11 8950166 2.73137513052163 11.90157218
11 8972907 4.02271667912581 11.99305283
11 9031832 1.55249215103946 12.08453348
11 9057906 3.0693756232262 12.16456433
11 9101533 1.83443509753135 12.24459519
11 9145897 1.80396041835723 12.32462605
11 9173346 2.91485664322926 12.40463591
11 9212734 2.03086473037473 12.48462759
11 9242958 2.89689319745897 12.57218333
11 9303545 1.44512354135376 12.65973906
11 9345296 2.09709228521473 12.7472948
11 9378679 2.62276308300632 12.83485053
11 9400474 2.24283551273228 12.88373309
11 9436607 1.32138211607118 12.9314786
11 9465969 1.60019072270281 12.97846339
11 9489683 1.9045036687189 13.0236268
11 9537410 0.938361933496763 13.06841202
11 9566673 1.66343163722106 13.11708899
11 9647038 0.605698998320164 13.16576596
11 9686998 1.21814314314314 13.21444293
11 9707261 2.40475250456497 13.26317043
11 9743288 1.36381880256474 13.31230476
11 9775693 1.51625675050147 13.36143908
11 9809096 1.46796694907643 13.41047356
11 9870777 0.794336991942413 13.45946907
11 9903154 1.62584550761343 13.51210905
11 9924302 3.15901267259315 13.57891583
11 10060004 0.515759531915521 13.64890545
11 10104936 1.55767826938485 13.71889506
11 10133533 2.51114452564954 13.79070628
11 10211360 0.922702918010459 13.8625175
11 10287016 0.937391614676959 13.93343681
11 10334522 1.50003788995074 14.00469763
11 10379831 1.57277362113487 14.07595845
11 10425223 1.56076621431089 14.14680477
11 10452880 2.56160465704885 14.2176511
11 10498811 1.35774095926498 14.28001349
11 10527229 2.35857906960377 14.3470396
11 10573573 1.44627351976523 14.41406571
11 10581290 8.78352986912012 14.48184821
11 10647533 1.02094862853434 14.54947892
11 10660514 4.19016254525846 14.60387145
11 10681151 2.7107573775258 14.65981337
11 10739590 0.988141480860384 14.71755937
11 10774736 1.64306606726228 14.77530653
11 10798042 2.52137217883807 14.83406958
11 10894581 0.636851427920322 14.89555057
11 10918582 2.77068038831715 14.96204965
11 10958385 1.66272642765621 15.02823112
11 10998286 1.38750657878249 15.08359406
11 11021785 2.3519000808545 15.13886135
11 11054313 1.69906849483522 15.19412864
11 11086531 1.66843379477311 15.24788225
11 11128883 1.26980544012089 15.30166104
11 11221986 0.468991332180488 15.34532559
11 11267170 0.974207684135977 15.38934414
11 11315109 0.901760570725297 15.43257367
11 11369159 0.721846438482886 15.47158943
11 11392131 1.77285826223228 15.51231558
11 11412114 1.93107641495271 15.5509043
11 11497356 0.461155299030994 15.59021415
11 11547855 0.780195647438563 15.62961323
11 11620452 0.542709753846578 15.66901231
11 11670499 0.786346833976063 15.70836662
11 11723484 0.757286024346513 15.74849144
11 11762363 1.03204300522133 15.78861626
11 11811943 0.82818273497378 15.8296776
11 11937048 0.328214699652292 15.87073895
11 11962826 1.60298316393824 15.91206065
11 12001967 1.10300452211236 15.95523332
11 12096347 0.46237974147065 15.99887275
11 12178068 0.546669766645048 16.04354714
11 12209379 1.42679569480374 16.08822153
11 12274257 0.504496131200099 16.12095228
11 12294838 1.48329041348817 16.15147987
11 12371073 0.409775037712337 16.18271906
11 12396746 1.39435204300238 16.21851625
11 12422349 1.57927586610944 16.25895045
11 12451246 1.39925251756238 16.29938465
11 12484888 1.20189643897509 16.33981885
11 12519798 1.1422056717273 16.3796933
11 12543557 1.67828612315333 16.41956775
11 12565643 1.72846599655891 16.4577427
11 12601393 1.14326713286713 16.49861449
11 12672799 0.603690166092485 16.54172161
11 12721732 0.882267590378681 16.58489361
11 12765371 1.05001260340521 16.63071516
11 12794891 1.55221883468835 16.6765367
11 12860734 0.695920599000653 16.72235825
11 12882489 1.78120432084578 16.76110832
11 12952122 0.617419901483492 16.80410116
11 12975419 1.9255955702451 16.84896178
11 13041787 0.761339802314368 16.89949037
11 13055521 3.63283093053735 16.94938365
11 13094818 1.26964653790366 16.99927693
11 13135356 1.20323893630668 17.04805387
11 13174635 1.04369001247486 17.08904895
11 13213006 1.06838758437362 17.13004403
11 13246972 1.20694518047459 17.17103911
11 13282493 1.15410883702598 17.21203419
11 13380573 0.417976141924959 17.25302927
11 13420056 1.13956386292835 17.29802269
11 13441766 1.83322892676186 17.33782211
11 13510010 0.570319735068284 17.37674297
11 13534171 1.61089772774306 17.41566382
11 13560514 1.47746649963937 17.45458468
11 13585007 1.58906218103132 17.49350553
11 13607710 1.70876976611021 17.53229973
11 13670894 0.622526272474044 17.57163347
11 13695174 1.61719522240527 17.61089901
11 13720045 1.83433315910096 17.65652074
11 13740468 2.23300690398081 17.70212542
11 13766539 1.77201488243642 17.74832358
11 13814156 1.01533905957956 17.79667101
11 13838267 1.77764505827216 17.83953184
11 13859460 2.04600103807861 17.88289279
11 13903987 0.988285759202282 17.92689819
11 13935855 1.38079892054726 17.97090152
11 13982740 0.938536845472966 18.01490486
11 14026883 1.03841379154113 18.06074355
11 14051485 1.86321030810503 18.10658224
11 14122455 0.691487952656052 18.15565711
11 14229992 0.444130857286329 18.20341763
11 14271516 1.27267122627878 18.25626399
11 14311262 1.32960297891612 18.30911036
11 14504124 0.274011469340772 18.36195672
11 14790793 0.197834785065703 18.41866984
11 14848656 0.948352142128822 18.47354435
11 14928527 0.687039100549636 18.52841886
11 14989250 0.885160482848344 18.58216846
11 15010708 1.39341970360705 18.61206842
11 15051829 0.958429999270446 18.65148005
11 15096210 0.878402920168541 18.69046442
11 15137835 0.835586786786787 18.72524569
11 15154070 2.12040036957191 18.75967043
11 15182386 1.1730752931205 18.79288723
11 15219302 0.899794127207715 18.82610404
11 15258449 0.848514573275091 18.85932084
11 15317275 0.561290925781117 18.89233933
11 15408451 0.364870141265245 18.92560669
11 15443065 1.14068296065176 18.96509028
11 15480543 1.0535140615828 19.00457387
11 15505664 1.57173679391744 19.04405746
11 15625808 0.331040251697962 19.08382999
11 15796403 0.383072774700314 19.14918031
11 15838674 1.50129639705708 19.21264165
11 15858872 3.14195959996039 19.27610298
11 15879740 3.02505750431282 19.33922984
11 15901243 2.96888806213087 19.40306987
11 15927021 2.61282488944061 19.47042331
11 15980030 1.20418419513667 19.53425587
11 16000971 2.53648345351225 19.58737238
11 16110966 0.632428746761216 19.65693642
11 16135406 2.84631751227496 19.72650047
11 16174031 1.79524142394822 19.7958417
11 16210947 1.96282370787734 19.8683013
11 16242950 2.22406024435209 19.93947788
11 16270189 2.44927860787841 20.00619382
11 16324998 0.972964294185262 20.05952098
11 16354068 1.13187478500172 20.09242459
11 16384871 1.42104989773723 20.13619717
11 16405944 2.04612537370094 20.17931516
11 16467306 0.702682441902154 20.22243315
11 16494277 1.5986800637722 20.26555115
11 16591322 0.502760574990983 20.31434154
11 16737044 0.336095442006011 20.36331808
11 16769496 1.50919820041908 20.41229462
11 16798030 1.71642601808369 20.46127116
11 16934584 0.35862223003354 20.51024244
11 16963343 1.23613825237317 20.54579252
11 17005906 1.28886826586472 20.60065061
11 17038154 1.71703051352022 20.65602138
11 17062733 2.31276292770251 20.71286675
11 17123238 1.19704983059251 20.78529422
11 17165651 1.70767217598378 20.85772168
11 17217588 1.39452606041935 20.93014915
11 17233280 4.81039383125159 21.00563386
11 17260688 2.83572314652656 21.08335538
11 17361680 0.530622227503168 21.13694397
11 17424910 0.847518582951131 21.19053257
11 17465587 1.06435823684146 21.23382743
11 17643449 0.279974362145933 21.28362423
11 17688360 0.762027120304603 21.31784758
11 17736027 0.882230893490255 21.35990084
11 17766274 1.39032961946639 21.40195409
11 17792906 1.28583658756383 21.43619852
11 17840900 0.8013855898654 21.47466019
11 17867245 1.60773960903397 21.51701611
11 17903221 1.17097509450745 21.55914314
11 17940427 1.13226361339569 21.60127016
11 17969917 1.42851814174296 21.64339718
11 18016406 0.906171352362924 21.68552421
11 18040286 1.7641122278057 21.72765123
11 18085733 0.926947873346975 21.76977825
11 18117464 1.32762913239419 21.81190528
11 18161537 0.955845982801261 21.8540323
11 18200634 0.749129089188429 21.88332096
11 18241010 0.734753318803249 21.91298739
11 18284382 0.696737526514802 21.9432063
11 18320346 0.913502391280169 21.97605952
11 18344213 1.36212343403025 22.00856935
11 18370765 0.89330747213016 22.03228843
11 18396456 1.02070374839438 22.0585113
11 18426786 0.883316848005275 22.08530234
11 18461354 0.758797153436704 22.11153249
11 18524798 0.411441586280815 22.13763598
11 18547348 1.15758314855876 22.16373948
11 18577507 0.945919957558275 22.19226748
11 18615658 0.747765458310398 22.22079548
11 18637619 1.33462501707573 22.25010515
11 18679527 0.797582800419968 22.28353029
11 18713660 0.979260539653708 22.31695543
11 18738721 1.33374965085192 22.35038058
11 18811589 0.458707525937311 22.38380572
11 18845712 0.980080883861325 22.41724905
11 18875569 1.06578021904411 22.44907002
11 18912379 1.25317033414833 22.49519926
11 18948217 1.29558290083152 22.54163036
11 19080278 0.373881766759301 22.59100554
11 19103598 2.15436106346484 22.64124522
11 19138876 1.45094676568967 22.6924317
11 19161003 2.31330501197632 22.74361819
11 19194783 1.5152901124926 22.79480467
11 19227097 1.61565265829052 22.84701289
11 19322963 0.544595581332276 22.89922111
11 19349632 1.9576362068319 22.95142932
11 19454461 0.498032033120606 23.00363754
11 19564610 0.473977975288019 23.05584576
11 19620072 0.941511305037684 23.10806389
11 19757938 0.406303947311157 23.16407943
11 19779915 2.66368931155299 23.2226193
11 19802126 2.34369906802935 23.27467516
11 19837210 1.48430623646107 23.32675051
11 19895794 0.900763006964359 23.37952086
11 19947915 1.01245755069933 23.43229121
11 20009919 1.03082704341655 23.49620663
11 20039092 2.11925410482295 23.55803167
11 20097111 1.06559920026198 23.61985671
11 20180335 0.742874651542824 23.68168175
11 20249271 0.890637692932575 23.74307878
11 20303984 1.20536983897794 23.80902816
11 20327920 2.75523897058824 23.87497753
11 20370338 1.55737187043236 23.94103814
11 20475641 0.62733825247144 24.00709874
11 20535470 1.10415684701399 24.07315934
11 20599612 1.0299117582863 24.13921995
11 20631927 2.19298158749807 24.21008614
11 20689914 1.22210495455878 24.28095234
11 20711683 3.25537231843447 24.35181853
11 20736496 2.85601096199573 24.42268473
11 20764434 1.62813372467607 24.46817158
11 20798608 0.88834201439691 24.49852978
11 20819928 1.63727954971857 24.53343661
11 20878267 0.606681636641012 24.56882984
11 20941473 0.609693699965193 24.60736618
11 21062062 0.302750665483585 24.64387455
11 21104283 0.865682953980247 24.68042451
11 21136876 1.12140643696499 24.71697447
11 21162372 1.43355820520866 24.75352443
11 21187541 1.30824824188486 24.78645176
11 21221643 1.06311946513401 24.82270624
11 21255440 1.06741130869604 24.85878158
11 21286815 1.14981035856574 24.89485692
11 21348448 0.585079421738354 24.93091711
11 21386222 0.954630168899243 24.96697729
11 21409356 1.55875335004755 25.00303747
11 21435774 1.36498599439776 25.03909766
11 21470638 0.937064020192749 25.07176746
11 21510038 0.828096446700508 25.10439447
11 21531267 1.53690706109567 25.13702148
11 21555819 1.33020527859238 25.16968063
11 21626518 0.391267203213624 25.19734287
11 21656231 0.88910914414566 25.22376095
11 21678788 1.17117081172142 25.25017902
11 21740751 0.491238319642367 25.28061765
11 21768552 1.37904032229057 25.31895636
11 21792140 1.61428268611158 25.3570341
11 21839938 0.796637934641617 25.39511184
11 21862341 1.50005802794269 25.42871768
11 21895731 1.00646301287811 25.46232352
11 21942536 0.717995940604636 25.49592936
11 21969027 1.26784190857272 25.52951571
11 22033060 0.700643418237471 25.57437999
11 22067934 1.28646842920227 25.61924426
11 22095627 1.69133354999458 25.66608237
11 22147126 0.737278393755219 25.70405143
11 22168408 1.78406164834132 25.74201987
11 22197514 1.30448704734419 25.77998831
11 22268921 0.531718178890025 25.81795675
11 22341010 0.526687844192595 25.85592519
11 22362566 2.5449434032288 25.91078403
11 22403523 1.33831579461386 25.96559741
11 22432450 1.86520897431465 26.0195523
11 22464913 1.90366571173336 26.08135097
11 22485728 2.96895027624309 26.14314964
11 22525949 1.53647845652768 26.2049483
11 22555682 2.31634547472505 26.27382025
11 22580674 2.73900048015365 26.3422734
11 22605594 2.69607142857143 26.40945949
11 22633550 2.16654027757905 26.47002726
11 22655158 2.80302665679378 26.53059502
11 22684069 2.1001348967521 26.59131202
11 22713761 2.33356796443486 26.66060029
11 22750633 2.4590529399002 26.75127048
11 22796195 2.33905447522058 26.85784248
11 22822615 4.02766086298259 26.96425331
11 22876855 1.96185103244838 27.07066415
11 22900356 4.4514446193779 27.17527752
11 23014582 0.881541855619561 27.27597248
11 23047670 1.21812439555126 27.3162778
11 23084381 1.19777995696113 27.3602495
11 23109219 1.93361381753764 27.40827662
11 23138703 1.62892077058744 27.45630374
11 23163432 1.94213676250556 27.50433087
11 23197713 1.3871940725183 27.55188524
11 23270242 0.65566049442292 27.59943961
11 23302850 1.4583660451423 27.64699398
11 23363860 0.779452548762498 27.69454835
11 23404233 1.21677606321056 27.74367329
11 23497697 0.587042069673885 27.79854063
11 23536622 1.53051509312781 27.85811592
11 23563922 2.18224542124542 27.91769121
11 23592030 1.9397964992173 27.97221498
11 23638171 1.04076201209337 28.02023681
11 23656903 2.56362374546231 28.06825864
11 23699822 1.11889373004963 28.11628047
11 23740579 1.17824668155164 28.1643023
11 23805191 0.743233455085742 28.21232413
11 23860078 0.891254759779183 28.26124246
11 23927783 0.723086921202274 28.31019909
11 23960426 1.42265110437153 28.35663872
11 23989611 1.58659585403461 28.40294353
11 24003452 3.19989162632758 28.44723325
11 24040955 1.18000693277871 28.491487
11 24066981 1.48006224544686 28.53000714
11 24090125 1.6693397856896 28.56864236
11 24114711 1.54655494997153 28.60666599
11 24137728 1.66877959768867 28.64507633
11 24183267 0.996677573069237 28.69046399
11 24218585 1.29810578175435 28.73631045
11 24255103 1.2555342570787 28.78216004
11 24318038 1.02028918725669 28.84637189
11 24383225 1.05112829245095 28.91489175
11 24405082 2.34732579951503 28.96619722
11 24474675 0.750803960168408 29.01844788
11 24487930 3.94196152395323 29.07069853
11 24506755 2.18724568393094 29.1118734
11 24526912 2.23251475914075 29.15687415
11 24568406 1.15922543018268 29.20497508
11 24590162 2.0869139547711 29.25037798
11 24611468 2.12911855815263 29.29574097
11 24679227 0.669475641612184 29.34110397
11 24728140 0.914380635005009 29.38582907
11 24750622 2.14614802953474 29.43407881
11 24775964 1.87929524110173 29.48170392
11 24815868 1.19349188051323 29.52932904
11 24847723 1.39111913357401 29.57364313
11 24916560 0.648163051847117 29.61826076
11 24958975 1.0859224331015 29.66432021
11 25014067 0.841766499673274 29.71069486
11 25163431 0.310594922471278 29.75708655
11 25259103 0.484903629065975 29.80347825
11 25282786 1.95886078621796 29.84986995
11 25306845 1.92824722557047 29.89626164
11 25341825 1.32623499142367 29.94265334
11 25366465 1.66502435064935 29.98367954
11 25467022 0.407120339707827 30.02461838
11 25557367 0.456496762410759 30.06586061
11 25630059 0.567355417377428 30.10710284
11 25660041 1.37556533920352 30.14834507
11 25760288 0.411405827605814 30.1895873
11 25788178 1.47874506991753 30.23082953
11 25990645 0.203698380476818 30.27207175
11 26051306 0.687997230510542 30.31380639
11 26085746 1.21180603948897 30.35554103
11 26107605 1.83848300471202 30.39572847
11 26144765 1.08062970936491 30.43588465
11 26179634 1.15163038802375 30.47604083
11 26213262 1.19412989175687 30.51619701
11 26317389 0.447101136112632 30.56275231
11 26362493 1.03217674707343 30.6093076
11 26384861 1.93015021459227 30.65248117
11 26423476 1.15333419655574 30.69701718
11 26590804 0.266159877605661 30.7415532
11 26626298 1.26820871133149 30.78656696
11 26656689 1.48115560527788 30.83158073
11 26678619 2.01522571819425 30.8757746
11 26771377 0.48052351279674 30.92034697
11 26896918 0.546503532710429 30.9889556
11 26976381 0.7643834237318 31.04969581
11 27102860 0.508362653088655 31.113993
11 27150645 1.23145129224652 31.17283786
11 27220739 0.681984192655577 31.2206409
11 27245662 1.8742526983108 31.26735286
11 27312691 0.624759432484447 31.30922982
11 27337126 1.84284018825455 31.35425967
11 27370617 1.34453435251262 31.39928952
11 27422901 0.861464310305256 31.44433028
11 27545205 0.408826367085296 31.49433138
11 27583040 1.40558213294569 31.54751153
11 27648326 0.938499831510584 31.60878241
11 27678911 2.00329900277914 31.67005328
11 27746425 0.8840196107474 31.72973698
11 27830023 0.786211392617048 31.79546269
11 28054041 0.264671588890178 31.85475387
11 28107376 1.2705802943658 31.92252027
11 28191703 0.803614500693728 31.99028668
11 28216046 2.40880746005012 32.04892427
11 28241864 2.27119064218762 32.10756186
11 28267866 2.24270825321129 32.16587679
11 28342775 0.778476551549213 32.22419171
11 28367097 2.130902063975 32.27601953
11 28414411 1.09814431246565 32.32797714
11 28445316 1.33727552176023 32.36930565
11 28492327 1.04672098019612 32.41851304
11 28518141 1.79756333772372 32.46491531
11 28689341 0.378907126168224 32.52978419
11 28711314 3.04033131570564 32.59658941
11 28736945 2.67964964301042 32.66527156
11 28761952 2.7498660375095 32.73403751
11 28821899 1.33333110914641 32.81396671
11 28896192 1.06859058053922 32.89335554
11 28934504 1.98314627270829 32.96933384
11 28964630 2.60908849498772 33.04793523
11 29002450 2.49824431517716 33.14241887
11 29024122 4.3625876707272 33.23696487
11 29060501 2.51540174276368 33.32847264
11 29089320 3.18587737256671 33.4202864
11 29104530 6.03641025641026 33.51210016
11 29149944 1.68278064033118 33.58852196
11 29204047 1.66016302238323 33.67834181
11 29237085 2.62513166656577 33.76507095
11 29301624 1.33015695935791 33.85091792
11 29333199 3.43177513855899 33.95927623
11 29365973 3.31128028315128 34.06780017
11 29389110 3.20865712927346 34.14203884
11 29415659 2.54535010734868 34.20961538
11 29454559 1.03027249357326 34.24969294
11 29483268 1.32152635062176 34.28763261
11 29523821 0.93341553029369 34.32548546
11 29574227 0.785462048168869 34.36507747
11 29601504 1.45147926824797 34.40466948
11 29624765 1.70207643695456 34.4442615
11 29652000 1.45371764273912 34.48385351
11 29735099 0.754430257885173 34.54654592
11 29758847 2.22078911908371 34.59928526
11 29781002 2.48013992326789 34.65423272
11 29847696 0.823874711368339 34.70918018
11 29879897 1.70639110586628 34.76412764
11 29904900 2.19763628364596 34.81907511
11 29929724 2.06237512085079 34.87027149
11 29977957 1.06219808015259 34.92150453
11 30005267 1.80509703405346 34.97080176
11 30067317 0.794475423045931 35.020099
11 30123686 0.75829090457521 35.06284311
11 30218982 0.448540337474815 35.10558723
11 30282753 0.772813661382133 35.15487031
11 30305738 2.08452469001523 35.20278314
11 30331728 1.81674874951905 35.25000048
11 30352564 2.26614033403724 35.29721781
11 30381289 1.63844038294169 35.34428202
11 30412959 1.4865898326492 35.39136227
11 30532607 0.394811446910939 35.43860067
11 30554447 2.1629304029304 35.48583907
11 30580303 1.81733833539604 35.53282819
11 30604339 1.95494674654685 35.57981731
11 30707231 0.45668370718812 35.62680643
11 30730288 2.19059287851845 35.67731489
11 30763811 1.50668197953644 35.72782336
11 30804812 1.27868832467501 35.78025082
11 30829970 1.56058510215438 35.81951197
11 30916713 0.452758147631509 35.85878553
11 30942534 1.20422137020255 35.88987972
11 30980897 0.938644005943227 35.92588892
11 31004983 1.49502615627335 35.96189811
11 31041776 0.929106079960862 35.9960827
11 31067544 1.32545405153679 36.030237
11 31096059 1.19776608802385 36.06439129
11 31222933 0.331816605451077 36.10649015
11 31250678 1.52172643719589 36.14871046
11 31274292 1.78793512323198 36.19093077
11 31275179 31.0048478015784 36.21843203
11 31318499 0.634840720221607 36.24593328
11 31338818 1.47439342487327 36.27589145
11 31369325 0.991129904612056 36.3061279
11 31404624 0.843270347601915 36.33589453
11 31441793 0.800844790013183 36.36566117
11 31477914 0.827490933252125 36.39555095
11 31529943 0.619460300985989 36.42778088
11 31609905 0.401643280558265 36.45989712
11 31641514 1.01624853680914 36.49201971
11 31665059 1.37281376088341 36.52434265
11 31688814 1.3606777520522 36.5566656
11 31718255 1.11169457559186 36.58939502
11 31882807 0.22035952161019 36.62565557
11 31964009 0.575234600133002 36.67236579
11 31989098 1.85675395591694 36.71894993
11 32020374 1.56896981711216 36.768021
11 32214578 0.252678111676382 36.81709208
11 32301594 0.563931920566333 36.86616315
11 32373197 0.785571833582392 36.9224124
11 32482451 0.537182162666813 36.98110168
11 32557680 0.779784391657472 37.03976403
11 32583978 2.23067913909803 37.09842638
11 32606999 2.53530689370575 37.1567917
11 32659947 1.1076679005817 37.21544052
11 32798205 0.42676662471611 37.27444439
11 32879031 0.724854625986687 37.33303144
11 32901532 2.15880627527665 37.38160677
11 32936413 1.42796078094091 37.43141543
11 32958635 1.9489694896949 37.47472548
11 33039000 0.550998569028806 37.51900649
11 33067483 1.55464663132395 37.56328751
11 33098267 1.43844204781705 37.60756852
11 33124236 1.70514844622434 37.65184954
11 33160810 1.38521080549024 37.70251226
11 33190598 1.70077548005908 37.75317499
11 33319260 0.459654754317514 37.81231508
11 33343267 1.71277960594827 37.85343376
11 33412632 0.686491746558062 37.90105222
11 33439951 1.74083238771551 37.94861005
11 33483917 1.07155984169586 37.99572221
11 33523211 1.19896676337354 38.04283438
11 33563463 1.09901122925569 38.08707177
11 33637760 0.533607009704295 38.12671719
11 33718317 0.496895366014127 38.16674555
11 33774780 0.690963994120043 38.20575948
11 33818468 0.893011811023622 38.24477342
11 33858858 0.965929685565734 38.28378735
11 33907492 0.802193938397006 38.32280129
11 33945908 0.987887859225323 38.36075197
11 34052418 0.393356492348136 38.40264833
11 34087255 1.20134052874817 38.44449943
11 34129482 0.636720581618396 38.47138623
11 34166826 0.719976435304199 38.49827304
11 34232482 0.409510174241501 38.52515984
11 34311436 0.340537528180966 38.55204664
11 34369905 0.450592621731174 38.57839237
11 34439864 0.368547291985306 38.60417554
11 34617407 0.136206440129997 38.62835802
11 34648625 0.775507719905183 38.65256779
11 34683480 0.704960550853536 38.67713923
11 34743909 0.406616028727929 38.70171068
11 34889621 0.232457862084111 38.73558258
11 34973786 0.425864670587536 38.77142543
11 35028247 0.757793650502194 38.81269568
11 35079804 0.800477141804217 38.85396593
11 35127003 0.874387169219687 38.89523618
11 35213569 0.479013700529076 38.93670252
11 35237947 1.7009721880384 38.97816886
11 35368452 0.301330983487223 39.01749406
11 35409639 0.954796416344963 39.05681926
11 35445727 1.08776047439592 39.09607434
11 35476580 1.27321168119794 39.1353567
11 35499936 1.91775132728207 39.18014765
11 35629397 0.471593761827886 39.24120066
11 35652551 2.63800207307593 39.30228096
11 35687316 1.7439608801956 39.36290976
11 35755527 0.961814076908417 39.4285161
11 35840878 0.76916732082811 39.49416527
11 35871974 2.09805762799074 39.55940649
11 35939393 0.967900740147436 39.62466136
11 36051138 0.583583158083136 39.68987388
11 36103640 1.19359643442155 39.7525401
11 36141532 1.65381083078222 39.81520631
11 36181120 1.59356875820956 39.87829248
11 36218393 1.75530276607732 39.94371787
11 36238832 3.2010078770977 40.00914326
11 36394628 0.492028036663329 40.08579923
11 36481544 0.671060564222928 40.14412513
11 36519717 1.86792235349593 40.21542933
11 36745114 0.316349374658935 40.28673353
11 36861491 0.612700103972434 40.35803773
11 36956995 0.727921343608645 40.42755711
11 37041759 0.695039167571139 40.48647137
11 37079751 1.06763792377343 40.52703309
11 37101530 1.69570228201478 40.56396384
11 37131360 1.35159570901777 40.6042819
11 37164923 1.00129904954861 40.63788852
11 37216915 0.771060932451146 40.67797748
11 37258072 0.973243919624851 40.71803324
11 37283583 1.35133471835679 40.75250712
11 37317009 1.03134984742416 40.786981
11 37354417 0.921564905902481 40.82145488
11 37376060 2.09555052441898 40.86680887
11 37408868 1.6590160936357 40.9212379
11 37527980 0.398864094297804 40.96874743
11 37583317 0.858548529916692 41.01625696
11 37696567 0.439990286975717 41.06608588
11 37760009 0.883399010119479 41.12213051
11 37846680 0.648670258794753 41.17835141
11 37880132 1.68064390768863 41.2345723
11 37921770 1.3504827321197 41.29080368
11 38023147 0.621205993469919 41.35377965
11 38101318 0.80711133284722 41.41687233
11 38303012 0.312813965710433 41.47996501
11 38522047 0.228751112835848 41.53006955
11 38591933 0.680370889734711 41.57761792
11 38620543 1.66195036700454 41.62516628
11 38658373 1.25832672482157 41.67276883
11 38704708 1.0822315744038 41.72291403
11 38774498 0.684984954864594 41.77071909
11 38796116 1.76377093163105 41.8088483
11 38836917 0.964540084801843 41.84820248
11 38878078 0.824280265299677 41.88213065
11 38904622 1.28817058468957 41.91632382
11 38929977 1.34857818970617 41.950517
11 39002811 0.470830930609331 41.98480949
11 39088424 0.516932007989441 42.0290656
11 39148207 0.761393707241189 42.07458396
11 39251426 0.387004330598049 42.11453015
11 39298167 0.819458291435785 42.15283242
11 39358843 0.594798602412816 42.18892244
11 39446852 0.410071697212785 42.22501246
11 39475047 1.29286752970385 42.26146483
11 39585066 0.331328225124751 42.29791719
11 39624219 0.902763517482696 42.33326307
11 39700338 0.490606813016461 42.37060756
11 39782773 0.450701765026991 42.40776114
11 39810644 1.29393993756952 42.44382452
11 39833889 1.47678640567864 42.47815237
11 39855261 1.85902114916713 42.51788337
11 40079795 0.23810692367303 42.57134649
11 40219469 0.423188997236422 42.63045499
11 40241594 1.74253107344633 42.66900845
11 40324446 0.488823444213779 42.70950846
11 40377330 0.93131003706225 42.75875987
11 40555641 0.276210665634762 42.80801128
11 41255865 0.0703366351339 42.85726269
11 41346354 0.611812485495475 42.91262495
11 41419726 0.755667011939159 42.9680698
11 41457420 1.52479970287048 43.02554561
11 41521231 0.900719311717415 43.08302142
11 41676950 0.369099467630796 43.14049723
11 41749747 0.789535283047378 43.19797304
11 41785227 2.20382187147689 43.27616467
11 41878391 0.846719762998583 43.35504848
11 41928191 1.7040281124498 43.43990912
11 41971708 1.7410690075143 43.51567521
11 41992469 3.35970810654593 43.58542608
11 42034454 1.65961414790997 43.65510503
11 42128997 0.737007499233153 43.72478398
11 42207557 0.913951120162933 43.79658402
11 42239087 2.21901680938788 43.86654962
11 42269861 1.93057126145447 43.92596105
11 42468561 0.313099144438853 43.98817387
11 42517100 1.28590617853685 44.05059049
11 42545458 2.21051202482545 44.11327617
11 42568364 2.73664978608225 44.17596186
11 42618575 1.2637748700484 44.23941721
11 42659090 1.59200296186598 44.30391726
11 42753023 0.71495640509725 44.37107526
11 42850016 0.706123122287175 44.43956422
11 42936195 0.633915455041251 44.49419446
11 42988746 1.04315236627276 44.54901318
11 43013219 2.23996649368692 44.60383189
11 43064231 1.07462361797224 44.6586506
11 43113515 1.10905973541109 44.71330949
11 43137331 2.29188360765872 44.76789299
11 43187684 1.1565070601553 44.82612661
11 43356088 0.34579701194746 44.88436024
11 43431638 0.770795499669093 44.94259386
11 43520658 0.699235003370029 45.00483971
11 43555823 1.77010948386179 45.06708556
11 43607481 1.19630260559836 45.12888412
11 43714298 0.4909593042306 45.18132697
11 43853640 0.333249845703377 45.22776268
11 44020164 0.308017462948284 45.27905503
11 44045461 2.02760406372297 45.33034738
11 44076390 1.65838856736396 45.38163973
11 44153677 0.663660123953576 45.43293207
11 44195517 1.22591539196941 45.48422442
11 44256684 0.838561642715844 45.53551677
11 44314266 0.890769684970998 45.58680912
11 44342083 1.84391918610921 45.63810146
11 44377857 1.4337871079555 45.68939381
11 44402222 2.10516314385389 45.74068616
11 44431373 1.90060032245892 45.79609053
11 44510146 0.71092252421515 45.85209203
11 44576268 0.811332083119083 45.90573889
11 44596424 2.43573625719389 45.95483362
11 44616476 2.50317175344105 46.00502724
11 44669598 0.944874063476526 46.05522085
11 44699662 1.66955827567855 46.10541446
11 44720675 2.38869271403417 46.15560808
11 44749584 1.61239406413228 46.2022208
11 44928962 0.321696083131711 46.25992596
11 44980969 0.863472224892803 46.30483258
11 45028224 1.22384297957888 46.36266526
11 45064513 1.55849982088236 46.41922164
11 45104816 2.09026623328288 46.50346568
11 45145100 2.21022738556251 46.59250248
11 45234537 1.1947113610698 46.69935392
11 45268510 2.67178347511259 46.79012242
11 45290515 2.42080436264485 46.84339223
11 45313347 2.14533549404345 46.89237451
11 45404810 0.563554661447799 46.94391894
11 45484452 0.696739157730845 46.99940861
11 45608075 0.382240359803596 47.04666231
11 45723065 0.468737281502739 47.10056243
11 45779577 0.953781497734994 47.15446255
11 45827826 1.11712367095691 47.20836267
11 45875642 1.1218964363393 47.26200731
11 45897001 2.85576571936888 47.32300356
11 45952804 1.27696898016236 47.39426222
11 45989436 1.44817645774186 47.44731185
11 46032032 1.0179007418537 47.49067038
11 46124128 0.587332783182766 47.54476137
11 46145719 2.47773609374276 47.59825815
11 46191301 0.91897678908341 47.64014692
11 46227260 1.24467588086432 47.68490424
11 46278924 0.872828275007742 47.72999802
11 46375716 0.439311100090917 47.77251983
11 46440831 0.522655302157721 47.80655256
11 46473832 1.03126268900942 47.84058529
11 46539442 0.518712086572169 47.87461801
11 46544231 5.54046773856755 47.90115129
11 46619009 0.358382144480997 47.92795037
11 46654785 0.749080389087657 47.95474946
11 46694753 0.765404823859087 47.98534115
11 46721707 1.1349595607331 48.01593285
11 46748014 1.16287299958186 48.04652454
11 46788429 0.775162687121118 48.07785272
11 46832327 0.711966376600301 48.10910663
11 46866227 0.92194395280236 48.14036054
11 46889998 1.31479113205166 48.17161445
11 46926303 0.86047376394436 48.202854
11 46950778 1.27973850868233 48.23417556
11 46977787 1.23856862527306 48.26762809
11 47008188 1.31404559060557 48.30757636
11 47069291 0.653786229808684 48.34752462
11 47096563 1.45586315635084 48.3872289
11 47188387 0.44169498170413 48.42778713
11 47245215 0.713530301963821 48.46833563
11 47276974 1.2767561950943 48.50888412
11 47315095 1.06427166128905 48.5494552
11 47341495 1.53678409090909 48.59002629
11 47378387 1.09972622790849 48.63059738
11 47414576 1.21859957445633 48.67469731
11 47431717 2.56062656787819 48.71858902
11 47469539 1.1604806726244 48.76248073
11 47492472 1.93829416125234 48.80693164
11 47524474 1.36325854634085 48.8505586
11 47561548 0.94462156767546 48.88557952
11 47653385 0.528532073129567 48.93411829
11 47797834 0.338790853519235 48.98305628
11 47933651 0.384959909289706 49.03534036
11 48007818 0.704950988984319 49.08762443
11 48070528 0.753190878647744 49.13485702
11 48097358 1.7604398061871 49.18208962
11 48124958 2.15784057971014 49.24164606
11 48196481 0.776782293807586 49.29720381
11 48285040 0.542970223241003 49.34528868
11 48309332 1.97945414128108 49.39337355
11 48365313 0.859541630195959 49.44149158
11 48429814 0.462372676392614 49.47131513
11 48519745 0.387289143899212 49.50614447
11 48555061 0.970276928304451 49.54041082
11 48602940 0.749061175045427 49.57627513
11 48625186 1.61216847972669 49.61213944
11 48675652 0.870471208338287 49.6560686
11 48869298 0.250431199198538 49.70456357
11 48924918 0.871898597626753 49.75305854
11 48957259 1.49948981169413 49.80155351
11 49010974 0.90797728753607 49.85032553
11 49099590 0.592566805091631 49.90283639
11 49165587 0.636168310680788 49.94482155
11 49409414 0.195530847691191 49.99249721
11 49467653 0.683114407871014 50.03228106
11 49489664 2.2631093544137 50.0820944
11 49541972 0.95230748642655 50.13190773
11 49640162 0.511341277115796 50.18211638
11 49775602 0.331490696987596 50.22701344
11 49831537 0.809475283811567 50.2722914
11 49852553 2.15445374952417 50.31756936
11 49896067 1.04986670956474 50.36325322
11 49924884 1.58531075406878 50.40893709
11 49955362 1.49887787912593 50.45461993
11 49986305 1.27175451636881 50.49397184
11 50014361 1.33755702879954 50.53149836
11 50038320 1.31629867690638 50.56303553
11 50073439 0.908314587545204 50.59493468
11 50116125 0.747296537506442 50.62683383
11 50142429 1.21270909367397 50.65873297
11 50166309 1.55014237855946 50.69575033
11 50202868 1.03290844935584 50.73351244
11 50239045 0.98140254858059 50.76901664
11 50324745 0.413959159859977 50.80449297
11 50352756 1.25543536467816 50.83965895
11 50418333 0.536255089436845 50.87482493
11 50440749 1.35380085653105 50.90517175
11 50461985 1.42902618195517 50.93551857
11 50492793 0.98502986237341 50.9658654
11 50529365 0.804322979328448 50.99528106
11 50565893 0.963378777923785 51.03047138
11 50607517 0.856236786469345 51.06611138
11 50659119 0.671400333320414 51.10075698
11 50682579 1.64860187553282 51.13943323
11 50997789 0.122699787443292 51.17810947
11 51109955 0.344812153415473 51.21678572
11 51168444 0.65914616423601 51.25533856
11 51338068 0.260991958685092 51.2996091
11 51479638 0.313357349720986 51.34397113
11 51567982 0.524276691116544 51.39028787
11 51604649 0.999320915264407 51.42693
11 51745903 0.310915089130219 51.47084796
11 51791442 0.965708513581765 51.51482533
11 51827225 1.22900259899952 51.55880271
11 51870268 1.17616569477035 51.60942841
11 51979789 0.458722071566184 51.6596681
11 52132672 0.328615346375987 51.70990779
11 52242437 0.301103266068419 51.7429584
11 52281751 1.00085974462024 51.78230623
11 52442050 0.245465037211711 51.82165407
11 52574977 0.338354134224048 51.86663042
11 52621574 0.965220936970191 51.91160678
11 52758789 0.355712567867944 51.96041592
11 53124425 0.138098272598978 52.01090957
11 53270728 0.336194063006227 52.06009573
11 53413882 0.38217653715579 52.11480586
11 53509885 0.614885993146048 52.17383679
11 53855205 0.183404668133905 52.23717005
11 54269486 0.153082810942331 52.3005894
11 54294891 2.02079118283802 52.3519276
11 54322540 1.85131469492568 52.4031146
11 54442682 0.480677864526976 52.46086416
11 54492825 1.25824741240053 52.52395648
11 54540659 1.31898440439855 52.5870488
11 54566436 2.67634325173604 52.65603693
11 54773119 0.368650542134573 52.7322307
11 54807232 2.23357077946824 52.80842447
11 54841971 2.25528656553154 52.88677088
11 54871764 2.35715100862619 52.95699745
11 54932791 1.07456207907975 53.02257477
11 54964544 2.06523163165685 53.0881521
11 55025522 1.02722129292532 53.15079002
11 55049570 2.63070109780439 53.21405316
11 55141346 0.704915228382148 53.27874741
11 55276778 0.476888032370489 53.34333333
11 55308730 1.73028292438658 53.39861937
11 55343739 1.67148733182896 53.45713644
11 55369267 2.25886869319962 53.51480085
11 55424621 0.937614264551794 53.5667016
11 55451036 1.67034639409426 53.61082379
11 55535909 0.519861440033933 53.65494598
11 55575538 1.09739079966691 53.69843447
11 55610655 1.49641768943816 53.75098415
11 55677550 0.774425592346214 53.80278933
11 55702015 2.38638871857756 53.86117237
11 55730117 2.27420824140631 53.9250822
11 55824892 0.824308098127143 54.003206
11 55845438 3.64875401538012 54.07817328
11 55888311 2.12335036036666 54.16920766
11 56025152 0.654805942663383 54.25881197
11 56117126 0.611171635462196 54.31502383
11 56190217 1.02116266024545 54.38966163
11 56694836 0.147588576728185 54.46413764
11 56785789 0.815412355832133 54.53830183
11 56876834 0.815468175078258 54.6125461
11 56902126 1.63105725130476 54.65379877
11 56934848 1.26070227981175 54.69505143
11 57009516 0.63063159586436 54.7421394
11 57033279 2.12755965155915 54.79269663
11 57061281 1.81303835440326 54.84346532
11 57104391 1.077610763164 54.88992114
11 57153770 0.94080074525608 54.93637697
11 57183233 0.837338356582833 54.96104749
11 57209322 0.991528996895243 54.98691545
11 57262795 0.483758158322892 55.01278341
11 57353356 0.249617384967039 55.03538898
11 57373473 1.26530297758115 55.0608431
11 57443479 0.363578836099763 55.0862958
11 57542646 0.195316990531124 55.1056648
11 57579389 0.527148028195847 55.12503379
11 57599614 0.966155747836836 55.14457427
11 57625409 0.972223299088971 55.16965275
11 57716257 0.276049004931314 55.19473123
11 57957745 0.0690382130789108 55.21140313
11 57988232 0.546852756912782 55.22807502
11 58288844 0.0553277979588307 55.24470721
11 58318233 0.57439177923713 55.26158803
11 58383311 0.257474107993485 55.27834393
11 58415672 0.517780661907852 55.29509983
11 58497959 0.203627547486237 55.31185574
11 58520739 0.735553116769096 55.32861164
11 58557598 0.451789250929217 55.34526413
11 58580437 0.729125618459652 55.36191661
11 58601087 0.830314769975787 55.37906265
11 58625315 0.731067360079247 55.39677497
11 58727945 0.172584039754458 55.41448728
11 58759980 0.552904635554862 55.4321996
11 58782207 0.796882170333378 55.44991191
11 58828979 0.350500299324382 55.46630553
11 58857246 0.580935366328227 55.48272681
11 58918358 0.268708273334206 55.49914808
11 58929479 1.4766028234871 55.51556936
11 58971050 0.397902383873373 55.53211053
11 59035881 0.333334361647977 55.55372095
11 59078754 0.57486529983906 55.57836718
11 59119877 0.599328842740073 55.6030134
11 59181535 0.477863375393299 55.63247754
11 59231803 0.586589878252566 55.66196427
11 59257245 1.15897728166025 55.691451
11 59352731 0.304999685817816 55.7205742
11 59391250 0.756073626002752 55.74969739
11 59423113 0.578354203935599 55.76812546
11 59453674 0.724302215241648 55.79026088
11 59493904 0.604429530201342 55.81457708
11 59530440 0.669446573242829 55.83903599
11 59594780 0.380074603668014 55.86348994
11 59694032 0.246382944424294 55.8879439
11 59739304 0.429358102138187 55.90738175
11 59794190 0.354150420872354 55.92681961
11 59822134 0.695601918121958 55.94625746
11 59864476 0.597959472863823 55.97157624
11 59913743 0.513909919418678 55.99689502
11 60096854 0.13802010802191 56.022168
11 60196196 0.192793581768034 56.04132055
11 60218517 0.858048474530711 56.0604731
11 60271069 0.364448546201857 56.07962565
11 60295176 0.902928609947318 56.10139251
11 60343908 0.44666543544283 56.12315937
11 60372219 0.768849563773798 56.14492623
11 60402995 0.818771120353522 56.1701247
11 60445456 0.533701514330798 56.19278624
11 60468952 0.85365594143684 56.21284371
11 60494769 0.740639888445598 56.23196481
11 60517676 0.78903828524032 56.25003933
11 60567347 0.364669525477643 56.26815283
11 60616886 0.370974383818809 56.28653051
11 60641182 0.752148501810998 56.30480468
11 60670998 0.74193386101422 56.32692616
11 60725163 0.408409489522755 56.34904765
11 60775322 0.502613688470663 56.3742583
11 60807905 1.03955436884265 56.40813009
11 60864552 0.597945169205783 56.44200189
11 60906972 0.798486562942008 56.47587369
11 60949119 0.805086957553325 56.50980572
11 60982579 1.10146443514644 56.54666073
11 61007636 1.47084647004829 56.58351574
11 61043046 0.977865009884214 56.61814191
11 61106085 0.549282190390076 56.65276809
11 61126116 1.16600768808347 56.67612441
11 61149380 0.953451685006878 56.69830554
11 61204281 0.449744084807198 56.72299697
11 61361997 0.156556088158462 56.74768841
11 61548155 0.131052654196972 56.77208486
11 61768776 0.110608237656433 56.79648737
11 61812845 0.524670403231296 56.81960908
11 61853060 0.576732562476688 56.84280239
11 61911290 0.398304997424008 56.86599571
11 62021729 0.153603346643849 56.88295954
11 62042659 0.677386526516961 56.89713721
11 62068027 0.564916430148218 56.91146801
11 62120566 0.277361579017492 56.92604035
11 62175861 0.277151641197215 56.94136542
11 62196882 0.728913943199657 56.95668792
11 62263463 0.24691879064598 56.97312798
11 62309358 0.35821113411047 56.98956804
11 62437950 0.127210090829912 57.00592624
11 62519017 0.220365870206126 57.02379066
11 62542806 0.750952120728067 57.04165507
11 62583295 0.459505050754526 57.06026001
11 62610532 0.866317876418108 57.08385588
11 62639185 0.801368094091369 57.1068175
11 62675142 0.716692160080096 57.13258758
11 62752156 0.334615784143143 57.15835766
11 62781436 0.877797131147541 57.18405953
11 62811507 1.0818429716338 57.21659166
11 62893555 0.408719286271451 57.25012627
11 62914151 1.62820936104098 57.28366088
11 62979714 0.392312737367113 57.30938211
11 63105834 0.215937995559784 57.3366162
11 63156170 0.541046169739352 57.36385029
11 63187417 0.854027586648318 57.39053605
11 63379048 0.148321513742557 57.41895905
11 63414618 0.795403429856621 57.44725153
11 63451999 0.83587383965116 57.47849732
11 63472240 1.54368855293711 57.50974312
11 63509422 0.744814695282664 57.5374368
11 63547212 0.738160889124107 57.56533186
11 63571138 1.1658906628772 57.59322691
11 63615492 0.657063624475808 57.62237036
11 63726678 0.26211393520767 57.6515138
11 63762030 0.837013464584748 57.68110387
11 63799791 0.783615370355658 57.71069394
11 63838185 0.774397041204355 57.74042617
11 63881213 0.557848377800502 57.76442923
11 63904471 1.11294608306819 57.79031418
11 63953518 0.527361510387995 57.81617963
11 63980697 0.946649987122411 57.84190868
11 64059900 0.325257881645897 57.86767007
11 64098572 0.506237070748862 57.88724727
11 64146758 0.45215207736687 57.90903466
11 64177902 0.69956974055998 57.93082204
11 64199959 0.987777122908827 57.95260943
11 64223170 0.938667011330835 57.97439681
11 64262677 0.64153694282026 57.99974197
11 64307937 0.559991162174105 58.02508713
11 64352461 0.737849249842781 58.0579391
11 64378211 1.2983067961165 58.09137052
11 64406151 1.196542591267 58.12480194
11 64472503 0.503849168073306 58.15823337
11 64576376 0.321848796126039 58.19166479
11 64780836 0.169052626430598 58.22622929
11 64883516 0.385623295675886 58.26582508
11 64943508 0.66001800240032 58.30542086
11 65103574 0.25085902065398 58.34557482
11 65170393 0.59639623460393 58.38542539
11 65283441 0.375127379520204 58.42783281
11 65326285 0.986779945850061 58.47011042
11 65351784 1.65801011804384 58.51238803
11 65379259 1.53794358507734 58.55464301
11 65412261 1.28037694685171 58.59689799
11 65519583 0.394720560556084 58.63926016
11 65591562 0.591451673404743 58.68183228
11 65616310 1.72022385647325 58.72440441
11 65681864 0.6912148762852 58.76971632
11 65712102 1.50659104438124 58.81527264
11 65948591 0.192636021125718 58.86082896
11 65998851 0.906412654198169 58.90638528
11 66025832 1.69333234498351 58.95207303
11 66096418 0.611781373076814 58.99525623
11 66141532 0.956822715786674 59.03842237
11 66176884 1.40611846571623 59.08813146
11 66242096 0.762269214255045 59.13784054
11 66304348 0.80233727430444 59.18778767
11 66365240 0.85705839847599 59.2399757
11 66473534 0.51831218719412 59.29610577
11 66500339 2.09401604178325 59.35223584
11 66556801 0.994121710176756 59.40836591
11 66577777 2.67597730739893 59.46449718
11 66598672 2.4696290978703 59.51610009
11 66814255 0.239364421127825 59.56770301
11 66889704 0.684225105700539 59.61932713
11 66971573 0.602010529015867 59.66861314
11 66999198 1.81690859728507 59.71880529
11 67042024 1.08549245785271 59.76529261
11 67084838 1.08541832110992 59.81176375
11 67108786 1.80582512109571 59.85500967
11 67211111 0.425195211336428 59.89851776
11 67282276 0.611369352912246 59.94202585
11 67345159 0.69203600337134 59.98554312
11 67371438 1.65597244948438 60.0290604
11 67406993 1.22394318661229 60.07257767
11 67445332 1.22752549623099 60.11963973
11 67469876 1.91745844198175 60.16670178
11 67522022 0.902506424270318 60.21376383
11 67549232 1.83051819184123 60.26357221
11 67582999 1.42973909438209 60.31185019
11 67616388 1.44759651382192 60.36018398
11 67649961 1.56873678253358 60.41285119
11 67736102 0.609953448415969 60.4653932
11 67776969 1.28568282477304 60.5179352
11 67829550 0.999258287214013 60.57047721
11 67856557 1.64739882252749 60.61496855
11 67889140 1.41764110118774 60.66115957
11 67918716 1.56177305923722 60.70735058
11 67970890 0.767311304481159 60.74738425
11 68062927 0.685503656138292 60.81047598
11 68111905 1.28816407366573 60.87356771
11 68147744 1.81980524010157 60.93878773
11 68304252 0.496593784343292 61.01650862
11 68325566 3.64864877545275 61.09427591
11 68380416 1.37716864175023 61.16981364
11 68423346 1.83638947123224 61.24864983
11 68620427 0.406843886523815 61.32883099
11 68642637 3.61013957676722 61.40901215
11 68690094 1.67401437090419 61.48845588
11 68715053 2.01897912576626 61.53884762
11 68755556 1.24911734933215 61.58944064
11 68787390 1.72793239932148 61.64444764
11 68845541 0.681668414988564 61.68408738
11 68884476 1.18066777963272 61.73005668
11 68938610 0.849176118520708 61.77602598
11 68962608 1.97856071339278 61.82350747
11 68996672 1.39464830906529 61.87101482
11 69063168 0.716229547641963 61.91864123
11 69126370 0.7535584316952 61.96626764
11 69177619 0.697519951608812 62.00201481
11 69212035 1.41324965132497 62.05065323
11 69238031 1.87981227881212 62.09952083
11 69262838 1.96991171846656 62.14838842
11 69292496 1.5454042754063 62.19422206
11 69325299 1.38879675639423 62.23977879
11 69405538 0.56776255935393 62.28533553
11 69443503 1.20116423021204 62.33093774
11 69472443 1.57574982722875 62.37653995
11 69497386 1.81911157438961 62.42191409
11 69532252 1.3013853037343 62.46728823
11 69554436 2.77622160115399 62.52887592
11 69591975 2.08778337195983 62.60724919
11 69619152 1.80537586930125 62.65631386
11 69660450 0.985992057726766 62.69703333
11 69692560 1.25210837745251 62.73723856
11 69861436 0.236093938747957 62.77710919
11 69910290 0.803426536209932 62.81635982
11 70041919 0.277602959834079 62.85290046
11 70091030 0.744041049866629 62.8894411
11 70131600 0.900680305644565 62.92598174
11 70160570 1.07914049016224 62.95724444
11 70216257 0.558769551241762 62.98836063
11 70300762 0.368217265250577 63.01947683
11 70324676 1.30117086225642 63.05059303
11 70348153 1.32539080802488 63.08170922
11 70378153 1.03720666666667 63.11282542
11 70453643 0.412189693999205 63.14394161
11 70552471 0.311796252074311 63.17475578
11 70611797 0.559764690017867 63.20796436
11 70660335 0.677088054720013 63.24082883
11 70718274 0.531298434560486 63.27161168
11 70764561 0.577764815174887 63.29835466
11 70844153 0.379812041411197 63.32858469
11 70893732 0.609733959942718 63.35881471
11 71062901 0.178697042602368 63.38904474
11 71103128 0.756302980585179 63.41946854
11 71130818 1.10007222824124 63.44992955
11 71179653 0.642936418552268 63.48132737
11 71263018 0.390915851976249 63.5139161
11 71316151 0.61380497995596 63.54652942
11 71354308 1.04328956678984 63.58633818
11 71376590 1.78659007270443 63.62614695
11 71401956 1.56937633052117 63.66595572
11 71476581 0.511457286432161 63.70412322
11 71531118 0.745255514604764 63.74476722
11 71659441 0.31649977011136 63.78538144
11 71744974 0.47483661276934 63.82599567
11 71821318 0.531989416326103 63.8666099
11 71885120 0.50973166985361 63.89913184
11 72100433 0.172772196755421 63.93633189
11 72169040 0.533904703601673 63.97296149
11 72258221 0.411531604265483 64.00966229
11 72447524 0.193873314210551 64.04636308
11 72487911 0.908728056057642 64.08306388
11 72535736 0.767397804495557 64.11976467
11 72567462 1.15680514404589 64.15646547
11 72743792 0.207723586457211 64.19309333
11 72778098 1.06768203812744 64.2297212
11 72819729 0.981199106435109 64.27056948
11 72855583 1.14569364645507 64.31164717
11 72875949 2.01697436904645 64.35272487
11 72911805 1.14562974118697 64.39380256
11 72951477 1.04417473280903 64.43522709
11 72984601 2.16076560801835 64.50680029
11 73025557 1.77693378259596 64.57957641
11 73053087 2.50925172539048 64.6486561
11 73079672 2.59790483355276 64.71772144
11 73102935 2.66087778876327 64.77962145
11 73130439 1.20684627690518 64.81281454
11 73161721 1.40867591586216 64.85688078
11 73226816 0.688012904216914 64.90166703
11 73316630 0.33288908188033 64.9315651
11 73431832 0.240018402458291 64.95921572
11 73478626 0.606782920887293 64.98760952
11 73523402 0.634916026442737 65.01603848
11 73761226 0.120494987890205 65.0446951
11 73831130 0.520150492103456 65.08105571
11 73942367 0.326875050567707 65.11741632
11 73984401 0.863279725936147 65.1537034
11 74018181 1.02962107756069 65.18848396
11 74087343 0.563928168647523 65.22748639
11 74124726 0.910116898055266 65.26150926
11 74147335 1.50483878101641 65.29553212
11 74168903 1.57887611275964 65.3295853
11 74205573 0.937709299154622 65.36397108
11 74245610 1.1194370207558 65.40879
11 74285975 1.11034064164499 65.45360893
11 74307700 2.06301035673188 65.49842785
11 74367904 0.757489535579031 65.54403173
11 74411915 0.977126173002204 65.587036
11 74557125 0.30183182976379 65.63086502
11 74693404 0.337067339795566 65.67680023
11 74818202 0.399395022356128 65.72664397
11 74990069 0.290013207887494 65.77648771
11 75039779 0.930786562059948 65.82275711
11 75208914 0.311765158009874 65.87548754
11 75245474 1.44229759299781 65.92821796
11 75278281 1.48533239857348 65.97694724
11 75301517 1.71195128249268 66.0167261
11 75330473 1.65928995717641 66.06477246
11 75410689 0.509643961304478 66.10565403
11 75420581 4.15318439142742 66.14673734
11 75445492 1.52273694351893 66.18467022
11 75469474 1.40433658577266 66.218349
11 75513821 0.760317496110222 66.25206684
11 75535853 1.5304012345679 66.28578467
11 75610538 0.529952467028185 66.3253642
11 75632852 1.77977951062113 66.36507824
11 75673662 0.97375153148738 66.40481709
11 75708285 1.29592178609595 66.44968577
11 75759122 0.882382910085174 66.49454347
11 75826371 0.667247096611102 66.53941517
11 75879965 0.861641228495727 66.58559396
11 75922365 1.25773113207547 66.63892177
11 75957652 1.49965142970499 66.69183998
11 76108140 0.373235075221945 66.74800736
11 76228636 0.467428794316824 66.80433065
11 76291884 0.893030609663547 66.86081305
11 76425215 0.423625413444735 66.91729546
11 76460052 1.64137267847404 66.974476
11 76515915 1.02358448346849 67.03165654
11 76550085 1.67341235001463 67.08883708
11 76609383 0.945812674963742 67.14492185
11 76842994 0.240077736065511 67.20100662
11 76863768 1.53488976605372 67.23289245
11 76981083 0.314769637301283 67.26981964
11 77009264 1.31035804265285 67.30674683
11 77031279 1.67736543265955 67.34367402
11 77091873 0.609420074594844 67.38060121
11 77168298 0.483182204775924 67.41752839
11 77205722 0.938360410431809 67.4526456
11 77262392 0.619678842421034 67.4877628
11 77284983 1.56102872825461 67.52302799
11 77336120 0.689621995815163 67.55829318
11 77427392 0.386232360417214 67.59354538
11 77494347 0.526505862146218 67.62879758
11 77667262 0.220798079981494 67.66697683
11 77695156 1.44545780454578 67.70729646
11 77732719 1.07338604477811 67.74761609
11 77757391 1.62027804798962 67.78759155
11 77817486 0.665205091937765 67.827567
11 77843893 1.4411557541561 67.86562363
11 77868254 1.56219367021058 67.90368026
11 77957346 0.489542270910968 67.94729457
11 78010446 0.821361581920904 67.99090888
11 78051004 1.07535627989546 68.03452319
11 78083413 1.34574655188374 68.0781375
11 78224317 0.303002753647874 68.12083183
11 78254844 1.42403118550791 68.16430326
11 78311315 0.769800428538542 68.20777469
11 78354433 1.05495384758106 68.25326218
11 78402914 0.938254161424063 68.29874968
11 78444403 1.09637494275591 68.34423717
11 78479299 1.29865314076112 68.38955494
11 78580022 0.436699661447733 68.43354066
11 78619581 1.11190121084962 68.47752637
11 78642451 1.92329252295584 68.52151209
11 78663074 2.13284682150996 68.5654978
11 78689536 1.64635704028418 68.60906368
11 78720283 1.41691547142811 68.65262956
11 78765412 0.965363735070575 68.69619543
11 78949970 0.236055332199092 68.73976131
11 78986878 1.40828275712583 68.79173822
11 79007862 2.47976553564621 68.84377365
11 79027963 2.59009999502512 68.89583724
11 79055566 1.88615730174256 68.94790083
11 79084167 1.8203419460858 68.99996442
11 79108452 2.1433106856084 69.05201475
11 79248946 0.318548123051518 69.09676884
11 79412518 0.312629300858338 69.14790622
11 79435597 2.31549027254214 69.20134542
11 79572113 0.353033344076885 69.24954011
11 79604076 1.5202515408441 69.29813194
11 79627826 2.02870736842105 69.34631369
11 79691780 0.753382118397598 69.39449545
11 79716380 1.95412195121951 69.44256685
11 79750751 1.39906898257252 69.49065429
11 79788304 1.28206002183581 69.53879953
11 79945955 0.327125105454453 69.59037116
11 80005355 0.82779797979798 69.63954234
11 80118902 0.550045355667697 69.7019983
11 80160161 1.51375457475945 69.76445426
11 80182206 2.34898616466319 69.81623769
11 80231798 1.42640143571544 69.88697583
11 80349202 0.60251865353821 69.95771397
11 80490371 0.536590894601506 70.033464
11 80513212 2.46836828510135 70.08984397
11 80535106 2.83395907554581 70.1518907
11 80558928 2.2319452606834 70.20506006
11 80582961 2.20553821828319 70.25806572
11 80627792 1.18234480604939 70.31107138
11 80692645 0.816861209196182 70.36404726
11 80751297 0.936927981995499 70.41899994
11 80776116 3.05874531608848 70.49491491
11 80801923 2.95471771224861 70.57116734
11 80835889 2.24614025790496 70.64745979
11 81134059 0.261379749807157 70.72539535
11 81203702 1.11907298651695 70.80333091
11 81336077 0.555140321057602 70.87681763
11 81420297 1.1471372595583 70.9734295
11 81541015 0.801807518348548 71.07022213
11 81671201 0.860041018235448 71.18218747
11 81697133 4.36520900817523 71.29538611
11 81739745 2.66340936825307 71.4088793
11 81800852 1.86163450995794 71.52263819
11 81840635 3.48296005831637 71.66120079
11 82034654 0.7103732108711 71.79902664
11 82088678 2.65294683844217 71.94234944
11 82134757 3.11037131882202 72.08567225
11 82176836 3.4037049359538 72.22889676
11 82253766 1.86175094241518 72.37212127
11 82277513 5.9228744683539 72.51277174
11 82351733 2.00090945836702 72.66127924
11 82402713 3.53901530011769 72.84169822
11 82539250 1.3415462475373 73.02486892
11 82579861 4.52749747605329 73.20873512
11 82664600 3.5931106102267 73.51321173
11 82687072 13.549154503382 73.81768834
11 82774027 3.5015421769881 74.12216495
11 82812502 8.38236257309942 74.44467638
11 82866132 6.0136378892411 NA
11 82898322 2.56630009319664 NA
11 82922365 3.54872935989685 NA
11 82963246 10.4259925148602 NA
11 83049429 4.95803348688256 75.78864233
11 83118146 2.94202453541336 75.99080939
11 83151735 3.45339843401113 76.10680561
11 83186882 4.00867214840527 76.24769844
11 83211654 5.52829404165994 76.38464533
11 83238656 3.48454558921561 76.47873507
11 83304668 1.42534236199479 76.57282482
11 83445659 0.700627699640403 76.67160706
11 83543625 0.994297001000347 76.76901435
11 83602245 1.40723473217332 76.85150646
11 83655173 1.55847188633615 76.93399326
11 83678318 3.74649384316267 77.02070587
11 83752938 1.16205574912892 77.10741847
11 83812509 1.45561766631415 77.19413108
11 83849914 2.32444592968854 77.28107695
11 83882569 2.66256009799418 77.36802281
11 83924697 2.30679358146601 77.46520339
11 83951577 3.6165587797619 77.56241645
11 83985738 3.6700389332865 77.68778866
11 84097016 1.12665756034436 77.81316086
11 84447985 0.357217304092384 77.93853307
11 84678345 0.674373155061643 78.09388166
11 84738147 2.64266245276078 78.2519182
11 84820376 1.9219071130623 78.40995475
11 84864365 2.633019618541 78.5257786
11 84904571 2.90319355320102 78.64250437
11 84931500 4.30572616881429 78.75845331
11 85006812 1.54557573826216 78.87485366
11 85029965 5.42980607264717 79.00056991
11 85052992 5.14905979936596 79.11913731
11 85185157 0.897116483183899 79.2377047
11 85223963 3.27531824975519 79.36480673
11 85247389 5.54010928028686 79.49458934
11 85302066 2.2801635056788 79.61926183
11 85398026 1.33738015839933 79.74759682
11 85476555 1.76359816118886 79.88609042
11 85606528 1.06555669254384 80.02458403
11 85771451 0.677033524735786 80.13624245
11 85810220 2.45398643245892 80.23138105
11 85937536 0.83600961387414 80.3378185
11 85972950 2.15626588354888 80.41418053
11 86020099 1.60461727714268 80.48983667
11 86081075 1.15312418000525 80.56014955
11 86104476 3.21543523781035 80.63539396
11 86127709 3.50726552748246 80.71687821
11 86216179 0.960062167966542 80.80181488
11 86275817 1.55195177571347 80.89437019
11 86529130 0.395597541381611 80.99458016
11 86601297 1.41889644851525 81.09697767
11 86682554 1.23211661764525 81.19709581
11 86777318 0.98185492381073 81.29014034
11 86804163 3.46598994226113 81.38318487
11 86828285 3.56963352955808 81.46929156
11 86890387 1.20690799008083 81.544243
11 86912838 3.33844372188321 81.61919443
11 86950801 1.97432763480231 81.69414587
11 86989572 2.02743029583967 81.7727514
11 87027954 2.08626439476838 81.85282638
11 87058957 2.58281456633229 81.93290135
11 87082387 3.40268032437047 82.01262611
11 87104511 3.60354366299042 82.09235088
11 87147107 1.88243966569631 82.17253528
11 87194574 1.68926622706301 82.25271969
11 87223121 2.7592391494728 82.33148773
11 87279961 1.21959535538353 82.40080953
11 87301374 3.23364778405641 82.4700516
11 87364810 1.0842581499464 82.53883258
11 87403249 1.7893545617732 82.60761357
11 87427230 2.43880572119595 82.66609862
11 87450947 2.46595269216174 82.72458366
11 87477968 2.66961622441805 82.79671933
11 87520652 1.67732874144879 82.86831447
11 87574251 1.33575439840296 82.93990961
11 87600557 2.72162624496313 83.01150476
11 87624731 2.9616571523124 83.0830999
11 87691339 1.06527894547202 83.15405598
11 87712603 3.28310289691497 83.22386786
11 87767351 1.51397311317308 83.30675484
11 87813671 1.96118523316062 83.39759697
11 87844209 3.88444233414107 83.51622003
11 87933139 1.33389294951085 83.63484309
11 88018340 1.39227356486426 83.75346615
11 88047209 4.48022792614916 83.88280581
11 88072000 6.44491952724779 84.04258179
11 88092604 7.74111822947001 84.20207981
11 88204426 1.35594337429128 84.35370416
11 88275211 1.51316663134845 84.46081362
11 88387791 0.943205720376621 84.56699967
11 88435971 1.61485263594853 84.64480325
11 88457524 3.50209715584837 84.72028392
11 88557682 0.757289482617464 84.79613249
11 88617471 1.12379534697018 84.8633231
11 88641958 2.74392943194348 84.9305137
11 88689586 1.4107373813723 84.99770431
11 88733426 1.53245894160584 85.06488728
11 88765206 2.66837948395217 85.1496884
11 88922785 0.57003598195191 85.23951415
11 89047690 0.710554421360234 85.32826597
11 89105412 1.58707944977651 85.41987538
11 89219433 0.79999122968576 85.51109121
11 89260613 2.05098348712967 85.59555067
11 89303530 1.9913321061584 85.68101266
11 89363137 1.4337577801265 85.76647465
11 89396164 2.51803978562994 85.84963795
11 89490915 0.877596014817786 85.93279106
11 89522248 2.65385057287844 86.01594416
11 89613489 0.911356736554838 86.09909726
11 89651005 2.21647030600277 86.18225036
11 89683264 2.74594066772064 86.27083165
11 89708117 4.05701927332716 86.37166071
11 89797815 1.18139757854133 86.47762975
11 89870824 1.28391294224 86.57136693
11 89907416 2.56168561434193 86.6651041
11 89959938 1.80791097064087 86.76005925
11 89999908 2.37565924443332 86.85501439
11 90126264 0.843763651904144 86.961629
11 90157529 3.18797697105389 87.06130109
11 90202098 1.50748726693442 87.12848828
11 90242322 2.10334377486078 87.21309317
11 90307530 1.20320972886762 87.29155204
11 90391944 1.01506148269244 87.37723742
11 90415535 4.08529523971006 87.47361362
11 90768847 0.264935524409021 87.56721848
11 90905376 0.687235678866761 87.66104605
11 90939669 2.61033738663867 87.7505623
11 91095132 0.576045747219596 87.84011613
11 91134492 2.27524898373984 87.92966997
11 91199101 1.41340370536613 88.02098857
11 91231669 2.80393637926799 88.11230717
11 91275080 2.10358204141807 88.20362577
11 91463253 0.485639278748811 88.29500995
11 91483828 4.44151640340219 88.38639413
11 91524490 1.97973292017117 88.46689402
11 91548577 3.76256902063354 88.55752297
11 91569938 4.24273208183137 88.64815192
11 91602231 2.81757656458056 88.73913997
11 91662672 1.5819410664946 88.8347541
11 91703458 2.34428725543078 88.93036822
11 91727314 4.00796864520456 89.02598234
11 91811390 1.13723416908511 89.12159647
11 91897176 1.17625952952696 89.22250302
11 91983019 1.04029216127116 89.31180482
11 92016623 2.53599869063207 89.39702451
11 92041315 3.47128219666289 89.48273745
11 92079563 2.24097730600293 89.56845038
11 92106297 3.20916810054612 89.6542443
11 92150329 1.94844431322674 89.74003822
11 92176140 3.51793421409477 89.83083961
11 92199563 3.69938095034795 89.91749026
11 92265933 1.34005876148862 90.00642993
11 92317695 1.71824311270816 90.0953696
11 92520944 0.437807320085216 90.18435353
11 92582785 1.94110703255122 90.30439357
11 92614595 3.37275699465577 90.41168102
11 92712210 1.07334733391385 90.51645585
11 92748563 2.51227684097598 90.60778467
11 92804942 1.61990812181841 90.6991135
11 92931923 0.719791149857065 90.79051329
11 92982528 1.80614168560419 90.88191308
11 93007158 3.5676898091758 90.9697853
11 93044539 2.36002514646478 91.05800542
11 93104301 1.33660687393327 91.13788373
11 93165602 1.30305052119868 91.21776204
11 93210754 1.76909771438696 91.29764035
11 93237964 2.92512679162073 91.37723307
11 93258742 2.92088266435653 91.43792314
11 93302992 1.48268474576271 91.50353195
11 93344364 1.57923233104515 91.56886794
11 93511201 0.391569016465173 91.63419612
11 93586086 0.872380316485278 91.69952431
11 93606537 3.18685638844066 91.76469873
11 93630239 2.73042359294574 91.82941527
11 93739462 0.592517143825019 91.89413181
11 93777282 1.74970121628768 91.96030554
11 94074771 0.190663184184961 92.01702575
11 94103600 1.958555621076 92.07348894
11 94228478 0.452146895369881 92.12995213
11 94448742 0.256343297134348 92.18641532
11 94496234 1.18772635391224 92.24282278
11 94560903 0.877522460529775 92.2995713
11 94580909 2.64967509747076 92.35258069
11 94642615 0.852430881923962 92.40518082
11 94689615 1.11862127659574 92.45775605
11 94715801 2.00550294050256 92.51027216
11 94775374 0.934403169220956 92.56593741
11 95028686 0.229153770843861 92.62398479
11 95150279 0.478247925456235 92.68213634
11 95214006 0.816908060947479 92.73419539
11 95323503 0.444585696411774 92.78287623
11 95381284 0.805462003080597 92.82941662
11 95469182 0.529481899474391 92.87595701
11 95502333 1.67464028234442 92.93147306
11 95517203 3.7334229993275 92.9869891
11 95543179 2.99720126270403 93.0648444
11 95567878 3.80755496173934 93.15888719
11 95606369 2.44324127718168 93.25292998
11 95637161 3.0541309431021 93.34697277
11 95802210 0.56038449187817 93.43946365
11 95837864 2.59412408144949 93.53195453
11 95985524 0.653351618583232 93.62842842
11 96024175 2.509249437272 93.72541347
11 96074398 1.9328992692591 93.82248947
11 96235663 0.601981211050135 93.91956796
11 96285921 1.83851327151896 94.01196794
11 96322228 1.7932134299171 94.07707418
11 96421902 0.53196119349078 94.13009685
11 96454896 1.60704067406195 94.18311953
11 96479338 2.3971565338352 94.24171084
11 96515021 1.80191407673122 94.30600859
11 96609577 0.67999598121748 94.37030634
11 96699491 0.382049513980025 94.40465795
11 96780949 0.485274620049596 94.44418746
11 96820150 1.00837988826816 94.48371697
11 96858022 1.51959759188847 94.54126716
11 96908993 1.32524180416315 94.60881609
11 97062828 0.440133259661325 94.67652396
11 97096340 2.02040761518262 94.74423184
11 97162012 1.03191923498599 94.81200008
11 97200967 1.39377486843794 94.86629453
11 97225356 1.80989380458403 94.91043604
11 97254443 1.88003919276653 94.96512075
11 97291509 1.47533318944585 95.01980545
11 97391280 0.540447625061391 95.07372646
11 97484206 0.580257409121236 95.12764746
11 97602761 0.452729956560246 95.18132083
11 97641811 1.37567221510883 95.23504079
11 97669268 1.96077138798849 95.28887768
11 97758258 0.604976963703787 95.34271457
11 97788926 2.23985913655928 95.41140654
11 97843712 1.26543094951265 95.48073445
11 97883599 1.7381076541229 95.55006235
11 97906954 2.96843930635838 95.61939026
11 97935252 2.45048059933564 95.68873399
11 98000915 0.768135784231607 95.73917213
11 98025466 2.00506293022687 95.78839848
11 98152606 0.414422683655812 95.84108819
11 98174140 2.35107272220674 95.89171616
11 98207714 1.50795258235539 95.94234412
11 98242854 2.24337222538418 96.02117625
11 98314848 1.0949815262383 96.10000838
11 98352350 1.61705509039518 96.16065116
11 98373888 2.25739158696258 96.20927088
11 98394619 2.64988664319136 96.26420572
11 98470286 0.754215179668812 96.32127496
11 98501220 1.68827503717592 96.37350007
11 98541950 1.28194451264424 96.42571368
11 98593268 0.982374605401613 96.47612714
11 98633647 1.24850788776344 96.5265406
11 98689366 0.904781133904054 96.57695406
11 98732077 1.04931048207722 96.62177112
11 98758830 1.44145703285613 96.66033443
11 98859170 0.399828582818417 96.70045324
11 98921066 0.650764185084658 96.74073297
11 99031070 0.395337442274826 96.78422163
11 99084325 0.816612524645573 96.8277103
11 99129772 0.956910247101019 96.87119897
11 99160662 1.40697313046293 96.91466035
11 99292200 0.330617008012894 96.95814902
11 99396169 0.474268291509969 97.0074582
11 99480187 0.586888523887738 97.05676737
11 99529589 0.998121533541152 97.10607655
11 99668842 0.354097936848757 97.15538573
11 99693004 2.04077477030047 97.20469491
11 99720715 1.76599184439392 97.25363232
11 99756997 1.34808444958933 97.30254354
11 99779968 2.13011623351182 97.35147441
11 99831957 0.987164592509954 97.40279612
11 99868665 1.17683066361556 97.4459952
11 99910936 1.07177261006364 97.49130009
11 99932332 2.28709571882595 97.54023481
11 99962891 1.60131876043064 97.58916953
11 100011096 1.01513743387615 97.63810426
11 100032064 2.33378004578405 97.68703898
11 100067494 1.43585379621789 97.73791127
11 100087635 2.52580805322477 97.78878355
11 100131313 1.29797609780668 97.8454765
11 100152526 2.67898929901476 97.90230593
11 100164556 4.71646716541978 97.95904499
11 100199908 1.65656539941163 98.01760793
11 100241308 1.41458212560386 98.07617167
11 100262011 2.82875428681834 98.13473541
11 100348284 0.685259582951792 98.19385479
11 100450241 0.636113263434585 98.25871095
11 100498181 1.35498331247393 98.32366886
11 100523909 2.52691620024876 98.38868133
11 100551809 2.4124982078853 98.45599001
11 100634290 0.922624604454359 98.53208903
11 100730926 0.787480855995695 98.60818805
11 100768179 2.04276165677932 98.68428708
11 100788959 2.77601539942252 98.74197266
11 100814724 2.2389132544149 98.79965824
11 100837289 2.55641923332595 98.85734382
11 100880450 1.55514469080883 98.92446546
11 100903015 2.98127631287392 98.99173795
11 100949824 1.74588220214061 99.07346091
11 101000721 1.60565455724306 99.15518387
11 101088856 0.923692063311965 99.23659344
11 101114915 3.12404927280402 99.31800301
11 101155863 1.98812151997656 99.39941259
11 101195154 2.22832200758443 99.4869656
11 101243618 1.831724579069 99.57573832
11 101277612 2.48711243160558 99.66028521
11 101333187 1.49321997300945 99.74327092
11 101360482 2.53433595896684 99.81244559
11 101401318 2.02219365265942 99.89502385
11 101427888 3.39624388407979 99.9852621
11 101497443 1.26360146646539 100.0731519
11 101538111 1.60683338251205 100.1384986
11 101574968 1.57784952654855 100.1966534
11 101603322 2.15195034210341 100.2576698
11 101720696 0.519845962478914 100.3186862
11 101773238 1.16128811236725 100.3797026
11 101799978 2.28183994016455 100.440719
11 101869729 0.874648392137747 100.5017266
11 101987388 0.567750023372628 100.5685275
11 102074309 0.9187561118717 100.6483867
11 102100140 2.93945259571832 100.7243158
11 102121671 2.52452278110631 100.7786713
11 102146862 2.37976658330356 100.83862
11 102206507 0.919704920781289 100.8934758
11 102254371 1.08384798596022 100.9453531
11 102292633 1.05098269823846 100.9855658
11 102338022 0.885956949921787 101.0257785
11 102378089 1.08451843162702 101.0692318
11 102455618 0.605112925485947 101.1161456
11 102480403 1.89315311680452 101.1630675
11 102511812 1.49679391257283 101.2100802
11 102536651 1.80722653891058 101.25497
11 102567442 1.45788379721347 101.2998597
11 102603182 1.37515668718523 101.3490078
11 102635653 1.43683902559207 101.3956634
11 102666055 1.74436879152687 101.4486957
11 102752125 0.616153131172302 101.5017279
11 102784479 1.71641528095444 101.5572608
11 102822945 1.4793401965372 101.6141651
11 102847045 2.36117427385892 101.6710694
11 102873312 2.16335706399665 101.7278944
11 102934378 1.18899060033406 101.8005013
11 102981952 1.74792113339219 101.8836569
11 103007477 3.46718119490695 101.9721566
11 103015286 11.6159815597388 102.0628658
11 103068347 1.7095267710748 102.153575
11 103120186 1.27693049634445 102.2197698
11 103219634 0.754598383074572 102.2948131
11 103243510 3.12286396381303 102.3693746
11 103304846 1.19046237120125 102.4423928
11 103328484 2.98613672899569 102.5129791
11 103358645 2.397732170684 102.5852971
11 103379022 3.55021838347156 102.65764
11 103406494 2.63332847990681 102.7299828
11 103426923 2.3788242204709 102.7785798
11 103480933 1.24705795223107 102.8459334
11 103502000 3.74409265676176 102.9248102
11 103562010 1.31439426762206 103.0036869
11 103668223 1.02302919604945 103.1123459
11 103689077 5.20926920494869 103.2209801
11 103745368 1.86820095574781 103.326143
11 103767239 4.90253760687669 103.4333665
11 103779040 9.0859588170494 103.5405899
11 103804187 2.45542609456396 103.6023365
11 103827391 3.89511291156697 103.6927187
11 103992357 0.610948316622819 103.7935044
11 104066487 1.11413732631863 103.8760954
11 104095753 2.65597621813709 103.9538251
11 104128751 2.35608824777259 104.0315713
11 104163320 2.24901501345136 104.1093175
11 104186003 4.0254243265882 104.2006261
11 104237596 2.02579225863974 104.3051429
11 104400071 0.730268656716418 104.4237933
11 104437370 3.18106115445454 104.5424438
11 104493671 2.11322889469104 104.6614207
11 104529094 3.60696440165994 104.7891901
11 104578319 3.58263890299644 104.9655456
11 104599450 6.70694713927405 105.1072701
11 104624672 3.28828800253747 105.1902072
11 104681538 1.37635669820279 105.2684752
11 104713571 2.44335216807667 105.3467431
11 104734562 3.70673145633843 105.4245511
11 104756387 3.56508591065292 105.5023591
11 104776732 3.65126075202753 105.576644
11 104801220 3.03352254165305 105.6509289
11 104841193 1.85837690441048 105.7252137
11 105082281 0.310549674807539 105.8000835
11 105115876 2.22859949397232 105.8749533
11 105149164 2.24915284787311 105.9498231
11 105160059 7.19460302891235 106.0282083
11 105181625 3.59922099601224 106.1058291
11 105209496 3.14632772415773 106.1935204
11 105256158 2.45502121640736 106.3080767
11 105282616 4.66970292539119 106.4316276
11 105469045 0.662724146994298 106.5551786
11 105532097 1.95878798452071 106.6786841
11 105565466 4.29838173154724 106.8221167
11 105590798 5.66211511132165 106.9655494
11 105629294 3.36918900665004 107.0952497
11 105659230 3.9973844200962 107.2149154
11 105692412 3.50599722741245 107.3312513
11 105729430 4.23532065481658 107.4880344
11 105761760 4.8990875347974 107.6464219
11 105839745 1.75128422132461 107.7829957
11 105923613 1.06766585586875 107.8725388
11 105964095 1.71128649770268 107.9418151
11 105990867 2.9025287613925 108.0195216
11 106026712 2.18099595480541 108.0976993
11 106271801 0.333484162895928 108.1794327
11 106319358 1.70101562335723 108.2603279
11 106330114 7.52093715135738 108.3412231
11 106392020 1.1853536006203 108.4146036
11 106417182 2.75051267784755 108.4838121
11 106485352 0.877482763679038 108.5436301
11 106522872 1.43430170575693 108.5974451
11 106559561 1.27242770312628 108.6441292
11 106583909 1.91736898307869 108.6908134
11 106640039 0.785444503830394 108.7349003
11 106692761 0.00953886423125071 108.7354033
11 106745440 0 108.7354033
11 106796454 0 NA
11 106932443 0 108.7354033
