Chromosome Position(bp) Rate(cM/Mb) Map(cM)
18 652553 0 NA
18 795396 4.97217924574533 0.710241029
18 868580 2.1242539352864 0.865702404
18 911112 3.65580033856861 1.021190937
18 932115 7.32650573727563 1.175069569
18 960606 5.40095468744516 1.328948201
18 1014071 2.87811839521182 1.482826832
18 1070120 2.7454298917019 1.636705464
18 1113034 3.49832222584704 1.786832423
18 1177337 2.47098424645817 1.945724112
18 1224038 3.39971520952442 2.104494224
18 1325909 1.55886856907265 2.263297681
18 1358064 4.93868760690406 2.422101139
18 1384125 6.09372242047504 2.580909649
18 1448478 2.70379003309869 2.754906616
18 1553153 1.66225937425364 2.928903583
18 1642274 1.97420248875125 3.104846532
18 1693244 3.46743378457916 3.281581585
18 1714277 8.41110160224409 3.458492294
18 1760828 4.83962965349831 3.683781882
18 1801945 4.58323078045577 3.872230599
18 1801945 Inf 3.982766104
18 1837347 5.50369753121293 4.177607957
18 1952116 1.16993961784105 4.31188078
18 1972729 7.30176587590356 4.462392045
18 2015648 3.33313217922132 4.605446765
18 2076647 2.35544353186118 4.749126433
18 2132264 2.58279303090782 4.892773601
18 2159912 3.78569516782407 4.997440469
18 2188401 4.15402085015269 5.115784351
18 2236442 2.45705751337399 5.233823876
18 2278451 2.80986217239163 5.3518634
18 2310539 3.6786181750187 5.469902924
18 2409589 1.26158001009591 5.594862385
18 2443636 3.67020589185538 5.719821846
18 2464877 5.13101548891295 5.828809733
18 2565500 1.1216620454568 5.941674683
18 2646357 1.39585935664197 6.054539634
18 2677549 3.13059758912542 6.152189278
18 2753993 1.41866202710481 6.260637438
18 2784441 2.22312795585917 6.328327217
18 2824948 1.67106426049819 6.396016996
18 2854575 2.21099672595943 6.46152218
18 2881943 2.39349605378544 6.527027365
18 2907599 2.55321172435298 6.59253255
18 2932707 2.60893739047316 6.658037735
18 2999325 0.982326098051578 6.7234783
18 3039492 1.62864540543232 6.78889609
18 3073608 1.8869709227342 6.853271945
18 3104943 2.0669475027924 6.91803976
18 3136649 2.39990538068504 6.994131205
18 3233802 0.918648935184709 7.083380688
18 3275526 2.13904467452785 7.17263017
18 3327543 1.67570794163447 7.259795425
18 3376727 1.77084011060507 7.346892472
18 3430166 1.63014839349539 7.434005999
18 3457851 3.39465775690807 7.527987057
18 3743614 0.386498252048026 7.638433971
18 3769740 3.01562428232412 7.717220211
18 3876275 0.73953348664758 7.796006452
18 4117718 0.254260840032637 7.857395928
18 4201316 0.706762123495777 7.916479787
18 4238802 1.71330896868164 7.98070488
18 4276782 1.694813059505 8.045073844
18 4312675 1.79335803638592 8.109442807
18 4363203 1.27392732742242 8.173811771
18 4428953 0.979012927756654 8.238181864
18 4489809 1.32331076639937 8.318713277
18 4536421 1.72770531193684 8.399245046
18 4561863 3.25339988994576 8.482018095
18 4584495 3.6201970661011 8.563950362
18 4605444 3.91103632631629 8.645882629
18 4648488 1.90345460459065 8.727814896
18 4682446 2.41182342894163 8.809715574
18 4778472 0.862541395038844 8.89254194
18 4810529 2.58372274386249 8.975368307
18 4856090 2.5825662298896 9.093032565
18 4901425 3.62807764420426 9.257511458
18 4946376 4.1609330159507 9.4445496
18 5010603 2.91214131128653 9.631587742
18 5060714 3.32659296362076 9.798286634
18 5084096 3.72861602942434 9.88546916
18 5105059 4.71530315317464 9.984316011
18 5126659 3.55639814814815 10.06113417
18 5155775 2.7029983514219 10.13983469
18 5231157 1.14524156960548 10.22616526
18 5339556 0.796415096080222 10.31249582
18 5361424 4.63465337479422 10.41384639
18 5428508 1.35697781885397 10.50487791
18 5500777 1.2596203074624 10.59590942
18 5549190 1.880311073472 10.68694093
18 5610648 1.42151713365225 10.77430454
18 5640099 2.98036738990187 10.86207935
18 5675773 2.45058305768907 10.94950147
18 5711067 2.01245254150847 11.02052902
18 5773183 1.14346545173546 11.09155657
18 5846812 0.973433022314577 11.16322944
18 6140925 0.261106785487211 11.24002434
18 6171049 2.53168237949807 11.31628871
18 6191823 3.66685279676519 11.39246387
18 6219614 2.74100248281818 11.46863903
18 6251817 2.41305157904543 11.54634658
18 6302536 1.72230525049784 11.63370019
18 6323684 4.18116606771326 11.72212352
18 6343744 4.08561814556331 11.80408099
18 6368877 4.04225122349103 11.90567488
18 6411919 2.36034338553041 12.00726877
18 6452454 2.54498581472801 12.11042981
18 6473072 4.80330778931031 12.2094644
18 6494219 5.5305102378588 12.32641807
18 6514592 5.84693957689098 12.4455378
18 6540168 4.65747966843916 12.56465753
18 6572449 3.4737492642731 12.67679361
18 6592522 5.39377771135356 12.7850629
18 6627295 3.11360250769275 12.89333219
18 6661805 2.46005795421617 12.97822883
18 6723849 1.26967958223196 13.05700479
18 6747828 3.28520789023729 13.13578075
18 6788121 1.76018166927258 13.20670373
18 6830147 1.73325560367392 13.27954554
18 6864571 1.89174122705089 13.34466684
18 6904961 1.79623669225056 13.41721681
18 6932170 2.92312837664008 13.49675217
18 6984518 1.57936883930618 13.57942897
18 7032240 1.5470935836721 13.65325939
18 7069164 1.9995233452497 13.7270898
18 7094461 2.60659762027118 13.79302893
18 7150509 1.06546531544391 13.85274616
18 7177258 2.23250214961307 13.9124634
18 7201106 2.50179050654143 13.97212607
18 7246492 1.41867756576918 14.03651414
18 7301014 1.18051979017644 14.10087839
18 7355892 1.17027588468968 14.16510081
18 7393588 1.70265810696095 14.22928426
18 7436396 1.46453466641749 14.29197805
18 7520734 0.704741634850246 14.35141456
18 7571766 1.16710495375451 14.41097431
18 7597218 2.34007936507937 14.47053406
18 7635456 1.74096971598933 14.53710526
18 7670764 1.88544239265889 14.60367646
18 7691780 3.17719832508565 14.67044846
18 7755335 1.05773109904807 14.73767258
18 7785017 2.26481032275453 14.80489671
18 7806089 3.18358959757024 14.87198132
18 7834684 2.34650113656234 14.93907956
18 7879780 1.50831337590917 15.0070985
18 7971807 0.866421810990253 15.0868327
18 8002834 2.56983272633513 15.1665669
18 8027378 3.68219524119948 15.25694265
18 8066080 2.54933078393881 15.35560685
18 8095115 3.26260375408989 15.45033654
18 8129612 2.22029161956112 15.5269299
18 8160360 2.26135358397294 15.59646202
18 8200084 1.2405170677676 15.64574036
18 8228271 1.81608542945329 15.69693031
18 8254519 1.73164050594331 15.74238241
18 8292883 1.39128610155354 15.79575775
18 8315245 2.40772739468742 15.84959932
18 8361676 1.15960457452995 15.90344088
18 8389863 1.54706070174194 15.94704792
18 8418469 2.07553660071314 16.00642067
18 8451702 1.80562693708061 16.06642704
18 8474425 2.64127535976764 16.12644477
18 8543342 0.953281483523659 16.19214211
18 8679350 0.448664049173578 16.25316402
18 8716520 1.63680387409201 16.31400404
18 8755805 1.55107801960036 16.37493814
18 8798158 1.4387198073336 16.43587225
18 8865484 0.926284050738199 16.49823524
18 8910517 1.1293917793618 16.54909517
18 8982256 0.789323798770543 16.60572051
18 9009425 2.19960248812985 16.66548154
18 9031110 2.95904081162094 16.7296483
18 9066898 1.71196490443724 16.79091606
18 9092871 2.32297770761945 16.85125074
18 9121273 2.12431166819238 16.91158542
18 9215353 0.770877976190476 16.98410967
18 9239063 3.06647406157739 17.05681581
18 9276979 2.03922882160566 17.13413525
18 9405878 0.683415697561657 17.22222684
18 9450468 2.0754339538013 17.31477041
18 9488634 2.36725095634858 17.40511892
18 9516917 3.19444542658134 17.49546743
18 9540242 2.99259163987138 17.56526964
18 9583618 1.61253227591295 17.63521485
18 9607032 2.97388741778423 17.70484544
18 9652589 1.67414667339816 17.78111456
18 9691240 1.97327624123567 17.85738369
18 9722609 2.70591348146259 17.94226553
18 9743793 3.86782005287009 18.02420145
18 9788988 1.94818895895564 18.11224985
18 9857978 1.17186113929555 18.19309655
18 9882068 3.35602739726027 18.27394325
18 9905691 3.41419379418363 18.35459677
18 9939659 2.15081547338672 18.42765564
18 9969255 2.74058318691715 18.50876594
18 9993134 3.15393023158424 18.58407866
18 10031640 1.95586921518724 18.65939139
18 10065891 2.19635923038743 18.73461891
18 10107383 1.41828786272052 18.79346655
18 10201072 0.679560033728613 18.85713382
18 10247313 1.37715879846889 18.92081503
18 10279238 1.99802036021926 18.98460186
18 10305903 2.5226101631352 19.05186724
18 10341158 2.43325769394412 19.13765178
18 10488208 0.441177150629038 19.20252684
18 10520412 2.00741212271767 19.26717351
18 10552731 2.00026919149726 19.33182019
18 10606614 1.19939869717722 19.39644737
18 10638780 1.99474289622583 19.4606103
18 10661516 3.03545038705137 19.52962435
18 10743694 0.83716079729368 19.59842055
18 10778069 2.001344 19.66721675
18 10800242 3.10270148378659 19.73601295
18 10822358 3.11790106710074 19.80496848
18 10846983 2.856 19.87529753
18 10884825 1.93960414354421 19.94869601
18 10925959 1.78415179656732 20.02208533
18 10989533 1.16916349451033 20.09641371
18 11033534 1.68073907411195 20.1703679
18 11082461 1.51719296094181 20.2445996
18 11116326 2.24250406023919 20.32054196
18 11143247 1.3051223951562 20.35567712
18 11166506 1.50575691130315 20.39069951
18 11195391 1.35105764237493 20.42972477
18 11240538 0.86440516534875 20.46875004
18 11372442 0.288472677098496 20.50680071
18 11411126 0.984068348671285 20.54486844
18 11499360 0.43144026112383 20.58293616
18 11582091 0.460138279484111 20.62100389
18 11614426 1.17729086129581 20.65907162
18 11637587 1.6461206338241 20.69719745
18 11684396 0.814497212074601 20.73532328
18 11708388 1.58817939313104 20.77342692
18 11734627 1.45217424444529 20.81153056
18 11795082 0.629580679844512 20.8495919
18 11821430 1.52528465158646 20.88978008
18 11845128 1.44105831715757 20.9239303
18 11907285 0.574405135382982 20.9596336
18 11950846 0.917481233213195 20.99960003
18 12004191 0.941953322710657 21.04984855
18 12060184 0.905527476648867 21.10055172
18 12115609 0.781798827244023 21.14388289
18 12226542 0.542893458213516 21.20410765
18 12253256 2.24499887699334 21.26408054
18 12274642 2.80430655569064 21.32405344
18 12313214 1.56872601887379 21.38456236
18 12335767 2.66647452667051 21.44469935
18 12358305 2.7924483095217 21.50763559
18 12414030 1.2731179901301 21.57858013
18 12450149 1.6162712145962 21.63695827
18 12487243 1.82831724807246 21.70477789
18 12578668 0.807642329778507 21.77861656
18 12630081 1.26853908544532 21.843836
18 12677943 1.36265513350884 21.90905545
18 12718603 1.60401869158879 21.9742749
18 12739390 2.49110982825805 22.02605764
18 12902587 0.485281592186131 22.1052541
18 12943257 1.95607573149742 22.18480771
18 13017001 0.79813137339987 22.24366507
18 13066297 1.26109014930217 22.30583181
18 13092610 2.76639303766199 22.37862394
18 13154830 1.16991481838637 22.45141607
18 13195401 1.59717532227453 22.51621503
18 13233803 1.66208009999479 22.58004218
18 13262288 1.36763208706337 22.61899919
18 13303377 1.24082357808659 22.6699834
18 13353068 1.12030548791532 22.72565251
18 13411161 0.706389754359389 22.76668882
18 13442395 1.38646026765704 22.80999357
18 13794268 0.123069118687708 22.85329832
18 13812926 2.31142137420945 22.89642481
18 13856795 0.983566983519114 22.93957293
18 13929188 0.595271642285856 22.98266648
18 13964039 1.22558606639695 23.02537935
18 14014113 0.852060949794304 23.06804546
18 14035643 2.017919182536 23.11149126
18 14069857 1.26982521774712 23.15493706
18 14117250 0.916713438693478 23.19838286
18 14140446 1.87298672184859 23.24182865
18 14164337 1.81850069063664 23.28527445
18 14258295 0.462395964154197 23.32872025
18 14315190 0.76361367431233 23.37216605
18 14357607 1.02425442629135 23.41561185
18 14460321 0.422978367116459 23.45905764
18 14584510 0.349836136855921 23.50250344
18 14935085 0.123927262354703 23.54594924
18 14985993 0.915309970927948 23.59254586
18 15015810 1.54311298923433 23.63855683
18 15045525 1.85542655224634 23.69369086
18 15143758 0.650667291032545 23.75760791
18 15169689 2.03660483591069 23.8104191
18 15216010 1.38528745061635 23.87458696
18 15333913 0.542460327557399 23.93854463
18 15457895 0.58300317788066 24.01082656
18 15537825 1.06655198298511 24.09607607
18 15574419 2.32960321364158 24.18132557
18 15747856 0.46983112023386 24.26281169
18 15772400 1.9750529661017 24.31128741
18 15821257 0.990642077900813 24.35968724
18 15867971 1.27893136961082 24.4194312
18 15913293 1.31927540708707 24.47922339
18 15965072 1.15475772031132 24.53901559
18 16200001 0.254511788668066 24.59880779
18 16294087 0.634349424994154 24.65849119
18 16317150 2.84557949963144 24.7241188
18 16339724 3.33539913174448 24.79941209
18 16373663 2.24282388992015 24.87553132
18 16423290 1.53918633002196 24.9519165
18 16450635 2.81659901261657 25.02893644
18 16531156 0.886224711565927 25.10029613
18 16590766 1.29395235698708 25.17742859
18 16605332 3.57525058355073 25.2295057
18 16629774 2.25214385074871 25.2845526
18 16645364 3.50124438742784 25.339137
18 16671545 2.09503838661625 25.3939872
18 16741656 0.729265022607009 25.44511673
18 16771749 1.69904961286678 25.49624627
18 16803994 1.58593580400062 25.54738474
18 16835736 2.3515468464495 25.62202751
18 16904338 1.08805574181511 25.69667027
18 16926728 2.93678427869585 25.76242487
18 16948160 1.2267030608436 25.78871552
18 16983783 0.738329169356876 25.81501705
18 17033411 0.64333843797856 25.84694465
18 17095391 0.527003872216844 25.87960838
18 17170843 0.401893919312941 25.90993204
18 17231296 0.779132549253139 25.95703293
18 17255531 2.00113884877244 26.00553051
18 17279408 2.03114294090547 26.05402808
18 17316093 1.29242197083277 26.10144054
18 17354603 1.2311737211114 26.14885301
18 17388848 1.39853993283691 26.19674604
18 17431127 1.19788310981811 26.24739134
18 17474962 1.18575111212501 26.29936875
18 17513910 1.56985467803225 26.3605114
18 17594328 0.888246412494715 26.43194239
18 17751116 0.462229252238692 26.50441437
18 17910918 0.453596325452748 26.57689992
18 17994908 0.749958328372425 26.63988888
18 18015282 3.08170707764798 26.70267563
18 18035776 3.06213525910022 26.76543101
18 18050110 4.38283800753453 26.82825459
18 18077073 2.32999295330638 26.89107817
18 18109466 1.98309511314173 26.95531653
18 18134944 2.96500117748646 27.0308588
18 18156426 3.3914439996276 27.10371382
18 18185722 2.45847555980339 27.17573735
18 18212255 2.07531376022312 27.23080166
18 18262335 1.0995267571885 27.28586596
18 18286107 2.21214453979472 27.33845309
18 18319336 1.58256643293509 27.39104022
18 18365905 1.24304795035324 27.44892767
18 18423609 1.00318002218217 27.50681512
18 18487233 0.936043002640513 27.56636996
18 18510710 2.53672956510627 27.62592481
18 18659338 0.541952391204887 27.70647408
18 18682829 3.82820654718828 27.79640247
18 18734232 1.88282395969107 27.89318527
18 18771738 2.18684210526316 27.97520501
18 18798128 3.10798408488064 28.05722474
18 18826600 2.87667884237145 28.13912951
18 18905575 1.03709781576448 28.22103428
18 18945056 1.19756338491933 28.26831525
18 18982123 0.943612917150025 28.30329212
18 19018396 0.966542607449067 28.33835152
18 19044032 1.3869636448744 28.37390777
18 19081883 0.98961718316557 28.41136573
18 19104084 1.687221296338 28.44882369
18 19131940 1.37627082136703 28.48716106
18 19171988 1.09424440671195 28.53098334
18 19218441 1.07213958194304 28.58078748
18 19318313 0.498679309516181 28.63059161
18 19398415 0.791192479588525 28.69396774
18 19428989 2.17152482501472 28.76035989
18 19459289 2.60418811881188 28.83926683
18 19508404 1.60657436628321 28.91817378
18 19604393 0.836470845617727 28.99846579
18 19742684 0.656015937407351 29.0891869
18 19795449 1.50533308064058 29.16861583
18 19823147 2.80633258719041 29.24634567
18 19844264 3.4840223516598 29.31991777
18 19884204 1.32495242864296 29.37283638
18 20050367 0.346903943717916 29.43047897
18 20096688 1.23940761209818 29.48788954
18 20144413 1.35725091671032 29.55266432
18 20281617 0.513866213813008 29.62316878
18 20324150 1.65764230127195 29.69367324
18 20425612 0.771702706431965 29.77197175
18 20581279 0.502987145637804 29.85027025
18 20630998 1.57482049116032 29.92856876
18 20659854 2.70606113113391 30.00665487
18 20783780 0.630102641899198 30.08474097
18 20841496 1.40387760759581 30.16576721
18 20940444 0.849540162509601 30.2498275
18 20971908 2.67336956521739 30.33394236
18 21107644 0.639139211410385 30.42069655
18 21130460 3.8023404628331 30.50745075
18 21144478 6.18877157939792 30.59420494
18 21231877 0.992622341216719 30.68095913
18 21391728 0.596679407698419 30.77633898
18 21429894 2.49907771314783 30.87171883
18 21454669 3.84984056508577 30.96709868
18 21483055 2.848263228352 31.04794948
18 21505378 2.89065985754603 31.11247767
18 21526342 3.13216943331425 31.17814047
18 21555192 2.27600693240901 31.24380327
18 21596766 1.57941982970126 31.30946608
18 21636399 1.19723210455933 31.35691594
18 21698312 1.00827128389837 31.41934106
18 21791294 0.774785442343679 31.49138213
18 21817413 2.6220222826295 31.55986673
18 21851964 1.98213076321959 31.62835134
18 21876857 2.78681958783594 31.69772363
18 21915772 1.4628420917384 31.75465015
18 21986362 0.923255418614535 31.81982272
18 22046440 0.940440760344885 31.87632253
18 22124977 0.854504246406153 31.94343272
18 22180079 1.26160211970527 32.01294955
18 22223573 1.8786453303904 32.09465933
18 22262925 2.10122230128075 32.17734664
18 22302876 1.94406147530725 32.25501385
18 22433834 0.86008033109852 32.36764828
18 22467184 2.94637181409295 32.46590982
18 22522006 1.40764656524753 32.54307982
18 22533858 6.60675835302059 32.62138311
18 22610518 1.03924863031568 32.70105193
18 22652288 1.65198228393584 32.7700552
18 22683964 2.43571789367344 32.84720905
18 22781994 0.777759869427726 32.92345284
18 22812823 2.38246780628629 32.99690194
18 22880098 1.13669862504645 33.07337332
18 22949483 0.803058297903005 33.12909355
18 22970427 3.30440699006875 33.19830109
18 23002641 2.14836716955361 33.26750862
18 23048837 1.52691791497099 33.33804614
18 23084520 1.92084746237704 33.40658778
18 23121882 1.82790268186928 33.47488183
18 23149932 2.43472727272727 33.54317588
18 23178646 2.88508741380511 33.62601824
18 23256421 1.06765541626487 33.70905515
18 23288724 2.4984583475219 33.78976282
18 23351423 1.330791559674 33.87320209
18 23361891 4.89768819258693 33.92447108
18 23393354 1.95177192257572 33.98587972
18 23413668 3.05472580486364 34.04793341
18 23483569 0.86419364529835 34.10834137
18 23542928 1.016223319126 34.16866336
18 23553219 4.96066465843941 34.21971354
18 23586682 1.80967934733885 34.28027083
18 23613111 2.27266260547126 34.34033501
18 23659324 1.29972518555385 34.40039919
18 23687263 2.15328394001217 34.4605598
18 23717174 1.24703620741533 34.49785992
18 23765830 0.841996876027623 34.53882816
18 23803098 1.03295857035526 34.57732445
18 23839825 1.04817436763144 34.61582073
18 23873225 1.13455389221557 34.6537148
18 23889621 2.31117955598927 34.69160887
18 23947747 0.651930289371366 34.72950294
18 24016526 0.548943718286105 34.76725875
18 24083870 0.56093787122832 34.80503455
18 24121305 1.01678642981167 34.8430979
18 24150883 1.42970112921766 34.88538557
18 24203949 0.854726190027513 34.93074242
18 24245645 1.08734650805833 34.97608037
18 24277249 1.43456524490571 35.02141832
18 24391910 0.395409075448496 35.06675627
18 24413895 1.73439163065727 35.10488692
18 24514845 0.404933135215453 35.14576495
18 24542356 1.48111664425139 35.18651193
18 24655887 0.361228210797051 35.22752252
18 24699846 0.934786960576901 35.26861483
18 24779706 0.527345354370148 35.31072867
18 24815706 1.15906666666667 35.35245508
18 24898861 0.501790631952378 35.39418149
18 24940804 0.995813365758291 35.43594893
18 24964554 1.274 35.46620648
18 25008251 0.973458132137218 35.50874371
18 25053569 1.06358841961252 35.55694337
18 25109592 0.868179140710066 35.6055814
18 25145458 1.70230859309653 35.66663643
18 25263618 0.627940081245768 35.74083383
18 25390296 0.577763305388465 35.81402369
18 25452652 1.17537686830457 35.88731548
18 25505844 1.04232591367123 35.9427589
18 25543183 1.0888722247516 35.98341631
18 25571975 1.18862531258683 36.01763922
18 25602368 1.26369887803113 36.05604684
18 25628544 1.45537897310513 36.09414282
18 25661674 1.19226079082403 36.13364241
18 25684259 1.73343812264777 36.17279215
18 25750452 0.40481470850392 36.19958809
18 25825910 0.445901031037133 36.23323487
18 25899472 0.457393763084201 36.26688165
18 25963150 0.503929143503251 36.2989709
18 26026577 0.499120248474624 36.33062865
18 26047608 1.50528743283724 36.3622864
18 26149177 0.311686636670638 36.39394415
18 26197147 0.660195955805712 36.42561376
18 26230993 0.93569698044082 36.45728337
18 26252432 1.54193759037269 36.49034097
18 26273784 1.48778568752342 36.52210817
18 26295597 1.45762160179709 36.55390327
18 26320830 1.45004161217453 36.59049213
18 26379051 0.628448497964652 36.627081
18 26442331 0.619574905183312 36.66628766
18 26476697 1.24608624803585 36.70911066
18 26500840 1.77372323240691 36.75193365
18 26545207 0.981175197782135 36.79546542
18 26572062 1.86346304226401 36.84550874
18 26669601 0.531624273367576 36.89736285
18 26708414 1.43179347125963 36.95293502
18 26736017 2.07002137448828 37.01007381
18 26757520 2.63209319629819 37.06667173
18 26784519 1.27979554798326 37.1012249
18 26815227 1.16191871824932 37.13690505
18 26884007 0.518758359988369 37.17258521
18 26911688 1.26754813771179 37.20767223
18 26964827 0.666149155987128 37.24307075
18 26996637 1.11281043696951 37.27846927
18 27034659 0.940949976329493 37.31424609
18 27057109 1.6766859688196 37.35188773
18 27147855 0.414801754347299 37.38952937
18 27193722 0.820927900233283 37.42718288
18 27285021 0.526016714312314 37.47520768
18 27360956 0.718098373609008 37.52973653
18 27440587 0.819222413381723 37.59497203
18 27466718 2.51629099536948 37.66072519
18 27489227 2.92119596605802 37.72647835
18 27556941 1.05466077915941 37.79789366
18 27873728 0.225962555281625 37.86947571
18 27938774 1.16284475601882 37.94511415
18 28048779 0.711939457297395 38.02343107
18 28122450 1.07289299724451 38.10247216
18 28195018 1.07513504575019 38.18049257
18 28233472 1.39525146928798 38.23414558
18 28333748 0.594297738242451 38.29373939
18 28396317 0.952484457159296 38.35333537
18 28491643 0.51710236451755 38.40262872
18 28517008 1.97210723437808 38.45265122
18 28578825 0.878996069042496 38.50698814
18 28618867 1.40633085260477 38.56330046
18 28643455 2.31751667480072 38.62028351
18 28752167 0.523405879755685 38.67718405
18 28908736 0.363421239198053 38.73408459
18 28989050 0.708475483726374 38.79098514
18 29016392 3.0077975276132 38.87322431
18 29091322 1.09754704390765 38.95546348
18 29138185 2.23220024326227 39.06007112
18 29200440 1.68302626295077 39.16484788
18 29271888 1.21819505094614 39.25188545
18 29298380 2.2757360712668 39.31217429
18 29324758 2.49484039730078 39.37798317
18 29364850 1.74452758655093 39.44792475
18 29467609 0.715328097782189 39.52143112
18 29524292 1.2967979817582 39.5949375
18 29576686 1.57809672863305 39.67762025
18 29605571 1.59780855115112 39.72377296
18 29649247 1.35582928839637 39.78299016
18 29694322 1.42478757626179 39.84721242
18 29781176 0.869220761277546 39.92270768
18 30150881 0.219414668451874 40.00382634
18 30210144 1.36879165752662 40.084945
18 30505094 0.283155789116799 40.16846181
18 30599230 0.887181312144132 40.25197755
18 30708048 0.744397985627378 40.3329814
18 30772769 1.25158603853463 40.41398526
18 30824413 1.56850553791341 40.49498911
18 31114699 0.279723445154089 40.57618891
18 31174767 1.35179796230938 40.6573887
18 31291177 0.696450476763165 40.73846252
18 31481593 0.425771993950088 40.81953633
18 31620559 0.652249471093649 40.91017681
18 31712630 1.15957358994689 41.01693996
18 31819456 0.999411192031902 41.1237031
18 31861920 2.37457375659382 41.22453704
18 31910454 2.29705567231219 41.3360223
18 31970154 1.86742546063652 41.44750756
18 32025427 2.02007851934941 41.55916334
18 32127979 0.695855760979796 41.6305247
18 32192982 0.768101472239743 41.68045357
18 32225426 1.58642584144988 41.73192355
18 32330449 0.509979718728279 41.78548316
18 32401714 0.751555462007998 41.83904277
18 32449261 1.13052137884619 41.89279564
18 32509462 0.892890483546785 41.94654851
18 32640962 0.50026463878327 42.01233335
18 32672874 2.06083604913512 42.0780987
18 32712570 1.67640064490125 42.14464514
18 32771279 1.35449931015688 42.22416647
18 32809799 2.25023104880582 42.31084538
18 32901844 1.00769514911185 42.40359866
18 32963250 1.51049246002019 42.49635195
18 32990370 2.37782817109145 42.5608386
18 33052182 1.19893224616579 42.63494704
18 33146982 0.78173417721519 42.70905549
18 33190572 1.70012388162423 42.78316393
18 33254955 1.15105540282373 42.85727238
18 33332355 0.922926356589147 42.92870683
18 33388109 1.26792517128816 42.99939878
18 33418877 2.50694877795112 43.07653256
18 33442405 3.27838320299218 43.15366635
18 33478747 2.71336470199769 43.25227545
18 33516537 3.01163270706536 43.36608509
18 33540904 4.94529896991833 43.48658719
18 33594599 2.15878759661049 43.60250324
18 33625498 2.61055373960322 43.68316673
18 33654608 2.02326691858468 43.74206398
18 33679712 1.96256771829191 43.79133229
18 33689480 4.20808763308763 43.83243689
18 33731026 1.04254079815145 43.87575028
18 33765822 0.83324520059777 43.90474385
18 33798563 1.1469777954247 43.94229709
18 33821031 1.67140822503116 43.97985034
18 33868226 0.85357982837165 44.02013504
18 33903606 1.13862916902205 44.06041974
18 33930881 1.47385517873511 44.10061918
18 33969016 1.06647436737905 44.14128918
18 34008640 0.966674237835655 44.17959265
18 34041314 1.03698047377119 44.21347498
18 34095028 0.634221990542503 44.2475416
18 34130165 0.969536386145658 44.28160822
18 34201812 0.646282468212207 44.32791243
18 34226197 1.89888045929875 44.37421664
18 34260554 1.23019472014437 44.4164824
18 34308555 1.00236036749234 44.46459668
18 34337518 1.86676103994752 44.51866366
18 34385627 1.1238437714357 44.57273065
18 34435590 1.21389027880632 44.63338028
18 34507746 0.837556128388492 44.69381496
18 34546471 1.57188637830859 44.75468622
18 34674118 0.429823654296615 44.80955191
18 34697262 1.76304009678534 44.85035574
18 34758872 0.659586106151599 44.89099284
18 34821089 0.505466351640227 44.92244141
18 34849808 1.09504509209931 44.95388999
18 34873378 1.3342638947815 44.98533856
18 34908512 0.895104457220926 45.01678713
18 34965639 0.550503264655942 45.0482357
18 35011221 0.689934623316221 45.07968427
18 35044109 0.956233276575043 45.11113285
18 35099049 0.572417182380779 45.14258142
18 35193051 0.334552456330716 45.17402999
18 35235480 0.748992434419854 45.20580898
18 35269352 1.15885982522437 45.24506184
18 35299173 1.25779819590222 45.28257063
18 35379129 0.596514332883086 45.33026549
18 35406541 1.82688238727565 45.38034399
18 35428152 2.12115126555921 45.42618423
18 35460994 0.989613909018939 45.45868513
18 35515593 0.704359054195132 45.49714247
18 35639256 0.368103636495961 45.54266332
18 35671033 1.41200868552727 45.58753271
18 35707562 1.22832270251033 45.6324021
18 35751599 1.02076208642732 45.6773534
18 35797523 0.978819353714833 45.72230469
18 35846274 0.688929457857275 45.75589068
18 36020935 0.217892946908583 45.79394813
18 36053069 0.960201033173586 45.82480323
18 36081428 1.08801791318453 45.85565833
18 36182361 0.314991132731614 45.88745138
18 36467776 0.111392183312019 45.91924442
18 36657423 0.167643042072904 45.95103747
18 36724747 0.472238726160062 45.98283052
18 36768945 0.719331191456627 46.01462357
18 36812511 0.729766331542946 46.04641662
18 36858873 0.73502653034813 46.08049397
18 36889474 1.21410084637757 46.11764666
18 36928076 0.962455313196208 46.15479934
18 36958987 1.14172624632008 46.19009125
18 37009256 0.702037040720921 46.22538195
18 37040733 1.12115830606475 46.26067264
18 37062814 1.5741904805036 46.29543233
18 37094127 1.24756810270495 46.33449747
18 37170970 0.508375518915191 46.3735626
18 37203157 1.21369186317457 46.41262774
18 37295096 0.399820533179608 46.44938682
18 37335435 1.12690944247502 46.49484523
18 37380323 1.2434615041882 46.55066176
18 37436509 0.991766632257146 46.60638511
18 37470560 1.7030836098793 46.66437681
18 37527412 1.02004678815169 46.7223685
18 37566458 1.16604261640117 46.76789776
18 37619245 0.900212173451797 46.81541727
18 37657605 1.2294968717414 46.86258077
18 37700680 1.10203598374927 46.91005094
18 37743151 1.11824303642485 46.95754385
18 37801690 0.944939271255061 47.01285967
18 37832231 1.86902851903998 47.06994165
18 37851682 2.93465631587065 47.12702364
18 37902039 1.39233671584884 47.19713758
18 37962101 1.07320602044554 47.26159648
18 37993917 2.28717312044254 47.33436516
18 38020276 2.76067756743427 47.40713385
18 38194872 0.489806753877523 47.49265214
18 38230069 2.58165184532773 47.58351857
18 38267153 2.45024538884694 47.67438348
18 38345788 1.32023399249698 47.77820005
18 38411637 0.927437014988838 47.83927089
18 38487113 0.715504266256823 47.89327426
18 38524013 1.45528184281843 47.9469742
18 38554152 1.78174126546999 48.00067414
18 38622933 0.780737412948343 48.05437408
18 38681894 0.910769830905175 48.10807402
18 38716861 1.65799182085967 48.16604898
18 38749636 1.76887871853547 48.22402394
18 38792341 1.3171057253249 48.28027093
18 38992548 0.305144675261105 48.34136305
18 39068760 0.801607358421246 48.40245516
18 39111327 1.76116005356262 48.47742248
18 39132118 3.60575729883123 48.55238979
18 39344592 0.339194442614155 48.62445978
18 39385561 1.75913495569821 48.69652977
18 39414004 2.21974475266322 48.75966601
18 39440689 2.43709574667416 48.82469992
18 39467461 1.5281562826834 48.86561171
18 39488321 1.94050814956855 48.90609071
18 39592965 0.432824624440962 48.95138322
18 39636977 1.13716713623557 49.00143219
18 39658283 2.31755374073031 49.05081002
18 39689563 1.57857416879795 49.10018785
18 39724825 1.34545402983382 49.14763127
18 39767356 1.2256048529308 49.19975744
18 39825425 0.945940174619849 49.25468722
18 39905828 0.683180975834235 49.30961699
18 39941491 1.39405265961921 49.35933304
18 39980955 1.25978360024326 49.4090491
18 40021961 0.91886065453836 49.44672793
18 40088744 0.561198209125077 49.4842064
18 40109401 2.11568475577286 49.5279101
18 40219814 0.400969088784835 49.57218227
18 40243555 1.86839223284613 49.61653981
18 40289116 0.973167840916573 49.66087831
18 40327339 1.25275619391466 49.70876245
18 40364426 1.39701243023162 49.76057349
18 40392321 2.02137300591504 49.81695974
18 40550269 0.356992174639755 49.87334598
18 40573511 1.69337836674985 49.91270346
18 40598037 1.60472559732529 49.95206093
18 40674918 0.61770658550227 49.99955087
18 40702188 1.74147048038137 50.0470408
18 40730366 1.86529916956491 50.0996012
18 40763815 1.57892612634159 50.15241468
18 40819008 1.00794484807856 50.20804614
18 40852925 1.57209069198337 50.26136672
18 40913037 1.00494077721586 50.3217757
18 40939225 2.430166488468 50.38541688
18 40973110 2.24758447690719 50.46157626
18 41041297 1.11691964744013 50.53773565
18 41075228 2.24453744363561 50.61389504
18 41112967 2.01805559235804 50.69005443
18 41146844 2.3184874693745 50.76859786
18 41180952 2.30715081505805 50.84729019
18 41391080 0.424913386126551 50.93657635
18 41453120 1.48868149580916 51.0289341
18 41475285 3.52135348522445 51.10698495
18 41508134 2.49742762336753 51.18902292
18 41642657 0.609843669855712 51.2710609
18 41718455 1.08352331196074 51.35318982
18 41747902 2.78904132848847 51.43531874
18 41792041 1.86118398695032 51.51746951
18 41859956 1.48187881911213 51.61811131
18 41890501 3.31427074807661 51.71934573
18 41965150 1.40417554153438 51.82416602
18 42045503 1.41203315370926 51.93762712
18 42081243 3.42758533855624 52.06012906
18 42105153 5.12513592639063 52.18267106
18 42197118 1.22606426357854 52.29542609
18 42258193 1.84929021694638 52.40837154
18 42285971 4.11159910720714 52.52258357
18 42312455 4.43721492221719 52.64009876
18 42341268 3.97976260715649 52.75476765
18 42391714 2.27310193077747 52.86943654
18 42412910 4.37059822608039 52.96207578
18 42468232 1.99626911536098 53.07251337
18 42508672 2.73090009891197 53.18295096
18 42555126 2.37651440134326 53.29334958
18 42598904 2.52153136278496 53.40373719
18 42652623 2.05582196243415 53.51417392
18 42673658 5.58344663655812 53.63162169
18 42703808 3.97583747927031 53.75149323
18 42743662 3.56627691072414 53.89362366
18 42771784 5.05406443353958 54.0357541
18 42800387 4.96907317414257 54.17788454
18 42928748 1.10727090003973 54.32001498
18 42996010 2.40553953197942 54.48181633
18 43157279 1.02530926588495 54.64716694
18 43209180 1.93438854742683 54.74756367
18 43231017 6.1298346842515 54.88142082
18 43300251 1.71364647427564 55.00006346
18 43332105 3.37004143906574 55.10741273
18 43397913 1.63125 55.214762
18 43418481 4.94867269544924 55.31654625
18 43444538 4.22933952488775 55.42675016
18 43496159 2.13753898607156 55.53709206
18 43521117 4.42110345380239 55.64743397
18 43556735 3.69747880285249 55.77913072
18 43597221 4.35334683594329 55.95538028
18 43723768 1.46107691213541 56.14027519
18 43744539 8.85725290067883 56.32424916
18 43765329 8.69332852332852 56.50498344
18 43818380 3.40740796591959 56.68574981
18 43864001 1.54616295127244 56.75628735
18 43903657 1.72726447448053 56.82478373
18 43936602 2.24883593868569 56.89887163
18 43968254 2.37773284468596 56.97413159
18 44007880 1.899258062888 57.04939155
18 44037934 2.75686098356292 57.13224625
18 44100679 1.32049884452944 57.21510095
18 44160271 1.40449221371996 57.29879745
18 44191681 2.52997453040433 57.3782639
18 44225793 2.59569066604128 57.4668081
18 44252537 3.31080616212982 57.5553523
18 44323486 1.24799785761603 57.6438965
18 44360841 1.75035738187659 57.70928115
18 44459067 0.887112373505996 57.79641862
18 44526331 1.29545522121789 57.88355609
18 44608619 1.05902683258798 57.97070128
18 44647379 1.31600103199174 58.02170948
18 44890770 0.329043801948305 58.10179576
18 44999448 0.773145438819264 58.18581964
18 45053855 0.992361277041557 58.23981108
18 45235047 0.322380127157932 58.29822378
18 45283014 1.21796234911502 58.35664576
18 45568900 0.204354183135935 58.41506774
18 45680621 0.522927650128445 58.47348972
18 45789853 0.53494305697964 58.53192261
18 45810571 2.31121247224636 58.5798063
18 45843948 1.46134463852353 58.6285816
18 45874241 1.65752814181494 58.67879305
18 45909049 1.49423408411859 58.73080439
18 45936015 1.92877327004376 58.78281574
18 45962440 1.96826111636708 58.83482708
18 46008831 1.12115065422172 58.88683842
18 46042805 1.53091481721316 58.93884977
18 46074440 1.64554449186028 58.99090658
18 46098110 2.19927334178285 59.0429634
18 46151119 0.982404874643928 59.0950397
18 46176270 2.07054590274741 59.14711601
18 46231726 0.950694244085401 59.19983768
18 46276728 1.43206968579174 59.26428372
18 46363610 0.909127322115053 59.34327055
18 46396888 2.37354408317808 59.42225737
18 46424023 3.04320987654321 59.50483488
18 46454259 2.10072760947215 59.5683525
18 46459862 11.4028734606461 59.63224276
18 46490303 1.61775565848691 59.68148885
18 46510336 2.95198921779065 59.74062605
18 46569071 1.11079765046395 59.80586878
18 46637606 0.9519617713577 59.8711115
18 46687258 1.22466567308467 59.93191863
18 46727067 1.72203773016152 60.00047123
18 46747438 3.28015806784154 60.06729134
18 46783396 1.5496329050559 60.12301301
18 46865748 0.73911866135613 60.18388092
18 46899428 1.80724168646081 60.24474882
18 46961882 0.919257373426842 60.30216014
18 46987640 1.67751766441494 60.34536965
18 47020157 1.46344681243657 60.39295652
18 47066736 0.954434401769038 60.43741314
18 47099464 1.35836592520166 60.48186976
18 47250898 0.293982196864641 60.52638861
18 47362167 0.400101555689365 60.57090747
18 47423355 0.727575668431719 60.61542633
18 47494831 0.622851026918126 60.65994519
18 47515425 1.43049431873361 60.68940476
18 47573322 0.628583519007893 60.72579786
18 47624843 0.638211603035655 60.75867916
18 47653295 1.27951637846197 60.79508391
18 47752151 0.388928340212026 60.83353182
18 47775056 1.6785810958306 60.87197974
18 47814171 1.0106046273808 60.91150953
18 47859084 0.881419633513682 60.95109675
18 47884871 1.26652189087525 60.98375653
18 47905510 1.58243131934687 61.01641632
18 47927237 1.58247802273669 61.05079877
18 47948395 1.62503544758484 61.08518122
18 47994061 0.811115490737091 61.12222165
18 48017744 1.71693619896128 61.1628839
18 48048617 1.3551744242542 61.20472224
18 48076710 1.83855408820703 61.25637271
18 48109540 1.72876941821505 61.31312816
18 48132484 2.49663964435146 61.37041101
18 48239985 0.532859229216472 61.42769387
18 48272264 1.95238390284705 61.49071489
18 48351248 0.949274536615011 61.56569236
18 48454284 0.726910012034629 61.64059025
18 48480775 2.83702766977464 61.71574591
18 48527566 1.47780983522472 61.78489416
18 48545897 2.84218536904697 61.83699422
18 48552506 8.8394310788319 61.89541407
18 48610254 1.06123675278798 61.95669839
18 48648276 1.33808847509337 62.00757524
18 48672565 2.10268845979662 62.05864741
18 48713710 1.34307935350589 62.11390842
18 48762634 1.01823031640912 62.16372432
18 48819879 0.87022272687571 62.21354023
18 48840710 2.77605491815083 62.27136823
18 48897136 1.06157267926133 62.33126849
18 49125312 0.265345172147816 62.3918139
18 49154043 2.14415439768891 62.45341765
18 49175545 2.31522649055902 62.50319967
18 49254459 0.829833743062068 62.56868512
18 49340573 0.74405903801937 62.63275901
18 49385158 1.4394101155097 62.6969351
18 49417728 1.97040528093337 62.76111118
18 49440743 2.20121225287856 62.81177213
18 49491061 0.714944950117254 62.84774673
18 49652794 0.269327224499638 62.89130578
18 49690710 1.18994619685621 62.93642383
18 49842916 0.319633260186852 62.98507398
18 49884793 1.16173794684433 63.03372412
18 49955316 0.689847283864838 63.08237427
18 49984203 1.68618409665247 63.13108304
18 50004821 2.36244058589582 63.17979181
18 50077230 0.667589664268254 63.22813131
18 50109326 1.50609110169492 63.27647082
18 50187257 0.648197764689276 63.3269855
18 50307933 0.418580330803142 63.37749814
18 50343060 1.52679135707575 63.43112974
18 50388821 1.161248661524 63.48426964
18 50412082 2.59895103391944 63.54472386
18 50449665 1.6105686081473 63.60525381
18 50470750 2.33969172397439 63.6545862
18 50516134 1.23978494623656 63.71085256
18 50535377 2.92399314036273 63.76711891
18 50593033 1.1255307340086 63.8320125
18 50833195 0.287114531024892 63.90096654
18 50871708 1.83504530937606 63.97163959
18 50898271 2.37037608703836 64.03460392
18 50991791 0.536386869118905 64.08476684
18 51040359 1.14410929006753 64.14033393
18 51084210 1.25681512394244 64.19544655
18 51107045 1.97578716881979 64.24056362
18 51181978 0.637931218555243 64.28836569
18 51212267 1.54860180263462 64.33527127
18 51237819 1.7952606449593 64.38114381
18 51259306 2.13489551822032 64.42701635
18 51285733 1.73581942710107 64.4728889
18 51310133 1.92858196721311 64.51994632
18 51346645 1.28882011393514 64.56700375
18 51369313 2.07937180165873 64.61413891
18 51393314 1.96388483813174 64.66127407
18 51457300 0.718997905791892 64.70727992
18 51495342 1.6420088323432 64.76974525
18 51528804 1.91445221445221 64.83380665
18 51565452 1.56056810740013 64.89099832
18 51586741 2.29593686880549 64.93987657
18 51609148 2.63182933904583 64.99884795
18 51657674 1.2845505502205 65.06118207
18 51686666 2.15004483995585 65.12351618
18 51709727 2.55463770001301 65.18242868
18 51750897 1.43095700752975 65.24134119
18 51820197 0.874819624819625 65.30196621
18 51848427 2.00028692879915 65.35843434
18 51967260 0.475188710206761 65.41490247
18 52062857 0.590689038358944 65.4713706
18 52094939 1.47247054423041 65.51861036
18 52115086 2.42134809152727 65.5673933
18 52148444 1.46240482043288 65.61617623
18 52181453 0.973267896634251 65.64830288
18 52239518 0.753483165418066 65.6920539
18 52325147 0.513016618201777 65.73598297
18 52346349 2.04727384209037 65.77938926
18 52376732 1.42863772504361 65.82279555
18 52399424 1.91823109465891 65.86632402
18 52450153 0.854383094482446 65.90966601
18 52569137 0.364267464533046 65.953008
18 52610995 1.0354531989106 65.99634999
18 52668353 0.755640015342236 66.03969198
18 52727408 0.6749386165439 66.07955044
18 52820234 0.583155581410381 66.13368246
18 52877384 1.09237795275591 66.19611185
18 52903965 2.30695985854558 66.25743316
18 52930554 2.07974726390613 66.31273153
18 53071278 0.392956425343225 66.36802991
18 53144271 0.773030290575809 66.42445573
18 53283999 0.406273617313638 66.48122357
18 53340459 1.00545164718385 66.53799141
18 53388814 1.17397994002688 66.59475925
18 53462716 0.66562339314227 66.6439501
18 53516191 0.913451145395044 66.69279693
18 53538483 2.19022967880854 66.74162153
18 53596284 0.861941834916351 66.7914426
18 53619711 2.44111068425321 66.84863046
18 53647060 2.39819006179385 66.91421856
18 53680120 1.9839110707804 66.97980666
18 53834268 0.463873031112956 67.05131177
18 53873089 1.59122639808351 67.11308473
18 53913974 1.66317231258408 67.18108357
18 53938427 2.78079581237476 67.24908241
18 54011781 0.926995119557216 67.31708125
18 54054474 1.58917152694821 67.38492776
18 54093736 1.72862309612348 67.45279701
18 54117753 2.94970229420827 67.52364003
18 54201723 0.843941884006193 67.59450579
18 54265768 1.18900772894059 67.6706558
18 54423038 0.542708717492211 67.75600762
18 54493345 1.09587949990755 67.83305564
18 54524864 2.44449379739205 67.91010366
18 54546398 3.57796972229962 67.98715168
18 54586408 1.90096225943514 68.06320914
18 54783476 0.386903505389003 68.13945544
18 54815053 2.01097000981727 68.2029558
18 54867608 1.65503187137285 68.28993605
18 54911152 2.17328449384531 68.38456952
18 55000445 1.19972338257198 68.49169638
18 55105023 1.12741972498996 68.60959967
18 55141854 3.20119736091879 68.72750295
18 55173246 2.91436034658512 68.81899056
18 55217350 2.09823372029748 68.91153111
18 55328352 0.836561503396335 69.00439108
18 55355731 3.39165053508163 69.09725106
18 55416386 1.53095375484296 69.19011104
18 55440946 3.78094462540717 69.28297101
18 55504682 1.57198129785365 69.38316283
18 55611182 0.933455399061033 69.48257579
18 55667790 1.1988764838892 69.55044178
18 55725572 1.2410248866429 69.62215071
18 55784322 1.01708255319149 69.68190426
18 55826482 1.4173055028463 69.74165781
18 55865174 1.34604827871395 69.79373908
18 55910466 1.14990064470547 69.84582034
18 55944026 1.55250893921335 69.89792259
18 55966413 2.37278331174342 69.95104211
18 56066463 0.532370814592704 70.00430581
18 56106285 1.33754457335141 70.05756951
18 56155931 1.07286991902671 70.11083322
18 56187306 1.98553306772908 70.17312935
18 56245759 1.06607530836741 70.23544462
18 56317953 0.86316452890822 70.29775988
18 56339566 1.84787396474344 70.33769799
18 56366658 1.95435183818101 70.39064527
18 56436698 0.755958023986294 70.44359255
18 56458961 2.37826438485379 70.49653983
18 56506232 1.12255717035815 70.54960426
18 56560944 1.03670675537359 70.6063246
18 56626927 0.859619902095994 70.66304494
18 56657542 1.81624040503021 70.71864915
18 56679475 2.43642456572288 70.77208725
18 56716572 1.50225085586436 70.82781621
18 56780040 0.877038822713809 70.88348008
18 56829860 1.11625652348454 70.93909198
18 56875142 1.22812375778455 70.99470388
18 57059424 0.310304316211024 71.05188735
18 57106651 1.24949287483855 71.11089715
18 57137302 2.06637630093635 71.17423366
18 57415805 0.22741765797855 71.23757018
18 57482900 0.948002086593636 71.30117634
18 57529674 1.50334801385385 71.37149394
18 57576120 1.51396460405632 71.44181155
18 57662151 0.734017970266532 71.50495989
18 57741397 0.813784922898317 71.56944911
18 57831488 0.698606964069663 71.63238733
18 57878463 1.33982331027142 71.69532555
18 57950000 0.887507164124859 71.75881513
18 58014978 0.977093785588969 71.82230472
18 58065996 1.16572386216629 71.88177759
18 58140042 0.674713016233152 71.93173742
18 58158526 2.70286734473058 71.98169725
18 58213698 0.908602189516421 72.03182663
18 58328337 0.444750041434416 72.08281237
18 58358354 2.344664690009 72.15319214
18 58490610 0.532221600532301 72.22358167
18 59362722 0.0913581053809602 72.3032562
18 59502602 0.581107377752359 72.38454153
18 59897080 0.229566160850542 72.47510035
18 59922105 3.30232167832168 72.55774098
18 59953467 1.94052994069256 72.6185999
18 59980875 2.50980370694688 72.6873886
18 60019941 1.36878359698971 72.74086148
18 60057741 1.6677037037037 72.80390064
18 60115619 1.03079235633574 72.86356087
18 60145123 2.01030368763558 72.92287292
18 60187979 1.19611722979279 72.97413375
18 60507559 0.160400525689968 73.02539459
18 60535065 1.53081509488839 73.06750119
18 60542045 6.03571633237822 73.10963053
18 60583784 1.01609765447184 73.15204139
18 60699700 0.365876151696056 73.19445225
18 60746221 0.911650652393543 73.23686311
18 60776356 1.66887672142028 73.28715476
18 60876129 0.50406021669189 73.3374464
18 60892357 3.51025388217895 73.39441083
18 60918681 1.95285290989211 73.44581769
18 60951113 1.5850672175629 73.49722454
18 60960014 5.55080328053028 73.54663223
18 60980891 2.53773051683671 73.59961243
18 61266875 0.142687353138637 73.64041874
18 61288915 1.84992740471869 73.68119115
18 61476153 0.21218769694186 73.72092071
18 61537652 0.638416884827396 73.76018266
18 61594834 0.679208492182855 73.79902117
18 61619829 1.55385077015403 73.83785969
18 61653018 1.17022206152641 73.8766982
18 61685998 1.19361734384475 73.91606366
18 61773798 0.412318906605923 73.95226525
18 61801695 1.21047782915726 73.98603399
18 61891761 0.357409011169587 74.01822443
18 61925438 0.955857113163287 74.05041486
18 61946603 1.50531065438223 74.08227479
18 61977792 1.02151078906025 74.11413472
18 62017097 0.805375906373235 74.14579003
18 62064061 0.672619453198194 74.17737893
18 62089035 1.26487146632498 74.20896784
18 62122856 0.934002542798853 74.24055674
18 62142562 2.00367400791637 74.28004113
18 62173504 1.65690970202314 74.33130924
18 62210890 1.37131814048039 74.38257736
18 62277401 0.880962547548526 74.44117111
18 62301839 2.43455683771176 74.50066678
18 62354552 1.30551287158765 74.56948425
18 62776456 0.163111750540407 74.63830172
18 62806230 2.03444280244509 74.69887525
18 62809332 18.1803675048356 74.75527071
18 62829948 2.73552095459837 74.81166617
18 62868074 1.78601217017259 74.87975968
18 62890745 3.0035507917604 74.94785319
18 62938888 1.4555511704713 75.01792782
18 63195669 0.342720061063708 75.10593178
18 63216568 4.21091918273602 75.19393573
18 63250344 2.60551871151113 75.28193968
18 63294872 1.98143864534675 75.37016918
18 63328117 2.65391788238833 75.45839869
18 63388603 1.54126574744569 75.5516237
18 63445279 1.53508363328393 75.63862614
18 63482389 3.05051199137699 75.75183066
18 63725987 0.464305536170248 75.8649346
18 63761372 3.19637982195846 75.97803853
18 63792374 3.6482775304819 76.09114247
18 63878371 1.34546088817052 76.20684808
18 63941258 2.15040946459523 76.34208085
18 63966160 5.91450084330576 76.48936377
18 64020285 3.33549561200924 76.66989745
18 64063202 4.28545797702542 76.8538164
18 64118087 3.46676687619568 77.04408986
18 64148060 6.42248023220899 77.23659085
18 64214636 3.30837388848834 77.45684919
18 64243701 8.52409083089627 77.70460186
18 64323181 3.45924131857071 77.97954235
18 64377482 5.07884201027605 78.25532855
18 64444876 4.0298854497433 78.52691862
18 64466545 11.685753841894 78.78013723
18 64498468 7.60019421733546 79.02275823
18 64522600 6.18264130614951 79.1719577
18 64554144 5.65174359624651 79.35023627
18 64586974 5.40808711544319 79.52778381
18 64728827 1.25163020873721 79.70533135
18 64765731 3.02543897680468 79.81698214
18 64803634 2.94569822969158 79.92863293
18 64848185 2.63771856972907 80.04614589
18 64890562 2.77303726077825 80.16365885
18 64929689 3.15540164081069 80.28712028
18 64971452 2.96955199578574 80.41113764
18 65003195 4.32095265097817 80.54829765
18 65034187 4.25823760970573 80.68026894
18 65058054 5.52944651611011 80.81224022
18 65093669 3.73229538115962 80.94516592
18 65149986 2.3603689827228 81.07809486
18 65193464 2.49620037720226 81.18662471
18 65227003 3.38523211783297 81.30016206
18 65269408 2.73414927484966 81.41610364
18 65327022 1.95637865796508 81.52881848
18 65372820 0.674946504214158 81.55972963
18 65401508 0.874055354155047 81.58480457
18 65426460 0.261487255530619 81.5913292
18 65447689 0.307345141080597 81.59785383
18 65491669 0.148354479308777 81.60437845
18 65528991 0 81.60437845
18 65581470 0 81.60437845
18 65685382 0 81.60437845
18 65793776 0 81.60437845
