Chromosome Position(bp) Rate(cM/Mb) Map(cM)
5 121868 0 0
5 156914 0.080445414597957 0.002819288
5 188211 0.0972179442119053 0.005861914
5 210518 0.2740731608912 0.011975664
5 443683 0.0353380224304677 0.020215252
5 581396 0.0598316063116772 0.028454841
5 658468 0.0964736869420801 0.03589026
5 757963 0.0582795115332429 0.041688779
5 860059 0.0567947813822285 0.047487298
5 882265 0.296467171034855 0.05407065
5 935908 0.122018902745931 0.060616109
5 963618 0.284392277156261 0.068496623
5 986680 0.445351660740612 0.078767351
5 1044556 0.177460432649112 0.089038079
5 1067519 0.443822671253756 0.099229581
5 1104904 0.344467032232179 0.112107504
5 1168720 0.232032719067319 0.126914938
5 1210223 0.356779028022071 0.141722371
5 1239443 0.506755646817248 0.156529805
5 1295473 0.264670712118508 0.171359293
5 1318515 0.643585626247722 0.186188782
5 1356140 0.401390033222591 0.201291091
5 1389326 0.526007955161815 0.218747216
5 1432565 0.393216771895742 0.235749539
5 1474059 0.422246589868415 0.253270269
5 1481839 2.25201799485861 0.270790998
5 1520525 0.489166623584759 0.289714906
5 1594150 0.257772495755518 0.308693378
5 1617412 0.816589287249592 0.327688901
5 1651588 0.553397120786517 0.346601761
5 1692823 0.457155329210622 0.365452518
5 1718438 0.955381612336522 0.389924602
5 1751897 0.611270510176634 0.410377108
5 1779853 0.73318428959794 0.430874024
5 1805312 0.920825641227071 0.454317352
5 1835681 0.772093252988244 0.477765062
5 1868160 0.721934172850149 0.501212773
5 1903930 0.661241263628739 0.524865405
5 1926574 1.04463875640346 0.548520186
5 1955173 0.92915486555474 0.575093076
5 1978410 1.14355983991049 0.601665967
5 1999589 1.25468152415128 0.628238857
5 2041086 0.646145504494301 0.655051943
5 2052707 1.78858101712417 0.675837057
5 2087575 0.791539520477228 0.703436482
5 2112640 1.10195092758827 0.731056893
5 2143145 0.91407638092116 0.75894078
5 2173043 0.807361696434544 0.78307929
5 2209124 0.669321803719409 0.807229046
5 2251319 0.628844649840028 0.833763191
5 2294582 0.613320851535954 0.860297335
5 2323273 0.925063608797184 0.8868383
5 2371482 0.550540355535273 0.913379265
5 2401907 0.872341824157765 0.939920229
5 2440554 0.717020726058944 0.967630885
5 2478879 0.723045009784736 0.995341541
5 2514974 0.768322482338274 1.023074182
5 2537508 1.23070027513979 1.050806824
5 2577768 0.45794088425236 1.069243567
5 2646808 0.370845886442642 1.094846766
5 2702263 0.524757010188441 1.123947204
5 2735966 0.863436489333294 1.153047642
5 2770867 0.867181456118736 1.183313189
5 2860674 0.371435411493536 1.216670701
5 2983244 0.272150607815942 1.250028214
5 3015682 1.02834638387077 1.283385726
5 3048286 1.02311066126856 1.316743239
5 3086065 0.882964080573864 1.350100751
5 3206889 0.276083394027677 1.383458264
5 3273207 0.392538978859435 1.409490622
5 3294244 1.47725436136331 1.440567615
5 3317111 1.34703721520094 1.471370278
5 3349859 0.940597899108342 1.502172942
5 3393262 0.724293251618552 1.533609397
5 3428331 0.896418489264022 1.565045852
5 3457055 1.03235969920624 1.594699335
5 3496160 0.758304564633679 1.624352818
5 3550335 0.548197508075681 1.654051392
5 3610287 0.53249432879637 1.685975517
5 3663693 0.625075834175935 1.719358342
5 3684232 1.81741564827888 1.756686202
5 3721013 1.0148690900193 1.794014061
5 3802697 0.456979334998286 1.831341921
5 3841639 0.883655179497715 1.865753258
5 3918667 0.446737549981825 1.900164596
5 3946088 1.14762408373145 1.931633612
5 3969140 1.36513100815547 1.963102628
5 4001367 0.976479349613678 1.994571644
5 4056528 0.57049364587299 2.026040661
5 4097748 0.763440077632217 2.057509677
5 4120819 1.36400676173551 2.088978693
5 4175420 0.679194520246882 2.126063363
5 4228976 0.69244715811487 2.163148033
5 4262056 1.09768137847642 2.199459288
5 4327297 0.556571787679527 2.235770542
5 4349246 1.31990523486264 2.26474115
5 4371208 1.34355249977233 2.294248219
5 4392577 1.37924095652581 2.323721186
5 4457244 0.455765691929423 2.353194153
5 4488267 1.13310124746156 2.388346356
5 4517412 1.20611425630468 2.423498559
5 4559923 0.922380089859095 2.462709842
5 4613223 0.740786116322702 2.502193725
5 4667483 0.727679690379654 2.541677608
5 4692574 1.57362799410147 2.581161492
5 4713897 1.88848192093045 2.62142964
5 4789298 0.5340525987719 2.661697789
5 4839345 0.814264591284193 2.702449338
5 4889808 0.807552067851693 2.743200888
5 4942240 0.848745041196216 2.787702245
5 4988625 0.959392044842082 2.832203602
5 5025515 1.20632691786392 2.87670496
5 5062484 1.31989234223268 2.92550006
5 5099232 1.32857298356373 2.974322442
5 5133833 1.41101124244964 3.023144825
5 5228521 0.614835037174721 3.081362295
5 5256216 2.58164289582957 3.152860847
5 5291628 2.31418445724613 3.234810728
5 5361321 1.17444076162599 3.316661007
5 5390986 2.75915388504972 3.398511287
5 5416492 3.20505371285188 3.480259351
5 5493169 1.16319626485126 3.569449711
5 5516675 3.80381179273377 3.658862072
5 5566934 1.50749716468692 3.734627365
5 5593576 2.05552511072742 3.789390668
5 5621182 1.98374628703905 3.844153972
5 5660281 1.44789125041561 3.900765091
5 5684010 2.59419275991403 3.9623227
5 5709307 2.71610467644385 4.031032001
5 5756462 1.62638532499205 4.107724215
5 5781953 2.50291083127378 4.171525948
5 5872953 0.81167032967033 4.245387944
5 5899712 2.76026757352666 4.319249941
5 5939708 1.84350435043504 4.392982723
5 6016429 0.961051081190287 4.466715505
5 6147730 0.668810595501938 4.554531008
5 6234962 1.0066890590609 4.642346511
5 6256982 3.98798819255223 4.730162015
5 6281168 3.08652112792525 4.80481266
5 6312610 2.20920106863431 4.874274373
5 6372558 1.24298558750917 4.948788861
5 6396764 3.04897959183673 5.02259242
5 6477926 0.916198467263005 5.096952937
5 6510020 1.73566087119088 5.152657262
5 6543983 1.62320466389895 5.207786193
5 6565442 1.87261754974603 5.247970737
5 6599976 1.2811634910523 5.292214453
5 6632102 1.3771929278466 5.336458169
5 6702753 0.57412350851368 5.377020573
5 6724834 1.79349214256601 5.416622717
5 6748587 1.66756620216394 5.45623244
5 6775069 1.49572162223397 5.495842163
5 6799608 1.61415298096907 5.535451886
5 6826251 1.48668318132342 5.575061609
5 6872897 0.862616301504952 5.615299193
5 6923652 0.79278100679736 5.655536776
5 6952268 1.43880346659212 5.696709539
5 6986999 1.18547695142668 5.737882302
5 7032351 1.02056138648792 5.784166801
5 7063358 1.49191150385397 5.830426498
5 7127604 0.720251844472808 5.876699837
5 7154748 1.71388888888889 5.923221602
5 7184325 1.57751631335159 5.969879778
5 7234927 1.17370854906921 6.029271792
5 7277360 1.73345745056913 6.102827636
5 7320087 2.05233692981019 6.190517836
5 7344217 3.72605470368835 6.280427559
5 7531264 0.453840478596289 6.365317049
5 7585808 1.00144103842769 6.419939627
5 7630921 1.20688936670139 6.474386007
5 7656578 2.12208753946291 6.528832388
5 7680316 1.75529530710254 6.570499615
5 7711343 1.49072420794792 6.616752312
5 7739220 1.65844603077806 6.662984812
5 7770893 1.45272945410918 6.708997069
5 7813662 1.08277724520096 6.755306334
5 7838156 1.90083693965869 6.801865483
5 7875520 1.195854298255 6.846547375
5 7930463 0.813240995213221 6.891229268
5 7990909 0.739203586672402 6.93591116
5 8038528 1.13379743379743 6.989901475
5 8063026 2.23441097232427 7.044640095
5 8083228 2.70956340956341 7.099378714
5 8107766 2.23076860379819 7.154117333
5 8141833 1.66594651715737 7.210871174
5 8203831 0.767005387270557 7.258423991
5 8232261 1.46003165670067 7.299932668
5 8266837 1.41673704303563 7.348917786
5 8295898 2.30520629021713 7.415909362
5 8323205 2.44396674845278 7.482646731
5 8368121 1.58127838632113 7.553671405
5 8396565 2.2342603009422 7.617222682
5 8432749 1.30640614636303 7.664493633
5 8473627 1.41027202896424 7.722142707
5 8515040 1.39055127616932 7.779729607
5 8557986 1.34091417128487 7.837316508
5 8578620 2.69507124164001 7.892926599
5 8616456 1.46976688867745 7.948536689
5 8641377 2.23091769993178 8.004133346
5 8678942 1.48001331026221 8.059730002
5 8746581 0.817982229187303 8.115057462
5 8768127 2.34285250162443 8.165536539
5 8802394 1.47311115650626 8.216015616
5 8835298 1.51943532701191 8.266011117
5 8878483 1.29727683223341 8.322033972
5 8912181 1.66272775832394 8.37806462
5 8963886 1.02695870805531 8.431163547
5 9000638 2.22898889856334 8.513083365
5 9085964 0.995882849307362 8.598058075
5 9110521 2.90638514476524 8.669430149
5 9141185 2.32755348291156 8.740802222
5 9247874 0.352059724995079 8.778363162
5 9281843 1.19357060849598 8.818907582
5 9308242 1.53583090268571 8.859452001
5 9336319 1.23379990739751 8.894093382
5 9359085 1.91577352191865 8.937707907
5 9382173 1.87810984060984 8.981069715
5 9403630 1.63062869925898 9.016058131
5 9438409 1.00602087466575 9.051046547
5 9467316 1.18445705192514 9.085285625
5 9513588 0.772603302213001 9.121035504
5 9619253 0.338332465811764 9.156785384
5 9675393 1.10929462059138 9.219061194
5 9773651 0.636439780984754 9.281596502
5 9804383 1.31037355199792 9.321866948
5 9866394 0.720709229007757 9.366558868
5 9889458 2.07216441207076 9.414351293
5 9917938 2.24575842696629 9.478310458
5 9983028 1.09419880165924 9.549531846
5 10021226 1.90871511597466 9.622440944
5 10059741 2.41162923536285 9.715324852
5 10190011 0.713010670146619 9.808208759
5 10231769 2.50631735236362 9.912867558
5 10280751 2.13667877995999 10.01752636
5 10326024 2.0978419808716 10.112502
5 10365435 1.78784857019614 10.18296288
5 10423460 1.29265833692374 10.25796938
5 10451606 2.00793718467988 10.31448479
5 10500596 1.3446703408859 10.38036022
5 10566990 0.994482935204989 10.44638788
5 10601261 2.12293484287007 10.51914301
5 10675885 0.975777229845626 10.59195945
5 10729050 1.36963039593718 10.66477589
5 10802561 0.9949150467277 10.73791306
5 10828061 2.91782352941176 10.81231758
5 10880320 1.49002851183528 10.89018494
5 10905363 3.10934792157489 10.9680523
5 10960727 1.47517520410375 11.04972391
5 10994128 2.44518427591988 11.13139553
5 11058496 1.37017151379567 11.21959071
5 11091450 2.67631243551617 11.30778589
5 11110172 4.71077876295268 11.39598107
5 11130635 3.32895958559351 11.46410155
5 11217812 0.938790047833717 11.54594247
5 11246471 2.03602009839841 11.6042928
5 11329783 0.70853058382946 11.66332193
5 11370216 1.49450201568026 11.72374917
5 11395169 2.98791327696069 11.79830656
5 11626784 0.325128769725622 11.87361122
5 11725540 0.737681761108186 11.94646174
5 12053685 0.260866080543662 12.0320636
5 12104374 1.68876679358441 12.11766546
5 12144060 2.14464546691529 12.20277781
5 12267582 0.688308155632195 12.28779901
5 12308274 2.09680526884891 12.37312225
5 12337088 2.55807940584438 12.44683077
5 12371641 2.20493155442364 12.52301774
5 12392161 3.71384015594542 12.59922569
5 12528899 0.509712003978411 12.66892272
5 12654227 0.860385548321205 12.77675309
5 12688136 2.76827390958153 12.87062252
5 12719824 2.94261550113608 12.96386816
5 12739512 4.7186763510768 13.0567695
5 12900205 0.578267877256632 13.14969313
5 12936449 2.56383401390575 13.24261676
5 12993355 1.63293150107194 13.33554038
5 13036017 2.1781351085275 13.42846401
5 13068223 2.60371669875179 13.51231934
5 13156303 1.06952543142598 13.60652313
5 13197225 2.3003201212062 13.70065682
5 13236807 2.21566368551362 13.78835718
5 13284414 2.27034679773983 13.8964416
5 13586508 0.357784001006309 14.00452602
5 13927153 0.346158317309809 14.12244313
5 13970721 2.65551322071245 14.23813857
5 14115146 0.801075990998788 14.353834
5 14408725 0.39598268268507 14.47008615
5 14483093 1.51898262693632 14.58304986
5 14600013 0.966313718782073 14.69603124
5 14666609 1.68764190041444 14.80842144
5 14695474 3.73360471158843 14.91619198
5 14727426 3.37417063094642 15.02400352
5 14763500 2.7102428341742 15.12177284
5 14789403 3.77443925414045 15.21954216
5 14819458 3.25301280984861 15.31731147
5 14878496 1.7316101493953 15.41954227
5 14901254 4.49208190526408 15.52177308
5 14949908 2.14097710362971 15.6259402
5 14987063 2.78019109137397 15.72923823
5 15009569 4.58979827601528 15.83253626
5 15031112 4.79835677482245 15.93590723
5 15100774 1.48389365794838 16.0392782
5 15127156 3.91824728981882 16.14264942
5 15148621 3.74540880503145 16.22304467
5 15182481 3.11643827525103 16.3285673
5 15246344 2.1478727901915 16.46573689
5 15293572 2.77643558905734 16.59686237
5 15347803 2.29258542162232 16.72119156
5 15437741 1.3823878671974 16.84552074
5 15483313 2.72819274993417 16.96984993
5 15595819 1.10508950633744 17.09417912
5 15619297 5.29556180253855 17.2185083
5 15704626 1.09871555977452 17.31226065
5 15860012 0.721675054380704 17.4243988
5 15943853 1.33704512112212 17.53649798
5 16082425 0.840197875472678 17.65292584
5 16140959 2.15292137902757 17.77894492
5 16221348 1.56761621614898 17.904964
5 16251125 4.21291600900024 18.030412
5 16441037 0.725772463035511 18.1682449
5 16463520 4.60446114842325 18.27176699
5 16523294 2.02400374744872 18.39274977
5 16584887 1.96422970142711 18.51373255
5 16630098 2.15376567649466 18.61110647
5 16709292 1.2295615829482 18.7084804
5 16866061 0.424451262685863 18.7750212
5 16896235 2.51276264333532 18.85084127
5 16930027 2.6333954782197 18.939829
5 17127925 0.449664473617722 19.02881673
5 17249713 0.681636942884356 19.11183195
5 17275447 3.20615139504158 19.1943391
5 17420535 0.571281567048963 19.27722523
5 17929390 0.164422477916106 19.36089239
5 17956721 3.06295049577403 19.44460591
5 17981596 3.36536683417085 19.52831943
5 18009488 2.83556575362111 19.60740901
5 18229116 0.452310725408418 19.70674913
5 18233029 26.3242269358548 19.80975582
5 18367350 0.766869662971538 19.91276251
5 18519042 0.675775914352767 20.01527235
5 18679362 0.62909119261477 20.11612823
5 18882635 0.500432423391203 20.21785263
5 18954195 1.14983230855226 20.30013459
5 19067128 0.83217925672744 20.39411504
5 19219372 0.617301831270855 20.48809549
5 19295836 1.4444012868801 20.59854021
5 19375992 1.38188532361894 20.70930663
5 19396135 5.49900213473663 20.82007305
5 19431606 3.12215330833639 20.93081896
5 19468540 1.66182379379434 20.99219672
5 19531299 0.985713602829873 21.05405912
5 19866403 0.227664545932009 21.13035042
5 19918600 1.46160315726957 21.20664172
5 20149665 0.3384285807024 21.28484067
5 20306689 0.495577746077033 21.36265823
5 20445109 0.664355584453114 21.45461832
5 20544206 0.939045581601865 21.54767488
5 20837004 0.341619819807512 21.64770045
5 20910258 1.36189286591858 21.74746458
5 20960782 1.74516269495685 21.83563721
5 20991208 2.86444816932886 21.92279096
5 21048868 1.51540409295872 22.01016916
5 21115294 1.31542167223677 22.09754736
5 21253589 0.631824722513468 22.18492556
5 21322764 1.26314709071196 22.27230376
5 21419393 0.969969677839986 22.36603091
5 21459011 2.56627290625473 22.46770148
5 21491988 3.08307608333081 22.56937205
5 21694867 0.503416322044174 22.67150463
5 21803211 0.8500083068744 22.76359791
5 21848046 2.05404929184789 22.8556912
5 21873312 3.64460144067126 22.94777568
5 21920994 1.70202382450401 23.02893159
5 21946378 3.19712811219666 23.1100875
5 21979725 2.53373916694155 23.19458008
5 22002857 3.66432647414837 23.27934324
5 22122354 0.802347339263747 23.37522134
5 22151474 3.29566620879121 23.47119116
5 22254081 0.89859561238512 23.56339338
5 22276787 4.06069761296574 23.6555956
5 22396951 0.795476182550514 23.75118317
5 22444556 2.00793193992228 23.84677074
5 22530712 1.18948651283718 23.94925219
5 22582705 2.03087723347374 24.05484358
5 22622678 2.52714332174218 24.15586107
5 22692597 1.44575437291723 24.25694677
5 22726585 2.95669648111098 24.35743894
5 22788696 1.61794529149426 24.45793112
5 22833184 2.3750764251034 24.56359355
5 22875662 2.48746174490324 24.66925598
5 22899245 4.50481278887334 24.77549299
5 22991485 1.15174544666088 24.88173
5 23015631 3.23702062453408 24.95989109
5 23222610 0.34081283608482 25.03043222
5 23252595 3.24150075037519 25.12762865
5 23304934 1.94221326353197 25.22928211
5 23326993 2.86899224806202 25.29256921
5 23360591 1.88365676528365 25.3558563
5 23412672 1.34389508649988 25.42584773
5 23669019 0.278687092105622 25.49728838
5 23704155 2.03325933515483 25.56872902
5 23767639 1.12533236721064 25.64016966
5 23908264 0.508022044444445 25.71161031
5 23955328 1.56554691483937 25.7852912
5 24011865 1.30323328086032 25.8589721
5 24058133 1.59913114895824 25.93296066
5 24243300 0.533515151187847 26.03175003
5 24267602 4.06731544728829 26.13059396
5 24291926 4.16793290577208 26.23197475
5 24352754 1.66667981850464 26.33335554
5 24373750 4.40993998856925 26.42594661
5 24419864 2.15183892093507 26.52517656
5 24445693 3.61847535715668 26.61863812
5 24468093 4.203875 26.71280488
5 24507769 2.37525960278254 26.80704566
5 24561500 1.75393720570993 26.90128644
5 24772499 0.449765164763814 26.99618648
5 24904494 0.40041137921891 27.04903881
5 24939612 1.28059399738026 27.0940107
5 25042248 0.508181339880744 27.14616838
5 25144238 0.51889400921659 NA
5 25196268 1.48096098404766 27.27614472
5 25270625 1.03627634250978 27.3531991
5 25352084 0.97095471341411 27.43229209
5 25424207 1.10493878513096 27.51198358
5 25481048 0.946244788093102 27.56576911
5 25527614 1.13895116608684 27.61880553
5 25554959 1.93952825013714 27.67184196
5 25584431 1.79955211726384 27.72487838
5 25623553 1.3556668881959 27.77791481
5 25660326 1.64131020041879 27.83827069
5 25684922 2.45435030086193 27.89863791
5 25836877 0.397270244480274 27.95900513
5 25898212 0.915226216678895 28.01514055
5 25924136 2.60987887671656 28.08279904
5 25994018 0.968182078360665 28.15045752
5 26022257 2.39592407663161 28.218116
5 26104722 0.763778572727824 28.28110102
5 26298804 0.346235096505601 28.34829901
5 26346656 1.40428822201789 28.41549699
5 26366699 2.93903108317118 28.47440399
5 26374306 7.59675299066649 28.5321925
5 26400674 2.19161483616505 28.589981
5 26459590 0.980862584017924 28.64776951
5 26499453 1.45153149537165 28.70563195
5 26647535 0.390745667940736 28.76349439
5 26715326 0.853541030520276 28.82135684
5 26750096 1.66414725337935 28.87921928
5 26822206 0.975491610040216 28.94956202
5 26920830 0.71324119889682 29.01990477
5 26964045 2.0022445909985 29.10643173
5 27062257 0.881022685618865 29.19295869
5 27114028 1.56668791408317 29.27406767
5 27324084 0.495206992421069 29.37808888
5 27368637 1.38312347092227 29.43971121
5 27426971 1.30421366612953 29.51579123
5 27458913 2.3481779475299 29.59079672
5 27541235 0.754828599888244 29.65293577
5 27601022 1.03933965577801 29.71507481
5 27670995 0.888042530690409 29.77721386
5 27685526 4.81346775858509 29.84715838
5 27715277 2.27894524553796 29.91495933
5 27744207 2.32830279986173 29.98231718
5 27773400 2.30732709896208 30.04967502
5 27838165 1.04003396896472 30.11703286
5 27870969 1.62036946713815 30.17018747
5 27900978 1.91874104435336 30.22776701
5 27966489 0.876709254934286 30.28520109
5 27997410 1.75271498334465 30.33939677
5 28147914 0.383354595226705 30.39709317
5 28174375 2.20571029061638 30.45545848
5 28281394 0.610199123520123 30.52076138
5 28315192 1.92675306231138 30.58588179
5 28412580 0.66866965129174 30.65100219
5 28440703 2.31555666180706 30.71612259
5 28478220 1.5863901697897 30.77563921
5 28498789 2.89350965044484 30.83515583
5 28532816 1.18369530079055 30.87543339
5 28574685 0.963772719673267 30.91578561
5 28594870 2.20288332920486 30.96025076
5 28682732 0.506079989073775 31.00471591
5 28731276 0.915977257745551 31.04918107
5 28878050 0.319865234987123 31.09612892
5 28929940 0.904758142223935 31.14307677
5 28991507 0.873981191222571 31.19688517
5 29075898 0.637608275764003 31.25069357
5 29099824 2.24895093204046 31.30450197
5 29221848 0.440965711663279 31.35831038
5 29329879 0.496537105090206 31.41195182
5 29377307 1.0475900312052 31.46163696
5 29672171 0.168501749959303 31.51132211
5 29760798 0.560609069470929 31.56100725
5 29791963 1.53008182255736 31.60869225
5 29820580 1.27042666946221 31.64504809
5 29890348 0.52109563123495 31.68140393
5 29913746 1.55379947004017 31.71775978
5 29943484 1.22253682157509 31.75411562
5 29988420 1.00643804521987 31.79934091
5 30016265 1.67793858861555 31.8460631
5 30105777 0.580781347752257 31.89805005
5 30184122 0.667012572595571 31.95030715
5 30204315 1.67457534789283 31.98412184
5 30247421 1.4307660186517 32.04579643
5 30392425 0.490894044302226 32.11697804
5 30469490 0.92365665347434 32.18815966
5 30490039 3.46399338167307 32.25934128
5 30673689 0.378875034032126 32.32892166
5 30713875 1.73145871696611 32.39850204
5 30746125 1.13416124031008 32.43507873
5 30793169 0.703505229147181 32.46817442
5 30907588 0.330304407484771 32.50596749
5 31079915 0.218275139705328 32.54358222
5 31138462 0.72824739098502 32.58621889
5 31442246 0.140352026439839 32.62885556
5 31569741 0.334418604651163 32.67149222
5 31935957 0.0922944382550189 32.70529192
5 32052982 0.426312326425977 32.75518115
5 32143139 0.620548598555853 32.81112794
5 32259633 0.379593798822257 32.85534834
5 32334842 0.486707707854113 32.89195311
5 32428588 0.380903718558659 32.92766133
5 32494404 0.542545885498967 32.96336954
5 32519701 1.41155868284777 32.99907776
5 32649736 0.27469988849156 33.03479838
5 32692339 0.838452691125038 33.07051899
5 32730593 0.933774245830501 33.10623961
5 32758717 1.2713909827905 33.14199621
5 32814326 0.642771853476955 33.17774012
5 32844092 1.20082980581872 33.21348402
5 32884873 0.877303155881415 33.24926132
5 32908352 1.49283615145449 33.28431159
5 32966160 0.632172017713811 33.3208562
5 33004018 0.965307200591685 33.35740082
5 33025760 1.65031735810873 33.39328199
5 33076713 0.742356681647793 33.4311073
5 33164143 0.432635251057989 33.4689326
5 33204845 0.934845953515798 33.50698265
5 33266148 0.633765068593707 33.5458344
5 33288055 1.77348336148263 33.58468615
5 33311326 1.66953289501955 33.6235379
5 33338207 1.55003162084744 33.66520432
5 33441150 0.397010967234295 33.70607386
5 33466762 1.5992698734968 33.74703435
5 33537018 0.583017820542018 33.78799483
5 33560114 1.83935746449602 33.8304766
5 33583787 1.4632703924302 33.86511659
5 33629723 0.754569400905608 33.89977851
5 33682705 0.811420859914688 33.94276919
5 33715094 1.33477415171818 33.98600122
5 33747463 1.33559887546727 34.02923325
5 33776031 1.51330159619154 34.07246528
5 33803338 1.37216098436298 34.10993484
5 33824755 1.74952607741514 34.1474044
5 33897254 0.519012676036911 34.18503231
5 33937384 0.774036880139547 34.21609442
5 33974899 0.925760362521658 34.25082427
5 34148069 0.237455679390195 34.2919445
5 34194944 0.878178133333333 34.33310905
5 34242194 0.871208465608466 34.3742736
5 34269223 1.52297902253136 34.41543816
5 34293370 1.70475007247277 34.45660271
5 34345530 0.789198619631902 34.49776726
5 34678357 0.123681672460467 34.53893181
5 34715103 1.38357644369455 34.58977268
5 34755946 1.24438214626741 34.64059702
5 34808376 1.20986458134656 34.70403027
5 34842293 1.87024795825102 34.76746352
5 34894503 1.21496265083317 34.83089677
5 35004932 0.551880393737152 34.89184035
5 35053489 1.60694235640587 34.96986864
5 35119402 1.28478600579552 35.05455276
5 35476134 0.237388571813014 35.13923689
5 35508495 2.30132875992707 35.21371022
5 35777891 0.232473756106252 35.27633769
5 35816029 1.64135507892391 35.33893572
5 35860531 1.4814997078783 35.40486543
5 35941687 0.777006013110553 35.4679241
5 36193854 0.268275388928766 35.53557434
5 36333541 0.481409150457809 35.60282098
5 36358607 2.27943429346525 35.65995725
5 36380634 2.17585690289191 35.70788485
5 36491423 0.443109875529159 35.75697659
5 36523088 1.55034580767409 35.80606832
5 36575080 0.944216417910448 35.85516006
5 36614641 1.22087662091454 35.90345912
5 36643186 1.69203363110878 35.95175818
5 36720599 0.665025254156279 36.00323973
5 36790030 0.743716783569299 36.05487673
5 36874841 0.617500088431925 36.1072475
5 37038115 0.321387973590406 36.15972182
5 37062356 2.19796625551751 36.21300271
5 37119727 0.928821181433128 36.26629013
5 37157950 1.48409334693771 36.32301664
5 37192474 1.65865484880083 36.38028009
5 37226382 1.70982953875192 36.43825699
5 37302606 0.760612143157011 36.49623389
5 37358956 0.911403726708074 36.54759145
5 37393685 1.60065939128682 36.60318071
5 37455345 0.901545572494324 36.65876997
5 37590897 0.503581651322002 36.72703151
5 37677811 0.784354649423568 36.79520295
5 37711059 2.05039100096246 36.86337439
5 37749836 1.76071124635738 36.9316495
5 37892422 0.473162863114191 36.99911593
5 37916838 2.76125901048493 37.0665348
5 38033300 0.57889182737717 37.13395367
5 38113620 0.839208167330677 37.20135889
5 38135446 2.84207367360029 37.26338997
5 38174231 1.95776202140003 37.33932181
5 38249944 1.00290835127389 37.41525504
5 38300230 1.4805969852444 37.4897083
5 38483708 0.413330208526363 37.56554527
5 38531595 0.877695407939524 37.60757544
5 38604633 0.758989840904734 37.66301053
5 38644433 1.39284170854271 37.71844562
5 38700727 1.09695527054393 37.78019764
5 39085320 0.160570265189434 37.84195187
5 39227971 0.381050255518713 37.89630903
5 39257342 1.84786694358381 37.95058271
5 39328771 0.759827241036554 38.00485638
5 39414718 0.510322640697174 38.04871707
5 39468760 0.809079974834388 38.09244134
5 39494429 1.70338930227122 38.13616561
5 39694480 0.250657082443977 38.18630982
5 39832945 0.362143501968006 38.23645402
5 39866348 1.50118851600156 38.28659823
5 39886350 2.50695930406959 38.33674243
5 39918212 2.58902454334317 38.4192339
5 39966603 1.71933417370999 38.50243417
5 40006859 2.0667801073132 38.58563443
5 40047987 2.02463042209687 38.66890348
5 40140320 0.901851992245459 38.75217418
5 40175513 1.70926320575114 38.81232823
5 40254785 0.98485089312746 38.89039935
5 40280450 2.93072277420612 38.96561631
5 40321842 2.05722120216467 39.05076882
5 40322491 62.6352850539291 39.09141909
5 40347150 1.64849750598159 39.13206936
5 40365546 2.22392911502501 39.17298075
5 40396147 1.35931832293062 39.21457729
5 40421748 1.74020155462677 39.25912816
5 40450373 1.6124576419214 39.30528474
5 40517551 0.687079103277859 39.35144132
5 40592933 0.628030564325701 39.39878355
5 40618209 1.87300996993195 39.44612578
5 40644851 2.01153817280985 39.49971721
5 40689866 1.19052315894702 39.55330865
5 40719223 1.82550669346323 39.60690008
5 40893730 0.307960712177735 39.66064136
5 41014634 0.379694633759015 39.70654794
5 41227136 0.216029025609171 39.75245451
5 41293748 0.453888188314418 39.78268891
5 41337074 0.606395697733463 39.80896164
5 41385866 0.693068535825545 39.84277789
5 41423622 0.76181269202246 39.8715409
5 41451300 1.03901293446058 39.90029866
5 41479355 1.0817679558011 39.93064764
5 41571742 0.328498598287638 39.96099662
5 41682610 0.352078146985605 40.00003085
5 41833540 0.291190618167362 40.04398022
5 41856142 1.94449163790815 40.0879296
5 41937245 0.563341676633417 40.13361832
5 41958597 2.25333458224054 40.18173155
5 41983264 1.45970324725342 40.21773802
5 42010622 1.29119087652606 40.25306244
5 42057068 0.740800068897214 40.2874696
5 42208337 0.227742630677799 40.32191995
5 42304422 0.414674506946974 40.36176394
5 42382038 0.590874304267161 40.40762526
5 42454484 0.633041161692847 40.45348658
5 42517633 0.379432770115125 40.47744739
5 42549970 1.01099669109689 40.51014002
5 42611226 0.533704453441296 40.54283265
5 42642755 0.683386723334073 40.56437915
5 42691938 0.481444808165423 40.58805803
5 42775924 0.28193865644274 40.61173691
5 42806841 0.765161561600414 40.6353934
5 42874271 0.351741064807949 40.65911126
5 42897595 1.01827731092437 40.68286152
5 42980821 0.28537115805157 40.70661179
5 43024524 0.543447818227582 40.73036206
5 43047963 1.04083365331285 40.75475818
5 43088080 0.614303163247501 40.77940217
5 43138338 0.476590791515779 40.80335466
5 43190371 0.441070090135107 40.82630487
5 43221421 0.746837359098229 40.8494942
5 43254214 0.707141768060257 40.87268353
5 43285981 0.702194100796424 40.89499015
5 43313244 0.822862487620585 40.91742386
5 43337891 0.914646812999554 40.93996719
5 43399833 0.513477123760938 40.971773
5 43506809 0.297572352677236 41.0036061
5 43569646 0.443528494358419 41.03147609
5 43622603 0.526955832090186 41.05938206
5 43709428 0.321405125251944 41.08728803
5 43746553 0.644716498316498 41.11122311
5 43778462 0.750104986054091 41.13515818
5 43875897 0.242047518858726 41.15874203
5 43898744 1.02163084868911 41.18208326
5 43955882 0.415872099128426 41.20584535
5 44036402 0.296746150024839 41.22973931
5 44118721 0.259268212684799 41.25108198
5 44163238 0.479428083653436 41.27242465
5 44345471 0.117117646090445 41.29376732
5 44371937 0.806419557167687 41.31510999
5 44490742 0.179516855351206 41.33643751
5 44645935 0.162956447777928 41.36172725
5 44680408 0.910469062744757 41.39311381
5 44731191 0.66704212039462 41.42698819
5 44884872 0.220420221107359 41.46086257
5 44905098 1.67052308909325 41.49465056
5 44935765 1.2098118498712 41.53175184
5 44961525 1.44026785714286 41.56885312
5 45004922 0.854927759983409 41.6059544
5 45107759 0.360777735639896 41.64305568
5 45222817 0.348385162265988 41.68314014
5 45327538 0.322273469504684 41.71688891
5 45523768 0.246346634051878 41.7652295
5 45568843 1.09670992789795 41.8146637
5 45602183 1.44562687462507 41.86286086
5 45629298 1.77751060298728 41.91105802
5 45685711 0.927128498750288 41.96336014
5 45721348 1.44087044364004 42.01470846
5 45888884 0.275220848056537 42.06081783
5 46077158 0.244905828738966 42.1069272
5 46159494 0.560015060240964 42.15303656
5 46249078 0.514705751026969 42.19914593
5 46292473 1.06255098513654 42.24525529
5 46321470 1.59373728316722 42.29146885
5 46516496 0.219952724252151 42.33436539
5 46594770 0.553273117510284 42.37767228
5 46670546 0.617727248733108 42.42448115
5 46719438 0.95739384766424 42.47129002
5 46743902 1.8830853499019 42.5173578
5 46770422 1.77433257918552 42.5644131
5 46876955 0.556636910628632 42.62371328
5 46916665 1.78670360110803 42.69466329
5 46983996 1.05374938735501 42.76561329
5 47218890 0.334905531856923 42.84428064
5 47312072 0.697988881972913 42.90932062
5 47520209 0.339622460206499 42.9800086
5 47674422 0.449506202460234 43.0493283
5 47846031 0.404336019672628 43.11871596
5 47897728 1.34219974079734 43.18810362
5 47922920 2.75085344553827 43.25740307
5 48081907 0.441437350223603 43.32758589
5 48120040 1.84047413001862 43.39776872
5 48229383 0.64185910392069 43.46795154
5 48283539 1.39822734323067 43.54367397
5 48402975 0.632852741217053 43.61925935
5 48521605 0.650225912501054 43.69639562
5 48604401 0.888097251074931 43.76992653
5 48814798 0.33084502155449 43.83953531
5 48874064 1.73876252826241 43.94258484
5 48925115 2.46584004231063 44.0684684
5 49034782 1.14881687289704 44.19445571
5 49122318 1.40707480350941 44.31762544
5 49255960 0.921639155355352 44.44079518
5 49323252 1.19109403792427 44.52094629
5 49346909 3.9194318806273 44.61366834
5 49420210 1.26494863644425 44.70639038
5 49458833 2.40262278952956 44.79918689
5 49498276 2.14648987146008 44.88385091
5 49613116 0.737234413096482 44.96851492
5 49747347 0.643972703771856 45.05495606
5 49770524 3.04140311515727 45.12544671
5 49850507 0.993863696035408 45.20493886
5 49945932 0.833236573225046 45.2844505
5 49999738 1.47774597628517 45.36396215
5 50026056 3.0211870202903 45.44347379
5 50106121 0.826593392868294 45.50965499
5 50227508 0.54520830072413 45.5758362
5 50250810 3.79757102394644 45.66432718
5 50459405 0.438711378508593 45.75584018
5 50505709 2.00755010366275 45.84879779
5 50643714 0.7558856563168 45.95311378
5 50803731 0.676541867426586 46.06137198
5 50838691 2.96038901601831 46.16486721
5 50886958 2.74607495804587 46.29741205
5 50914907 4.74238076496476 46.42995689
5 50956526 3.18566279824119 46.56254095
5 50987421 2.30097750445056 46.63362968
5 51026281 1.32691456510551 46.68519356
5 51050849 2.09321475089547 46.73661968
5 51160972 0.473933692325854 46.78881066
5 51331044 0.322740368784985 46.84369981
5 51366141 1.73962731857424 46.90475555
5 51423634 1.06434174595168 46.9659477
5 51493585 0.793731326214064 47.02147004
5 51524093 1.71668414842009 47.07384262
5 51548838 1.79698929076581 47.11830916
5 51621558 0.61713696369637 47.16318732
5 51662795 1.08829934282319 47.20806548
5 51728949 0.702397436285032 47.25453184
5 52009133 0.166085857864832 47.3010664
5 52059908 0.985402264894141 47.35110024
5 52357915 0.181931968041019 47.40531721
5 52526291 0.322525775644985 47.45962284
5 53009069 0.133754437857566 47.52419652
5 53321576 0.206631211460863 47.58877019
5 53355038 1.88951347797502 47.65199707
5 53412863 1.09341807176827 47.71522396
5 53448928 1.83013170664079 47.78122762
5 53478913 2.49583791895948 47.85606534
5 53755635 0.27053324274904 47.93092786
5 53798476 1.45041665694078 47.99306518
5 53849992 1.12690620389782 48.05111892
5 53888071 1.43564169227133 48.10578673
5 53909531 2.54742777260019 48.16045454
5 53988329 0.691490900784284 48.21494267
5 54011209 2.49054632867133 48.27192642
5 54046935 1.59502043329788 48.32891017
5 54127567 0.707918692330588 48.38599108
5 54155025 2.07884405273509 48.443072
5 54290006 0.432978715522925 48.50151587
5 54327785 1.56096773339686 48.56048771
5 54387531 0.990426137314632 48.61966168
5 54421524 1.75423469537846 48.67929334
5 54609839 0.370707591004434 48.7491031
5 54640944 2.23156405722553 48.81851592
5 54691624 1.38223559589582 48.88856764
5 54870507 0.391235612104001 48.958553
5 54940848 0.994944626889012 49.02853837
5 54987996 1.47004326800713 49.09784802
5 55052039 0.552700529331855 49.13324463
5 55080930 1.78730746599287 49.18488172
5 55183837 0.492229877462175 49.23553561
5 55263686 0.63437112549938 49.2861895
5 55325658 0.533883043955335 49.31927528
5 55539646 0.15488672261996 49.35241914
5 55619423 0.417498777843238 49.38572594
5 55641405 1.51518515148758 49.41903275
5 55663243 1.48765912629362 49.45152027
5 55846815 0.176974157278888 49.4840078
5 55871314 1.32607453365444 49.51649533
5 55908074 0.883773122959739 49.54898285
5 56081838 0.186963352593172 49.58147038
5 56183908 0.31828647006956 49.6139579
5 56253512 0.466747600712603 49.64644543
5 56287283 0.961994018536614 49.67893296
5 56329964 0.789112251353061 49.71261306
5 56433838 0.324239944548203 49.74629317
5 56678406 0.116804733243924 49.77485989
5 56720568 0.677546131587686 49.80342662
5 56757096 0.839076872536137 49.83407644
5 56835042 0.393083673312293 49.86471576
5 57012003 0.17649086521889 49.89594781
5 57059125 0.662790204150927 49.92717985
5 57079618 1.52601864051139 49.9584526
5 57146239 0.469412047252368 49.98972534
5 57233497 0.376233697769832 50.02255478
5 57282611 0.664183328582482 50.05517551
5 57356420 0.529856792532076 50.09428368
5 57627185 0.186506749395232 50.14478315
5 57651372 2.1262082937115 50.19620972
5 57677072 2.01255252918288 50.24793235
5 57930196 0.224457578104012 50.30474795
5 58250121 0.177590372743612 50.36156356
5 58305457 1.02902450484314 50.41850568
5 58513827 0.273273983778855 50.4754478
5 59241566 0.101331796152192 50.54919094
5 59313596 1.02378314591143 50.62293409
5 59488208 0.441859093304011 50.70008799
5 59922301 0.198078983075055 50.7860727
5 59953158 2.84172148945134 50.87375972
5 60032337 1.11464656032534 50.96201633
5 60171808 0.617632339339361 51.04815809
5 60214945 1.9263370192642 51.13125446
5 60241477 3.13119629127092 51.21433134
5 60261774 3.52801891905208 51.28593954
5 60299953 1.8755912936431 51.35754773
5 60323282 2.93528226670667 51.42602497
5 60369912 1.4702080205876 51.49458081
5 60510359 0.483689932857234 51.56251357
5 60587074 0.885521736296683 51.63044632
5 60697563 0.511508837983872 51.68696241
5 60791196 0.603337498531501 51.74345473
5 60816786 2.20662368112544 51.79992225
5 60840014 2.4349276734975 51.85648071
5 60889152 1.15101347226179 51.91303917
5 60943222 0.740120214536712 51.95305745
5 60983725 1.14774954941609 51.99954479
5 61021330 0.986289057306209 52.03663422
5 61058294 1.00340872199978 52.0737242
5 61176628 0.311102472662126 52.11053821
5 61220624 1.04615646876989 52.15656495
5 61257476 1.25041517421035 52.2026453
5 61449201 0.241344634241753 52.24891708
5 61519991 0.653648820454866 52.29518886
5 61617456 0.450511465654337 52.33909791
5 61648709 1.6325632739257 52.39012042
5 61707987 0.861511859374473 52.44118911
5 61839092 0.388949315434194 52.49218227
5 61907183 0.748897798534314 52.54317543
5 61934677 2.0366116243544 52.59916999
5 62019657 0.754835255354201 52.66331584
5 62053331 1.94312229019421 52.72874853
5 62094191 1.60150758688204 52.79418609
5 62128735 1.36537169986105 52.84135147
5 62151986 2.26090060642553 52.89391966
5 62294079 0.395239737355113 52.95008044
5 62347935 1.04279560308972 53.00624122
5 62491844 0.390252173248372 53.06240201
5 62542053 1.11854050070704 53.11856279
5 62580279 1.46453722597185 53.17454619
5 62673499 0.719624544089251 53.24162955
5 62886220 0.304958137654486 53.30650054
5 62933691 1.70180109961871 53.38728679
5 62933839 475.025 53.45759048
5 63112255 0.452046341135324 53.53824276
5 63161074 1.2670476658678 53.60009879
5 63187632 2.32936215076437 53.66196202
5 63215228 2.24174518046094 53.72382524
5 63264648 1.25178470254958 53.78568847
5 63373547 0.586429627452961 53.84955003
5 63472283 0.646935261707989 53.91342578
5 63530221 1.17153163726742 53.981302
5 63558436 2.40567783094099 54.04917822
5 63642060 1.00012077872381 54.1328123
5 63785044 0.483562496503105 54.20195397
5 63850062 1.17133563013319 54.27811186
5 63990439 0.556145237467676 54.35618184
5 64036142 0.932162002494366 54.39878448
5 64163054 0.345307772314675 54.44260813
5 64226221 0.754854591796349 54.49029005
5 64348518 0.42890749568673 54.5427441
5 64457832 0.479847960919919 54.59519816
5 64631262 0.318646716254397 54.65046106
5 64731496 0.552017279565816 54.70579198
5 64842324 0.531084202548093 54.76465096
5 64886300 1.32093641986538 54.82274041
5 64919170 1.76724977182841 54.88082987
5 64958960 1.45990198542347 54.93891933
5 65213718 0.203632466890147 54.9907963
5 65258178 1.16682411156095 55.04267327
5 65318310 0.882822789862303 55.09575915
5 65403370 0.641368445802963 55.1503139
5 65437337 1.04697206111814 55.18587638
5 65511270 0.51069887600936 55.22363387
5 65536377 1.48555781256223 55.26093173
5 65581391 0.83203447816235 55.29838489
5 65645919 0.591084490453757 55.33652642
5 65658136 3.14228534009986 55.37491576
5 65699814 0.92109266279572 55.41330509
5 65743164 0.676339100346021 55.44262441
5 65817004 0.59262323943662 55.48638373
5 66046782 0.190441643673459 55.53014304
5 66139411 0.607470662535491 55.58641248
5 66235858 0.629367424595892 55.64711303
5 66447799 0.317370872082325 55.71437696
5 66493596 1.47429525951482 55.78189522
5 66532433 1.7931148131936 55.85153438
5 66603000 0.98575679850355 55.92109624
5 66639031 1.84712886125836 55.98765014
5 66693946 1.21275243558226 56.05424843
5 66816466 0.557543258243552 56.12255864
5 67007816 0.356879540109747 56.19084758
5 67070552 1.08851217801581 56.25913652
5 67247482 0.385965636127282 56.32742546
5 67440528 0.355660826953161 56.39608439
5 67484582 1.56023743587415 56.4648191
5 67506930 3.07565330230893 56.53355382
5 67563065 1.29111249665984 56.60603038
5 67607432 1.62228908873712 56.67800645
5 67699270 0.798789172238071 56.75136566
5 67879865 0.40303607519588 56.82415196
5 67924476 0.98934119387595 56.86828748
5 67953902 1.65323183579148 56.91693546
5 67994388 1.24291853974213 56.96725625
5 68022595 1.50174424788173 57.00961597
5 68046228 1.80932171116659 57.05237568
5 68093199 0.910342551787273 57.09513539
5 68121612 1.50493436103192 57.13789511
5 68186567 0.818318836117312 57.191049
5 68209892 2.28563772775991 57.24436153
5 68247915 1.40211187965179 57.29767406
5 68271886 2.53226398564933 57.358375
5 68293598 2.7992354458364 57.41915199
5 68328031 1.70113263439143 57.47772711
5 68541680 0.312700738126553 57.54453536
5 68607576 0.803529804540488 57.59748471
5 68867288 0.23500415845244 57.65851809
5 68903200 1.5202856983738 57.71311456
5 68938885 1.52995656438279 57.76771103
5 69014339 0.72357330293954 57.82230749
5 69115915 0.596648814680633 57.88291273
5 69145921 1.86641005132307 57.93891619
5 69175640 1.97109256704465 57.99749513
5 69211669 1.38187848677454 58.0472828
5 69233867 2.24444544553563 58.09710501
5 69320862 0.553730674176677 58.14527676
5 69349609 1.67571572685845 58.19344851
5 69382314 1.47206237578352 58.24159229
5 69481027 0.488823153991875 58.28984549
5 69546441 0.732055829027425 58.33773219
5 69594877 0.846126847799158 58.37871522
5 69615542 1.98320832325188 58.41969825
5 69637406 1.87445115257958 58.46068127
5 69679628 0.970655108711099 58.5016643
5 69708507 1.13494234564909 58.53444029
5 69734613 1.33397686355627 58.56926507
5 69834456 0.345823943591439 58.60379316
5 69859426 1.36887865438526 58.63797405
5 69917738 0.571661064617917 58.67130876
5 69964071 0.719459132799517 58.70464348
5 69996344 1.0682118179283 58.73911791
5 70025249 1.3612454592631 58.77846476
5 70101566 0.515570580604584 58.81781161
5 70127326 1.52743788819876 58.85715845
5 70416853 0.135900278730481 58.8965053
5 70439711 1.72135794907691 58.93585215
5 70551808 0.335766345218873 58.97349053
5 70623427 0.45329032798559 59.00595475
5 70651696 1.14840284410485 59.03841897
5 70700083 0.801855870378407 59.07721837
5 70749992 0.908753932156525 59.12257337
5 70797526 0.95415912820297 59.16792837
5 70828002 1.49918296364352 59.21361749
5 70923208 0.479897275381804 59.25930662
5 71126121 0.224845623493813 59.30493074
5 71150379 1.30289801302663 59.33653648
5 71176975 1.18836291171605 59.36814222
5 71238404 0.533549300818831 59.40091763
5 71272133 0.971727593465564 59.43369305
5 71321382 0.668173973075595 59.46659991
5 71377392 0.587518300303517 59.49950678
5 71400291 1.40528407354033 59.53168635
5 71428990 1.4390501411199 59.57298561
5 71461815 1.19475704493526 59.61220352
5 71535392 0.597091482392596 59.65613576
5 71605249 0.603355426084716 59.69828432
5 71629712 1.7229530311082 59.74043289
5 71674240 0.944886363636364 59.78250681
5 71694844 1.56521063871093 59.8147564
5 71732502 0.892410643156833 59.84836277
5 71792810 0.644674006765272 59.88724178
5 71893279 0.413604196319263 59.92879618
5 71914501 1.95808123645274 59.97035059
5 71948717 1.27681494037877 60.01403806
5 71994077 1.13631613756614 60.06558139
5 72039459 1.13580935172535 60.11712668
5 72063450 2.14852653078238 60.16867198
5 72112596 1.09932242705408 60.22269929
5 72239261 0.425100856590218 60.27654471
5 72264476 2.13800515566131 60.33045455
5 72337649 0.966182881664002 60.40115304
5 72417962 0.880287126617111 60.47185154
5 72465277 0.95993236817077 60.51727078
5 72585308 0.434831835109263 60.56946409
5 72628870 1.3205041090859 60.62698792
5 72788845 0.379914986716674 60.68776478
5 72834101 0.886541011136645 60.72788606
5 72859701 1.93209375 60.77734762
5 72903141 1.18897099447514 60.82899653
5 72979419 0.551288707097721 60.87104774
5 73063778 0.534695764530163 60.91615417
5 73090843 1.85273970072049 60.96629859
5 73199847 0.460023485376683 61.01644302
5 73277034 0.649648256830813 61.06658744
5 73309171 1.72157637613965 61.12191372
5 73442261 0.510979036742054 61.18991996
5 73483526 1.61523324851569 61.25657259
5 73581692 0.400984047429864 61.29593557
5 73619330 1.04444444444444 61.33524633
5 73652842 1.17297087610408 61.37455494
5 73705570 0.745497648308299 61.41386356
5 73730017 1.60604982206406 61.45312671
5 73754951 1.26798347637764 61.48474263
5 73813825 0.596011821856847 61.51983219
5 73835284 1.44751852369635 61.55089445
5 73865108 1.1483972639485 61.58514424
5 73919382 0.602680841655305 61.61785412
5 73992231 0.453927988030035 61.65092236
5 74025900 0.983518964032196 61.68403645
5 74079648 0.679774131130461 61.72057299
5 74162338 0.443322046196638 61.75723126
5 74195396 1.10920805856374 61.79389949
5 74236870 0.522240439793606 61.81555884
5 74261181 0.886940068281848 61.8371212
5 74392226 0.168827502003129 61.85924521
5 74434222 0.540422897418802 61.88194077
5 74512323 0.323557957004392 61.90721094
5 74547557 0.718785831866947 61.93253667
5 74717288 0.14987185605458 61.95797456
5 74740570 1.08718752684477 61.98328643
5 74763824 1.11144319256902 62.00913196
5 74790244 0.978255109765329 62.03497749
5 74831290 0.80453881011548 62.06800059
5 74853402 1.54506602749638 62.10216514
5 74891674 0.940792224080267 62.13817117
5 74945315 0.718517551872635 62.17671318
5 74987687 0.909610119890494 62.21525518
5 75043240 0.65164437564128 62.25145594
5 75086818 0.59722336959016 62.27748176
5 75143850 0.438644971244214 62.3024986
5 75174437 0.902164318174388 62.33009307
5 75224515 0.627219537521467 62.36150294
5 75251968 0.61129931155065 62.3782849
5 75285117 1.02011222057981 62.41210057
5 75309150 0.870977406066658 62.43303274
5 75347213 0.59213934792318 62.45557137
5 75382160 0.518247632128652 62.47368256
5 75557340 0.122698938234958 62.49517694
5 75611311 0.398258323914695 62.51667131
5 75642139 0.697236278707668 62.53816568
5 75672414 0.712683732452519 62.55974215
5 75715294 0.522313432835821 62.58213891
5 75780030 0.333344661393969 62.60371835
5 75800217 1.06382820627136 62.62519387
5 75823353 0.893447441217151 62.64586466
5 75848977 0.806696846706213 62.66653545
5 75907360 0.354055118784578 62.68720625
5 75937665 0.682092064015839 62.70787704
5 75959606 0.95235859805843 62.72877272
5 75999100 0.529085430698334 62.7496684
5 76036505 0.558633872476942 62.77056407
5 76066804 0.815515363543351 62.79527336
5 76089128 0.974341515857373 62.81702453
5 76111431 0.975258933775725 62.83877571
5 76143176 0.685185068514727 62.86052688
5 76209127 0.331039711300814 62.88235931
5 76243949 0.330535293779794 62.89386922
5 76269603 0.448659078506276 62.90537913
5 76301123 0.415469543147208 62.91847476
5 76333883 0.39974358974359 62.9315704
5 76363966 0.435315626765948 62.94466603
5 76419938 0.233966983491746 62.95776167
5 76453951 0.385017493311381 62.9708573
5 76476964 0.54809455525138 62.98347063
5 76536193 0.21295817927029 62.99608397
5 76572526 0.304607381719098 63.00715131
5 76600327 0.491712528326319 NA
5 76640050 0.421307554817108 63.03755703
5 76666195 0.506192388602027 63.05079143
5 76704018 0.359728207704307 63.06439739
5 76724612 0.647377877051568 63.07772945
5 76784243 0.223851687880465 63.09107795
5 76888810 0.12765499631815 63.10442645
5 76912249 0.582025683689577 63.11806851
5 76973690 0.252194788496281 63.1335636
5 77002200 0.543497018589968 63.14905868
5 77042374 0.385699706277692 63.16455377
5 77362757 0.0486914099686937 63.18015368
5 77410429 0.338112518879007 63.19627216
5 77617740 0.111443194041802 63.21937556
5 77741773 0.167818241919489 63.24019057
5 77784815 0.48359741647693 63.26100559
5 77831558 0.448601929700704 63.28197458
5 77976938 0.144462787178429 63.30297658
5 78009026 0.652770506108203 63.32392264
5 78109656 0.209828083076617 63.34503761
5 78190041 0.262673384337874 63.36615259
5 78335335 0.14896141616309 63.38779576
5 78338501 6.83613392293114 63.40943893
5 78401051 0.341323741007194 63.43078878
5 78510349 0.285335504766784 63.46197536
5 78533693 0.90053118574366 63.48299734
5 78560464 0.750663030891636 63.50309332
5 78581214 1.16950843373494 63.52736067
5 78658722 0.31309413221861 63.55162802
5 78798040 0.174186393717969 63.57589537
5 78859007 0.398039923237161 63.60016272
5 78895966 0.434673557184989 63.6162278
5 78939103 0.42014511903934 63.63435158
5 79017310 0.231741404222128 63.65247536
5 79040394 0.785123895338763 63.67059913
5 79107910 0.26843711120327 63.68872291
5 79170192 0.290995793327125 63.70684669
5 79197520 0.663195257611241 63.72497047
5 79217782 0.894472411410522 63.74309425
5 79245304 0.658520456362183 63.76121803
5 79274000 0.536688040144968 63.77661886
5 79334574 0.25424769703173 63.79201969
5 79395734 0.273593852190975 63.80875271
5 79451082 0.3140800028908 63.82613639
5 79491190 0.433422259898275 63.84352007
5 79520444 0.73193751281876 63.86493213
5 79572206 0.413664464278815 63.8863442
5 79778261 0.103914488850064 63.90775626
5 79810464 0.664910101543334 63.92916832
5 79872544 0.634267074742268 63.96854365
5 80040589 0.234314023029546 64.00791899
5 80121071 0.596436470266643 64.05592143
5 80189414 0.717647747391832 64.10496763
5 80235852 0.596985227615315 64.13269048
5 80281105 0.615316111639007 64.16053537
5 80311437 0.870480021099829 64.18693878
5 80367987 0.46941290893015 64.21348411
5 80488768 0.219780429040992 64.24002943
5 80562209 0.361450688307621 64.26657476
5 80622048 0.443612025602032 64.29312009
5 80663044 0.714216021075227 64.32240008
5 80688472 1.18901211263174 64.35263431
5 80957424 0.112719369999108 64.3829504
5 80993485 0.882160783117495 64.41476202
5 81038371 0.675996970102036 64.44510486
5 81136186 0.302294126667689 64.47467376
5 81170381 0.864714139494078 64.50424265
5 81228030 0.543778729899911 64.53559094
5 81294500 0.471615766511208 64.56693923
5 81428847 0.233338295607643 64.59828752
5 81480537 0.606467401818534 64.62963581
5 81503473 1.36677275898151 64.6609841
5 81636788 0.235144582380077 64.69233239
5 81706834 0.59404962453245 64.73394323
5 81769685 0.785053539323161 64.78328463
5 81817012 1.06006507913031 64.83345431
5 81935764 0.374105699272433 64.87788006
5 82019363 0.5314154475532 64.92230582
5 82040486 2.10319556881125 64.96673157
5 82061755 2.08875828670836 65.01115733
5 82108261 0.778862942416032 65.04737912
5 82226509 0.257658480481699 65.07784675
5 82333451 0.37107029978867 65.11752978
5 82381244 0.906929885129621 65.16087469
5 82413088 1.34823828664741 65.20380798
5 82447828 0.935814622913069 65.23631819
5 82473232 1.07678318375059 65.26367278
5 82500362 1.19389974198304 65.29606327
5 82539012 0.842802069857697 65.3286376
5 82605166 0.502432203646038 65.36187553
5 82638992 0.982882989416425 65.39512256
5 82691327 0.631562052163944 65.42817532
5 82782033 0.364394858113025 65.46122808
5 82987594 0.158198782843049 65.49374759
5 83029733 0.770148793279385 65.52620088
5 83077560 0.678556045748217 65.55865417
5 83132519 0.611062792263323 65.59223753
5 83170373 0.97476092354837 65.6291361
5 83283306 0.326984141039377 65.66606339
5 83374187 0.46648914514585 65.70845835
5 83512055 0.307504279455711 65.75085331
5 83595818 0.506130391700393 65.79324827
5 83643142 0.895845659707548 65.83564323
5 83671456 1.3449777495232 65.87372495
5 83776021 0.541124659302826 65.93030761
5 83814106 1.48699487987397 65.98693984
5 83959138 0.390480721495946 66.04357207
5 84108470 0.42711006348271 66.10735326
5 84163384 1.23827439268675 66.17535185
5 84197044 2.02437017231135 66.24349218
5 84285421 0.938408183124569 66.3264259
5 84325533 2.08121509772637 66.40990758
5 84327977 33.3272504091653 66.49135941
5 84427424 0.794865606805635 66.57040638
5 84524072 0.792276094694148 66.6469783
5 84547721 3.41441075732589 66.72772568
5 84638958 0.888757850433486 66.80881324
5 84742242 0.758598621277255 66.88716435
5 84797915 1.32541806620804 66.96095439
5 84823965 2.83891362763916 67.03490812
5 84870604 1.58719740989301 67.10893343
5 84931178 1.40521180704593 67.19405275
5 85055228 0.691679161628376 67.27985559
5 85112695 1.49307950649938 67.36565844
5 85151402 1.90178262329811 67.43927071
5 85191780 2.08990539402645 67.52365688
5 85247656 1.51024053260792 67.60804306
5 85407207 0.490685110090191 67.68633236
5 85427636 3.6918204513192 67.76175255
5 85454747 2.78060565821991 67.8371376
5 85476399 3.48166451136154 67.91252265
5 85523262 1.61062458656083 67.98800131
5 85569862 1.45945064377682 68.05601171
5 85732429 0.443105919405537 68.12804614
5 85762653 1.70750066172578 68.17965366
5 85848330 0.674686321883353 68.23745875
5 86091871 0.259137065216945 68.30056924
5 86303264 0.311671625834346 68.36645441
5 86343340 1.64400638786306 68.43233959
5 86395589 1.24720473119103 68.49750476
5 86471341 0.81548473967684 68.55927938
5 86534362 0.688557782326526 68.60267302
5 86555348 2.06774039836081 68.64606666
5 86587656 1.34312244645289 68.6894603
5 86613954 1.65076431667807 68.73287212
5 86641999 1.56264931360314 68.77669663
5 86695915 0.908746939683953 68.82569264
5 86759244 0.892673182901988 68.88222473
5 86817895 1.02399618079828 68.94228315
5 86885348 0.890374038219205 69.00234157
5 86982599 0.664854860104266 69.06699934
5 87019840 1.89684219005934 69.13763959
5 87133556 0.621199303528088 69.20827985
5 87192767 1.19302663356471 69.2789201
5 87436773 0.289543699745088 69.34957045
5 87460663 3.50515278359146 69.43330859
5 87497357 2.2835531694555 69.51710129
5 87519336 3.80939533190773 69.60082795
5 87558801 2.12206005321171 69.68457509
5 87607418 1.74667914515499 69.76949344
5 87697736 0.691544321176288 69.83195234
5 87780988 0.750239033296497 69.89441124
5 87838676 1.08270177506587 69.95687015
5 87865774 2.30492656284597 70.01932905
5 87901217 1.76223513810908 70.08178795
5 87923946 2.74738879845132 70.14423338
5 88025709 0.521508799858495 70.19730364
5 88117221 0.536799545414809 70.24642725
5 88160429 1.10536937604147 70.29418802
5 88182902 2.11775463890001 70.3417803
5 88213862 1.53409237726098 70.38927581
5 88246615 1.45011144017342 70.43677131
5 88310755 0.740497349547864 70.48426682
5 88332754 2.16980771853266 70.53200046
5 88360524 1.71889088944905 70.57973409
5 88388939 2.26335738166461 70.64404736
5 88461168 0.890408284760969 70.70836062
5 88491430 2.52914546295684 70.78489758
5 88527468 2.1237860036628 70.86143453
5 88560515 2.90518050049929 70.95744201
5 88647267 1.10668918295832 71.05344948
5 88679714 3.04773939039048 71.15233951
5 88867418 0.527408579465542 71.25133626
5 89004550 0.721908088557011 71.350333
5 89051206 2.12184284979424 71.44932974
5 89091952 2.44659598488195 71.5490187
5 89124173 3.16409794854288 71.65096908
5 89147995 2.61529258668458 71.71327059
5 89261685 0.642497141349283 71.78631605
5 89372034 0.630589312091637 71.85590094
5 89431610 1.19946119242648 71.92736008
5 89532116 0.870645533599984 72.01486519
5 89582449 1.73852343393003 72.1023703
5 89626396 2.11571665870253 72.19534969
5 89666927 1.74660876859688 72.26614146
5 89763679 0.480564742847693 72.31263703
5 89806029 1.06440141676505 72.35771443
5 89833056 1.63631923631924 72.40193923
5 89849731 2.68234482758621 72.44666737
5 89886403 1.22966023123909 72.49176143
5 89910899 2.01672109732201 72.54116303
5 89940683 1.65866236905721 72.59056463
5 89972770 1.56566522267585 72.64080212
5 90009516 1.36569966799107 72.69098614
5 90254355 0.204897912505769 72.74115311
5 90284943 1.63824702497712 72.79126383
5 90321950 1.3540870646094 72.84137455
5 90376489 0.922530666128825 72.89168845
5 90435741 0.84915108350773 72.94200235
5 90542519 0.46123639701062 72.99125227
5 90614584 0.67002289599667 73.0395375
5 90688420 0.651618451703776 73.08765037
5 90804806 0.405411303765058 73.13483462
5 90832389 1.71062611028532 73.18201887
5 90889431 0.827183478840153 73.22920312
5 90914163 1.91002749474365 73.27644194
5 90974725 0.815957200885044 73.3258579
5 91002438 1.78313426911558 73.37527387
5 91038076 1.57726864582749 73.43148456
5 91060515 2.44067026159811 73.4862508
5 91118857 0.838526276096123 73.53517214
5 91196362 0.636094445519644 73.58447267
5 91243093 1.04727910808671 73.63341303
5 91363881 0.405176010862006 73.68235338
5 91393516 1.65143917664923 73.73129374
5 91512259 0.439800240856303 73.78351692
5 91521427 5.69624781849913 73.83574011
5 91601696 0.650602349599472 73.88796329
5 91639655 1.37577913011407 73.94018648
5 91681565 1.31463135289907 73.99528272
5 91757353 0.736131049770412 74.05107263
5 91849202 0.676731374320896 74.11322971
5 92092821 0.259306540130285 74.17640167
5 92191291 0.641621813750381 74.23958216
5 92258130 0.782197519412319 74.2918635
5 92415826 0.33153218851461 74.34414484
5 92527188 0.388507749501625 74.3874098
5 92631650 0.426487143650323 74.43196152
5 92664429 1.35915372647122 74.47651324
5 92737305 0.611335693506779 74.52106496
5 92758201 2.13684437212864 74.56571646
5 92796641 1.42088189386056 74.62033517
5 93138660 0.160862115847365 74.67535309
5 93289231 0.375996705872977 74.73196734
5 93441439 0.450086723431094 74.80047416
5 93490294 1.56025995292191 74.87670063
5 93510790 4.20844555035129 74.96295694
5 93587117 1.13008895934597 75.04921324
5 93788469 0.4283856132544 75.13546955
5 93840983 1.64253913242183 75.22172586
5 93953629 0.718399232995402 75.30265066
5 94046056 0.884687374901274 75.38441966
5 94069559 3.48184487086755 75.46625348
5 94090120 4.07299742230436 75.54999838
5 94112234 3.90373066835489 75.63632547
5 94142375 2.86410868916094 75.72265256
5 94169217 3.21612025929513 75.80897965
5 94217230 1.79799429321226 75.89530674
5 94345725 0.671168527958286 75.98154858
5 94429148 1.03378924277477 76.06779041
5 94480072 1.54041120100542 76.14623429
5 94576821 0.746863533473214 76.21849257
5 94698958 0.872337620868369 76.32503729
5 94720983 4.8433598183882 76.43171228
5 95028489 0.346903800251052 76.53838727
5 95060052 2.6100750879194 76.62076904
5 95085027 3.29857057057057 76.70315081
5 95213348 0.642017284778018 76.78553508
5 95233962 3.08439895216843 76.84911687
5 95310779 1.00488303370348 76.92630894
5 95730380 0.188345594981899 77.0053389
5 95754475 3.27993359618178 77.08436886
5 95829272 1.05659317887081 77.16339882
5 95906867 1.0734879824731 77.24669611
5 95984058 1.07910637250457 77.32999341
5 96041071 1.44743830354481 77.41251622
5 96128822 1.06646875819079 77.50609996
5 96143694 6.29261027434104 77.59968371
5 96184979 2.15702313188809 77.68873642
5 96229534 1.99853888452474 77.77778134
5 96262618 2.69147926490146 77.86682626
5 96285266 2.7967370187213 77.93016678
5 96314229 2.70317646652626 78.00845891
5 96434149 0.652869412941961 78.08675104
5 96457750 3.31732129994492 78.16504316
5 96516090 1.34199691463833 78.24333529
5 96563734 1.27352657207623 78.30401123
5 96622210 0.85687974553663 78.35411814
5 96667629 0.984922609480614 78.39885229
5 96750354 0.586003022061046 78.44732937
5 96843436 0.520799939837992 78.49580645
5 96905992 0.786840590830616 78.54502807
5 96958100 1.13781952867122 78.60431757
5 96995660 1.6666214057508 78.66691584
5 97017695 2.84145223508055 78.72952728
5 97057569 1.7875282138737 78.80080318
5 97080205 3.14878512104612 78.87207909
5 97121073 1.99152637760595 78.95346874
5 97284381 0.5252528963676 79.03924673
5 97357131 1.05173058419244 79.11576009
5 97391475 2.07126426741207 79.18689559
5 97413254 3.00247026952569 79.25228641
5 97434109 3.13549748261808 79.31767724
5 97477421 1.50696342814924 79.38294681
5 97631203 0.410736627173531 79.44611068
5 97636382 13.3550492373045 79.51527648
5 97821632 0.373523886639676 79.58447175
5 97845541 2.89411100422435 79.65366702
5 97866342 3.37010239892313 79.72376853
5 97992184 0.471010473450835 79.78304143
5 98042402 1.18031184037596 79.84231434
5 98072244 1.98973259164935 79.90169193
5 98106200 1.61890976557898 79.95666366
5 98144715 1.47361287809944 80.01341991
5 98219112 0.82573087624501 80.07485176
5 98277542 1.06200410747903 80.13690465
5 98325895 1.28333092052199 80.19895754
5 98360313 1.80739729211459 80.26116458
5 98567661 0.300122499373035 80.32339439
5 98601044 1.46621334212024 80.37234103
5 98622437 2.28797270135091 80.42128767
5 98651643 1.55563582825447 80.46672152
5 98675395 1.95712782081509 80.5132072
5 98902747 0.211115802807981 80.56120477
5 98942162 1.21683876696689 80.60916647
5 98981700 1.16496787900248 80.65522696
5 99094484 0.47386331394524 80.70867118
5 99136177 1.28270932770489 80.76215115
5 99597967 0.139807271703588 80.82671279
5 99698521 0.688462915448416 80.89594048
5 99765487 1.02559806468954 80.96462064
5 99774337 7.92289265536723 81.03473823
5 99804312 2.33257047539616 81.10465707
5 99913971 0.637651264374105 81.1745813
5 99949754 1.88513539949138 81.24203709
5 100010905 1.10310215695573 81.30949288
5 100050721 1.70759242515572 81.37748234
5 100207435 0.463458274308613 81.45011271
5 100356685 0.486635845896147 81.52274308
5 100383163 2.18236649293753 81.5805278
5 100443785 0.953196859226024 81.63831251
5 100671026 0.264934584868048 81.69851647
5 100815761 0.415960203129858 81.75872044
5 100854950 1.47544719181403 81.81654177
5 100890337 1.62199395258146 81.87393927
5 100918257 2.18519340974212 81.93494985
5 100940489 2.74426952141058 81.99596043
5 100968336 2.19092182281754 82.05697101
5 100994547 2.32501239937431 82.11791195
5 101063586 0.882698185083793 82.17885259
5 101189232 0.496679560033746 82.24125838
5 101265240 0.821042521839806 82.30366417
5 101330028 0.977360004939186 82.36698535
5 101355705 2.45701990107879 82.4300743
5 101422169 0.899813432835821 82.48987945
5 101514919 0.808134770889488 82.56483395
5 101591603 0.972592718168066 82.6394162
5 101625777 1.53027447767308 82.69171183
5 101715045 0.643178966706995 82.74912715
5 101793626 0.708826561128008 82.80482741
5 101848161 1.02136792885303 82.86052767
5 102261568 0.134503044215507 82.91613212
5 102317408 0.947426575931232 82.96903646
5 102341962 2.27495723711004 83.02489575
5 102392647 1.16602545131696 83.08399571
5 102491559 0.591550064703979 83.14250716
5 103119408 0.0926265710385777 83.20066262
5 103156327 1.57521872206723 83.25881808
5 103186163 1.76862179916879 83.31158664
5 103222519 1.40844977445263 83.3627922
5 103299148 0.668227433478187 83.41399777
5 103378763 0.640355460654399 83.46497967
5 103461055 0.61952437661012 83.51596157
5 103500479 1.29473924512987 83.56700532
5 103549759 0.92083400974026 83.61238398
5 103595496 1.12489450554256 83.66383324
5 103673698 0.650031968491854 83.71466707
5 103749153 0.694953283413955 83.76710475
5 103773444 2.4196163188012 83.82587961
5 103820861 1.25255920872261 83.88527223
5 103863056 1.23353003910416 83.93732098
5 104040398 0.358901444666238 84.00096931
5 104047698 9.16409589041096 84.06786724
5 104120834 0.99142966528112 84.14037639
5 104154276 1.79897135338796 84.20053764
5 104179434 2.84260275061611 84.27205183
5 104205276 2.76736320718211 84.34356602
5 104277595 1.24673184087169 84.43372839
5 104300487 3.658195002621 84.51747181
5 104332596 2.60809741816936 84.60121524
5 104410553 1.09054607026951 84.68623091
5 104430699 2.64398888116748 84.73949671
5 104451224 2.73054323995128 84.79554112
5 104530356 0.708407471061012 84.85159884
5 104579617 1.13797324455452 84.90765657
5 104625971 1.28852741942443 84.96738498
5 104650847 2.4010451841132 85.0271134
5 104688184 1.58747087339636 85.08638481
5 104710788 2.62216421872235 85.14565622
5 104733434 2.60921575554182 85.20474449
5 104757428 2.4664416104026 85.26392428
5 104794913 1.57875950380152 85.32310406
5 104879924 0.692528025784898 85.38197657
5 104901231 3.04055005397287 85.44676155
5 104943060 1.75778048722178 85.52028778
5 104973736 2.3889587951493 85.59357151
5 104993098 3.8015390972007 85.66717692
5 105029810 2.00074634996731 85.74062828
5 105055232 2.79216820077099 85.81161079
5 105098465 1.64185922790461 85.8825933
5 105172083 0.963917791844386 85.95355504
5 105227228 1.2175954302294 86.02069936
5 105270468 1.57830018501388 86.08894504
5 105301690 2.30426301966562 86.16088875
5 105350319 1.47935182709906 86.23282816
5 105474132 0.523627567379839 86.29766009
5 105514061 1.77915049212352 86.36869982
5 105666187 0.467803662753244 86.43986493
5 105687884 3.25711388671245 86.51053452
5 105740050 1.15728252118238 86.57090534
5 105778777 1.81667828646681 86.6412598
5 105882827 0.676160499759731 86.71161427
5 105913523 2.29197615324472 86.78196874
5 105976014 1.40409658990895 86.86971216
5 106003473 3.1954331913034 86.95745558
5 106046476 2.0404018324303 87.045199
5 106066646 5.07385225582548 87.14753859
5 106150378 1.58190894759471 87.27999498
5 106189372 3.3987844283736 87.41252715
5 106221775 4.52231583495355 87.55906377
5 106287963 2.24061008037711 87.70736531
5 106320490 4.58969471515971 87.85665428
5 106404746 1.93265049373338 88.01949166
5 106439467 4.68988220385357 88.18232905
5 106460773 6.34069745611565 88.3174239
5 106486728 5.26788287420536 88.45415181
5 106540440 2.11811699434018 88.56792016
5 106574860 4.16864323067984 88.71140489
5 106614068 3.78429912262804 88.85977973
5 106650676 3.85736451048951 89.00099015
5 106676639 3.6275353387513 89.09517182
5 106699126 4.89869702494775 89.20532886
5 106728945 3.69437271538281 89.31549137
5 106751379 2.50914237318356 89.37178148
5 106778900 1.98557465208386 89.42642647
5 106811418 1.73669352358694 89.48290022
5 106839905 1.98244111349036 89.53937398
5 106865001 2.08074195090851 89.59159223
5 106906152 1.27078078297004 89.64388609
5 106928331 2.11409441363452 89.69077457
5 106953248 2.12896416101457 89.74382195
5 106990076 1.44059411317476 89.79687615
5 107026946 1.49836452400325 89.85212086
5 107053585 2.07297571230151 89.90734284
5 107090339 1.35283506557109 89.95706497
5 107150735 0.813769123783032 90.00621334
5 107173132 2.19441889538778 90.0553617
5 107203743 1.60557969357421 90.10451007
5 107270662 0.734446121430386 90.15365843
5 107290831 2.43682879666815 90.20280679
5 107382286 0.537405281285878 90.25195516
5 107423031 1.19527549392563 90.30065661
5 107445396 2.18248155600268 90.34946784
5 107484081 1.34667959157296 90.40156416
5 107519514 1.47027629610815 90.45366049
5 107552606 1.32373685482896 90.49746555
5 107606436 0.813767415939067 90.54127061
5 107619448 4.80992161082078 90.60385736
5 107671936 1.19240016765737 90.66644411
5 107707950 1.73784361637141 90.72903086
5 107756962 1.38452623847221 90.79688929
5 107800636 1.56261849155104 90.86513505
5 107861021 1.10045706715244 90.9315862
5 107888459 2.41794226984474 90.99792973
5 107916623 2.35561354921176 91.06427327
5 107950204 1.62196480152467 91.11874051
5 107973501 2.38996437309525 91.17441951
5 108027461 1.07609340252039 91.23248547
5 108050852 2.48240776366979 91.29055143
5 108079565 2.35517709748198 91.3581756
5 108099593 3.37648292390653 91.42579978
5 108138378 1.74171973701173 91.49335235
5 108222067 0.797509828053866 91.56009517
5 108247728 2.60094306535209 91.62683799
5 108312689 1.02742876495128 91.69358081
5 108401573 0.75024638855137 91.76026575
5 108493289 0.725578961140913 91.82681292
5 108529994 1.81076420106253 91.89327704
5 108590040 1.10688638710322 91.95974117
5 108614856 2.66409171502257 92.02585326
5 108664273 1.33954711941235 92.09204964
5 108705805 1.83047288837523 92.16807286
5 108726380 3.8623815309842 92.24754139
5 108749971 2.72067313806112 92.31172477
5 108771414 2.99320990533041 92.37590815
5 108888467 0.55690926332516 92.44109609
5 108921269 2.01752637034327 92.50727504
5 108996628 0.878181769927945 92.57345399
5 109058472 1.09122631136408 92.64093983
5 109090548 1.83941576256391 92.69994094
5 109132217 1.41594710696201 92.75894205
5 109153222 1.90994049035944 92.79906034
5 109232869 0.682082187653019 92.85338615
5 109273075 1.35118639009103 92.90771196
5 109342359 0.784103111829571 92.96203777
5 109411367 0.700953512636216 93.01040917
5 109433376 1.69043118724158 93.04761391
5 109541650 0.343616195947319 93.08481864
5 109589766 0.914571036661402 93.12882413
5 109615284 1.72448859628498 93.17282961
5 109647058 1.38599798577453 93.21686831
5 109734640 0.425509807951406 93.25413529
5 109788208 0.672057945041816 93.29013611
5 109808607 1.76331192705525 93.32610591
5 109887704 0.450580932273032 93.36174547
5 109923576 0.980960080285459 93.39693445
5 109971950 0.805691073717286 93.43590893
5 109995614 1.64699543610548 93.4748834
5 110054724 0.659355439012012 93.51385788
5 110095374 1.16211316113161 93.5610978
5 110160126 0.905522609340252 93.61973225
5 110192579 1.8067482205035 93.67836669
5 110225179 1.79860122699387 93.73700114
5 110301301 0.896795932844644 93.80526708
5 110353226 1.31470197400096 93.87353302
5 110374950 3.14570060762291 93.94187019
5 110398540 2.32662992793557 93.99675535
5 110424821 2.58329211217229 94.06464688
5 110469892 1.506323356482 94.13253841
5 110565216 0.724931811506021 94.20164184
5 110711391 0.472744313323072 94.27074527
5 110751512 1.52511153759876 94.33193427
5 110798072 1.31290378006873 94.39306312
5 110863812 0.933661393367813 94.45444205
5 110904038 1.28808730671705 94.50625667
5 110965444 0.708534996580139 94.54976501
5 111034737 0.668744317607839 94.59610433
5 111069063 1.34997669405116 94.64244365
5 111116492 1.38620464272913 94.70818994
5 111198351 0.872852099341551 94.7796407
5 111275347 0.898962283755 94.84885723
5 111321416 1.73584840131108 94.928826
5 111344131 4.1557781201849 95.02322452
5 111369269 3.42689951467897 95.10936992
5 111394934 2.97758036236119 95.18578948
5 111415590 2.68935418280403 95.2413408
5 111494155 0.707074396996118 95.29689211
5 111530962 1.50925910832179 95.35244342
5 111568920 1.30996627851836 95.40216714
5 111604728 1.1951658847185 95.44496368
5 111735562 0.3918889585276 95.49623611
5 111807008 0.717638496206926 95.54750854
5 111853277 1.10813719769176 95.59878097
5 111951506 0.521968054240601 95.6500534
5 111973840 2.99509268380048 95.71694584
5 112001075 2.47828529465761 95.78444194
5 112070547 0.982175552740672 95.85267567
5 112126293 0.650044846266997 95.88891307
5 112165809 0.939330903937646 95.92603172
5 112208611 0.988119714032055 95.96832521
5 112255017 0.911379993966297 96.01061869
5 112392717 0.307294843863471 96.05293316
5 112425238 1.29904676977953 96.09517943
5 112458542 1.27086235887581 96.13750422
5 112519431 0.695114060010839 96.17982901
5 112553713 1.38993640977773 96.22747877
5 112578998 1.94924658888669 96.27676548
5 112616318 1.32065112540193 96.32605218
5 112799742 0.294373691556176 96.38004735
5 112885057 0.632892222938522 96.43404252
5 112910361 2.12016677205185 96.48769119
5 112941150 1.54214167397447 96.53517222
5 112970228 1.63460348029438 96.58270321
5 113043067 0.689835115803347 96.63295008
5 113080802 1.11376970981847 96.67497819
5 113205459 0.448976792318121 96.73094632
5 113227245 2.5695630221243 96.78692685
5 113253859 1.77326970767265 96.83412062
5 113282246 1.91859654067002 96.88858387
5 113308578 2.07335561294243 96.94317944
5 113340241 1.8059596374317 97.00036151
5 113379610 1.42604333358734 97.05650337
5 113475544 0.514014843538266 97.10581492
5 113506870 1.5741396922684 97.15512646
5 113617898 0.444135713513708 97.204438
5 113684967 0.588987460674827 97.24394082
5 113734372 0.789559761157778 97.28294904
5 113769146 1.27235290734457 97.32719382
5 113802134 1.3610767551837 97.37209306
5 113832344 1.35253558424363 97.41295315
5 113875389 1.06407248228598 97.45875615
5 113926777 0.891317038997431 97.50455914
5 113953815 1.96616613654856 97.55772034
5 114007915 0.991199630314233 97.61134428
5 114030398 2.38508650980741 97.66496821
5 114059697 2.35034301511997 97.73383086
5 114149259 0.768883008418749 97.80269352
5 114190671 1.87535496957404 97.88035573
5 114222945 2.62464832372808 97.96506361
5 114253689 2.7552660681759 98.04977149
5 114277451 4.37059590943523 98.15362555
5 114308026 3.39618315617334 98.25746387
5 114343571 2.92131945421297 98.36130219
5 114398760 1.88150356049213 98.46514051
5 114421878 2.46104766848343 98.52203496
5 114454680 1.52513566245961 98.57206249
5 114492345 1.42388158768087 98.62569301
5 114537205 1.2205394560856 98.68044639
5 114595880 0.933164039198978 98.73519977
5 114768420 0.375447432479425 98.79997947
5 114802816 2.26511803698104 98.87789048
5 114829438 3.15035684771993 98.96175929
5 114855332 3.12321001004094 99.04263174
5 114898265 1.93941024386835 99.12589647
5 114935739 2.22193253989433 99.20916119
5 114979728 1.89285275864421 99.29242592
5 115016012 1.86680906184544 99.36016124
5 115050053 1.98848153697012 99.42785109
5 115130247 0.844076863605756 99.49554094
5 115160237 2.25708236078693 99.56323079
5 115277948 0.575051609450264 99.63092064
5 115346239 0.937258203862881 99.69492696
5 115381438 1.82813716298758 99.75927551
5 115439654 1.10513604507352 99.8236121
5 115479716 1.65209924616844 99.88979845
5 115522926 1.53086554038417 99.95594713
5 115575802 1.24950260987972 100.0220158
5 115653688 0.972688288010682 100.0977746
5 115692678 1.9430315465504 100.1735333
5 115719065 2.64083829158298 100.2432171
5 115826095 0.656759786975614 100.3135101
5 115849577 2.21396814581381 100.3654985
5 115890490 1.54172023562193 100.4285748
5 115916818 2.63081510179277 100.4978389
5 115960093 1.60204737146158 100.5671675
5 115988967 2.38717531343077 100.6360948
5 116015434 2.60900744323119 100.7051474
5 116055346 1.72972790138304 100.7741843
5 116078264 2.99729470285365 100.8428763
5 116114118 1.92155408043733 100.9117717
5 116134185 3.39241540838192 100.9798473
5 116187626 1.5051215358994 101.0602825
5 116240341 1.65727971165702 101.147646
5 116269886 2.95696395329159 101.2350095
5 116391317 0.719934777775033 101.3224318
5 116422295 2.72407192200917 101.4068181
5 116483271 1.38296542902125 101.4911458
5 116521777 2.18998857320937 101.5754735
5 116630840 0.769231545070281 101.6593681
5 116661838 2.86478805084199 101.7481709
5 116687956 3.35764606784593 101.8358658
5 116716055 2.93142816470337 101.9182361
5 116743685 2.96796597900832 102.0002409
5 116791394 1.71885598105179 102.0822458
5 116813388 4.2806765481495 102.176395
5 116828442 5.95464992692972 102.2660363
5 116845970 5.10091853035144 102.3554452
5 116908657 1.43494025874583 102.4453973
5 116953217 2.01914946140036 102.5353706
5 116976888 3.68253981665329 102.62254
5 117008357 2.91172582541549 102.7141691
5 117035746 3.34547080944905 102.8057982
5 117072309 2.48535678144572 102.8966703
5 117114572 2.0690793365355 102.9841157
5 117155996 1.93207560834299 103.06415
5 117194502 2.07827091881785 103.1441759
5 117216731 3.6635431193486 103.2256128
5 117240812 3.28067771271957 103.3046148
5 117262586 3.86176173417838 103.3887008
5 117281646 4.49575026232949 103.4743898
5 117320443 2.20770420393329 103.5600421
5 117365223 1.8899196069674 103.6446727
5 117391029 3.32765248391847 103.7305461
5 117455164 1.36570047555937 103.8181353
5 117493476 2.28333681353101 103.9056145
5 117527584 2.93005746452445 104.0055529
5 117548731 4.72589019719109 104.1054913
5 117596182 2.09682409222145 104.2049877
5 117620653 4.37688692738343 104.3120945
5 117645067 4.3937167199148 104.4193627
5 117685157 2.92374158144176 104.5365755
5 117708287 5.59709900562041 104.6660364
5 117735828 4.30693874586979 104.7846538
5 117768974 3.40923490013878 104.8976563
5 117793535 4.59722731159155 105.0105688
5 117850372 1.98221405070641 105.1232319
5 117872062 5.19424158598432 105.235895
5 117900480 4.13646632416074 105.3534451
5 117930669 3.89380569081454 105.4709953
5 117960691 3.91546532542802 105.5885454
5 118028673 1.68711864905416 105.7032391
5 118053957 5.44271871539313 105.8408528
5 118085231 4.38023597876831 105.9778403
5 118126222 3.87931741113903 106.1368574
5 118146829 7.32724802251662 106.28785
5 118152314 31.2796718322698 106.459419
5 118217333 2.17855857518571 106.6010667
5 118257944 3.48791460441752 106.7427144
5 118300392 2.89553807010931 106.8656242
5 118337019 3.72383214568488 107.002017
5 118401624 2.11118024920672 107.1384098
5 118483186 1.63085260292783 107.2714254
5 118516541 3.98787588067756 107.404441
5 118543807 3.4214626274481 107.4977306
5 118570342 4.50854720180893 107.617365
5 118620070 2.44187982625483 107.7387948
5 118663056 2.16997859768297 107.8320735
5 118696815 2.76307651292989 107.9253522
5 118720245 2.21740930431071 107.9773062
5 118747438 1.9105615415732 108.0292601
5 118789407 1.21334794729443 108.0801831
5 118829092 1.28207383142245 108.1310622
5 118861762 1.55736455463728 108.1819413
5 118894255 1.5658480288062 108.2328203
5 118926924 1.55741222565735 108.2836994
5 118954058 2.5221788162453 108.3521363
5 118981243 2.49742137208019 108.4200287
5 119008898 2.45497740010848 108.4879211
5 119036022 2.48842353635157 108.5554171
5 119085451 1.14980072427118 108.6122506
5 119108715 2.82576083218707 108.677989
5 119150147 1.58666006951149 108.7437275
5 119406813 0.272052005329884 108.813554
5 119441240 2.57659685711796 108.9022585
5 119463301 4.09927473822583 108.9926926
5 119511131 1.89074012126281 109.0831267
5 119551451 2.3956994047619 109.1797212
5 119618064 1.21673847447195 109.2607718
5 119651185 3.33980254219377 109.3713895
5 119675708 3.24120213676956 109.4508735
5 119743561 0.90311261108573 109.5121524
5 119807160 0.132572839195585 109.5205839
5 119827382 0.125088517456236 109.5231134
5 119900034 0.0243712492429665 109.524884
5 119945721 0.0387554446560291 109.5266547
5 120029711 0 109.5266547
5 120055511 0 109.5266547
