Chromosome Position(bp) Rate(cM/Mb) Map(cM)
10 84945 0 0
10 1085726 0.00725102694795365 0.007256694
10 1144738 0.187861790822206 0.01834284
10 1177669 0.22960948650208 0.025904114
10 1257872 0.0961737092128723 0.033617535
10 1300816 0.157597336065574 0.0403854
10 1355145 0.12457177566309 0.047153264
10 1437471 0.0925282413818235 0.054770748
10 1464903 0.333599445902596 0.06392205
10 1530333 0.141387436955525 0.073173027
10 1572744 0.185086652047818 0.08102274
10 1611691 0.249323953064421 0.090733157
10 1665610 0.180092731690128 0.100443574
10 2032397 0.0377208025366221 0.11427911
10 2066276 0.43845745151864 0.129133581
10 2133024 0.262446814885839 0.146651361
10 2174212 0.42531319801884 0.164169141
10 2296112 0.140216570959803 0.181261512
10 2342328 0.451382638047429 0.202122596
10 2364547 0.93888563841757 0.222983679
10 2387809 1.09080044708108 0.248357918
10 2413464 0.99158838433054 0.273797087
10 2497001 0.304526138118439 0.299236256
10 2597636 0.307835246186714 0.330215274
10 2673710 0.407221915503326 0.361194293
10 2697300 0.919652395082662 0.382888937
10 2785474 0.334475015310636 0.412380943
10 2832862 0.792877943783236 0.449953808
10 2903827 0.533764531811456 0.487832393
10 2929612 1.46519681985651 0.525612455
10 2953974 1.55511452261719 0.563498191
10 2999674 0.82900875273523 0.601383926
10 3179787 0.225223609622848 0.64194965
10 3209237 1.39388115449915 0.682999464
10 3284877 0.555626652564781 0.725027086
10 3305835 2.2195963355282 0.771545355
10 3329567 2.18184308107197 0.823324851
10 3363829 1.65667503356488 0.880085803
10 3398147 1.65397167667113 0.936846755
10 3482992 0.678703518180211 0.994431354
10 3518164 1.63722847719777 1.052015954
10 3540878 2.86558950427049 1.117105
10 3582438 1.55804138594803 1.181857217
10 3582722 143.645774647887 1.222652604
10 3611602 1.68771468144044 1.271393779
10 3744198 0.367591782557543 1.320134953
10 3802315 1.04928506289038 1.381116255
10 3856662 0.973043590262572 1.433998251
10 3945519 0.801975083561228 1.505259334
10 4001144 1.28109842696629 1.576520416
10 4044438 1.67473783896152 1.649026473
10 4135431 0.808335806051015 1.722579365
10 4210999 0.696290757992801 1.775196639
10 4279168 0.83740409863721 1.832281648
10 4308049 2.14423669540528 1.894209382
10 4328354 3.12449150455553 1.95765218
10 4393482 0.985232158211522 2.021818381
10 4436715 1.48419494367728 2.085984581
10 4468373 2.28823993935182 2.158425711
10 4515054 1.55183265139993 2.23086684
10 4558401 1.67119062449535 2.30330797
10 4595572 2.18990610960157 2.384708963
10 4620258 3.52351130195252 2.471690386
10 4669051 1.78580739040436 2.558825277
10 4803921 0.610969081337584 2.641226684
10 4828321 2.93976639344262 2.71295701
10 4949845 0.630130673776373 2.789532972
10 4977351 2.42204246346252 2.856153682
10 5029722 1.27209142464341 2.922774392
10 5179070 0.440457187240539 2.98855577
10 5202403 2.81924313204474 3.054337148
10 5243625 1.59578380476445 3.120118526
10 5294221 1.29821922681635 3.185803205
10 5324827 1.70361040318892 3.237943912
10 5390488 0.960554971748831 3.301014911
10 5425231 1.8153584894799 3.364085911
10 5469599 1.32079877389109 3.422687106
10 5500615 2.14292300748001 3.489152025
10 5565263 1.03619292166811 3.5561398
10 5602819 1.5866998615401 3.615729869
10 5623731 2.84956484315226 3.675319937
10 5661102 1.59455460116133 3.734910005
10 5717149 1.1941013791996 3.801835822
10 5830788 0.58893337674566 3.86876164
10 5980588 0.446622830440587 3.935665754
10 6006602 2.57184977319905 4.002569869
10 6040527 1.97740604274134 4.069653365
10 6075307 1.33585106382979 4.116114221
10 6144173 0.793696453983098 4.170772899
10 6169016 1.91176588978787 4.218266856
10 6197570 1.88175386986062 4.271998456
10 6296734 0.525130087531766 4.324072444
10 6315112 2.8309391663946 4.376099421
10 6444782 0.403486542762397 4.428419534
10 6484602 1.10930436966349 4.472592037
10 6515160 1.87618626873486 4.529924531
10 6547552 1.85177821684367 4.58990738
10 6594954 1.50537108138897 4.661264966
10 6616428 3.3077302784763 4.732295153
10 6715783 0.742888631674299 4.80610484
10 6741029 1.71160975996197 4.849316166
10 6755100 2.71355980385189 4.887498647
10 6846956 0.460776650409336 4.92982376
10 6875968 1.55986833034606 4.975078706
10 6942796 0.667726102831149 5.019701491
10 7096453 0.290405253258882 5.064324275
10 7153764 0.741882012179163 5.106842283
10 7380162 0.187802012385268 5.149360292
10 7401075 2.03308946588247 5.1918783
10 7433711 1.30638252236794 5.234513373
10 7478702 1.02519837300794 5.280638043
10 7523778 0.89351095926879 5.320913916
10 7561703 1.37879499011206 5.373204738
10 7592941 1.67394839618413 5.42549556
10 7619944 1.9802873754768 5.478969291
10 7672374 1.21856570665649 5.542858646
10 7723009 1.26176360225141 5.606748
10 7753705 2.08135913474068 5.670637354
10 7799488 1.50493196164515 5.739537665
10 7858038 1.17677711357814 5.808437975
10 7896282 2.62877575567409 5.908972889
10 7960731 1.5131282099024 6.006492532
10 8009471 1.40306114074682 6.074877722
10 8156450 0.464918797923513 6.143211012
10 8234758 0.763684425601471 6.203013605
10 8270326 1.68135964912281 6.262816198
10 8297879 2.17045693753856 6.322618791
10 8321088 3.0352535654272 6.393064011
10 8398051 0.93160869508725 6.464763461
10 8437937 1.6452263952264 6.530384995
10 8461388 2.55208306682018 6.590233878
10 8547033 0.700430848269017 6.650222295
10 8619791 0.824492152065752 6.710210711
10 8663256 1.27628436673185 6.765684369
10 8707331 1.26584458309699 6.821476501
10 8742664 1.53095123538901 6.875569577
10 8778211 1.5217346048893 6.929662653
10 8842897 0.830021952199858 6.983353432
10 8903422 0.887349029326725 7.03706026
10 8932852 1.8258579680598 7.09079522
10 9243642 0.173208919205895 7.1446268
10 9344056 0.550090624813273 7.199863604
10 9373987 1.84547125054292 7.255100408
10 9477188 0.538510285753045 7.310675225
10 9544739 0.82270876818996 7.366250041
10 9592804 1.38385935712057 7.432765207
10 9647790 1.20967519004838 7.499280372
10 9706130 1.14013027082619 7.565795538
10 9748739 1.56105986998052 7.632310703
10 9795611 1.7301523297491 7.71340644
10 9823925 2.86416613689341 7.794502423
10 9933616 0.802274571295731 7.882504702
10 10075993 0.645289618407467 7.974379065
10 10147987 1.27613967830653 8.066253429
10 10186582 2.43973830807099 8.16041509
10 10227795 2.3495741634921 8.25724805
10 10259423 3.23852598962944 8.359676137
10 10388534 0.804008953536104 8.463482578
10 10447101 1.78179008656752 8.567836698
10 10490050 2.42972129735267 8.672190817
10 10647574 0.715181813564917 8.784849142
10 10721194 1.53026759032872 8.897507467
10 10742098 4.93618446230386 9.000693502
10 10820984 1.30803944933195 9.103879536
10 10855797 2.94670669002959 9.206463195
10 10963655 0.924839140351203 9.306214537
10 10992324 3.47941330356831 9.405965879
10 11016239 2.73289567217228 9.471323095
10 11053968 1.929263961409 9.544112307
10 11089435 2.05230777906223 9.616901519
10 11110719 3.41990227400864 9.689690731
10 11137558 2.71206825887701 9.762479943
10 11164763 2.67255651534644 9.835186809
10 11187112 2.97036108998165 9.901571425
10 11214627 3.04919861893513 9.985470098
10 11237110 3.72429835875995 10.06920348
10 11275931 2.15690991988872 10.15293686
10 11313168 3.30633509681231 10.27605489
10 11354552 2.97106852890006 10.39900958
10 11459762 0.984824636441403 10.50262294
10 11480188 3.36300303534711 10.57131567
10 11529462 1.39226772740188 10.63991827
10 11544918 4.43857401656315 10.70852087
10 11594710 1.36391589010283 10.77643301
10 11654274 1.14031797730173 10.84435489
10 11709471 1.22897077739732 10.91219042
10 11735721 2.59248380952381 10.98024312
10 11763094 2.48767763854893 11.04833837
10 11820916 1.17766939919062 11.11643361
10 11869814 1.3957033007485 11.1846807
10 11951949 0.83091373957509 11.25292779
10 11983096 2.19112916171702 11.32117488
10 12049562 0.991815364246382 11.38709692
10 12070564 3.10655175697553 11.4523407
10 12110678 1.62173555367203 11.51739502
10 12137604 2.10249201515264 11.57400675
10 12168672 1.82218681601648 11.63061849
10 12252829 0.673019475504117 11.68725775
10 12277049 2.33853426919901 11.74389701
10 12302672 2.21048667213051 11.80053627
10 12326160 2.41677452316076 11.85730143
10 12403519 0.733789216510038 11.91406659
10 12438859 1.60625919637804 11.97083174
10 12465372 2.1141402330932 12.02688398
10 12500777 1.13356023160571 12.06701764
10 12539114 2.11870255888567 12.14824232
10 12571813 2.5727545184868 12.23236886
10 12598120 2.62323335994222 12.30137826
10 12662259 1.07593507850138 12.37038767
10 12712263 2.09482641388689 12.47513739
10 12760034 2.19274664545436 12.5798871
10 12780975 5.00213456854974 12.68463682
10 12801828 2.72306622548314 12.74142092
10 12814026 5.25650926381374 12.80553985
10 12844063 2.27504078303426 12.87387521
10 12865280 3.22078521939954 12.94221057
10 12887564 3.08954406749237 13.01105798
10 12919428 1.99104004519207 13.07450046
10 12947183 2.28580435957485 13.13794294
10 12969418 2.63627164380481 13.19656044
10 13037346 0.900144270403957 13.25770545
10 13058763 2.84123826866508 13.31855626
10 13082999 2.88486961544809 13.38847399
10 13164182 0.896356380030302 13.46124291
10 13202529 1.89764257960205 13.53401183
10 13233953 2.31682153767821 13.60681565
10 13277230 1.66685999491647 13.67895234
10 13306922 2.42949952849252 13.75108902
10 13328717 1.80123422803395 13.79034693
10 13356517 1.43326618705036 13.83019173
10 13404968 0.95124558832635 13.87628056
10 13425237 2.27236173466871 13.92233907
10 13446565 2.15953207051763 13.96839758
10 13474857 1.62519440124417 14.01437755
10 13500606 1.78464794749311 14.06033047
10 13521494 2.19996648793566 14.10628339
10 13604834 0.673454523638109 14.16240909
10 13644156 1.4273358425309 14.2185348
10 13678972 1.71477481617647 14.27823639
10 13722046 1.38602405163207 14.33793799
10 13742475 2.92318273043223 14.39765566
10 13775125 1.72029402756508 14.45382322
10 13796854 2.56989277003083 14.50966443
10 13833788 1.51191855742676 14.56550565
10 13860736 2.0667359358765 14.62120009
10 13890552 2.03075865307218 14.6817492
10 13947449 1.06418791851943 14.7422983
10 13970024 2.67944629014396 14.80278678
10 14000654 1.97481227554685 14.86327526
10 14028827 1.88328541511376 14.9163331
10 14066077 1.38468993288591 14.96791281
10 14091341 2.069696010133 15.02020158
10 14116363 2.35783310686596 15.07919932
10 14157673 1.42816993464052 15.13819705
10 14201029 1.61617769166897 15.20826808
10 14228843 2.52755806428417 15.27856958
10 14284093 0.688667873303167 15.31661849
10 14316479 1.35200704007905 15.36040463
10 14355748 1.16240036670147 15.40605093
10 14415124 0.768766841821611 15.45169723
10 14450712 1.35211869169383 15.49981648
10 14541979 0.529478343760615 15.54814035
10 14581464 1.22385462833988 15.59646422
10 14601498 2.58558949785365 15.6482639
10 14643074 1.49422262843948 15.71038771
10 14665774 2.73200440528634 15.77240418
10 14707999 1.46952279455299 15.83445474
10 14747084 1.58829985928105 15.89653345
10 14859085 0.68419210542763 15.97316364
10 15077217 0.352206003704179 16.04999107
10 15098719 3.57303506650544 16.1268185
10 15128004 2.62343862045416 16.20364593
10 15152458 3.34383740901284 16.2854161
10 15189729 2.42510530975826 16.37580219
10 15228531 1.94417813514767 16.45124015
10 15253352 3.01221143386648 16.52600621
10 15287464 1.68044969512195 16.58332974
10 15323398 1.72837980742472 16.64543732
10 15358595 1.7992669829815 16.70876616
10 15382216 2.06431141780619 16.75752725
10 15438770 0.994599851469392 16.81377582
10 15485034 1.21922012796127 16.87018183
10 15518038 1.82091261665253 16.93027925
10 15551922 1.74932416479754 16.98955338
10 15601378 1.16565634098997 17.04720206
10 15639489 1.5116108210228 17.10481101
10 15677580 1.51240450500118 17.16241996
10 15730668 1.08936294454491 17.22025209
10 15826799 0.601596779394784 17.27808421
10 15869878 1.00934097820284 17.32156559
10 15898865 1.71603477420913 17.37130833
10 15955819 0.977448467184043 17.42697792
10 15994647 1.5007185536211 17.48524778
10 16137379 0.408265840876608 17.54352039
10 16160207 2.54834851936219 17.6016941
10 16182204 2.64461972087103 17.65986781
10 16211659 2.0784179256493 17.72108758
10 16346333 0.454577721015192 17.78230736
10 16434398 0.695133140294101 17.84352428
10 16454781 3.39946524064171 17.91281561
10 16482947 2.8537598523042 17.99319458
10 16509527 3.0819826937547 18.07511364
10 16546308 2.22403686686061 18.1569159
10 16570431 3.39105003523608 18.23871816
10 16591105 4.04875689271549 18.32242212
10 16628795 2.2208543380207 18.40612607
10 16651895 3.63258441558442 18.49003878
10 16708640 1.32038946162658 18.56496427
10 16760750 1.09234887737478 18.62188653
10 16788178 2.52118637888289 18.69103766
10 16840220 1.42085623150532 18.76498186
10 16875364 2.10584452538129 18.83898966
10 16896011 2.93550152564537 18.899599
10 16924637 1.9358869559142 18.95501569
10 17006334 0.643142343048092 19.00755848
10 17058617 1.38092305338255 19.07975732
10 17121510 1.14807689249996 19.15196333
10 17148932 2.63306104587557 19.2241671
10 17228486 0.904668527038238 19.29613711
10 17304469 0.764360449047813 19.35421553
10 17330409 2.23895142636854 19.41229395
10 17396536 0.864252120918838 19.46944433
10 17426681 1.90132028528778 19.52675966
10 17545863 0.484189726636573 19.58446636
10 17574049 2.04735329596253 19.64217306
10 17672477 0.58628337464949 19.69987976
10 17700405 1.89669149240905 19.75285053
10 17746328 1.15346993881062 19.80582129
10 17792766 1.14068435333132 19.85879234
10 17848492 0.980710978717295 19.91344346
10 17886463 1.34089173316478 19.96435845
10 17974959 0.629623937805099 20.02007762
10 18062302 0.63920749230047 20.07590789
10 18107314 1.24034257531325 20.13173817
10 18136100 1.97606475369972 20.1886212
10 18195374 0.959661909100111 20.24550424
10 18250901 1.02442055216381 20.30238727
10 18271960 2.70112540956361 20.35927031
10 18312080 1.21993519441675 20.40821414
10 18417896 0.46253685643003 20.45715797
10 18442754 1.95317402848178 20.50570993
10 18464531 2.22224365155898 20.55410369
10 18514628 1.03423159071401 20.60591563
10 18541772 2.06592985558503 20.66199325
10 18585903 1.27070766581315 20.71807087
10 18596826 5.13390094296439 20.77414848
10 18652289 1.01108126138146 20.8302261
10 18786999 0.41260262786727 20.88580777
10 18815035 2.10569268083892 20.94484295
10 18854031 1.51387834649708 21.00387813
10 19017402 0.361356666727877 21.0629133
10 19055444 1.55184270017349 21.12194848
10 19093973 2.0022917802175 21.19909482
10 19127911 2.2765690376569 21.27635698
10 19155115 2.4411446846052 21.34276584
10 19189831 1.91291911510543 21.4091747
10 19226217 1.82549057329742 21.47559698
10 19268228 1.19058579895742 21.52561465
10 19291740 2.12572303504593 21.57559463
10 19534780 0.195904789335089 21.62320733
10 19573787 1.22192427000282 21.67087089
10 19605083 1.83710378323108 21.72836485
10 19663335 0.979784385085491 21.78543929
10 19731776 0.894748761707164 21.8466768
10 19757115 2.41442835155294 21.90785603
10 19783138 2.35500903047304 21.96914048
10 19833448 1.21813555953091 22.03042493
10 19887506 1.1344148877132 22.09174917
10 19921299 1.78502352558222 22.15207046
10 19959026 1.59888938956185 22.21239174
10 20038382 0.756537627904632 22.27242758
10 20091429 1.13564009274794 22.33266991
10 20117404 2.31924157844081 22.39291223
10 20154266 1.63426563941186 22.45315456
10 20175541 2.83160047003525 22.51339688
10 20197667 2.72269275964928 22.57363921
10 20218316 2.91556976124752 22.63384278
10 20284816 1.05127969924812 22.70375288
10 20313523 2.47904692235343 22.77491891
10 20370455 1.37864469893909 22.85340795
10 20396744 2.96385180113355 22.9313247
10 20490168 0.790568804589827 23.00518275
10 20526980 1.6897642073237 23.06738635
10 20555874 2.27385616390946 23.13308719
10 20629073 0.816807606661293 23.19287668
10 20664384 1.78853331822945 23.25603161
10 20716836 1.23077289712499 23.32058813
10 20746648 2.16852609687374 23.38523624
10 20776707 2.14965900395888 23.44985282
10 20803826 2.38270585198569 23.51446939
10 20834705 2.08577997992163 23.57887621
10 20860225 1.81754310344828 23.62525994
10 20887920 1.68269001624842 23.67186202
10 20929619 1.24694836806638 23.72385853
10 20958739 1.53690934065934 23.76861335
10 20986745 1.63760979790045 23.81447625
10 21065471 0.58220537052562 23.860311
10 21098656 1.38118728341118 23.90614575
10 21219057 0.380683715251534 23.95198049
10 21271152 0.87892120165083 23.99776788
10 21297641 1.69969798784401 24.04279117
10 21334443 1.36108907124613 24.09288192
10 21363314 1.74063246856707 24.14313573
10 21390531 1.78704486166734 24.19177368
10 21440198 0.790486641029255 24.23103481
10 21494322 0.859662996083069 24.27756322
10 21507522 3.52487878787879 24.32409164
10 21679486 0.27057058454095 24.37062005
10 21734531 0.845079480425107 24.41713741
10 21768228 1.44793305041992 24.46592844
10 21807190 1.25227144397105 24.51471948
10 21841817 1.40904496491177 24.56351052
10 21862277 2.4297458455523 24.61322311
10 21932603 0.7252140033558 24.66422448
10 21957034 1.62422741598788 24.70390599
10 21979394 1.84371645796064 24.74513153
10 22028049 0.847302435515363 24.78635706
10 22149551 0.398590146664252 24.83478659
10 22212596 0.886598461416448 24.89068215
10 22284939 0.775847006621235 24.94680929
10 22315370 2.24425750057507 25.01510431
10 22345770 2.76433223684211 25.09913996
10 22382830 2.26773340528872 25.18318211
10 22433351 1.56739573642644 25.26236848
10 22494170 1.3640128907085 25.3453264
10 22792780 0.277813536050367 25.42828431
10 25543607 0.0301574399262476 25.51124222
10 25651778 0.606179105305489 25.57681319
10 25677886 3.79953654052398 25.67601152
10 25829008 0.71465372348169 25.78401139
10 25875154 2.08085207818662 25.88003437
10 25917551 2.22080335872821 25.97418977
10 25998000 1.04118261258686 26.05795188
10 26023168 1.49598696757788 26.09560292
10 26085641 0.607235125574248 26.13353876
10 26117936 1.18833875212881 26.17191613
10 26257627 0.268670852094981 26.20944705
10 26294073 1.02976732700434 26.24697797
10 26335191 0.912760834670947 26.28450889
10 26374500 0.954766084102877 26.32203981
10 26399008 1.52897013220173 26.35951183
10 26447113 1.0365284273984 26.40937407
10 26494631 1.07161286249421 26.46029499
10 26521248 2.04884472329714 26.51482911
10 26552368 1.75238110539846 26.56936324
10 26579021 1.61560049525382 26.61242381
10 26604915 1.67193172163436 26.65571679
10 26664869 0.72210361276979 26.69900976
10 26693150 1.54046179413741 26.74257557
10 26732147 1.1171577300818 26.78614138
10 26762165 1.39348057831967 26.82797087
10 26790460 1.4783353949461 26.86980035
10 26816725 1.59319626879878 26.91164567
10 26851897 1.18908791083817 26.95346826
10 26892378 1.04999135396853 26.99597294
10 26936267 0.968459067192235 27.03847762
10 26968003 1.33932127552307 27.0809823
10 26998341 1.40170413343002 27.1235072
10 27057896 0.595138947191672 27.15895069
10 27084475 1.42927875390346 27.19693952
10 27104985 2.30107752315943 27.24413465
10 27127721 2.61014250527797 27.3034789
10 27185490 0.936093752704738 27.35755611
10 27257251 0.756047156533493 27.41181078
10 27290407 1.7779557244541 27.47076064
10 27367801 0.761847171615371 27.52972307
10 27397646 1.98923772826269 27.58909187
10 27420541 2.4752216641188 27.64576207
10 27512213 0.67359608168252 27.70751195
10 27547632 1.74490245348542 27.76931464
10 27638285 0.681750190286036 27.83111732
10 27789496 0.360025394977879 27.88555716
10 27924826 0.402274440257149 27.939997
10 27960775 1.51436201285154 27.99443684
10 28006722 1.12812588417089 28.04627081
10 28018514 4.1390434192673 28.0950784
10 28054778 1.34589675711449 28.14388598
10 28095760 1.15344053486897 28.19115628
10 28120401 1.91835964449495 28.23842659
10 28151110 1.53929792568954 28.2856969
10 28179409 1.65421746351461 28.33250963
10 28280781 0.470565836720199 28.38021187
10 28382493 0.468992842535787 28.4279141
10 28417433 1.08804808242702 28.46593055
10 28450074 1.15287215465212 28.50356147
10 28490691 0.975768766772534 28.54319432
10 28518181 1.42480174608949 28.58236217
10 28540901 1.72209066901408 28.62148804
10 28566378 1.53829336264081 28.66067911
10 28588817 1.74656178974108 28.69987018
10 28622544 1.17649954042755 28.73955
10 28644933 1.46621108580106 28.77237704
10 28691096 0.858449407534172 28.8120056
10 28721211 1.35795450772041 28.85290037
10 28777408 0.800179724896347 28.89786803
10 28829135 0.869327430548843 28.94283568
10 28909788 0.557545286598143 28.98780334
10 28936022 1.71410002287108 29.032771
10 28967860 1.41810101137006 29.07792047
10 29056764 0.509259425897597 29.1231957
10 29085444 1.57863319386332 29.16847093
10 29116000 1.4817122660034 29.21374615
10 29149668 1.34475466318166 29.25902138
10 29176353 1.73662731871838 29.30536329
10 29217264 1.45872503727604 29.36504119
10 29278919 0.969493147352202 29.4248153
10 29314865 0.996583764535692 29.46063854
10 29337322 1.59519080910184 29.49646179
10 29360475 1.52761629162528 29.53183072
10 29398485 0.966400947119179 29.56856364
10 29438326 0.921987399914661 29.60529656
10 29477111 1.0994791800954 29.64793988
10 29581156 0.461042818011437 29.69590911
10 29617504 1.21391823484098 29.74003259
10 29688127 0.624487773105079 29.78413575
10 29714796 1.72016948517005 29.83001096
10 29764271 0.927240020212228 29.87588616
10 29792513 1.62436088095744 29.92176137
10 30086446 0.156144087257981 29.96765726
10 30192603 0.432339836280226 30.01355315
10 30294786 0.449153968859791 30.05944904
10 30578744 0.161629184597722 30.10534493
10 30704987 0.359510626331757 30.15073062
10 30732648 1.55469795018257 30.19373509
10 30773450 1.00064702710651 30.2345635
10 30961454 0.223905874343099 30.27665871
10 30982329 1.96527425149701 30.3176838
10 31080128 0.423135205881451 30.35906605
10 31244060 0.252435156040309 30.40044829
10 31281861 1.12162641199968 30.4428469
10 31310855 1.46232323929089 30.4852455
10 31360385 0.856266908944074 30.52765645
10 31382240 2.12641043239533 30.57412917
10 31421179 1.19347440869052 30.6206019
10 31443723 2.01438076650106 30.66601412
10 31491932 0.941985936235972 30.71142634
10 31539600 0.95267684820005 30.75683856
10 31576602 1.11919625966164 30.79825108
10 31609187 1.28710756483044 30.84019146
10 31652502 0.968265035207203 30.88213183
10 31707885 0.757279309535417 30.92407221
10 31732419 1.71393983859134 30.96612198
10 31755306 1.83727880456154 31.00817175
10 31791837 1.15107169253511 31.05022153
10 31828637 1.14415760869565 31.09232654
10 31989230 0.26218452859091 31.13443155
10 32137536 0.28390624789287 31.17653657
10 32176111 1.09151004536617 31.21864158
10 32247911 0.58642061281337 31.2607466
10 32278745 1.36125705390154 31.30271955
10 32303809 1.73336658155123 31.34616467
10 32324758 2.07385078046685 31.38960979
10 32400485 0.603517899824369 31.43531241
10 32433557 1.43832547169811 31.48288068
10 32475837 1.12507805108798 31.53044894
10 32501730 1.83711041594253 31.57801721
10 32581893 0.593394708281876 31.62558547
10 32619221 1.21593977711102 31.67097409
10 32646966 1.63927914939629 31.71645589
10 32675586 1.64025856044724 31.76340009
10 32700897 1.85761526608984 31.81041819
10 32721429 2.46855152932009 31.86110248
10 32741687 2.52733734820812 31.91230127
10 32833799 0.51060773840542 31.95933442
10 32901644 0.689977153806471 32.00614597
10 32922401 2.25521510815628 32.05295752
10 32943659 2.20206510490168 32.09976907
10 33094088 0.311186672782509 32.14658062
10 33121242 1.7236502909332 32.19338459
10 33245834 0.427098048028766 32.24659761
10 33287220 1.28446334509254 32.29975638
10 33558436 0.196001710813521 32.35291515
10 33598620 1.32288473024089 32.40607392
10 33636986 1.38557055726424 32.45923269
10 33675207 1.40451584207635 32.5129147
10 33739014 0.843916811635087 32.56676252
10 33777633 1.46090784328957 32.6231813
10 33809542 2.07842614936225 32.68950184
10 33896019 0.782278524925703 32.75715093
10 33940919 1.50666146993318 32.82480003
10 33982048 1.84385956381142 32.9006361
10 34036027 1.40491857944756 32.97647218
10 34092016 1.35445355337656 33.05230667
10 34136154 1.45720241062123 33.1166247
10 34214726 0.755685231380135 33.17600037
10 34282362 0.877871251995978 33.23537605
10 34306045 2.50710214077608 33.29475173
10 34336811 1.69068127153351 33.3467672
10 34358150 2.64590186981583 33.40322807
10 34424640 0.849383365919687 33.45970354
10 34503487 0.716728600961355 33.51621539
10 34537810 1.4901203274772 33.56736079
10 34605395 0.756756676777391 33.61850618
10 34807390 0.253201316864279 33.66965158
10 34947852 0.394745197989492 33.72509832
10 34985737 1.4469156658308 33.77991468
10 35009737 2.28401666666667 33.83473103
10 35040730 1.78123124576517 33.88993673
10 35061476 1.80122433240143 33.9273049
10 35110279 0.793697108784296 33.96603971
10 35145011 1.11524818611079 34.00477453
10 35164676 1.96973302822273 34.04350935
10 35208271 0.921078105287303 34.08366376
10 35370037 0.248225214198286 34.12381817
10 35711302 0.117663399411015 34.16397258
10 35786452 0.526588157019295 34.20354566
10 35906682 0.329144972136738 34.24311875
10 35947352 0.972434226702729 34.28266764
10 35989426 0.945282121975567 34.32243946
10 36013927 1.32342353373332 34.3548647
10 36091187 0.417112347916127 34.38709083
10 36140400 0.644608131997643 34.41881394
10 36261135 0.262749823994699 34.45053704
10 36306597 0.703666798645022 34.48252711
10 36353128 0.687500805914337 34.51451718
10 36374183 1.52705295654239 34.54666925
10 36432652 0.549899946980451 34.57882133
10 36459819 1.3587072551257 34.61573332
10 36489310 1.25238208266929 34.65266735
10 36513854 1.50480769230769 34.68960137
10 36552953 0.944627739839894 34.7265354
10 36620388 0.547697783050345 34.76346943
10 36692084 0.515147288551663 34.80040345
10 36720121 1.34178763776438 34.83802319
10 36829871 0.342645102505695 34.8756285
10 36861769 1.17892344347608 34.91323381
10 36905716 0.855696634582565 34.95083912
10 36939146 1.12489679928208 34.98844442
10 37017880 0.42034953133335 35.02154021
10 37102935 0.389110575509964 35.05463599
10 37173669 0.467890971809879 35.08773178
10 37235745 0.528882337779496 35.12056263
10 37439170 0.161390684527467 35.15339349
10 37476784 0.952089647471686 35.18920537
10 37539609 0.570026263430163 35.22501725
10 37593009 0.692084269662921 35.26197456
10 37637655 0.827785243918828 35.29893186
10 37676653 0.947671675470537 35.33588917
10 37713144 0.918303143240799 35.36939896
10 37734625 1.77592290861692 35.40754751
10 37761313 1.43039193645084 35.44572182
10 37851713 0.422282079646018 35.48389612
10 37874933 1.64402670111972 35.52207042
10 37906079 1.22565658511526 35.56024473
10 37928146 1.72992704037703 35.59841903
10 37977888 0.767446021470789 35.63659333
10 38021519 0.874935252458115 35.67476763
10 38154457 0.287158675472777 35.71294194
10 38262084 0.354690737454356 35.75111624
10 38310148 0.616596621171771 35.78075231
10 38338318 1.19531416400426 35.81442435
10 38508129 0.254006513123414 35.85755745
10 38651279 0.301314006287111 35.90069055
10 38674555 1.72146416910122 35.94075935
10 38723689 0.815500468107624 35.98082815
10 38750464 1.23023342670402 36.01376768
10 38780016 1.33350703844071 36.05317553
10 38808217 1.52652742810539 36.09622512
10 38831547 1.84524646378054 36.13927471
10 38861771 1.00249470619375 36.16957414
10 38882778 1.48474794116247 36.20076424
10 38908979 1.19041639632075 36.23195435
10 38957628 0.641096425414705 36.26314309
10 39198935 0.129249047893347 36.29433183
10 39238892 0.911527391946342 36.33075375
10 39363066 0.293313415046628 36.36717566
10 39451275 0.632526159462186 36.42297021
10 39495836 1.2492942258926 36.47863996
10 39530535 1.6191215885184 36.53482184
10 39618297 0.640162029124222 36.59100372
10 39758843 0.268730522391246 36.62877268
10 39795669 1.02600336718623 36.66655633
10 39851613 0.675382525382525 36.70433997
10 39999823 0.254932865528642 36.74212362
10 40020331 1.8026477472206 36.7790923
10 40046559 1.40951273448223 36.81606098
10 40129558 0.448035518500223 36.85324751
10 40203321 0.504134864362892 36.89043405
10 40243424 0.927274767473755 36.92762059
10 40264812 1.62379839162147 36.96235036
10 40333013 0.530704828374951 36.99854499
10 40354764 1.64909659326008 37.03441446
10 40382252 1.33582290454016 37.07113351
10 40408498 1.39903604358759 37.10785257
10 40442828 1.07092047771628 37.14461725
10 40479399 1.03104645757567 37.18232365
10 40515444 1.04609238451935 37.22003004
10 40535472 1.88268424206111 37.25773644
10 40556950 1.75071701275724 37.29533834
10 40642701 0.455733460834276 37.33441791
10 40717249 0.47623544561893 37.3699203
10 40778867 0.766368593592781 37.41714236
10 40861564 0.571025551108263 37.46436443
10 41110238 0.189695746238047 37.51153685
10 41131669 2.1685595632495 37.55801122
10 41228926 0.499958871854982 37.60663572
10 41290436 0.790513737603642 37.65526021
10 41318488 1.68282118922002 37.70246669
10 41340315 2.16588170614377 37.74974137
10 41375731 1.18886661395979 37.79184628
10 41412968 1.13072750221554 37.83395118
10 41443484 1.66475947044174 37.88475297
10 41489099 1.11370821001863 37.93555476
10 41534933 1.10838678710128 37.98635655
10 41585648 1.00171152518979 38.03715834
10 41626921 1.23087248322148 38.08796013
10 41703453 0.745992526002195 38.14505247
10 41725845 2.58987584851733 38.20304496
10 41762910 1.56461621475786 38.26103744
10 41823523 0.956766700212826 38.31902993
10 41874576 1.6054374865336 38.40099234
10 41919935 1.81334024118698 38.48324366
10 41955296 2.06801843839258 38.55637083
10 41986957 1.70953854900351 38.61049652
10 42008746 2.49413006562945 38.66484113
10 42037030 1.92139018526375 38.71918574
10 42084823 1.15814449814826 38.77453691
10 42109924 2.19090474483088 38.82953082
10 42156285 1.18621039235564 38.88452473
10 42265703 0.494273337110896 38.93860713
10 42292669 2.0055773937551 38.99268953
10 42384730 0.587462660627193 39.04677193
10 42419524 1.39236937403001 39.09521802
10 42459990 1.29921909751396 39.14779217
10 42491695 1.73436051096042 39.20278004
10 42513056 2.56472075277375 39.25756504
10 42571570 0.936271661482722 39.31235004
10 42629053 0.95251813579667 39.36710364
10 42705865 0.712826120918607 39.42185723
10 42727961 2.4785255249819 39.47662269
10 42753360 2.15650222449703 39.53139573
10 42819061 1.14362642882148 39.60653315
10 42906034 0.8596667931427 39.6813009
10 42969811 0.805362434733525 39.73266447
10 42994125 2.59458336760714 39.79574913
10 43227119 0.270756757684747 39.85883378
10 43625368 0.158405168625659 39.92191844
10 43729799 0.554501058114928 39.97982558
10 43872813 0.406562294600529 40.03796967
10 43912210 1.47585095311826 40.09611376
10 43937847 2.26797597222764 40.15425785
10 43962664 1.37180964661321 40.18830203
10 43996215 1.13846979225656 40.22649886
10 44021571 1.47689304306673 40.263947
10 44037875 2.29686579980373 40.30139514
10 44059494 1.7321846523891 40.33884327
10 44099702 1.00187773577398 40.3791268
10 44163117 0.635236142868407 40.41941033
10 44208541 0.787075114476929 40.45516248
10 44244191 1.12810098176718 40.4953793
10 44284280 1.00318790690713 40.53559613
10 44317199 1.22168960174975 40.57581296
10 44368506 0.780686845849494 40.61586769
10 44396307 1.58289270170138 40.65987365
10 44431417 1.25514668185702 40.70394184
10 44470307 1.68040113139625 40.76929262
10 44505055 1.93106653620352 40.83639328
10 44550091 1.5598876454392 40.90664439
10 44642716 0.631004588394062 40.96509118
10 44687920 1.29295637554199 41.02353796
10 44727501 1.07160506303529 41.06595312
10 44752823 2.12645920543401 41.1197993
10 44773979 2.54999527320855 41.173747
10 44799297 2.16876530531638 41.22865575
10 44820482 2.51340571158839 41.28190224
10 44850923 1.26840445451858 41.32051377
10 44872711 1.45034881586194 41.35211396
10 44887038 2.98689886228799 41.39490725
10 44925897 0.936470315756968 41.43129751
10 44966040 0.908873278031039 41.46778244
10 44987427 1.58141394304952 41.50160409
10 45022368 0.897263959245585 41.53295543
10 45159835 0.247978060188991 41.56704425
10 45189573 1.09029188243998 41.59946738
10 45221014 1.03125854775611 41.63189116
10 45241320 1.59675957844972 41.66431494
10 45276359 0.928842147321556 41.69686066
10 45306086 1.26357520099573 41.73442292
10 45334295 1.08725938530256 41.76509345
10 45383083 0.49840739526113 41.78940973
10 45411930 0.890127222934794 41.81508718
10 45434927 0.934291429316867 41.83657308
10 45453460 1.15933200237414 41.85805897
10 45477793 0.880840833436074 41.87949249
10 45510173 0.662025941939469 41.90092888
10 45633163 0.174867875437027 41.92243587
10 45680616 0.442513645080395 41.94343446
10 45709283 0.731412425436914 41.96440187
10 45777873 0.306678816153958 41.98543694
10 45807766 0.921583648345767 42.01298579
10 45884962 0.356869526918493 42.04053465
10 45966453 0.338060644733774 42.0680835
10 45998237 0.761631638560282 42.09229121
10 46052685 0.444602189244784 42.11649893
10 46095471 0.565785537325293 42.14070664
10 46224792 0.214489526063052 42.16844466
10 46254922 0.920610687022901 42.19618268
10 46286903 0.86732747568869 42.22392071
10 46330098 0.687317976617664 42.25360936
10 46392179 0.478225221887534 42.28329801
10 46428453 0.698889011413133 42.30864951
10 46450562 1.14665973133113 42.33400101
10 46490485 0.635272900333141 42.359363
10 46513368 1.1083336975047 42.384725
10 46540291 0.867945622701779 42.40809266
10 46580638 0.60047339331301 42.43232001
10 46609304 0.845158026930859 42.45654736
10 46637787 0.850588070076888 42.48077471
10 46672954 0.688921432024341 42.50500206
10 46713659 0.595192236825943 42.52922941
10 46745363 0.764171713348473 42.55345675
10 46942279 0.135126145158342 42.58006524
10 46974249 0.832295902408508 42.60667372
10 47007620 0.797362979832789 42.63328254
10 47034794 0.977596231692059 42.65984773
10 47057313 1.32570273990852 42.68970121
10 47117441 0.571638837147419 42.72407275
10 47140344 1.50074226083919 42.75844428
10 47163752 1.46942925495557 42.7928407
10 47253620 0.382743579472115 42.82723712
10 47286226 1.08234680733607 42.86252814
10 47318551 1.08723279195669 42.89767294
10 47350708 1.09291289610349 42.93281774
10 47452978 0.344561454972133 42.96805609
10 47494924 0.952450770037668 43.00800758
10 47550105 0.726592486544282 43.04810166
10 47583789 1.19030103313146 43.08819573
10 47612977 1.41273468548719 43.12943062
10 47638179 1.53105309102452 43.16801618
10 47670717 1.15193005101727 43.20549763
10 47697672 1.32077536635133 43.24109912
10 47729354 1.12371378069566 43.27670061
10 47753050 1.51022535449021 43.31248691
10 47789244 0.949392164447146 43.34684924
10 47842702 0.728588798683078 43.38579811
10 47871076 1.37269683513075 43.42474697
10 47891805 1.8870664286748 43.46386399
10 48057090 0.23666394409656 43.50298102
10 48171673 0.341385720394823 43.54209804
10 48337242 0.237653183868961 43.58144603
10 48367742 1.35020655737705 43.62262736
10 48417077 0.834727880814838 43.66380869
10 48444492 1.50214481123473 43.70499002
10 48483461 1.90717493392184 43.77931073
10 48545799 1.19270589367641 43.85366168
10 48567967 3.35397419704078 43.92801263
10 48589436 1.96092039685127 43.97011161
10 48626875 1.43372152033975 44.02378874
10 48670398 1.15026997219861 44.07385198
10 48779109 0.470895309582287 44.12504349
10 48869657 0.565352078455626 44.17623499
10 48956514 0.587980243388558 44.22730523
10 49001386 1.13813068283116 44.27837546
10 49040105 0.925734135695653 44.31421896
10 49075392 1.25579391844022 44.35853219
10 49108347 1.33796995903505 44.40262499
10 49132791 1.80382916053019 44.44671778
10 49155326 1.95663634346572 44.49081057
10 49179981 1.89176637598864 44.53745207
10 49203510 1.9822984402227 44.58409357
10 49261311 0.795615992802893 44.63008101
10 49335797 0.62842681846253 44.67688996
10 49377221 1.12999710312862 44.72369891
10 49422403 1.03600991545306 44.77050786
10 49444844 2.41860434027004 44.82478379
10 49510590 0.825539196300916 44.87905971
10 49535707 1.98291993470558 44.92886475
10 49566301 1.63820683794208 44.97898407
10 49597975 2.29095156911031 45.05154765
10 49690693 0.780377057313575 45.12390269
10 49767155 0.9467487117784 45.19629298
10 49796175 1.98430737422467 45.25387758
10 49829868 1.709096845042 45.31146218
10 49858694 1.99766183306737 45.36904678
10 49882556 2.25762718967396 45.42291826
10 49919088 1.48363078944487 45.47711829
10 50020863 0.532547285679194 45.53131832
10 50119457 0.677917520335923 45.59815696
10 50147936 2.32157730257383 45.66427319
10 50185512 1.74859218650202 45.72997832
10 50214308 2.5810425059036 45.80430202
10 50283053 1.08410502582006 45.87882885
10 50316929 2.39168142637856 45.95984941
10 50337554 3.14538181818182 46.02472292
10 50375243 1.72128472498607 46.08959642
10 50392283 3.78984154929578 46.15417529
10 50415615 2.80690896622664 46.21966612
10 50467891 1.11736360853929 46.27807738
10 50532545 0.916175333312711 46.33731176
10 50554831 1.63279637440546 46.37370026
10 50608000 0.719564031672591 46.4119588
10 50632188 1.23546386638002 46.44184218
10 50673845 0.831509710252779 46.47648035
10 50727713 0.638609192841761 46.51088095
10 50804429 0.448176390844152 46.54526323
10 50856455 0.596165378849037 46.57627929
10 50881434 1.29021177789343 46.60850747
10 50975312 0.34522039242421 46.64091607
10 51041658 0.393558014047569 46.66702705
10 51071243 0.882575629541998 46.69313803
10 51093350 1.18008775500973 46.71922627
10 51161988 0.380083918529095 46.74531451
10 51183112 1.23500284037114 46.77140276
10 51206364 1.12197660416308 46.797491
10 51244357 0.679943673834654 46.82332405
10 51321854 0.343698465747061 46.84995963
10 51376594 0.486583850931677 46.87659521
10 51440722 0.415350548902196 46.90323079
10 51496837 0.474660964091598 46.92986636
10 51565636 0.390651026904461 46.95674272
10 51595228 0.910097323600973 46.98367432
10 51617437 1.21264352289612 47.01060593
10 51653092 0.755338662179218 47.03753753
10 51673875 1.28915459750758 47.06432998
10 51713451 0.654752880533657 47.09024243
10 51741662 0.918524688951118 47.11615489
10 51765732 1.05405899459909 47.14152613
10 51788612 1.10836975524476 47.16688562
10 51830635 0.60375270685101 47.19225709
10 51917039 0.293646127494098 47.21762931
10 51948538 0.805492237848821 47.24300154
10 51970365 1.16242268749714 47.26837376
10 52023076 0.481345449716378 47.29374598
10 52103291 0.361658044006732 47.32275641
10 52126939 1.31297361299053 47.35380563
10 52157607 1.01242989435242 47.38485485
10 52180995 1.30883358987515 47.41546588
10 52217450 0.839692771910575 47.4460769
10 52239885 1.36443057722309 47.47668792
10 52309130 0.442068019351578 47.50729894
10 52379056 0.437762777793668 47.53790996
10 52400580 1.24080096636313 47.56461698
10 52442644 0.770009984785089 47.59700673
10 52494564 0.623838597842835 47.62939647
10 52519924 1.23120662460568 47.66061984
10 52541894 1.55543923532089 47.69479283
10 52565067 1.47469037241617 47.72896583
10 52649422 0.351251259557821 47.75859563
10 52690597 0.719606557377049 47.78822544
10 52716176 0.985054145979124 47.81342212
10 52748556 0.778156269302038 47.83861879
10 52771028 1.12124866500534 47.86381546
10 52795027 1.04990624609359 47.88901213
10 52818851 1.0582899597045 47.91422485
10 52846220 0.930315320252841 47.93968664
10 52867771 1.1814672172985 47.96514842
10 52932539 0.393123147233202 47.9906102
10 52975439 0.593515151515152 48.01607199
10 53014478 0.649107302953457 48.04141251
10 53045126 0.794299791177238 48.06575623
10 53103130 0.419690021377836 48.09009995
10 53160800 0.422120686665511 48.11444367
10 53224252 0.383655361533127 48.1387874
10 53253119 0.76021754945093 48.16073258
10 53286038 0.666642364591877 48.18267777
10 53342430 0.389154489998581 48.20462296
10 53389761 0.504730514884537 48.22851237
10 53496686 0.223422024783727 48.25240179
10 53597176 0.237729127276346 48.2762912
10 53652144 0.435020375491195 48.30020335
10 53726660 0.324347791078426 48.32437242
10 53840251 0.21277301898918 48.3485415
10 53884659 0.543760133309314 48.37268879
10 53921737 0.651256809968175 48.39683609
10 53947431 0.935700941854129 48.42087804
10 53967496 1.19587341141291 48.44487321
10 54017150 0.484031497965924 48.46890736
10 54081568 0.373096029060201 48.49294151
10 54128217 0.49379836652447 48.51597672
10 54149616 1.07633534277303 48.53900924
10 54191627 0.54847063864226 48.56205101
10 54233093 0.554020161095838 48.58502396
10 54285197 0.441188776293567 48.60801164
10 54331930 0.458917681295872 48.62945823
10 54383190 0.418388607101053 48.65090481
10 54429280 0.632558038620091 48.68005944
10 54457337 1.050725309192 48.7095396
10 54480658 1.2641053128082 48.73901976
10 54501103 1.49684030325263 48.76962262
10 54526011 1.22863738557893 48.80022548
10 54578642 0.581461496076457 48.83082834
10 54630452 0.590903300521135 48.86144307
10 54662136 0.9634010857215 48.89196744
10 54677843 1.9437957598523 48.92249863
10 54709102 0.976717105473624 48.95302982
10 54729834 1.47266062126182 48.98356102
10 54772024 0.864880303389429 49.02005028
10 54829011 0.640309193324793 49.05653955
10 54871545 0.85788545634081 49.09302882
10 54962177 0.402609453614617 49.12951809
10 55257379 0.123607902385485 49.16600735
10 55312425 0.66313810267776 49.20251041
10 55439755 0.262744050891385 49.23596564
10 55465004 0.897453364489683 49.2586254
10 55519568 0.422450700095301 49.28167598
10 55539558 1.12585292646323 49.30418178
10 55539558 Inf 49.32926798
10 55566229 0.980075737692625 49.35540756
10 55598695 0.805137682498614 49.38154715
10 55639055 0.647661050545094 49.40768673
10 55670655 0.764199367088607 49.43183538
10 55693450 1.13803026979601 49.45777677
10 55725724 0.829810373675404 49.48455805
10 55820285 0.283217182559406 49.51133933
10 55844180 1.12264908976773 49.53816499
10 55907151 0.42618189325245 49.56500206
10 55929569 1.19712284771166 49.59183914
10 55985192 0.48150045844345 49.61862165
10 56007099 1.22255443465559 49.64540415
10 56030318 1.15347344846893 49.67218666
10 56054220 1.12051292778847 49.69896917
10 56089976 0.753512697169706 49.72591176
10 56139850 0.540213337610779 49.75285435
10 56195201 0.486661487597333 49.77979158
10 56214566 1.5042292796282 49.80892098
10 56235634 1.38500569584204 49.83810031
10 56294886 0.492461013974212 49.86727965
10 56373174 0.373759707745759 49.89654055
10 56489667 0.251181616062768 49.92580145
10 56542817 0.55053433678269 49.95506234
10 56608109 0.46086656864547 49.98515319
10 56658480 0.471426018939469 50.00889944
10 56691062 0.689580136271561 50.03136732
10 56711168 1.17033721277231 50.05489807
10 56739999 0.816163157712185 50.07842882
10 56822102 0.311349158983228 50.10399156
10 56841356 1.32765659083827 50.1295543
10 56959466 0.216431292862586 50.15511705
10 57024987 0.377483554890798 50.17985013
10 57087346 0.396624384611684 50.20458322
10 57415611 0.0816166816444032 50.23137514
10 57483300 0.39580877247411 50.25816706
10 57506257 1.17913490438646 50.28523648
10 57528717 1.19815672306322 50.31214707
10 57559697 0.86864428663654 50.33905767
10 57596356 0.734078943779154 50.36596827
10 57654109 0.465960209859228 50.39287886
10 57681263 0.991036311409001 50.41978946
10 57727629 0.577785446232153 50.44657901
10 57760182 0.822953337634012 50.47336857
10 57785939 1.04009007260162 50.50015813
10 57842368 0.474748799376207 50.52694768
10 57900321 0.464005314651528 50.5538382
10 57950849 0.506348955034832 50.57942299
10 57972522 1.18049185622664 50.60500778
10 57993467 1.22152303652423 50.63059257
10 58046255 0.484670758505721 50.65617736
10 58103449 0.459878658600552 50.6824797
10 58133144 0.885748442498737 50.70878204
10 58158502 1.03570470857323 50.7350454
10 58184547 1.00838548665771 50.76130876
10 58219504 0.751305890093543 50.78757213
10 58385341 0.158368759685715 50.81383549
10 58478758 0.280948863697186 50.84008088
10 58532078 0.492224306076519 50.86632628
10 58605634 0.356808418076024 50.89257167
10 58647277 0.756674591167783 50.92408183
10 58673160 1.21740911022679 50.95559198
10 58838413 0.190678535336726 50.98710214
10 58910755 0.435572696358962 51.01861229
10 58938646 1.19191495464487 51.05185595
10 58971737 1.00461454776223 51.08509961
10 58999970 1.02012538518755 51.11390081
10 59026013 1.19843720001536 51.14511173
10 59055406 1.06184805906168 51.17632265
10 59105315 0.625356148189705 51.20753357
10 59257779 0.204709964319446 51.23874448
10 59277434 1.65391503434241 51.27125221
10 59343821 0.444775332519921 51.3007795
10 59372784 1.12128232572593 51.33325515
10 59431276 0.545879778431238 51.36518473
10 59458966 1.15310942578548 51.39711432
10 59483962 1.27769243078893 51.42905148
10 59547679 0.501792300328013 51.46102422
10 59576737 1.10148324041572 51.49303108
10 59695958 0.268466964712593 51.52503793
10 59741626 0.649559866865201 51.55470206
10 59785440 0.750150636782763 51.58756919
10 59885793 0.327514872500075 51.62043632
10 59906118 1.46462976629766 51.65020494
10 59977416 0.506505091306909 51.68631774
10 60062549 0.424192733722528 51.72243054
10 60116573 0.657985339848956 51.75797758
10 60282832 0.213804966949158 51.79352462
10 60319856 0.960106957649092 51.82907166
10 60381920 0.572747486465584 51.8646187
10 60404363 1.58228400837678 51.90012994
10 60551159 0.314368238916592 51.94627798
10 60742043 0.241759393139289 51.99242602
10 60849604 0.431825661717537 52.03887359
10 60894101 1.04383666314583 52.08532116
10 60986053 0.487968722811902 52.13019089
10 61347219 0.118989605887597 52.17316587
10 61462408 0.37253817638837 52.21607813
10 61493303 1.47952743162324 52.26178815
10 61524120 1.47884609144303 52.30736176
10 61546940 1.98588957055215 52.35267972
10 61591745 1.01776810623814 52.39828081
10 61662969 0.640249073346063 52.4438819
10 61814990 0.30059070786273 52.48957804
10 61858358 1.05287769784173 52.5352392
10 62005356 0.310624634348767 52.58090035
10 62084572 0.777734296101798 52.6425094
10 62136409 1.18919883480911 52.70415388
10 62177831 1.33477862005697 52.75944307
10 62238475 0.91170107512697 52.81473227
10 62362796 0.455985714400624 52.87142086
10 62428623 0.861175505491667 52.92810946
10 62450136 1.74687398317297 52.96568995
10 62567698 0.342697470271006 53.0059781
10 62597679 1.27484073246389 53.04419909
10 62651990 0.703743256430557 53.08242007
10 62694122 0.940786100825975 53.12205731
10 62777238 0.476890129457625 53.16169455
10 62802413 1.57446673286991 53.20133178
10 62826071 1.57742412714515 53.23865047
10 62870803 0.826761602432263 53.27563321
10 62942087 0.508029852421301 53.31184757
10 63117991 0.203911792796071 53.34771652
10 63176255 0.621380269119868 53.38392057
10 63356339 0.215517758379423 53.42273183
10 63399569 0.906652787416146 53.4619264
10 63603433 0.196834163952439 53.50205376
10 63668616 0.688814568215639 53.54695278
10 63714642 0.975863642289141 53.59186786
10 63913267 0.224822152297042 53.63652312
10 63984589 0.617425198396007 53.68055916
10 64005836 2.16256883324705 53.72650727
10 64070483 0.733713861432085 53.7739397
10 64098165 1.83642439130121 53.82477563
10 64165354 0.75365163940526 53.87541277
10 64200883 1.42523290832841 53.92604991
10 64255483 0.823710622710623 53.97102447
10 64366724 0.404298774732338 54.01599904
10 64478798 0.406923996645074 54.0616046
10 64523365 1.02534386429421 54.10730112
10 64676942 0.297547809893409 54.15299763
10 64751385 0.641375280415889 54.20074357
10 64816309 1.07661111453392 54.27064144
10 64878676 1.12075135889172 54.3405393
10 64911309 2.14193914135997 54.41043716
10 64984668 0.728575907523276 54.46388473
10 65020001 1.95308351965585 54.53289307
10 65180176 0.430717652567504 54.60188323
10 65240885 1.13640811082377 54.67087339
10 65647253 0.169548783368769 54.73977261
10 65740355 0.582764065218792 54.79402915
10 65791628 1.33025178944084 54.86223516
10 65857713 0.804161307407127 54.91537818
10 65942300 0.674399139347654 54.97242354
10 65997931 1.02572306807356 55.0294855
10 66129758 0.432855181412002 55.08654745
10 66165480 1.13457813112368 55.12707685
10 66327988 0.369322125679967 55.18709464
10 66358932 1.96526305584281 55.24790771
10 66406378 1.28173291742191 55.30872078
10 66426547 2.14510883038326 55.35198546
10 66455099 1.51529490053236 55.39525014
10 66503213 0.874560419004863 55.4373287
10 66534185 1.35356450987989 55.47925128
10 66619257 0.504969907842769 55.52221012
10 66652170 1.30522286026798 55.56516897
10 66672845 2.07813784764208 55.60813442
10 66770420 0.33868921342557 55.64118203
10 66795795 1.36361379310345 55.67578375
10 66888577 0.3516285486409 55.70840854
10 67059620 0.19528247282847 55.74181022
10 67160727 0.337669993175547 55.77595105
10 67183570 1.49447970932014 55.81008942
10 67308009 0.320467056147992 55.84996802
10 67355610 0.832976197979034 55.88961853
10 67395326 0.998350790613355 55.92926903
10 67417525 1.78613901527096 55.96891953
10 67463718 0.858365986188384 56.00857004
10 67568722 0.37760942440288 56.04822054
10 67706382 0.299136277785849 56.08939959
10 67798381 0.365987673779063 56.12307006
10 67857752 0.531545704131647 56.1546285
10 67930959 0.433779556599779 56.18638422
10 67967911 0.8593770296601 56.21813994
10 68000258 0.981720097690667 56.24989566
10 68020797 1.54611714299625 56.28165138
10 68063523 0.743460656274868 56.31341651
10 68092047 1.43034988080213 56.35421583
10 68120124 1.534601275065 56.39730281
10 68144128 1.43596483919347 56.43177176
10 68180930 0.938065865985544 56.46629451
10 68209255 1.21880670785525 56.50081725
10 68240833 1.09325163088226 56.53534
10 68265390 1.26317546931628 56.56635977
10 68291765 1.2464682464455 56.59923538
10 68336932 0.728131157703633 56.63212285
10 68370293 0.968622043703726 56.66443704
10 68405934 0.847970034510816 56.6946595
10 68431024 1.40242327620566 56.72984628
10 68456680 1.37148425319613 56.76503306
10 68485546 1.21897041502113 56.80021984
10 68507754 1.57076278818444 56.83510335
10 68542119 1.01508802560745 56.86998685
10 68564596 1.60331894825822 56.90602467
10 68588890 1.48807524491644 56.94217595
10 68648814 0.603285828716374 56.97832722
10 68669608 1.49270943541406 57.00936657
10 68746907 0.528141373109613 57.05019135
10 68810925 0.637854978287357 57.0910255
10 68860775 0.819524573721163 57.13187877
10 69041705 0.224844967667054 57.17255998
10 69067745 1.53407450076805 57.21250724
10 69151140 0.47901313028359 57.2524545
10 69208468 0.696820053028189 57.29240176
10 69231947 1.70140551130798 57.33234902
10 69259877 1.41853204439671 57.37196859
10 69314335 0.759434793786037 57.41332586
10 69369801 0.821586196949482 57.458896
10 69414869 1.01080811218603 57.5044511
10 69478429 0.57663467589679 57.54110201
10 69516017 0.922900925827392 57.57579199
10 69542487 1.31054023422743 57.61048196
10 69568233 1.347393769906 57.64517194
10 69589730 1.61371354142438 57.67986191
10 69619972 1.1470802195622 57.71455189
10 69722290 0.339041028948963 57.74924186
10 69747169 1.40384661762933 57.78416813
10 69778006 1.13261017608717 57.81909439
10 69813228 0.99785929248765 57.85424099
10 69834381 1.69265352432279 57.89004565
10 69863554 1.2880300277654 57.92762138
10 69884085 1.78984949588427 57.96436873
10 69922851 0.947928597224372 58.00111608
10 69985725 0.584136527022299 58.03784307
10 70013138 1.28621456972969 58.0731021
10 70049800 0.979834706235339 58.10902478
10 70071453 1.5669745531797 58.14295448
10 70109597 0.889516044463087 58.17688419
10 70230442 0.328577930406719 58.21659123
10 70311136 0.491649936798275 58.25626439
10 70344139 1.46445474653819 58.3045958
10 70417146 0.723923733340639 58.35744725
10 70490504 0.700418495596935 58.40882855
10 70567450 0.445567021027734 58.44311316
10 70836266 0.124883563478364 58.47668384
10 70859572 1.62363768986527 58.5145243
10 70891577 1.18233088579909 58.55236477
10 70980545 0.42419072025897 58.59010413
10 71020862 0.934585906689486 58.62778383
10 71071968 0.737285250264157 58.66546353
10 71113322 0.911150070126227 58.70314323
10 71134332 1.79341742027606 58.74082293
10 71277352 0.263558243602293 58.77851699
10 71340898 0.593178170144462 58.81621106
10 71422433 0.462305758263323 58.85390512
10 71443564 1.50309024655719 58.88566696
10 71510327 0.485622275811452 58.91808859
10 71537753 1.23584554802013 58.95198293
10 71589678 0.652754935002407 58.98587727
10 71662354 0.466375419670868 59.01977162
10 71687456 1.35026292725679 59.05366596
10 71739567 0.650425054211203 59.0875603
10 71814950 0.449627900189698 59.12145464
10 71956178 0.239997026085479 59.15534898
10 71982391 1.29258383244955 59.18923146
10 72034814 0.65007153348721 59.22331011
10 72063264 0.921641476274165 59.2495308
10 72085967 1.73153327754041 59.2888418
10 72126020 0.93598482011335 59.32633085
10 72403044 0.166843305995148 59.37255049
10 72438855 1.294356482645 59.41890268
10 72512411 0.570104410245255 59.46083728
10 72539969 0.981010958705276 59.48787196
10 73158628 0.0593066616666047 59.52456253
10 73207644 0.743039007670965 59.56098337
10 73229107 1.56361179704608 59.59454314
10 73293126 0.531275090207595 59.6285548
10 73327785 0.943059522779076 59.66124027
10 73397840 0.509602455213761 59.69694044
10 73480269 0.433986825025173 59.7327135
10 73538878 0.61036871470252 59.76848655
10 73595864 0.627610290246727 59.80425159
10 73624843 1.2341695710687 59.84001662
10 73661032 0.988283732625936 59.87578165
10 73751794 0.407951565633195 59.91280817
10 73867773 0.319251761094681 59.94983469
10 73889668 1.62764558118292 59.98547202
10 73923949 1.23221317931216 60.02771354
10 73987958 1.4743598556453 60.12208588
10 74014694 3.89348444045482 60.22618206
10 74340931 0.288913581230823 60.32043639
10 74434899 1.00499212497872 60.41487352
10 74498966 1.3999110306398 60.50456163
10 74528909 2.99529439267942 60.59424974
10 74560692 2.8101406412233 60.68356446
10 74586924 1.90169258920403 60.73344961
10 74812568 0.301973019446562 60.80158803
10 74931819 0.639952704799121 60.87790302
10 75090583 0.568414753974453 60.96814679
10 75136041 1.98544590611114 61.05840123
10 75189808 2.04132460431119 61.16815712
10 75288151 1.24568805100516 61.2906618
10 75400626 0.986645032229384 61.40163471
10 75430415 3.5271408909329 61.50670474
10 75508561 1.34453458910245 61.61177476
10 75573464 1.70832010846956 61.72264981
10 75668450 1.16727833575474 61.83352487
10 75765731 1.13974054543025 61.94439992
10 75908294 0.777990081577969 62.05531255
10 75979786 1.19320763162312 62.14061732
10 76085825 0.804736936410189 62.2259508
10 76116448 3.11024719981713 62.32119595
10 76196982 1.07102093525716 62.40744951
10 76217564 4.19072976387134 62.49370306
10 76291966 1.64580925243945 62.61615459
10 76325952 3.60299829341494 62.73860612
10 76355575 4.35085575397495 62.86749152
10 76399109 2.95908485321817 62.99631232
10 76467129 1.51165539547192 63.0991351
10 76619032 0.676897757121321 63.20195787
10 76671976 1.54838130855243 63.28393535
10 76720488 1.80331670514512 63.37141783
10 76752099 3.54358292999272 63.48343398
10 76795650 2.38358935500907 63.58724164
10 76840783 2.30038552721955 63.6910649
10 76862396 4.79696941655485 63.79474175
10 76894527 4.08596371105786 63.92602787
10 76922630 4.72229655196954 64.05873857
10 76991981 2.23089357038831 64.21345326
10 77028131 4.36536652835408 64.37126123
10 77080013 2.34279904398443 64.49281035
10 77111937 4.12578624232552 64.62452198
10 77182957 1.7802520416784 64.75095552
10 77206255 3.37886513863851 64.82967635
10 77336280 0.720173812728321 64.92331697
10 77521274 0.524321869898483 65.02031338
10 77621981 0.705972772498436 65.09140974
10 77718103 1.05600382846799 65.19291497
10 77788139 1.73422811125707 65.31437336
10 77850430 2.01132587372173 65.43966088
10 77891619 1.69145160115565 65.50933009
10 77928480 1.93954586147961 65.58082367
10 78005122 0.945940867931421 65.65332242
10 78036786 2.306916371905 65.72636859
10 78170657 0.545646181772004 65.79941477
10 78207911 2.05438073763891 65.8759487
10 78266699 1.27492685582092 65.95089908
10 78367781 0.704370708929384 66.02209832
10 78401012 1.80782101050224 66.08217406
10 78536376 0.442800892408617 66.14211338
10 78562633 2.25122062688045 66.20122372
10 78830913 0.216376174146414 66.25927308
10 78907161 0.650939041024027 66.30890583
10 79004870 0.51069297608204 66.35880518
10 79110948 0.470401968362903 66.40870452
10 79151553 1.22058367196158 66.45826629
10 79172774 2.33776447858254 66.50787604
10 79224684 0.95568676555577 66.55748579
10 79433721 0.263361031779063 66.61253798
10 79545796 0.491208565692617 66.66759018
10 79602233 0.959264312419158 66.72172815
10 79644287 1.29277833261996 66.77609463
10 79744374 0.543192422592345 66.83046111
10 79767763 2.28707512078327 66.88395348
10 79847685 0.698440979955457 66.93977428
10 79895108 1.18155747211269 66.99580723
10 80066858 0.326247452692868 67.05184018
10 80181131 0.4911833941526 67.1079692
10 80202103 2.57138565706656 67.16189627
10 80223687 2.94023813936249 67.22535834
10 80258289 2.03166579966476 67.295658
10 80374300 0.752555361129548 67.38296269
10 80402480 3.11784953867991 67.47082372
10 80433411 2.74992079143901 67.55588151
10 80464095 3.24421848520402 67.65542714
10 80506794 2.94894962411298 67.78134431
10 80559721 2.1960927314981 67.89757695
10 80592084 1.40999598306708 67.9432086
10 80612799 2.50062273714699 67.99500899
10 80636129 2.25665237891127 68.04765666
10 80669626 1.30126877033764 68.09124527
10 80690296 2.17288824383164 68.13615886
10 80718532 1.50190536903244 68.1785667
10 80740519 2.67073270568973 68.23728812
10 80762670 2.74625524807006 68.29812045
10 80785147 3.36792721448592 68.37382138
10 81053377 0.28212914289975 68.44949687
10 81077006 2.54939692750434 68.50973658
10 81113154 1.64876341706318 68.56933608
10 81134322 2.63713151927438 68.6251589
10 81168057 1.6547443308137 68.68098171
10 81201137 2.22051995163241 68.75443655
10 81248140 1.56276833393613 68.82789139
10 81286047 1.21334582003324 68.87388567
10 81331996 0.998744259940369 68.91977702
10 81396878 0.751246878949478 68.96851938
10 81424341 1.77483887412155 69.01726174
10 81502058 0.639374911538016 69.06695207
10 81532849 1.61138969179306 69.11656835
10 81617198 0.588226297881421 69.16618462
10 81640689 1.82999020901622 69.20917291
10 81665987 1.69927662265792 69.25216119
10 81713659 0.750371287128713 69.28793286
10 81739865 1.68815920018316 69.33217273
10 81761445 1.68411955514365 69.36851607
10 81895218 0.322775148946349 69.41169469
10 81924423 1.69462763225475 69.46118632
10 82039644 0.429931175740533 69.51072342
10 82078501 1.29797977198446 69.56115904
10 82192973 0.44756446991404 69.61239264
10 82226020 1.57225164160136 69.66435082
10 82254885 1.80358219296726 69.71641124
10 82359102 0.499676636249364 69.76848603
10 82478545 0.414409383555336 69.81798434
10 82508574 1.64834992840254 69.86748266
10 82699326 0.259490332997819 69.91698097
10 82762625 0.781976018578493 69.96647929
10 82890357 0.386387123038863 70.01583325
10 82926070 1.6573320639543 70.07502153
10 82946177 2.9436663848411 70.1342098
10 82968617 2.6376247771836 70.19339808
10 82998446 2.24176137316035 70.26026762
10 83037653 1.72080240773331 70.32773512
10 83083986 1.36171627134008 70.39082754
10 83112657 1.91799379163615 70.44581829
10 83135608 2.67465034203303 70.50720414
10 83193828 1.05743387152181 70.56876796
10 83219578 2.38954174757282 70.63029871
10 83229240 6.30767956944732 70.69124347
10 83263149 1.71467457017311 70.74938637
10 83379184 0.501080708406946 70.80752928
10 83412938 1.4037684422587 70.85491211
10 83690794 0.239658672117932 70.92150269
10 83747226 1.2620250921463 70.99272132
10 83770566 3.05135389888603 71.06393994
10 83827610 1.24595750648622 71.13501437
10 83856376 2.47077800180769 71.20608879
10 83885662 2.21449498053678 71.27094249
10 83953443 1.13084492704445 71.34759226
10 84010250 1.58906824863133 71.43786249
10 84046800 2.5696634746922 71.53178364
10 84068155 4.39808944041208 71.62570479
10 84113232 1.80869844932005 71.70723553
10 84139423 3.31069451338246 71.79394594
10 84164135 3.0944966008417 71.87041713
10 84234884 1.08088029512785 71.94688832
10 84255003 3.60786321387743 72.01947492
10 84324139 1.05280027771349 72.09226128
10 84354862 2.36911759919279 72.16504764
10 84385793 2.34111085965536 72.23746051
10 84410074 3.0626045055805 72.31182366
10 84432484 2.94163766175814 72.37774579
10 84482962 1.31601489757914 72.44417558
10 84516913 1.9577125857854 72.51064189
10 84566608 1.32649159875239 72.5765619
10 84591340 2.66537279637716 72.64248192
10 84612745 3.07965428638169 72.70840193
10 84641608 2.2838928732287 72.77432195
10 84675410 1.96564700313591 72.8407647
10 84699230 2.78937027707809 72.90720746
10 84722116 2.90320720090885 72.97365022
10 84762036 1.66439879759519 73.04009297
10 84800381 1.14544790715869 73.08401514
10 84839316 1.18599203801207 73.13019175
10 84915029 0.550289910583387 73.17185585
10 84949923 1.27738006534075 73.21642878
10 84972916 1.93018309920411 73.26080947
10 85018022 0.998306212033876 73.30583908
10 85038921 2.48264031771855 73.35772381
10 85090775 1.00838508118949 73.41001259
10 85134505 1.21243082552024 73.4630322
10 85156748 2.38365328417929 73.5160518
10 85258477 0.523105505804638 73.56926676
10 85332432 0.719559191400176 73.62248172
10 85352524 2.73055942663747 73.67734408
10 85382812 1.81135763338616 73.73220644
10 85477312 0.540506878306878 73.78328432
10 85497363 1.81240337140292 73.8196248
10 85518294 1.72752854617553 73.85578367
10 85552520 1.05647460994566 73.89194253
10 85585968 1.09289344654389 73.92849768
10 85610788 1.47252618855761 73.96504582
10 85643599 1.11389777818415 74.00159397
10 85685359 0.875193965517241 74.03814212
10 85706170 1.7561914372207 74.07469027
10 85731129 1.50574942906366 74.11227231
10 85759990 1.50428606077405 74.15568747
10 85818987 0.746978659931861 74.199757
10 85846819 1.58341118137396 74.24382654
10 85881002 1.2892227130445 74.28789607
10 86044482 0.269571201370198 74.33196561
10 86115386 0.621537571928241 74.37603514
10 86145472 1.53979591836735 74.42236147
10 86171378 1.78824596618544 74.46868779
10 86199353 1.57918498659517 74.51286544
10 86220576 2.72449700796306 74.57068744
10 86260186 1.62622065135067 74.63510202
10 86284751 1.36081009566456 74.66853029
10 86322591 0.881897463002114 74.70190125
10 86379951 0.439712343096234 74.72712318
10 86404676 1.12307785642063 74.75489131
10 86432705 0.95267401619751 74.78159377
10 86474063 0.498556506600899 74.80221311
10 86510757 0.660914590941298 74.82646471
10 86543861 0.732878202029966 74.85072596
10 86564854 1.14134711570524 74.87468621
10 86598044 0.721913226875565 74.89864647
10 86654293 0.528780956105886 74.92838984
10 86682326 1.06101380515821 74.9581332
10 86712653 0.980756421670459 74.98787657
10 86743439 1.13974858702007 75.02296483
10 86844841 0.448967475986667 75.06849104
10 86875041 1.5433178807947 75.11509922
10 86911138 1.38793251516747 75.16519942
10 86948549 1.30787736227313 75.21412837
10 86987906 1.22816525649821 75.26246527
10 87030905 1.20307449010442 75.31419625
10 87065755 1.62628120516499 75.37087214
10 87105704 1.46250969986733 75.42929791
10 87129431 2.46305474775572 75.48773883
10 87197729 0.855675129579197 75.54617976
10 87245298 1.25497487859741 75.60587761
10 87305772 0.987166385554122 75.66557547
10 87342127 1.61453720258561 75.724272
10 87376508 2.1919461330386 75.79963334
10 87396869 3.47632238102254 75.87041476
10 87555076 0.447397397081039 75.94119617
10 87596795 1.60172343536518 76.00801851
10 87621960 2.44983508841645 76.06966862
10 87642092 2.85689449632426 76.12718358
10 87664705 2.54586742139477 76.18475324
10 87713997 1.28009007546864 76.24785144
10 87745067 2.03084003862247 76.31094964
10 87767917 2.57713347921225 76.36983712
10 87803865 1.63813007677757 76.4287246
10 87849431 1.29235614273801 76.48761208
10 87876495 2.17586092225835 76.54649956
10 87937003 1.04841343293449 76.60993692
10 87957986 3.02327598532145 76.67337429
10 88008788 1.27217235541908 76.73800317
10 88042574 1.91288995441899 76.80263205
10 88085073 1.61175792371585 76.87113014
10 88127997 1.59579955269779 76.93962823
10 88198026 1.2175998514901 77.02489549
10 88226061 3.0247012662743 77.10969295
10 88260182 2.48519973037133 77.19449041
10 88298292 1.6274599842561 77.25651292
10 88326763 2.22630747075972 77.31989808
10 88356696 2.27682824975779 77.38805043
10 88380327 3.05968854470822 77.46035395
10 88427115 1.5389223732581 77.53235708
10 88519596 0.778571814751138 77.60436022
10 88552234 2.20302408235799 77.67626252
10 88574922 2.55412552891396 77.73421056
10 88650193 1.16524690783967 77.82191984
10 88674746 3.05518673889138 77.89693386
10 88707126 1.42239036442248 77.94299086
10 88736987 1.54752017681926 77.98920139
10 88759227 2.21996852517986 78.03857347
10 88780846 2.23379897312549 78.08686595
10 88804185 1.92094776982733 78.13169897
10 88837833 1.35949239182121 78.17744322
10 88854124 1.89353017003253 78.2082907
10 88906815 0.864062173805773 78.25381902
10 88948351 1.10856606317411 78.29986447
10 89018366 0.657650503463544 78.34590991
10 89078428 0.766631147813926 78.39195535
10 89098944 2.70998732696432 78.44755343
10 89127480 2.1235351836277 78.50815064
10 89160521 1.81265094882116 78.56804247
10 89208567 0.922253673562836 78.61235309
10 89240108 1.59262547160838 78.66258609
10 89269063 1.94188913831808 78.71881349
10 89307162 1.32886689939368 78.769442
10 89365364 0.88740249475963 78.82109056
10 89389062 1.98256392944552 78.86807334
10 89412046 2.4204316045945 78.92370459
10 89469712 0.964714042936913 78.97933584
10 89515853 1.09667974252834 79.02993777
10 89575955 0.84193371268843 79.0805397
10 89626819 0.994847043095313 79.13114164
10 89646890 2.15098400677595 79.17431405
10 89668332 2.01345023785095 79.21748647
10 89698426 1.72163221904699 79.26929729
10 89731369 1.57230671159275 79.32109375
10 89762680 1.70794608923382 79.37457129
10 89794533 1.62652183467805 79.4263809
10 89830707 1.47365234698955 79.47968884
10 89872028 1.29009220493212 79.53299677
10 89897064 2.1307876657613 79.58634315
10 89936666 1.52237260744407 79.64663211
10 90001877 1.01765039640551 79.71299409
10 90036872 1.89632804686384 79.77935606
10 90100778 1.03843144618659 79.84571804
10 90158263 0.95596068539619 79.90067146
10 90204310 1.29819749386496 79.96044955
10 90230319 2.0506824560729 80.01378573
10 90256531 2.05262856706852 80.06758924
10 90298151 1.29273185968284 80.12139275
10 90324101 2.23873603082852 80.17948799
10 90371369 1.19348607937717 80.23590166
10 90396997 2.20125253628843 80.29231532
10 90418700 2.59935032023223 80.34872898
10 90447669 1.71497117608478 80.39840995
10 90478576 1.60743520885236 80.44809092
10 90500148 2.63380307806416 80.50490733
10 90538992 1.4886468952734 80.56273235
10 90569222 2.23592457823354 80.63032437
10 90617005 1.42074796475734 80.69821195
10 90648336 2.61066356005234 80.78000668
10 90679233 2.77166067903033 80.86564268
10 90706497 3.0543573943662 80.9489167
10 90743393 2.30154488291414 81.03383454
10 90783204 1.31678179397654 81.08625692
10 90848551 0.802215863008248 81.1386793
10 90874981 1.98344305713205 81.19110169
10 90901928 2.0738152670056 81.2469848
10 90924914 2.4311798486035 81.30286792
10 91003179 0.713588449498499 81.35871693
10 91028136 2.42861321472933 81.41932779
10 91116662 0.68522580936674 81.47998811
10 91261906 0.525926716422021 81.55637576
10 91414753 0.499765778850746 81.63276341
10 91470095 1.34807560261646 81.70736862
10 91512834 1.79019396803856 81.78387972
10 91567449 1.40091733040374 81.86039081
10 91679437 0.683606279244205 81.93694649
10 91718089 1.98064007037152 82.01350216
10 91769676 1.61651191191579 82.09689314
10 91823773 1.54112057969943 82.18026314
10 91891152 1.23732913815877 82.26363313
10 92009462 0.522048009466655 82.32539665
10 92127099 0.525034640461759 82.38716017
10 92155812 2.15106397798906 82.4489237
10 92230880 0.82276735759578 82.51068722
10 92303584 0.849506216989437 82.57244976
10 92328861 1.66117418997508 82.61443924
10 92361448 1.12053272777488 82.65095408
10 92386962 1.56490554205534 82.69088109
10 92407638 1.85847842909654 82.72930694
10 92434019 1.4565748076267 82.7677328
10 92530523 0.398179350078753 82.80615865
10 92566986 1.03970874585196 82.84406958
10 92594602 1.39386587485516 82.88256255
10 92618785 1.78402183351941 82.92570559
10 92640829 1.96447105788423 82.96901036
10 92755536 0.375394701282398 83.01207076
10 92781495 1.65878500712662 83.05513116
10 92804614 2.74546476923742 83.11860353
10 92846909 1.51584111597116 83.18271599
10 92867364 3.16938645807871 83.24754575
10 92888791 3.02561254491996 83.31237552
10 92921344 1.7968605044082 83.37086875
10 92941514 2.1387754090233 83.41400787
10 92990576 0.879277241041947 83.45714699
10 93022670 1.35658066928398 83.50068514
10 93053048 1.66661399697149 83.55131357
10 93090486 1.47467546343288 83.60652249
10 93115771 2.18346450464702 83.66173141
10 93167330 1.09389049438507 83.71813129
10 93195020 1.98488985193211 83.77309287
10 93253288 0.964738793162628 83.82930632
10 93281472 1.98557692307692 83.88526786
10 93338334 0.984163413175759 83.94122941
10 93370297 1.75082126208428 83.99719095
10 93424611 1.03576241852929 84.05344732
10 93453771 2.09824417009602 84.11463216
10 93480491 2.95445733532934 84.1935753
10 93501830 3.69947513941609 84.27251843
10 93642507 0.561165648968915 84.35146157
10 93664137 3.64970411465557 84.4304047
10 93729503 1.20770890065172 84.50934784
10 93877763 0.532463914744368 84.58829097
10 93967770 0.881646983012432 84.66764534
10 94017633 1.51598179010489 84.74323677
10 94051048 2.26219961095316 84.8188282
10 94099688 1.55409950657895 84.89441964
10 94125248 2.95741001564945 84.97001107
10 94158825 2.25158590701969 85.04561256
10 94201919 1.78706084373695 85.12262418
10 94310732 0.690181320246662 85.19772488
10 94349557 1.76351320025757 85.2661933
10 94377386 2.45001617018218 85.33437476
10 94419305 1.66397099167442 85.40412673
10 94452616 2.06015430338327 85.47275257
10 94536813 0.800305236528617 85.54013588
10 94558214 3.15310499509369 85.60761546
10 94586967 2.31503495287448 85.67417961
10 94625814 1.71349653769918 85.74074376
10 94654804 2.29545360469127 85.80728893
10 94828172 0.386096050020765 85.87422559
10 94859826 2.11463638086814 85.94116225
10 94908652 1.37092327858108 86.00809891
10 95001362 0.75636393053608 86.07822139
10 95090089 0.790317490729992 86.14834386
10 95153478 1.10622505482024 86.21846633
10 95372386 0.320328631205803 86.28858881
10 95575347 0.386253023979976 86.36698311
10 95629491 1.47397310874704 86.44678994
10 95683956 1.43791792894519 86.52510615
10 95736505 1.49034615311424 86.60342235
10 95767059 2.56320612685737 86.68173856
10 95810157 1.78114065617894 86.75850215
10 95843173 2.32874969711655 86.83538817
10 95864195 3.65740652649605 86.91227418
10 95898502 2.24111697321246 86.9891602
10 95968728 1.09483667017914 87.06604621
10 96021759 1.52291301314326 87.14680777
10 96295735 0.33370258708792 87.23823427
10 96333761 2.42282385736075 87.3303646
10 96357092 5.03369336933693 87.44780573
10 96569247 0.553562725365888 87.56524687
10 96631113 1.81794200368538 87.67771567
10 96676428 2.4819331347236 87.79018447
10 96712177 3.44726006321855 87.91342053
10 96839502 0.967886118201453 88.03665659
10 96875937 3.71224921092356 88.17191236
10 96976486 1.50017106087579 88.32275303
10 97034454 2.1455992961634 88.44712918
10 97061370 4.62089835042354 88.57150532
10 97098541 3.12425546797234 88.68763704
10 97145704 2.46234760299387 88.80376876
10 97152695 14.1748819911315 88.90286538
10 97167087 8.47685519733185 89.02486433
10 97212808 2.60663808753089 89.14404241
10 97232911 7.20943142814505 89.28897357
10 97342537 1.3220513381862 89.43390473
10 97381726 3.70148766235423 89.57896229
10 97441280 2.43763810995063 89.72413335
10 97463512 5.67492803166607 89.85029838
10 97470744 17.4453816371681 89.97646341
10 97510248 2.41790704738761 90.07198036
10 97549444 1.43900142871722 90.1283835
10 97569255 3.8992529402857 90.20563161
10 97603142 2.2719125328297 90.28261988
10 97627345 2.89078626616535 90.35258557
10 97739539 0.623613562222579 90.42255126
10 97759639 3.48693034825871 90.49263859
10 97799000 2.35488935748584 90.58532935
10 97887096 1.35551784417 90.70474507
10 97926876 2.49505781799899 90.80399843
10 97957510 3.46380492263498 90.9101086
10 97990595 3.13092640169261 91.01369531
10 98023628 3.1233584597221 91.1168692
10 98052775 2.41940508457131 91.18738764
10 98114450 1.28136197811107 91.26641565
10 98151248 3.74654600793521 91.40428101
10 98206747 2.5221733724932 91.54425911
10 98239669 1.68845756636899 91.59984654
10 98266414 2.36977005047672 91.66322601
10 98302579 1.88213466058344 91.73129337
10 98340013 1.66519207137896 91.79362817
10 98378268 1.62945497320612 91.85596297
10 98411457 1.89647774865166 91.91890515
10 98480753 0.908309281921035 91.98184733
10 98513608 2.04499771724243 92.04903575
10 98561555 1.4168602832294 92.11696991
10 98598127 1.84960352181997 92.18461357
10 98636681 1.75377911500752 92.25222882
10 98666926 2.23558274094892 92.31984407
10 98732785 1.02666605930852 92.38745932
10 98764222 1.67701116518752 92.44017955
10 98794353 2.08088347549036 92.50287866
10 99009482 0.291448851619261 92.56557776
10 99048841 1.59300541172286 92.62827687
10 99070199 2.95022005805787 92.69128766
10 99148711 0.803384196046464 92.75436297
10 99225420 0.822267269811886 92.81743827
10 99303161 0.961532524665234 92.89218876
10 99358600 1.34833781273111 92.96693925
10 99460461 0.733848087099086 93.04168973
10 99482075 3.45842972147682 93.11644022
10 99514124 2.22344534930887 93.18769947
10 99540816 1.94404315899895 93.23958983
10 99582178 1.25454281707848 93.2914802
10 99611908 1.7307130844265 93.34293429
10 99639196 1.88559440046907 93.39438837
10 99680118 1.20101412443185 93.44353627
10 99710643 1.69007043407043 93.49512571
10 99738960 1.82185259737967 93.54671515
10 99820099 0.635815082759216 93.59830459
10 99833459 3.83168413173653 93.64949585
10 99879787 1.0970773614229 93.70032125
10 99907908 1.73701504213933 93.74916784
10 99928192 2.66453855255374 93.80321536
10 99960431 1.94292626942523 93.86585333
10 99984852 2.63945374882273 93.93031143
10 100017074 2.00043758922475 93.99476952
10 100063772 1.4244143218125 94.06128678
10 100101830 1.73062168269483 94.12715074
10 100134218 2.01802210695319 94.19251044
10 100289441 0.423066169317691 94.25818007
10 100362192 0.945127902021965 94.32693907
10 100386078 2.87863183454743 94.39569806
10 100407520 3.13532319746292 94.46292561
10 100549281 0.433735653670615 94.52441241
10 100586637 1.6459685191134 94.5858992
10 100613529 2.70024542614904 94.65851424
10 100656201 1.70112017247844 94.73110441
10 100692371 2.00691733480785 94.80369457
10 100724243 2.30260730421687 94.8770833
10 100750939 2.74297647587654 94.95030979
10 100781721 2.59965564290819 95.03033236
10 100814552 2.75554201821449 95.12079952
10 100856325 2.16988485385297 95.21144208
10 100893959 1.91059945793697 95.28334562
10 100924131 3.08075036457643 95.37629803
10 100963162 2.3899900079424 95.4695817
10 100991473 4.34746918159019 95.59266289
10 101056769 1.88550294045577 95.71577872
10 101083656 4.57900844274184 95.83889455
10 101153984 1.72142958707769 95.95995929
10 101181191 4.53467122431727 96.08333407
10 101228895 2.09704636927721 96.18337161
10 101250880 4.54079599727087 96.28320104
10 101306716 1.79224872841894 96.383273
10 101347911 2.20399077557956 96.47406637
10 101389160 1.68476326698829 96.54356119
10 101443300 1.57187107499076 96.62866233
10 101487473 2.41252348719806 96.7352307
10 101516669 3.67139334155364 96.8424207
10 101582511 1.18527687494305 96.92046167
10 101624464 1.86020070078421 96.99850264
10 101650412 2.94203406813627 97.07484253
10 101701321 1.46958298139818 97.14965754
10 101737543 2.06667218817293 97.22451654
10 101762075 2.84874857329203 97.294402
10 101791893 2.34373532765444 97.36428745
10 101829013 1.88269127155172 97.4341729
10 101849187 3.46413700803014 97.50405836
10 101877119 2.50198696835171 97.57394381
10 101913579 1.9167718047175 97.64382927
10 101993998 0.874701252191646 97.71417187
10 102039031 1.55941642795283 97.78439707
10 102069242 1.72652014167025 97.83655702
10 102095446 2.27360708288811 97.89613465
10 102124343 2.06039727307333 97.95567394
10 102157081 1.31934754719286 97.99886673
10 102180727 1.39429078913981 98.03183618
10 102226444 0.749511122777085 98.06610154
10 102267033 0.955527359629456 98.10488539
10 102349568 0.466408190464651 98.1433804
10 102392968 0.44726267281106 98.16279161
10 102439954 0.413127314519218 98.18220283
10 102569833 0.154238945480024 98.20223519
10 102606209 0.483816252474159 98.21983452
10 102640813 0.508591492313027 98.23743385
10 102669896 0.602389712203005 98.25495318
10 102701476 0.557640911969601 98.27256345
10 102751503 0.283235053071341 98.28673284
10 102836450 0.166802829999882 98.30090224
10 102878059 0.0953829700305223 98.30487104
10 102939320 0.000318114297840388 98.30489053
10 103079412 0 98.30489053
10 103114079 0 98.30489053
10 103192471 0 98.30489053
