Chromosome Position(bp) Rate(cM/Mb) Map(cM)
24 300821 0 0
24 391651 0.825839480347903 0.075010958
24 412291 0.329583333333333 0.081813559
24 438309 0.267174263971097 0.088764902
24 465578 0.259566174043786 0.095843011
24 520222 0.13923157162726 0.103451179
24 548386 0.270138119585286 0.111059348
24 622549 0.0800605423189461 0.116996881
24 684437 0.108471432264736 0.123709956
24 728865 0.16981205546052 0.131254371
24 857728 0.0585459751829462 0.138798785
24 901721 0.165717045893665 0.146089172
24 944453 0.185141580080502 0.154000643
24 980184 0.221417536592875 0.161912114
24 1025273 0.175463416797889 0.169823585
24 1046300 0.468464355352642 0.179673983
24 1167286 0.102377134544493 0.192060225
24 1191783 0.505621096460791 0.204446468
24 1215859 0.512053497258681 0.216774687
24 1271033 0.247236016964512 0.2304157
24 1293319 0.615565826079153 0.244134222
24 1313457 0.681224550600854 0.257852745
24 1346177 0.427261613691932 0.271832764
24 1368237 0.633726201269266 0.285812783
24 1398867 0.4564152791381 0.299792802
24 1468856 0.19974567432025 0.313772821
24 1526726 0.241575946086055 0.32775284
24 1560468 0.475686088554324 0.343803461
24 1570277 1.83812824956672 0.361833684
24 1617104 0.427131782945736 0.381834985
24 1617199 164.146315789474 0.397428886
24 1657360 0.537882522845547 0.419030774
24 1793795 0.174831238318613 0.442883889
24 1815198 1.25838901088632 0.469817159
24 1855480 0.66861873789782 0.496750429
24 1876881 1.17128638848652 0.521817123
24 1897025 1.36813443208896 0.549376841
24 1921310 0.881560634136298 0.570785583
24 1940886 1.06329689415611 0.591600709
24 1976901 0.706972094960433 0.6170623
24 1993052 1.5852640703362 0.642665908
24 2064684 0.357870784007148 0.668300935
24 2087067 1.14528883527677 0.693935961
24 2132956 0.558471529124627 0.719563643
24 2173837 0.573691935128788 0.743016782
24 2236514 0.381186081018555 0.766908398
24 2274958 0.657067422744772 0.79216865
24 2295731 1.20674914552544 0.817236452
24 2317459 1.18236377025037 0.842926879
24 2440330 0.208740060714082 0.868574991
24 2491193 0.583744568743487 0.898265953
24 2533970 0.738653949552329 0.929863317
24 2561659 1.00563400628408 0.957708365
24 2597241 0.840554212804227 0.987617015
24 2619670 1.43445985108565 1.019790542
24 2708333 0.363538341811128 1.052022976
24 2741248 0.977937110739784 1.084211769
24 2766149 1.29267097706919 1.116400562
24 2789570 1.41745442124589 1.149598781
24 2816336 1.24053650153179 1.182802969
24 2847285 1.07286826714918 1.216007158
24 2880523 1.21935435345087 1.256536064
24 2901999 2.11581765691935 1.301975404
24 2953070 0.843580505570676 1.345057866
24 2997648 0.966793036924043 1.388155607
24 3020392 1.92264773126979 1.431884344
24 3058858 0.993667134612385 1.470106775
24 3079822 1.82816256439611 1.508432343
24 3121897 1.14556862745098 1.556632176
24 3184889 0.76487490474981 1.604813154
24 3208218 2.06170860302628 1.652910765
24 3237811 1.53203798195519 1.698248337
24 3261148 1.92280498778763 1.743120799
24 3288737 1.21597013302403 1.776668243
24 3337630 0.701378520442599 1.810960774
24 3451536 0.327386617035099 1.848252032
24 3479734 1.32248031775303 1.88554329
24 3510475 1.28249568979539 1.924968485
24 3566173 0.713188983446443 1.964691721
24 3591296 1.52861919356765 2.003095243
24 3654770 0.60502725525412 2.041498765
24 3681411 1.44151871176007 2.079902286
24 3712541 1.23364921297783 2.118305808
24 3725020 2.93785559740364 2.154967282
24 3851938 0.319707212530925 2.19554388
24 3882222 1.33986923788139 2.236120477
24 3943627 0.660802866216106 2.276697075
24 3965211 1.87993884358784 2.317273672
24 4007678 1.04288035415735 2.36156168
24 4048939 1.07336225491384 2.405849687
24 4109866 0.757286588868646 2.451988879
24 4164916 0.924824704813806 2.502900467
24 4188152 2.19106558788087 2.553812055
24 4196979 3.97568822929648 2.588905487
24 4249006 0.783352874469026 2.629660962
24 4330364 0.500940288600998 2.670416437
24 4394314 0.637302580140735 2.711171912
24 4467806 0.556245577749959 2.752051526
24 4532063 0.483253186423269 2.783103913
24 4581542 0.694543139513733 2.81746923
24 4612976 1.09180505185468 2.851789074
24 4646922 0.964755788605432 2.884538656
24 4694753 0.684694026886329 2.917288237
24 4748996 0.603757166823369 2.950037819
24 4779149 1.08671773952841 2.982805589
24 4842089 0.520619637750238 3.015573359
24 4941502 0.329612827296229 3.04834113
24 4963101 1.51085698411964 3.080974108
24 4992922 1.08285101103249 3.113265792
24 5027254 1.20209134335314 3.154536009
24 5052764 1.61780478243826 3.195806227
24 5077959 1.63803135542766 3.237076445
24 5112410 1.19793910191286 3.278346662
24 5169324 0.725132656288435 3.31961688
24 5208242 1.05750552443599 3.360772861
24 5333433 0.328745676606146 3.401928842
24 5415601 0.500876253529354 3.443084822
24 5454731 1.0517761308459 3.484240803
24 5498951 0.853733604703754 3.521992868
24 5548990 0.916928795539479 3.567875027
24 5578819 1.45569747561098 3.61129706
24 5603643 2.32826699967773 3.669094002
24 5633248 1.85008275629117 3.723865695
24 5768293 0.405581102595431 3.778637388
24 5818978 1.14499556081681 3.836671495
24 5843675 2.37007328825363 3.895205196
24 5883498 1.46984657107702 3.953738897
24 5904288 2.13414622414622 3.998107753
24 5956553 0.832968525782072 4.041642856
24 5997087 0.929427147579809 4.079316213
24 6030003 1.17865779560092 4.118112867
24 6066463 1.065 4.156942805
24 6125588 0.656742494714588 4.195772744
24 6158659 1.12572041970306 4.233001462
24 6230000 0.548715324988436 4.272147345
24 6298167 0.580572711135887 4.311723262
24 6377791 0.497105144177635 4.351304747
24 6429411 0.766786129407206 4.390886232
24 6576633 0.292947385580959 4.434014489
24 6628654 1.10914053939755 4.491713073
24 6732669 0.554714223910013 4.549411657
24 6909242 0.368345670062807 4.61445159
24 6937882 2.28150837988827 4.679793971
24 6967721 2.0261771507088 4.740253041
24 7003173 1.70537910414081 4.800712111
24 7039736 1.49047671142959 4.855208454
24 7065050 2.14343051275974 4.90946729
24 7100407 1.6072517464717 4.966294902
24 7131540 1.91485240741336 5.025910002
24 7201822 0.846636407615037 5.085413254
24 7316046 0.520935179997199 5.144916506
24 7348859 1.81450949318867 5.204455991
24 7392427 1.36658786265149 5.263995476
24 7426213 0.994172142307465 5.297584567
24 7467215 0.749595141700405 5.328319484
24 7499698 1.06488009112459 5.362909945
24 7526945 1.44868058868866 5.402382166
24 7552538 1.62608135036924 5.443998468
24 7613273 0.685211163250185 5.48561477
24 7640886 1.50712707782566 5.527231071
24 7657753 1.94313748740143 5.560005992
24 7660372 12.4629247804506 5.592646379
24 7682625 1.47306430593628 5.625426495
24 7721264 0.903517171769456 5.660337475
24 7785851 0.626657067211668 5.700811399
24 7813683 1.45422175912619 5.741285323
24 7892061 0.576641404475746 5.786481286
24 7918389 1.71561455484655 5.831649965
24 7978996 0.746387380995595 5.876886279
24 8009327 1.49142131812337 5.922122593
24 8028456 2.36480213288724 5.967358907
24 8151092 0.368866401382954 6.012595222
24 8192316 1.09732922569377 6.057831536
24 8256270 0.707325577759014 6.10306785
24 8320822 0.700773020200768 6.148304164
24 8426329 0.428751646810164 6.193540479
24 8448581 2.02910300197735 6.238692037
24 8493896 0.98172569789253 6.283178964
24 8680134 0.27762862573696 6.334883994
24 8764637 0.663342129865212 6.390938403
24 8845096 0.716914204750245 6.448620651
24 8887538 1.39577541114933 6.507860154
24 8922556 1.77309669312925 6.569950412
24 8957421 1.76985228739423 6.631656348
24 9041112 0.737533307046158 6.693381231
24 9062167 2.36138209451437 6.743100094
24 9183580 0.505864281419617 6.80451862
24 9271822 0.668495727658031 6.863508019
24 9314649 1.35692904009153 6.921621212
24 9416562 0.570223622109054 6.979734405
24 9437760 2.73406453439004 7.037691079
24 9465803 2.06670826944335 7.095647753
24 9477890 4.99279391081327 7.155995642
24 9514257 1.92799241070201 7.226110989
24 9552181 1.58013658896741 7.286036111
24 9571010 2.95932869509799 7.341757322
24 9610032 1.49029265542514 7.399911554
24 9687593 0.749786619563956 7.458065786
24 9712320 2.29251829983419 7.514752856
24 9913322 0.284486224017671 7.571935132
24 10044310 0.446530216508382 7.63042526
24 10229062 0.314532454317139 7.688535741
24 10269111 1.45177907063847 7.746678037
24 10332349 0.935494481166387 7.805836834
24 10405660 0.741519008061546 7.860198319
24 10452692 1.11922946079265 7.912837895
24 10511916 0.829231392678644 7.961948245
24 10588074 0.644848866829486 8.011058596
24 10590106 24.1407480314961 8.060112632
24 10643239 0.908809967440197 8.108400391
24 10664383 2.28461502080969 8.156706339
24 10714691 0.960203148604596 8.205012287
24 10777722 0.749407434437023 8.252248204
24 10804020 1.90473420031942 8.30233886
24 10859421 0.904147939567878 8.352429516
24 10904926 1.10077354136908 8.402520171
24 10958208 0.883609849480125 8.44960068
24 11010564 0.891947436778975 8.496299508
24 11064065 0.872125754658791 8.542959155
24 11103928 1.17049895893435 8.589618802
24 11164151 0.84864752669246 8.640726934
24 11200291 1.4424128389596 8.692855759
24 11242782 1.22681979713351 8.744984584
24 11323276 0.647412229482943 8.797097359
24 11343427 2.76687013051461 8.85285251
24 11391299 1.17006600935829 8.908865894
24 11424841 1.47192176972154 8.958237079
24 11451899 1.82040062088846 9.007493437
24 11471021 2.44123522644075 9.054174777
24 11505962 1.40460490541198 9.103253105
24 11550485 1.10231341104598 9.152331433
24 11587558 1.3223585898093 9.201355195
24 11615091 1.87428540297098 9.252959901
24 11664596 1.13302494697505 9.309050319
24 11738284 0.946573390511345 9.378801417
24 11764479 2.88403512120634 9.454348751
24 11800629 2.15195297372061 9.532141803
24 11843948 1.79581938641243 9.609934855
24 11894653 1.28755744009467 9.675220484
24 11926596 2.0510690918198 9.740737776
24 12020111 0.628096027375287 9.799474171
24 12052489 1.8140836370375 9.858210566
24 12116867 0.912033613967504 9.916925465
24 12195639 0.511592951810288 9.957224695
24 12221462 1.56059326956589 9.997523925
24 12243058 1.86604926838303 10.03782316
24 12381665 0.290744334701711 10.07812239
24 12474553 0.433847213848936 10.11842162
24 12575050 0.424731086500095 10.16110578
24 12616739 1.02387200460553 10.20378995
24 12710452 0.455477895276002 10.24647411
24 12769949 0.891776055935593 10.29953212
24 12855197 0.622515484234234 10.35260037
24 12946991 0.421019892367693 10.39124749
24 12978694 1.21903605337034 10.42989461
24 13028152 0.827860002426301 10.47083887
24 13063209 1.16500270987249 10.5116804
24 13157934 0.432128793877012 10.55261384
24 13228386 0.581011184920229 10.59354728
24 13279469 0.801311590940235 10.63448072
24 13417942 0.295605641533006 10.67541415
24 13458843 1.02387716681744 10.71729175
24 13505402 0.899452307824481 10.75916934
24 13532769 1.53022253078525 10.80104694
24 13675366 0.293677987615448 10.84292454
24 13777849 0.409925548627577 10.88493495
24 13889284 0.376994660564455 10.92694536
24 14049839 0.26165737597708 10.96895578
24 14135552 0.520860312904694 11.01360031
24 14175628 1.16263848687494 11.06019417
24 14397704 0.209810605378339 11.10678802
24 14466917 0.722897432563247 11.15682196
24 14536021 0.752276279231304 11.20880729
24 14558754 2.32320855144504 11.26162078
24 14600780 1.21271831723219 11.31258646
24 14628471 1.97260120616807 11.3672098
24 14651618 2.35984360824297 11.42183314
24 14725819 0.729963208043018 11.47599711
24 14772616 1.1574246212364 11.53016108
24 14798458 2.09596780434951 11.58432505
24 14875238 0.705444126074499 11.63848902
24 14922727 1.14055886626377 11.692653
24 14954660 1.69617636927317 11.74681697
24 14988931 1.58046161477634 11.80098094
24 15086147 0.557874218235681 11.85521523
24 15141986 0.620654023173767 11.88987191
24 15183669 0.98785356140393 11.93104856
24 15222152 1.06999714159499 11.97222522
24 15386358 0.27909516095636 12.01805435
24 15423390 1.48643335493627 12.0731
24 15810051 0.142341482590693 12.12813786
24 15849402 1.50070646235166 12.18719219
24 15965883 0.506986547162198 12.24624653
24 15998369 2.23185064335406 12.31875046
24 16356772 0.203066938613795 12.39153026
24 16464296 0.646572858152599 12.46105233
24 16499172 1.49669686890699 12.51325118
24 16546106 1.15445306174628 12.56743431
24 16577706 1.71681329113924 12.62168564
24 16666193 0.613099099302722 12.67593697
24 16717203 1.06644187414232 12.73033613
24 16789760 0.555331670273027 12.77062937
24 16839012 0.855067814504995 12.81274316
24 16874416 1.41213139758219 12.86273827
24 16947207 0.648996441867813 12.90997934
24 16990695 1.08630196835909 12.9572204
24 17013553 2.05032373785983 13.0040867
24 17120988 0.438507004235119 13.05119773
24 17169376 1.05950855584029 13.10246527
24 17587389 0.122645707190925 13.15373281
24 17625014 1.48189235880399 13.20948902
24 17682671 0.963997433095721 13.26507025
24 17733504 1.09302224932622 13.32063186
24 17820609 0.640202054991103 13.37639667
24 17915853 0.585494099365839 13.43216149
24 17943061 2.3869082622758 13.49710445
24 18007250 1.04611226222562 13.56425338
24 18029890 2.97996466431095 13.63171974
24 18063485 2.19282929007293 13.70538782
24 18293860 0.319774715138361 13.7790559
24 18333563 1.85547943480342 13.85272397
24 18407618 0.958834649922355 13.92373051
24 18473108 0.847932508779966 13.97926165
24 18498586 2.17957060993799 14.03479279
24 18582720 0.66003161623125 14.09032392
24 18629301 1.19214057233636 14.14585506
24 18678355 1.13204020059526 14.20138619
24 18806446 0.40842682155655 14.25370196
24 18873497 0.849677111452476 14.31067364
24 18924463 1.10139112349409 14.36680715
24 18955084 1.83317004669998 14.42294067
24 18993046 1.52904220009483 14.48098615
24 19023758 1.90406681427455 14.5394639
24 19057547 1.6936488206221 14.59669064
24 19151288 0.747198131020578 14.66673378
24 19184936 1.97032513076557 14.73303127
24 19224150 1.63747896159535 14.79724338
24 19261145 1.80651979997297 14.86407553
24 19342724 0.785839493006779 14.92818357
24 19384986 1.1864085940088 14.97832354
24 19437043 0.944159286935474 15.02747363
24 19491846 0.89685053737934 15.07662373
24 19565904 0.665775473277701 15.12592975
24 19672186 0.46391674977889 15.17523577
24 19713870 0.851813645523462 15.21074279
24 19726696 2.84189926711368 15.24719304
24 19747897 1.44299797179378 15.27778601
24 19770957 1.35705117085863 15.30907965
24 19811493 0.684211565028617 15.33681481
24 19851885 0.68665082194494 15.36454997
24 19890988 0.70928573255249 15.39228512
24 19926418 0.698890770533446 15.41704684
24 19999059 0.340877741220523 15.44180855
24 20047195 0.514411251454213 15.46657026
24 20086919 0.622361796395126 15.49129295
24 20134276 0.522049538610976 15.51601564
24 20201420 0.368204158227094 15.54073833
24 20349623 0.166816461205239 15.56546102
24 20371348 1.13798388952819 15.59018371
24 20453533 0.307268966356391 15.61543658
24 20474626 1.4936329588015 15.64694173
24 20510450 0.948308396605627 15.68091398
24 20572686 0.616116074297834 15.71925858
24 20659175 0.499867035114292 15.76249159
24 20681407 2.2114519611371 15.81165658
24 20730048 0.919236857794864 15.85636919
24 20757957 1.60326418001362 15.90111465
24 20839210 0.575959041512313 15.94791307
24 20862970 1.96962962962963 15.99471149
24 20926914 0.732307956962342 16.0415382
24 20952349 1.82504423039119 16.08795823
24 20973455 2.19937458542595 16.13437826
24 21020418 0.989536443583246 16.18084988
24 21104502 0.507475857475857 16.22352045
24 21214702 0.38721052631579 16.26619101
24 21259817 0.96041227972958 16.30952001
24 21306399 0.930166158602035 16.35284902
24 21337842 1.24427694558407 16.39197286
24 21378400 0.960062133241284 16.43091109
24 21409360 1.10228359173127 16.46503781
24 21431369 1.60460720614294 16.50035359
24 21456850 1.3859660138927 16.53566937
24 21488248 1.29311102618001 16.57627043
24 21510384 1.92694253704373 16.61892521
24 21560026 0.861169977035575 16.6616754
24 21605659 0.937573685709903 16.70445969
24 21667119 0.82747478034494 16.75531625
24 21783988 0.434963078318459 16.80614999
24 21830890 1.09124344377638 16.85733144
24 21878920 1.02891734332709 16.90675033
24 21903759 2.06327549418254 16.95800001
24 21939938 1.41655932999807 17.00924969
24 21985252 1.27899766076709 17.06720622
24 22087989 0.553371229449955 17.12405794
24 22139528 0.791559789673839 17.16485412
24 22203073 0.722146510346998 17.21074293
24 22365609 0.282330068415613 17.25663175
24 22389998 1.88153675837468 17.30252057
24 22429133 1.15615689280695 17.3477668
24 22464862 1.18289904559322 17.3900306
24 22520631 0.627572665817928 17.42502972
24 22545713 1.05023522845068 17.45137169
24 22571085 1.48696988806558 17.4890991
24 22605673 1.09076558343934 17.5268265
24 22711564 0.36112134175709 17.56506605
24 22749638 1.0397961863739 17.60465526
24 22772304 1.92006088414365 17.64817535
24 22901743 0.335770517386568 17.69163716
24 23015613 0.376589092825151 17.73451941
24 23172523 0.2541686316997 17.77440096
24 23230058 0.681035891196663 17.81358439
24 23272906 0.921538928304705 17.8530705
24 23402346 0.305227132262052 17.89257909
24 23484291 0.482135578741839 17.93208768
24 23537983 0.892110556507487 17.97998692
24 23839206 0.188266168254084 18.03669698
24 23931806 0.612420086393089 18.09340704
24 24013956 0.690323797930615 18.1501171
24 24039121 2.25353069739718 18.20682716
24 24144230 0.539536100619357 18.26353722
24 24210864 1.08228982201279 18.33565455
24 24293597 0.894441154073949 18.4096544
24 24396084 0.652905246519071 18.47656866
24 24470786 0.959116221787904 18.54821656
24 24502039 2.44830256295396 18.62473331
24 24567300 0.993968832840441 18.68960075
24 24598245 2.09621586686056 18.75446819
24 24651868 1.21770695410551 18.81976533
24 24715043 1.05940007914523 18.88669291
24 24821382 0.647215979085754 18.95551724
24 24968711 0.435031799577816 19.01961006
24 25023821 1.33078751587734 19.09294981
24 25184255 0.486098956580276 19.17093657
24 25259209 1.04926755076447 19.24958333
24 25421441 0.484779821490212 19.3282301
24 25483099 1.27549709688929 19.40687467
24 25550670 1.16388095484749 19.48551925
24 25584461 1.26780799621201 19.52835972
24 25610710 1.6320812221418 19.57120018
24 25633344 1.89274984536538 19.61404065
24 25666802 1.1402594297328 19.65219143
24 25768999 0.414538587238373 19.69455599
24 25840462 0.570801673593328 19.73534717
24 25877147 1.24307755213302 19.78094949
24 25921622 1.00949297358066 19.8258467
24 26021448 0.497281269408771 19.87548833
24 26063880 1.01204279788839 19.91843128
24 26097329 1.42555532302909 19.96611463
24 26121938 2.22532406843025 20.02087765
24 26321370 0.274419350956717 20.07560569
24 26383910 0.77891269587464 20.1243189
24 26414942 1.59984532095901 20.1739653
24 26444647 1.80963137518936 20.22772038
24 26536102 0.567092012465147 20.27958382
24 26576109 1.29725548029095 20.33148308
24 26616960 1.27050255807691 20.38338441
24 26680497 0.802113729008294 20.43434829
24 26877812 0.268276106732889 20.48728324
24 26955232 0.70772539395505 20.54207538
24 27007900 1.04032999164578 20.59686751
24 27048954 1.33463487114532 20.65165965
24 27078953 1.95033501116704 20.71016776
24 27112777 1.61626064333018 20.76483614
24 27143342 1.93897268117127 20.82410079
24 27174936 1.81421472431474 20.88141912
24 27297035 0.478918746263278 20.9398946
24 27335211 1.69420578373847 21.00457262
24 27393391 1.20906668958405 21.07491613
24 27446361 1.32798754011705 21.14525964
24 27472545 2.69933929117018 21.21593914
24 27514662 1.47269511123774 21.27796465
24 27567865 1.16582711501231 21.33999017
24 27615255 1.17776957163959 21.39580466
24 27671338 0.995212452971489 21.45161916
24 27724269 0.752687461034177 21.49145967
24 27747465 1.94438265218141 21.53656153
24 27817749 0.641709350634568 21.5816634
24 27839597 1.94851702673014 21.62423464
24 27859924 2.09431790229744 21.66680589
24 27882598 1.87592837611361 21.70934072
24 27907715 1.69266234024764 21.75185534
24 27930734 1.84693514053608 21.79436996
24 27966038 1.12168309539995 21.83396982
24 27998189 1.48014680725327 21.88155804
24 28062297 0.742312971859986 21.92914626
24 28087652 1.77198580161704 21.97407495
24 28118993 1.46954787658339 22.02013208
24 28158961 1.25584217373899 22.07032557
24 28183709 2.0281840956845 22.12051905
24 28244099 0.843919523099851 22.17148338
24 28330492 0.635566538955702 22.22639188
24 28353262 2.41144049187527 22.28130037
24 28417928 0.849109269167723 22.33620887
24 28452709 1.56576579166786 22.39066774
24 28487771 1.56255490274371 22.44545402
24 28516684 1.8948673607028 22.50024029
24 28540641 2.28767374879993 22.55504606
24 28570245 1.61078908255641 22.60273181
24 28604672 1.41909547738693 22.65158698
24 28638911 0.947951166798096 22.6840439
24 28676366 0.870004004805767 22.71662995
24 28703207 1.04522558772028 22.74468482
24 28731501 1.12218138121156 22.77643577
24 28795202 0.509824021600917 22.80891207
24 28850850 0.540441705002875 22.83898655
24 28894159 0.69441686485488 22.86906104
24 28963905 0.495510853669028 22.90362093
24 28990620 1.29365150664421 22.93818083
24 29019019 1.21694073734991 22.97274073
24 29071264 0.661496793951574 23.00730063
24 29101395 1.47604792406492 23.05177547
24 29134874 1.32835210131724 23.09624734
24 29155345 2.01030726393435 23.13740038
24 29204162 0.843005510375484 23.17855342
24 29236052 1.29046723110693 23.21970646
24 29309403 0.561042112581969 23.2608595
24 29338071 1.72710339053998 23.31037211
24 29363298 1.86698775121893 23.3574706
24 29381622 1.87120716000873 23.39175865
24 29412718 1.39193143812709 23.43504218
24 29545123 0.326902307314678 23.4783257
24 29593728 0.968978500154305 23.52542289
24 29680561 0.54241590178849 23.57252246
24 29766863 0.545753284976014 23.61962203
24 29790314 2.0084260799113 23.6667216
24 29824697 1.36985138004246 23.71382116
24 29856937 1.46090570719603 23.76092073
24 29888368 1.48919538035697 23.80772765
24 29915840 1.86256552125801 23.85889603
24 30028718 0.452606353762469 23.90998534
24 30074544 1.11485401300572 23.96107464
24 30129550 0.928795040541032 24.01216394
24 30132541 16.4517218321632 24.06137106
24 30164026 1.2778751786565 24.10160493
24 30250034 0.719269137754627 24.16346779
24 30275002 2.88337071451458 24.23545977
24 30381754 0.667859150179856 24.30675509
24 30411642 3.28927663276231 24.40506497
24 30461796 1.99073852534195 24.50490851
24 30486009 1.72623797133771 24.54670587
24 30532388 0.857860238469997 24.58649254
24 30736100 0.198193528118128 24.62686699
24 30756121 2.01296139053993 24.66716847
24 30783746 1.46673665158371 24.70768709
24 30976584 0.237201692612452 24.75342856
24 30999960 1.9567719028063 24.79917003
24 31077790 0.601307978928434 24.84596983
24 31112327 1.3550626863943 24.89276963
24 31163137 0.921074591615824 24.93956942
24 31189035 1.36751872731485 24.97498538
24 31282880 0.480491235547978 25.02007706
24 31315570 1.19631691648822 25.05918467
24 31352868 1.05354442597458 25.09847977
24 31387621 1.10014674992087 25.13671317
24 31415877 1.35310730464326 25.17494657
24 31532079 0.343705788196417 25.21488589
24 31554696 1.76589733386391 25.2548252
24 31602546 0.834677115987461 25.29476452
24 31675938 0.502801395247438 25.33166614
24 31701303 1.41082199881727 25.36745162
24 31814928 0.335333773377338 25.40555393
24 31865797 0.824690872633628 25.44750517
24 31936151 0.59628734684595 25.48945642
24 31961948 1.56524789704229 25.5298351
24 31989787 1.45043643809045 25.57021378
24 32047156 0.703841796091966 25.61059246
24 32069933 1.7727839487202 25.65097114
24 32091221 1.89678222472755 25.69134982
24 32115024 1.69637020543629 25.7317285
24 32136071 2.26981517555946 25.77950127
24 32159647 2.03121818798778 25.82738927
24 32183082 2.23123959889055 25.8796784
24 32209463 2.07264319017475 25.93435683
24 32235079 2.13454091193004 25.98903527
24 32264879 1.83484563758389 26.0437137
24 32317898 1.03129821384787 26.09839213
24 32576870 0.221981913102575 26.15587921
24 32599744 2.51320713473813 26.2133663
24 32638497 1.10587825458674 26.25622237
24 32676013 1.21016899456232 26.3016231
24 32714013 1.19475526315789 26.34702383
24 32732872 2.36799936369903 26.39168197
24 32775462 1.04954918995069 26.43638225
24 32826968 0.739366287422825 26.47446408
24 32867531 0.945913763774869 26.51283317
24 32894188 1.52334471245827 26.553441
24 32931220 1.09892795420177 26.59413653
24 32988911 0.840737723388397 26.64263958
24 33065924 0.62980276057289 26.69114262
24 33122166 0.862398207745102 26.73964567
24 33201418 0.626099025892091 26.78926529
24 33244737 1.18194094969875 26.84046578
24 33308884 0.696593761204733 26.88515015
24 33332789 1.86924911106463 26.92983452
24 33353647 1.56369738229936 26.96245015
24 33380101 1.7305057836244 27.00822898
24 33401028 2.18754718784346 27.05400781
24 33476854 0.610754886186796 27.10031888
24 33518113 1.12079546280811 27.14656174
24 33626739 0.334368383259993 27.18288281
24 33668285 0.746808357001877 27.2139097
24 33706692 0.837873304345562 27.24608992
24 33743788 0.867484364891093 27.27827014
24 33780521 0.876206680641385 27.31045581
24 33814573 0.945192646540585 27.34264148
24 33917915 0.387668131059976 27.38270388
24 33973226 0.72431161975014 27.42276628
24 33994132 1.91631110685927 27.46282868
24 34029215 1.14193198985263 27.50289108
24 34066958 1.06145245475982 27.54295348
24 34098685 1.16374381441674 27.5798756
24 34122422 1.69629270758731 27.62014049
24 34194887 0.555646174015042 27.66040538
24 34271240 0.482421122942124 27.69723971
24 34315523 0.831793238940451 27.73407404
24 34395443 0.46088963963964 27.77090836
24 34423196 1.56002954635535 27.81420384
24 34458397 1.22555893298486 27.8573447
24 34511917 0.807247757847534 27.90054857
24 34541106 1.48014320463188 27.94375245
24 34572615 1.4950934653591 27.99086135
24 34605699 1.04116189094426 28.02530717
24 34644739 0.864864241803279 28.05907146
24 34719362 0.430483899065972 28.09119545
24 34750786 1.02227596741344 28.12331944
24 34784596 0.950133096716948 28.15544342
24 34813345 1.11739538766566 28.18756741
24 34843468 1.06642764664874 28.2196914
24 34921944 0.409348080941944 28.25181539
24 35026477 0.308308381085399 28.28404374
24 35149994 0.260922787956314 28.3162721
24 35185903 0.897502018992453 28.34850046
24 35223822 0.849927476990427 28.38072882
24 35260958 0.867847910383455 28.41295717
24 35286213 1.28728568600277 28.44546755
24 35310977 1.32476175092877 28.478274
24 35452705 0.236853691578234 28.5118428
24 35517344 0.520438125589814 28.54548341
24 35540704 1.44009417808219 28.57912403
24 35600744 0.473074616922052 28.60752744
24 35622071 1.6763304731092 28.64327856
24 35642254 1.77134717336372 28.67902968
24 35695654 0.669496254681648 28.71478079
24 35731647 0.993648765037646 28.75054521
24 35753098 1.66636520441937 28.78629041
24 35777610 1.45827349869452 28.82203562
24 35837457 0.599856300232259 28.85793519
24 35863965 1.35429304360948 28.89383477
24 35889509 1.40540244284372 28.92973434
24 35916951 1.30819911085198 28.96563392
24 35972031 0.657345679012346 29.00184053
24 36004613 1.72042538825118 29.05789546
24 36028869 2.31097048153034 29.11395039
24 36056430 2.58723921483255 29.18525731
24 36081287 2.8686848774993 29.25656423
24 36134480 1.0898257289493 29.31453532
24 36163594 1.71728378099883 29.36453236
24 36195505 1.80325279684121 29.422076
24 36215815 3.24121614967996 29.4879051
24 36298568 0.795488985293585 29.5537342
24 36498722 0.328892252965217 29.6195633
24 36560484 0.963404682490852 29.67906506
24 36589347 2.06152513598725 29.73856682
24 36685873 0.61643287818826 29.79806858
24 36780791 0.508429381150045 29.84632764
24 36835198 0.887001672578896 29.8945867
24 36862436 1.25329686467435 29.92872399
24 36894088 0.813095538986478 29.95446007
24 36934987 0.639524193745568 29.98061596
24 37011897 0.340501885320504 30.00680394
24 37039861 0.936489772564726 30.03299192
24 37125932 0.304273216298172 30.05918099
24 37146245 1.3058435484665 30.08570662
24 37166678 1.39646650026917 30.11424062
24 37203930 0.837055728551487 30.14542265
24 37240387 0.909161477905478 30.17856797
24 37291595 0.737183643180753 30.21631765
24 37315671 1.56793902641635 30.25406733
24 37346545 1.14838699229125 30.28952261
24 37374025 1.10385371179039 30.3198565
24 37402184 1.07723640754288 30.3501904
24 37427691 1.18923824832399 30.38052429
24 37463872 0.817675022802023 30.41010862
24 37524920 0.586813654828987 30.4459324
24 37591281 0.55038350838595 30.48245645
24 37621702 1.18526346931396 30.51851336
24 37668560 0.956666951214307 30.56334083
24 37740915 0.619758136963582 30.60818346
24 37781885 1.09452282157676 30.65302609
24 37809541 1.62144200173561 30.69786872
24 37844634 1.29892001253811 30.74345177
24 37927609 0.549358240433866 30.78903481
24 37963121 1.06220995719757 30.82675603
24 38053171 0.553168239866741 30.87656881
24 38098896 1.08991580098414 30.92640526
24 38161397 0.873054831122702 30.98097209
24 38220372 0.824939381093684 31.02962288
24 38253349 1.48130211965916 31.07847173
24 38274109 1.59941233140655 31.11167556
24 38304311 1.47155155287729 31.15611933
24 38332315 1.58705184973575 31.20056311
24 38475906 0.343240175219895 31.2498493
24 38537297 0.802824518251861 31.29913548
24 38558704 2.32497313962722 31.34890615
24 38588206 1.7126499898312 31.3994327
24 38609603 3.18280600084124 31.46753524
24 38754225 0.465301268133479 31.53482808
24 38781675 1.7236320582878 31.58214183
24 38889760 0.657778600175787 31.65323785
24 38934184 1.94357779578606 31.7395794
24 38958508 2.95264759085677 31.81139955
24 38982954 2.54829010881126 31.8736951
24 39126646 0.392181889040448 31.93004853
24 39199046 0.772783149171271 31.98599806
24 39219898 2.75966813734894 32.04354265
24 39263853 1.18959617790923 32.09583133
24 39368915 0.497693742742381 32.14812
24 39446624 0.672878302384537 32.20040868
24 39492890 1.13017550685168 32.25269735
24 39533693 1.06052986300027 32.29597019
24 39568136 1.46887611415963 32.3465627
24 39626094 0.873411780944822 32.39718386
24 39683415 0.873746096544024 32.44726784
24 39828789 0.33865959525087 32.49650011
24 39855359 1.90438088069251 32.54709953
24 39910880 0.915266295635885 32.59791601
24 39938031 1.87162535449891 32.64873248
24 40057497 0.425363701806372 32.69954896
24 40091408 1.49884403290968 32.75037626
24 40247130 0.351388371585261 32.8050952
24 40293902 1.13826862225263 32.85833427
24 40324243 1.82349296331696 32.91366082
24 40352389 1.95076032118241 32.96856687
24 40424789 0.834095303867403 33.02895539
24 40457727 1.82395713158055 33.08903291
24 40488554 1.95041684237843 33.14915838
24 40543846 1.09565579107285 33.2097394
24 40583246 1.74206852791878 33.27837693
24 40627809 1.7992325471804 33.3585561
24 40656922 2.81825988390066 33.44060406
24 40746951 1.03088893578736 33.53341401
24 40779239 3.48196233894945 33.6458396
24 40915803 0.820900823057321 33.75794513
24 40969194 1.86633515011893 33.85759059
24 40991272 4.15628227194492 33.949353
24 41032137 2.25457726660957 34.04148626
24 41099071 1.37569695520961 34.13356714
24 41138947 1.04537064901194 34.17525238
24 41161783 1.96304957085304 34.22008059
24 41203076 1.05140338556172 34.2634962
24 41252890 0.872503713815393 34.30695909
24 41388207 0.320826651492422 34.35037238
24 41540974 0.28417982941342 34.39378567
24 41676195 0.321054422020248 34.43719895
24 41742652 0.651863611056774 34.48051987
24 41796424 0.80564048203526 34.52384078
24 41856500 0.676458153006192 34.56447968
24 41885510 1.83835573940021 34.61781039
24 41944725 0.900628219201216 34.67114109
24 41981056 1.43248740744818 34.72318475
24 42066315 0.672311427532577 34.78050536
24 42090544 2.38203805357217 34.83821974
24 42144837 1.24837824397252 34.90599792
24 42227796 0.801432032690847 34.97248391
24 42260555 1.96638786287738 35.03690076
24 42299241 1.15187406296852 35.08146221
24 42324465 1.76662702188392 35.12602366
24 42379925 0.785052289938695 35.16956267
24 42426553 0.827073861199279 35.20812749
24 42498471 0.536232931950277 35.2466923
24 42527157 1.18604894373562 35.28071533
24 42571509 0.723793740981241 35.312817
24 42659099 0.386482475168398 35.34666896
24 42709614 0.646817776897951 35.37934299
24 42729742 1.62376291732909 35.4120261
24 42824247 0.345834611925295 35.44470921
24 42909973 0.381968131022094 35.47745386
24 42959600 0.659814214036714 35.5101985
24 43012270 0.6216935636985 35.54294315
24 43057719 0.720469097229862 35.5756878
24 43195904 0.236962043637153 35.60843245
24 43321539 0.260632785449914 35.6411771
24 43478051 0.20917820997751 35.673916
24 43641805 0.26012066880809 35.7165118
24 44069431 0.0996099395265957 35.75910761
24 44132823 0.671942831903079 35.80170341
24 44173880 1.04612611734905 35.84465426
24 44274218 0.42806115330184 35.8876051
24 44375642 0.423477677867171 35.93055594
24 44591773 0.273592404606466 35.98968775
24 44775120 0.322513049027254 36.04881955
24 44842318 0.75534539718444 36.0995773
24 44888957 1.11682497480649 36.15166494
24 44926616 1.46418651583951 36.2068047
24 45012635 0.65668631348888 36.26329221
24 45038505 2.0004870506378 36.31504479
24 45059395 2.62831019626616 36.36995019
24 45080627 2.58597400150716 36.42485558
24 45152516 0.773478557220159 36.4804602
24 45206763 0.90173650155769 36.52937666
24 45240872 1.47636107772142 36.57973387
24 45277744 1.71211759600781 36.64286303
24 45316923 1.54667041016871 36.70346004
24 45410810 0.645424819197546 36.76405706
24 45435522 2.46155713823244 36.82488703
24 45473257 1.61203127070359 36.885717
24 45514794 0.829607338035968 36.92017637
24 45540149 1.22154210214948 36.95114858
24 45568791 1.08751832972558 36.98229727
24 45608606 0.778199171166646 37.0132813
24 45637257 1.1617011622631 37.04656523
24 45715797 0.423782785841609 37.07984916
24 45744328 1.1665872209176 37.11313309
24 45922636 0.186665208515602 37.14641702
24 45948420 1.5536224014893 37.18647561
24 46038258 0.507789576793784 37.23209442
24 46079378 1.22074416342412 37.28229142
24 46116938 1.32235889243876 37.3319592
24 46140787 2.08394481948929 37.38165918
24 46182758 1.18415096137809 37.43135916
24 46201215 2.97360351086309 37.48624299
24 46222141 2.62275637962343 37.54112683
24 46244574 2.52533767217938 37.59777768
24 46297155 0.672640307335349 37.63314582
24 46311006 2.51728395061728 37.66801268
24 46409035 0.438631425394526 37.71101124
24 46464661 0.808409736454176 37.7559798
24 46499527 1.40149716055756 37.80484438
24 46665088 0.299614643545279 37.85444889
24 46730108 0.763811135035374 37.90411185
24 46797433 0.774627552914965 37.95626362
24 46872835 0.69165008885706 38.00841539
24 46893383 2.48704496788009 38.05951914
24 46960289 0.77505007024781 38.1113746
24 47034438 0.805004787657285 38.17106486
24 47080160 1.30550500852981 38.23075513
24 47155098 0.592272278416825 38.2751388
24 47235943 0.656740676603377 38.32823296
24 47274053 1.39318289162949 38.38132711
24 47348283 0.7486959450357 38.43690286
24 47409424 0.924842576994161 38.49344867
24 47466065 0.999021909923907 38.55003428
24 47695031 0.274526785636295 38.61289156
24 47731227 1.25493977235054 38.65831531
24 47756385 1.80554098100008 38.70373907
24 47814179 0.785960480326678 38.74916282
24 47849711 1.27839130924237 38.79458658
24 47883810 1.31833191589196 38.83954036
24 47991935 0.424826820809249 38.88547479
24 48033977 1.08428476285619 38.93106033
24 48055941 2.08976962301949 38.97696002
24 48094418 1.19291264911506 39.0228597
24 48121845 1.62004594013199 39.06729275
24 48146585 1.28360145513339 39.09904909
24 48177205 1.33364794252123 39.13988539
24 48241168 0.638436283476385 39.1807217
24 48278442 1.13785212212266 39.22313403
24 48312775 1.28346197535898 39.26719914
24 48401461 0.496866472723993 39.31126424
24 48428870 1.60525374876865 39.35526268
24 48457531 2.06668643801682 39.41449601
24 48528658 0.832782206475741 39.47372935
24 48719248 0.342762999108033 39.53905652
24 48760539 1.3090503983919 39.59310855
24 48949533 0.285998497306793 39.64716058
24 49057452 0.502951287539729 39.70143857
24 49077571 3.3724489288732 39.7692889
24 49289629 0.353212328702525 39.84419041
24 49347370 1.33427547150205 39.92123282
24 49383697 2.15534175682 39.99952993
24 49419528 1.93827132929586 40.0689801
24 49449204 2.10307319045693 40.13139085
24 49496117 1.35842730160084 40.19511877
24 49561807 0.683374942913686 40.24000967
24 49606164 1.11943774376085 40.28966458
24 49634238 1.76758210443827 40.33928771
24 49704768 0.71143343258188 40.3894651
24 49739505 1.44449434320753 40.43964249
24 49801453 0.80395654419836 40.489446
24 49840655 1.48585531350441 40.54769453
24 49947615 0.564720456245325 40.60809701
24 50103163 0.465519325224368 40.68050759
24 50175324 1.03658208727706 40.7553084
24 50226252 1.57612904492617 40.83557746
24 50259289 2.42967279111299 40.91584652
24 50464102 0.391914087484681 40.99611558
24 50485176 3.97763120432761 41.07994022
24 50559046 1.13666170299174 41.16390539
24 50581201 3.78989844278944 41.24787056
24 50611750 2.7485416871256 41.33183574
24 50756440 0.489563204091506 41.4026706
24 50783552 1.90770507524343 41.45439228
24 50901301 0.531904304919787 41.51702345
24 50983655 0.761060786361318 41.57969985
24 51037914 1.10288062809856 41.63954105
24 51130282 0.65058028754547 41.69963387
24 51261361 0.458328183767041 41.7597111
24 51294562 1.58913285744405 41.81247192
24 51337963 1.49983180111057 41.8775661
24 51393362 1.17500676907525 41.94266027
24 51421173 2.27966631908238 42.00606007
24 51488828 0.83050476683172 42.06224791
24 51578084 0.622534059334947 42.11781281
24 51602522 1.98681970701367 42.16636669
24 51668602 0.734774515738499 42.21492056
24 51696955 1.71247839734772 42.26347444
24 51772057 0.654392692604724 42.31262069
24 51822363 1.05877032560728 42.36588323
24 51859289 1.51000649948546 42.42164171
24 51880260 2.65883839588002 42.47740019
24 51956661 0.802671431002212 42.53872511
24 52037619 0.89679216383804 42.61132762
24 52076455 1.86946389947471 42.68393012
24 52136857 1.39696036555081 42.76830933
24 52257551 0.838968797123304 42.86956781
24 52306169 2.0152947468016 42.96754738
24 52354424 2.03045487514247 43.06552694
24 52568216 0.420821639724592 43.15549527
24 52605497 2.42875727582415 43.24604173
24 52702110 0.849854574436152 43.32814874
24 52725727 3.47660583478003 43.41025575
24 52758712 2.62130362285888 43.49671943
24 52882288 0.702824172978572 43.58357163
24 52964581 1.05540203905557 43.67042382
24 53035129 1.23110789816862 43.75727602
24 53060437 3.43180812391339 43.84412822
24 53106593 1.87956928676662 43.93088164
24 53326659 0.394626612016395 44.01772559
24 53356002 2.95961217326108 44.10456954
24 53385749 2.73585571654284 44.18595306
24 53464273 1.10730732005501 44.27290326
24 53499543 2.46840657782818 44.35996395
24 53789992 0.300727150033224 44.44730983
24 53836923 1.86039291726151 44.53461988
24 54016166 0.497116205374826 44.62372444
24 54047048 2.68692442199339 44.70670206
24 54082062 2.36399725823956 44.78947504
24 54111123 2.84825023227005 44.87224801
24 54137692 3.11411419323271 44.95498688
24 54187542 2.28532196589769 45.06891014
24 54227463 2.85371859422359 45.1828334
24 54355477 0.890051088162232 45.29677245
24 54432213 1.6456317764804 45.42305162
24 54503490 1.62058307729001 45.53856193
24 54571830 1.5975153643547 45.64773612
24 54758636 0.584425553783069 45.75691032
24 54800651 2.58571700583125 45.86554923
24 54822569 4.6424765033306 45.96730306
24 54847914 4.28226080094693 46.07583694
24 54897808 2.17528961398164 46.18437083
24 54918675 5.20516605166052 46.29298699
24 55048622 0.746104180935304 46.38994098
24 55107716 1.44089416861272 46.47508923
24 55129966 3.82688539325843 46.56023748
24 55153166 3.85975862068966 46.64978391
24 55196653 2.05834387288155 46.73929507
24 55228382 2.82111632891046 46.82880623
24 55295472 1.32210910716947 46.91750654
24 55380408 1.04431925214279 47.00620686
24 55479499 0.887390378540937 47.09413923
24 55513422 2.58365121009345 47.1817844
24 55592929 1.05759115549574 47.26587026
24 55682125 0.943968339387417 47.35006842
24 55730314 1.74724937226338 47.43426658
24 55767809 2.24558474463262 47.51846474
24 55789132 3.93318951367068 47.60233214
24 55813882 3.38858181818182 47.68619954
24 55886627 1.15289573166541 47.77006694
24 55913890 2.67641492132194 47.84303404
24 55950028 1.47540539044773 47.89635223
24 55952785 21.99640914037 47.95699635
24 55976547 2.5529627135763 48.01765986
24 56022163 1.32987329007366 48.07832338
24 56046941 2.42342804100412 48.13837105
24 56070206 2.58103159252095 48.19841872
24 56098690 2.10812034826569 48.25846639
24 56161438 0.956965959074393 48.31851406
24 56306749 0.497278251474424 48.39077405
24 56342990 2.02535801992219 48.46417503
24 56368404 2.88821122216101 48.53757601
24 56390259 3.35854495538778 48.61097698
24 56424109 2.17441949778434 48.6845811
24 56457670 2.1931438276571 48.75818522
24 56558994 0.726423157396076 48.83178933
24 56589300 2.70922919553884 48.91389524
24 56651982 1.30859098305734 48.9959203
24 56688810 2.49538937764744 49.08782053
24 56746319 1.68778799840025 49.18488353
24 56785283 2.63526075351607 49.28756383
24 56805748 4.87619838749084 49.38735523
24 56883853 1.28026502784713 49.48735031
24 56971706 1.13820928141327 49.58734538
24 57052356 1.23986484810911 49.68734045
24 57108110 1.79350539871579 49.78733552
24 57151899 2.19642375939163 49.88351475
24 57185546 2.7814515409992 49.97710225
24 57210216 4.45892176732874 50.08710384
24 57231541 5.21517467760844 50.19831748
24 57353634 0.910892516360479 50.30953111
24 57400392 2.39697164121648 50.42160869
24 57441741 2.71052746136545 50.53368626
24 57552725 0.961470121819361 50.64039411
24 57565330 8.45846886156287 50.74701313
24 57574098 12.1600136861314 50.85363214
24 57596838 4.68861037818821 50.96025116
24 57617796 5.08726977765054 51.06687017
24 57637820 5.40803535757091 51.17516065
24 57766897 0.860432145153668 51.2862227
24 57819907 2.17142237313714 51.40132978
24 57896639 1.4998644633269 51.51641737
24 57927929 4.80426973473953 51.66674302
24 57990679 2.4129561752988 51.81815598
24 58017826 5.57752237816333 51.96956894
24 58069813 2.77083116933079 52.11361614
24 58128861 2.44400318385043 52.25792968
24 58211328 1.83341094013363 52.40912554
24 58274370 2.54863900256972 52.56979681
24 58304918 3.89138405132906 52.68867081
24 58391069 1.53589511439217 52.82098966
24 58451552 2.18770398293735 52.95330851
24 58477861 4.38502413622715 53.06867412
24 58498110 6.32285051113635 53.19670551
24 58529713 2.74151188178338 53.2833455
24 58568769 2.21835313396149 53.36998549
24 58596092 3.60208615452183 53.46840526
24 58671488 1.30537163775267 53.56682504
24 58736271 1.5223253013908 53.66544589
24 58801038 1.57038769743851 53.76715516
24 58877604 1.32838727372463 53.86886443
24 58902927 4.43233819057774 53.98110456
24 59057936 0.892970730731764 54.11952302
24 59109987 2.20293174002421 54.23418777
24 59164671 2.09686197059469 54.34885253
24 59196985 4.85766850281612 54.50582326
24 59404533 0.756310347485883 54.66279399
24 59453375 3.21351910241186 54.81974868
24 59572496 1.31827805340788 54.97678326
24 59622599 3.13394806698202 55.13380348
24 59663050 2.99008677164965 55.25475551
24 59722326 2.46415075241244 55.40082051
24 59907608 0.787727356138211 55.54677216
24 59946141 2.90935561726313 55.65887835
24 59971040 3.9196473753966 55.7564736
24 60035968 2.29783298422868 55.90566726
24 60056629 8.10792798025265 56.07318512
24 60093951 3.92736991586732 56.21976239
24 60126709 5.04129678246535 56.38490515
24 60156074 5.62290141324706 56.55002162
24 60176845 5.35496605844687 56.66124959
24 60230680 2.05538218631002 56.77190107
24 60258385 3.31775130842808 56.86381933
24 60292128 2.68252970986575 56.95433597
24 60356211 1.41249005196386 57.04485261
24 60419745 1.43163503006264 57.13581006
24 60460067 2.4260800555528 57.23363443
24 60515608 1.76130066077312 57.33145879
24 60577000 1.61142331248371 57.43038726
24 60600797 4.41948985166197 57.53555784
24 60623865 4.54120426564938 57.64031429
24 60654872 1.96487889831328 57.70123932
24 60719656 0.738068041491726 57.74905428
24 60749949 1.57841745617799 57.79686925
24 60798822 0.92923290978659 57.84228365
24 60845513 0.92421880019704 57.88543637
24 60875114 1.45781223607311 57.92858908
24 60916827 1.034514419965 57.97174179
24 60939893 1.87040232376658 58.01488448
24 60968009 1.53445369184806 58.05802716
24 60990332 1.93265690095417 58.10116984
24 61058160 0.636060329067642 58.14431253
24 61078816 2.3163293958172 58.19215859
24 61118494 0.827982761227885 58.22501125
24 61162522 0.746177432542927 58.25786391
24 61314151 0.221564476452394 58.29145948
24 61345892 1.20746038247062 58.32978553
24 61367470 1.78466030215961 58.36829497
24 61399943 1.18588981615496 58.40680442
24 61413512 2.7649274080625 58.44432169
24 61440616 1.49294569067296 58.48478654
24 61463290 1.85431331039958 58.5268312
24 61534805 0.484899671397609 58.56150877
24 61562104 1.27028828894831 58.59618635
24 61586508 1.42098016718571 58.63086392
24 61612123 1.35380050751513 58.66554149
24 61651271 0.885807704097272 58.70021907
24 61673663 1.53630314397999 58.73461997
24 61807247 0.246154479578393 58.76750226
24 62053252 0 58.76750226
24 62077058 0 58.76750226
24 62102444 0 58.76750226
24 62127707 0 58.76750226
