Chromosome Position(bp) Rate(cM/Mb) Map(cM)
21 479389 0 0
21 1161002 0.0202020794791179 0.013769966
21 1187232 0.324896301944339 0.022291998
21 1924657 0.0132825304268231 NA
21 2109801 0.661236659032969 0.15451091
21 2290328 0.678892907986063 0.277069377
21 2338155 2.56253789700378 0.399627845
21 2416354 1.5672642872671 0.522186312
21 2544485 0.956509353708314 0.644744779
21 2594259 2.07564391047535 0.748057899
21 2641544 4.60855450988686 0.965973417
21 2662473 10.4121314921879 1.183888934
21 2702004 3.52202069262098 1.323117919
21 2785756 1.26851179673321 1.429358318
21 2813989 3.76266425813764 1.535589623
21 2869992 2.33326786065032 1.666259652
21 2890136 4.92499007148531 1.765468641
21 2937636 2.04795157894737 1.862746319
21 3013799 1.316678702257 1.963028548
21 3040671 3.29228937183686 2.051498955
21 3041574 90.9688815060908 2.133643826
21 3196881 0.56862858724977 2.2219558
21 3296627 0.885368836845588 2.310267773
21 3449900 0.576174538242221 2.398579747
21 3674005 0.588429084580888 2.530449672
21 3727431 2.47341743720286 2.662594455
21 3866539 0.949943928458464 2.794739239
21 3913213 2.01531687877619 2.888802131
21 3973054 1.64146822412727 2.987029249
21 4008189 1.28578056069446 3.032205144
21 4055731 1.01796727104455 3.080601319
21 4103092 1.0223981757142 3.12902309
21 4139840 2.28573255687384 3.213019185
21 4342714 0.417938720585191 3.297808118
21 4420712 1.08753044949871 3.382633317
21 4500376 0.888298353082948 3.453398734
21 4533129 2.16391780905566 3.524273512
21 4565754 2.17240766283525 3.595148289
21 4586772 3.37210010467219 3.666023067
21 4650163 1.14247763878153 3.738445908
21 4685232 2.06429895349169 3.81083884
21 4948777 0.274688952550798 3.883231772
21 5153009 0.354429276509068 3.955617524
21 5195518 1.64268037356795 4.025446271
21 5218301 3.28371592854321 4.10025922
21 5238249 3.75039602967716 4.175072169
21 5327935 0.834164752581228 4.249885118
21 5401674 1.01456352811945 4.324698067
21 5436148 2.15318500899228 4.398926924
21 5509980 0.994289738866616 4.472337294
21 5540265 2.13455175829619 4.536982149
21 5592407 1.30726094127575 4.605145326
21 5656594 1.06194712324926 4.673308504
21 5726608 0.977016025366355 4.741713274
21 5778152 1.77193659785814 4.833045933
21 5797940 4.07034061047099 4.913589883
21 5869478 1.6167659146188 5.029250089
21 5896308 1.96371226239284 5.081936532
21 5946554 1.04856904032162 5.134622976
21 6025218 0.743791314959829 5.19313256
21 6058264 1.1641772075289 5.231603939
21 6095419 1.15090028259992 5.274365682
21 6196735 0.422062655454222 5.317127426
21 6367707 0.250109374634443 5.359889169
21 6400456 1.30574063330178 5.402650913
21 6421765 2.04009573419682 5.446123274
21 6484385 0.793203449377196 5.495793711
21 6508620 2.04953166907365 5.545464148
21 6715111 0.283209437699464 5.60394432
21 6755148 1.14652196718036 5.649847646
21 6837816 0.65524628635022 5.704015558
21 6885750 1.13005173780615 5.758183471
21 7064922 0.30232346572009 5.812351383
21 7099307 1.56891377053948 5.866298438
21 7126983 1.8955773955774 5.918760431
21 7153080 2.08372226692723 5.973139375
21 7185130 1.46033697347894 6.019943212
21 7307183 0.448107789239101 6.074636133
21 7342404 1.0949405184407 6.113201004
21 7409739 0.64506126085988 6.156636171
21 7466252 0.781245023268982 6.200786664
21 7507717 1.0890847702882 6.245945544
21 7536537 1.43388619014573 6.287270146
21 7569063 1.56997786386276 6.338335255
21 7598057 1.69494723046147 6.387478601
21 7674101 0.6416614065541 6.436273096
21 7709935 1.35841100630686 6.484950413
21 7823464 0.430563996864237 6.533831879
21 7844296 2.34646217357911 6.582713345
21 7872837 1.50270137696647 6.625601915
21 7907745 1.22431820786066 6.668340427
21 7941167 1.58672431332655 6.721371908
21 7973582 1.63727595249113 6.774444243
21 8017217 1.24406096023834 6.828728808
21 8044281 1.77008202778599 6.876634344
21 8068219 1.21649260589857 6.905754706
21 8096480 1.11395208945189 6.937236114
21 8125084 1.10318137323451 6.968791516
21 8183222 0.522405311500224 6.999163085
21 8307199 0.289356896843769 7.035036712
21 8330459 1.5422871883061 7.070910339
21 8388652 0.616459024281271 7.106783966
21 8459775 0.504388172602393 7.142657593
21 8531678 0.49891659596957 7.17853122
21 8554401 1.57873520221802 7.214404847
21 8593082 1.18270468705566 7.260153014
21 8714442 0.376962755438365 7.305901181
21 8739099 1.93049032729042 7.353501244
21 8765426 1.8080335776959 7.401101308
21 8814006 1.09913956360642 7.454497539
21 8847355 2.07529461153258 7.523706545
21 8871764 3.00234749477652 7.596990884
21 8902862 2.45172358351019 7.673234626
21 8995908 0.819921329235002 7.749525007
21 9132412 0.446183262028952 7.810430836
21 9164228 1.73510183555444 7.865634859
21 9186489 2.47985265711334 7.920838881
21 9223695 1.48605063699403 7.976128843
21 9278292 0.960547282817737 8.02857183
21 9341312 0.641050460171374 8.06897085
21 9412945 0.559581477810506 8.109055363
21 9465633 0.726347555420589 8.147325149
21 9493626 1.37219304826207 8.185736995
21 9519853 1.46458992641171 8.224148841
21 9562870 0.969181951321571 8.265840141
21 9608887 0.905997783427864 8.307531442
21 9645863 1.12752325832973 8.349222743
21 9666805 1.99079839556871 8.390914044
21 9696111 1.60877294751928 8.438060746
21 9737164 1.14843494994276 8.485207448
21 9820996 0.622443696917645 8.537388167
21 9865536 1.40961158509205 8.600172287
21 9948207 0.759445271014019 8.662956407
21 9973522 2.47393640134308 8.725584131
21 10010929 1.67422407570775 8.788211855
21 10060077 1.27231423455685 8.850743521
21 10083763 2.99819302541586 8.921758727
21 10123664 2.09509536101852 9.005355147
21 10156934 2.5126660655245 9.088951566
21 10194180 1.84526660581002 9.157680391
21 10276913 0.831004556827384 9.226431912
21 10296960 2.78134384197137 9.282189556
21 10340925 1.59100875696577 9.35213826
21 10397110 1.28522381418528 9.424348545
21 10496843 0.732105722278484 9.497363647
21 10532186 2.06825962708316 9.570462115
21 10558020 2.49657041108617 9.6349585
21 10638011 0.895004437999275 9.706550846
21 10667152 2.4219553206822 9.777129043
21 10712888 1.71926491166696 9.855761354
21 10755614 1.85063895520292 9.934831745
21 10801299 1.79697493706906 10.0169265
21 10835544 2.397278434808 10.09902125
21 10887600 1.54275395727678 10.17933083
21 10912790 3.30168717745137 10.26250031
21 10957495 1.86274913320658 10.34577447
21 10986178 2.90325977059582 10.42904862
21 11012534 3.16165958415541 10.51237735
21 11069313 1.54515577942549 10.60010978
21 11096191 4.22398988019942 10.71364222
21 11344644 0.456957251472109 10.82717466
21 11379731 3.23573973266452 10.9407071
21 11406034 3.3015131353838 11.02754679
21 11445014 2.58916110826065 11.12847233
21 11480095 2.87692768165104 11.22939788
21 11556518 1.32061683001191 11.33032342
21 11738396 0.554907685371513 11.43124896
21 11775997 2.62843009494428 11.53008053
21 11809040 2.8677329540296 11.62483907
21 11852908 2.16044041214553 11.71961324
21 11879136 3.2419627878603 11.8046434
21 11993949 0.736989713708378 11.8892594
21 12139642 0.580782879067628 11.9738754
21 12166884 3.10608619044123 12.0584914
21 12187899 4.02645729241018 12.1431074
21 12219231 2.70062555853441 12.2277234
21 12247673 2.97503691723507 12.3123394
21 12296006 1.73652990710281 12.3962711
21 12347244 2.04935985011125 12.50127618
21 12441354 1.34544362979492 12.62789583
21 12468978 4.74325224442514 12.75892339
21 12504350 3.65212880244261 12.88810654
21 12550709 2.80363899135012 13.0180804
21 12571040 6.39289262702277 13.14805426
21 12673778 1.26510054702252 13.27802812
21 12727079 2.35702519652539 13.40365995
21 12749213 5.75605855245324 13.53106455
21 12809695 2.10648788069178 13.65846916
21 12867102 2.21998362569025 13.7859118
21 12930555 2.36734433360125 13.93612686
21 13286404 0.354847702255732 14.06239909
21 13343949 2.19432096620036 14.18867133
21 13387718 2.88496881354383 14.31494356
21 13413884 4.78798440724605 14.44022596
21 13503975 1.39062059473199 14.56550837
21 13590129 1.91807228915663 14.73075793
21 13614631 5.39471471716595 14.86293922
21 13653881 3.48077707006369 14.99955971
21 13780155 1.08193689912413 15.13618019
21 13892946 1.21138831999007 15.2728139
21 13932859 3.42328815173001 15.40944762
21 13957075 5.1807400066072 15.53490442
21 13990258 3.83905312961456 15.66229568
21 14110952 1.05548991664872 15.78968695
21 14194027 1.0229214565152 15.87466619
21 14230057 2.6674632250902 15.97077486
21 14254837 3.8784786117837 16.06688352
21 14303704 1.96674033601408 16.16299219
21 14403545 0.962617561923458 16.25910085
21 14449025 2.11320800351803 16.35520952
21 14564126 0.900222413358702 16.45882597
21 14601574 2.77108523819697 16.56259753
21 14651525 2.07673520049649 16.66633255
21 14676343 4.17982915625756 16.77006757
21 14698179 6.08302802711119 16.90289653
21 14734395 3.6676883145571 17.03572549
21 14774594 3.30428617627304 17.16855445
21 14827382 2.51627263772069 17.30138342
21 14912081 1.56878003282211 17.43425756
21 14950367 4.28238259415974 17.59821289
21 14979865 2.4553122245576 17.67063965
21 15003039 3.1142012600328 17.74280814
21 15039390 1.99908668262221 17.81547695
21 15059420 3.48383924113829 17.88525824
21 15085120 3.12069649805447 17.96546014
21 15094689 7.5750026126032 18.03794533
21 15156831 1.16644459463809 18.11043052
21 15178051 3.39719132893497 18.18251888
21 15198232 3.57209256231108 18.25460724
21 15236213 1.90022642900398 18.32677973
21 15312264 0.949001328056173 18.39895223
21 15335014 2.31578461538462 18.45163635
21 15381031 1.37599582762892 18.5149555
21 15397518 3.8405531630982 18.57827466
21 15461131 0.995381447188468 18.64159382
21 15515523 1.05756912781291 18.69911708
21 15547515 1.79805263815954 18.75664035
21 15636617 0.607912280307962 18.81080651
21 15656729 2.69322792362768 18.86497267
21 15700687 1.23222621593339 18.91913883
21 15741521 1.32649752657099 18.97330499
21 15790782 1.09957572927874 19.02747115
21 15848057 0.939670013094719 19.08129071
21 15890380 1.27163953405949 19.13511027
21 15959314 0.787193547451185 19.18937466
21 16122938 0.331640835085318 19.24363904
21 16158343 1.94204773337099 19.31239727
21 16230618 0.946606710480802 19.38081329
21 16257759 2.2904425039608 19.44297815
21 16294296 1.64494074499822 19.50307938
21 16324443 2.08640660762265 19.56597831
21 16376470 1.20896649816441 19.62887724
21 16421917 1.53832376174445 19.6987894
21 16482889 1.17080463163419 19.77017574
21 16507141 3.06117433613723 19.84441536
21 16561758 1.58553380815497 19.93101247
21 16596971 2.47257830914719 20.0180794
21 16649344 1.68797471979837 20.10648365
21 16775531 0.607778138794012 20.18317735
21 16797366 3.51209068010076 20.25986387
21 16834636 1.6881191306681 20.3227801
21 16914189 0.791176951214913 20.38572059
21 16936358 2.83220262528756 20.44850773
21 16980478 1.42433136899365 20.51134921
21 17000793 1.96642382476003 20.55129713
21 17073449 0.753520700286281 20.60604492
21 17157406 0.65080457853425 20.66068452
21 17194494 1.47324201898188 20.71532411
21 17336032 0.447015642442312 20.77859382
21 17364351 2.32276563437975 20.84437218
21 17416676 1.25711227902532 20.91015055
21 17449976 1.97532732732733 20.97592891
21 17503870 1.22051434296953 21.04170728
21 17550681 1.40519108756489 21.10748564
21 17632245 0.807894414202344 21.17338078
21 17706354 0.88916460888691 21.23927591
21 17728721 3.33195332409353 21.31380171
21 17769274 1.83773826843883 21.38832752
21 17795606 3.45020127601398 21.47917821
21 17818949 4.8244141712719 21.59179449
21 17874642 1.87901711166574 21.69644261
21 17968986 1.13549245315017 21.80356947
21 18003846 2.10086632243259 21.87680571
21 18041760 1.9316400274305 21.95004196
21 18086696 2.1032268114652 22.04455259
21 18130880 2.19258781459352 22.14142987
21 18194359 1.51799492745632 22.23779067
21 18496366 0.319068101070505 22.33415147
21 18530092 2.9893969044654 22.43497183
21 18564567 2.85472371283539 22.53338839
21 18668884 0.963871660419682 22.63393655
21 18709801 2.45736979739473 22.73448471
21 18745959 2.8413795010786 22.83722328
21 18807654 1.6652662290299 22.93996185
21 18849733 1.97990208892797 23.02327416
21 18881721 2.09916843816431 23.09042234
21 18906161 2.9425736497545 23.16233889
21 18926983 3.44989914513495 23.23417273
21 18961749 1.95571247770811 23.302165
21 18993907 2.21727097456309 23.37346802
21 19035055 1.74238116068825 23.44516354
21 19124076 0.805377382864717 23.51685907
21 19188253 1.11715256244449 23.5885546
21 19218101 2.30783637094613 23.65743893
21 19240261 3.10849729241877 23.72632326
21 19274686 2.00099636891794 23.79520759
21 19299065 3.81923376676648 23.88831669
21 19319207 4.60176248634694 23.98100543
21 19341878 4.55657888932998 24.08430762
21 19384275 2.38676085572092 24.18549909
21 19409108 2.85369065356582 24.25636483
21 19448733 1.77722902208202 24.32678752
21 19494276 1.55532793184463 24.3976218
21 19547053 1.16025730905508 24.45885672
21 19576924 2.0377992032406 24.51972787
21 19596935 2.80329318874619 24.57582453
21 19622207 2.21971747388414 24.63192119
21 19672163 1.12061614220514 24.68790265
21 19803756 0.425413965788454 24.74388412
21 19819891 3.17032537960954 24.79503733
21 19837043 2.98748250932836 24.84627863
21 19888809 0.989864003399915 24.89751993
21 19933399 1.06011213276519 24.94479028
21 20004378 0.829131151467335 25.00364116
21 20051712 1.2427324967254 25.06246471
21 20306891 0.266178643226911 25.13038796
21 20328080 2.82238425598188 25.19019149
21 20362870 1.71898534061512 25.24999502
21 20387059 2.56915540121543 25.31214036
21 20468238 0.765534189876692 25.37428571
21 20493539 2.45623888383858 25.43643105
21 20531386 1.63572806299046 25.49833844
21 20568083 1.68805079434286 25.5602848
21 20594817 3.15317573127852 25.64458182
21 20667605 1.30495548716821 25.73956695
21 20695391 3.42410206578853 25.83470909
21 20731657 2.40734020845971 25.92201366
21 20781210 1.63637721227776 26.00310109
21 20809473 2.8738562785267 26.08432493
21 20831180 2.64392131570461 26.14171651
21 20882031 0.796088572496116 26.18219837
21 20908504 1.76335133910022 26.22887957
21 20938022 2.02968697066197 26.28879184
21 21017431 0.75448878590588 26.34870503
21 21061017 1.29430551094388 26.40511861
21 21108184 0.921869103398563 26.44860037
21 21218682 0.39947419862803 26.49274144
21 21247112 1.41291241646148 26.53291052
21 21278489 1.34809573891704 26.57520967
21 21305694 1.56201065980518 26.6177042
21 21370945 0.651246724188135 26.66019872
21 21406274 1.22768547085963 26.70357166
21 21433856 1.64433326082228 26.74892566
21 21467731 1.33886346863469 26.79427967
21 21523055 0.812302075048803 26.8392195
21 21558939 1.25359770371196 26.88420362
21 21588263 1.53058245805484 26.92908641
21 21633452 1.08437894177787 26.97808845
21 21662873 1.66606165663981 27.02710565
21 21699235 1.3100764534404 27.07474267
21 21731809 1.01158285749371 27.10769395
21 21791054 0.688144147185416 27.14846309
21 21853241 0.655588788653577 27.18923224
21 21934662 0.4864101398902 27.22883622
21 21973690 1.01475863482628 27.2684402
21 22011778 1.22599506406217 27.31513594
21 22057874 1.01948325234294 27.36213005
21 22096180 1.37212708191928 27.41469077
21 22138799 1.24259837161829 27.46764906
21 22243017 0.416785967875031 27.51108564
21 22265342 1.62355207166853 27.54733146
21 22304387 0.734076066077603 27.57599349
21 22323047 1.62100214362272 27.60624143
21 22348727 1.09970794392523 27.63448188
21 22404821 0.489191357364424 27.66192263
21 22433347 0.96267966066045 27.689384
21 22473177 0.83513683153402 27.72264755
21 22508875 1.10891366463107 27.76223359
21 22536637 1.42590591455947 27.80181964
21 22567469 1.52108199273482 27.84871769
21 22605728 1.22532998771531 27.89559755
21 22655810 0.898196956990535 27.94058108
21 22683105 1.64804909324052 27.98556461
21 22757525 0.583308250470304 28.02897442
21 22792800 1.36828065201984 28.07724051
21 22852264 0.811686062155254 28.12550659
21 22898632 0.787920548654244 28.16204092
21 22980503 0.540922915318 28.2063268
21 23023013 1.04177605269348 28.25061268
21 23066166 1.02144926192849 28.2946913
21 23148112 0.537898128035535 28.33876992
21 23211467 0.919660642411807 28.39703501
21 23236632 2.60860719252931 28.46268065
21 23291307 1.27554092363969 28.53242083
21 23461146 0.360843504730951 28.59370608
21 23512364 0.860795032996212 28.63779431
21 23617997 0.592774985089887 28.70041091
21 23814117 0.327699877625943 28.76467944
21 23866666 1.19843955165655 28.82765627
21 24001138 0.423432387411506 28.88459605
21 24163092 0.288741247514726 28.93135886
21 24191987 1.81984080290708 28.98394314
21 24294681 0.458187430619121 29.03099625
21 24335997 1.13885903766095 29.07804936
21 24374988 1.2854376651022 29.12816987
21 24424657 1.01069278624494 29.17836999
21 24508384 0.599568836814886 29.22857011
21 24537688 1.71308012558013 29.27877023
21 24566830 1.91013657264429 29.33443544
21 24587738 3.4612540654295 29.40680332
21 24629501 1.7328233125015 29.4791712
21 24667039 1.92999627044595 29.55161937
21 24706517 1.75588175692791 29.62093809
21 24776939 0.984333020930959 29.69025681
21 24803162 2.65377340502612 29.75984667
21 24873122 0.607582904516867 29.80235321
21 24894924 1.84289056049904 29.84253187
21 24932470 1.11462739040111 29.88438162
21 25010136 0.5785684855664 29.92931667
21 25084148 0.362198021942388 29.9561237
21 25113444 1.0029150737302 29.98550508
21 25145244 0.881078616352201 30.01352341
21 25195680 0.688849234673646 30.04826624
21 25229603 1.0241664947086 30.08300907
21 25317952 0.312887525608666 30.1106524
21 25375013 0.633146983053224 30.1467804
21 25401234 1.37840662064757 30.18292356
21 25551562 0.268661859400777 30.22331098
21 25620357 0.58706882767643 30.2636984
21 25650312 1.41697880153564 30.30614399
21 25685560 1.24857013163867 30.35015359
21 25810069 0.353465211350184 30.3941632
21 25856717 0.936108729205968 30.43783083
21 25912723 0.684358818697997 30.47615906
21 25948343 1.06502807411567 30.51409537
21 26056970 0.349234536533274 30.55203168
21 26098114 0.922037235076803 30.58996798
21 26120612 1.67117077073518 30.62756594
21 26128866 5.31215168403199 30.67141239
21 26156774 1.68340260857102 30.71839283
21 26183273 1.78091626099098 30.76558533
21 26209790 1.77970735754422 30.81277783
21 26231003 2.87159760524207 30.87369301
21 26291880 1.00361384430902 30.93479002
21 26429456 0.512183811129848 31.00525423
21 26458297 2.44973475260913 31.07590698
21 26510491 1.35365750852588 31.14655974
21 26581000 1.00693103008127 31.21755746
21 26635409 1.38134499807017 31.29271507
21 26660817 2.95802896725441 31.36787268
21 26687243 2.84407780216453 31.44303029
21 26762300 0.789013682934303 31.50225126
21 26789581 2.31069242329827 31.56528922
21 26821496 1.98537991540028 31.62865258
21 26942533 0.523504382957278 31.69201595
21 26969669 2.33503095518868 31.75537931
21 26999182 2.14696574390946 31.81874267
21 27083250 0.767617880763192 31.88327477
21 27108636 2.54203497991019 31.94780686
21 27115398 9.40070984915705 32.01137446
21 27265012 0.424877351050035 32.07494206
21 27377301 0.566107098647241 32.13850966
21 27418010 0.725810017440861 32.16805668
21 27447052 1.10878727360375 32.20025809
21 27508911 0.522072778415429 32.23255301
21 27545316 0.886565032275786 32.26482843
21 27584961 0.844812712826334 32.29832108
21 27620009 1.07686601232595 32.3360631
21 27654944 1.07943037068842 32.37377298
21 27688202 0.963446388838776 32.40581532
21 27716835 1.28269130024797 32.44254264
21 27770803 0.735637785354284 32.48224351
21 27814021 0.920528483502244 32.52202689
21 27892059 0.49915041390092 32.56097954
21 27993786 0.387391744571254 32.60038772
21 28081905 0.449493298834531 32.63999661
21 28143426 0.643827310999496 32.6796055
21 28216224 0.544495727904613 32.71924366
21 28236802 1.92624161726115 32.75888181
21 28281338 0.89002604634453 32.79851997
21 28313673 1.22988402659657 32.83828822
21 28372288 0.756030026443743 32.88260295
21 28400931 1.54713891701288 32.92691768
21 28714736 0.141217316486353 32.97123241
21 28767733 0.838134234013246 33.01565105
21 28790394 1.96013415118486 33.0600697
21 28917960 0.229881786682972 33.0893948
21 28961852 0.493477171238494 33.11105455
21 29000145 0.558559005562374 33.13244348
21 29032650 0.649540070758345 33.15355676
21 29072936 0.530601201409919 33.17493255
21 29094248 1.18363832582583 33.20015822
21 29145486 0.492324056364417 33.22538389
21 29174308 0.875223787384637 33.25060957
21 29206758 0.777371340523883 33.27583524
21 29237329 0.825151287167577 33.30106091
21 29278757 0.608904605580767 33.32628658
21 29363766 0.307220411956381 33.35240311
21 29477862 0.229507607628664 33.37858902
21 29509054 0.839506924852526 33.40477492
21 29553956 0.709202262705448 33.43661952
21 29587674 1.25104395278486 33.47880226
21 29645337 0.83369058148206 33.52687535
21 29694160 0.984640435860148 33.57494844
21 29725150 1.55375605033882 33.62309937
21 29751602 1.80188643580826 33.67076286
21 29786238 1.41661277283751 33.71982863
21 29854579 0.85457631582798 33.77823124
21 29921368 0.873387833325847 33.83656392
21 29955227 1.72281225080481 33.8948966
21 29976690 2.68519312304897 33.95252894
21 29998507 2.6416235046065 34.01016127
21 30079008 0.715920299126719 34.0677936
21 30148340 0.830033750649051 34.12534149
21 30179901 1.82230601058268 34.18285527
21 30204354 2.35201406780354 34.24036905
21 30225427 2.72926493617425 34.29788283
21 30254726 2.16221714051674 34.36123361
21 30317809 1.12458190003646 34.43217565
21 30359230 1.04197146375027 34.47533511
21 30380420 1.85470976875885 34.51463639
21 30414851 0.914806424443089 34.54613411
21 30480610 0.4789869067352 34.57763182
21 30510352 1.06666666666667 34.60935661
21 30571533 0.561736486817803 34.64372418
21 30612710 0.823957549117226 34.67765232
21 30635777 1.4608878484415 34.71135063
21 30669348 1.21834023413065 34.75225156
21 30727008 0.765794311481096 34.79640728
21 30754190 1.6593076300493 34.84151056
21 30829086 0.602212401196326 34.88661384
21 30920519 0.488728358470137 34.93129972
21 30969598 0.855109109802563 34.97326767
21 31062378 0.452337788316448 35.01523561
21 31156085 0.530175974046763 35.06491678
21 31302565 0.339167121791371 35.11459794
21 31387847 0.58255200393987 35.1642791
21 31415618 1.7889597061683 35.21396026
21 31437996 2.22009116096166 35.26364143
21 31590885 0.32428166839995 35.31322057
21 31665927 0.716770608459263 35.36700844
21 32015305 0.153953311313248 35.4207963
21 32070263 1.04336402343608 35.47813754
21 32120143 1.00145148356055 35.52808992
21 32141178 2.61586403613026 35.58311465
21 32199683 0.940846081531493 35.63815886
21 32230482 1.78788921718238 35.69322407
21 32283593 1.22931407806293 35.75851415
21 32321495 1.5097013350219 35.81573486
21 32352419 1.56237550122882 35.86404975
21 32561096 0.278310978210344 35.92212687
21 32872748 0.186909116578748 35.98037751
21 33069961 0.295368966548858 36.03862815
21 33122801 1.10239591218774 36.09687878
21 33209182 0.530519442933052 36.14270559
21 33231322 2.06986449864499 36.1885324
21 33275509 1.03711046235318 36.2343592
21 33323353 0.744034779700694 36.26995683
21 33373608 0.682107253009651 36.30423613
21 33469982 0.408285429680204 36.34358426
21 33530845 0.646502801373577 36.38293239
21 33556752 1.51882116802409 36.42228052
21 33595109 1.03261725369554 36.46188857
21 33646439 0.771636469900643 36.50149663
21 33671453 1.59182058047493 36.54131441
21 33730093 0.679469645293315 36.58115855
21 33774652 0.894528602526987 36.62101786
21 33798276 1.68723755502878 36.66087717
21 33827023 1.19566563467492 36.695249
21 33852728 1.34194125656487 36.72974361
21 33912593 0.68419443748434 36.77070293
21 33948377 1.46855857366421 36.82325387
21 34020880 0.724810007861744 36.87580481
21 34052050 1.67108116778954 36.92789242
21 34095726 1.50091812437036 36.99344652
21 34215333 0.549395102293344 37.05915802
21 34373860 0.409539069054483 37.12408101
21 34416654 0.871771743702388 37.16138762
21 34504759 0.47024005448045 37.20281814
21 34550989 0.936253515033528 37.24610118
21 34588977 1.13938612193324 37.28938423
21 34609318 2.12664569096898 37.33264234
21 34637208 1.52894227321621 37.37528455
21 34676569 1.09572419399914 37.41841335
21 34706141 1.68295008792101 37.46818155
21 34790324 0.591190620434054 37.51794975
21 34938997 0.44762936108103 37.58450018
21 34984133 1.42807958170861 37.64895802
21 35028158 1.15403747870528 37.69976453
21 35060758 1.52795705521472 37.74957592
21 35081096 2.44917887697905 37.79938732
21 35107119 1.91412980824655 37.84919871
21 35134758 1.81098086037845 37.89925242
21 35177228 0.772128561337415 37.93204472
21 35251920 0.475224923686606 37.96754021
21 35276054 1.382841634209 38.00091374
21 35340211 0.543625792976604 38.03579111
21 35388414 0.728904839947721 38.07092648
21 35420090 0.993941785578987 38.10241058
21 35532970 0.27891654854713 38.13389468
21 35576032 0.731134178626167 38.16537879
21 35609771 0.933166365333887 38.19686289
21 35642385 0.965355368859999 38.228347
21 35692650 0.622180443648662 38.25962092
21 35743891 0.60234772935735 38.29048578
21 35793922 0.583430273230597 38.31967541
21 35817733 1.22015875015749 38.34872863
21 35835199 1.66341463414634 38.37778184
21 35873933 0.745337429648371 38.40665171
21 35947385 0.393044437183467 38.43552158
21 35985424 0.758955282736139 38.46439145
21 36042475 0.536849485548018 38.49501924
21 36097343 0.863488736604214 38.54239712
21 36159319 0.9512650058087 38.60135275
21 36228009 0.97083272674334 38.66803925
21 36349981 0.546736136162398 38.73472575
21 36448601 0.640914621780572 38.79793272
21 36498605 1.3347972162227 38.86467788
21 36523445 2.68700483091787 38.93142303
21 36550707 2.44828699288387 38.99816819
21 36577048 2.35035875631145 39.06007894
21 36598158 2.93277119848413 39.12198969
21 36630979 2.04888638371774 39.18923621
21 36670407 1.70555189205641 39.25648273
21 36693557 2.90481641468683 39.32372924
21 36715979 2.72344126304522 39.38479424
21 36747942 1.23997747395426 39.42442763
21 36838459 0.476620966227339 39.4675699
21 36898287 0.647569699806111 39.50631275
21 36963647 0.774446144430845 39.55693052
21 36999430 1.41457675432468 39.60754828
21 37064861 0.776463755712124 39.65835311
21 37124710 0.996389246269779 39.717986
21 37196724 0.960307717943733 39.7871416
21 37258453 0.966830825057914 39.8468231
21 37482161 0.266783038603894 39.90650459
21 37533971 1.15200540436209 39.96619002
21 37588472 1.06594007449405 40.02428486
21 37626832 1.50753128258603 40.08211371
21 37651374 2.37423192893815 40.14038212
21 37676806 1.93048128342246 40.1894781
21 37746012 0.724665491431379 40.23962926
21 37791623 1.12834403981496 40.29109413
21 37826412 1.37612751156975 40.33896822
21 37863062 1.29155525238745 40.38630375
21 37925644 0.756952478348407 40.43367534
21 38018704 0.537662798194713 40.48371023
21 38064972 1.0814148007262 40.53374511
21 38108437 1.21778672495111 40.58667626
21 38181615 0.721912323375878 40.63950433
21 38306987 0.421760839740931 40.69238134
21 38343989 1.42903086319658 40.74525834
21 38388957 1.17795321117239 40.79822855
21 38504846 0.457077030606874 40.85119876
21 38533446 1.85185314685315 40.90416179
21 38559888 1.659027305045 40.94802981
21 38585800 1.6929607903674 40.99189783
21 38664355 0.650337979759404 41.04298508
21 38734297 0.648628863915816 41.08835147
21 38769471 1.53523056803321 41.14235164
21 38816343 1.29305342208568 41.20295969
21 38862318 1.31828167482327 41.26356774
21 39054791 0.242811199492916 41.31030237
21 39080626 1.84560479969034 41.35798357
21 39135790 0.864353563918498 41.40566478
21 39181843 0.934021670683777 41.4486793
21 39301876 0.358355618871477 41.49169382
21 39408126 0.409931294117647 41.53524905
21 39497796 0.48753206200513 41.57896603
21 39629862 0.348645374282556 41.62501027
21 39659151 1.77493256854109 41.6769963
21 39730288 0.699716040878868 41.72677202
21 39824589 0.527838517088896 41.77654774
21 39968736 0.345680451206061 41.82637658
21 39994586 1.90678916827853 41.87566703
21 40044643 1.0741215014883 41.92943435
21 40088542 1.19369006127702 41.98183615
21 40119921 1.67173268746614 42.03429349
21 40140656 1.88861345551001 42.07345388
21 40267168 0.315796920450234 42.11340597
21 40309683 0.909076796424791 42.1520554
21 40382995 0.525330096027935 42.19056841
21 40450451 0.570646050759013 42.22906194
21 40473738 1.65300382187487 42.26755546
21 40505169 1.30877477649454 42.30869157
21 40541468 1.08161657345932 42.34795319
21 40719729 0.216763621880277 42.38659366
21 40744867 1.5925252605617 42.42662659
21 40773446 1.42342279295987 42.46730661
21 40829589 0.699458525550826 42.5065763
21 40858485 1.30209371539313 42.54420164
21 40888569 1.26612152639277 42.58229166
21 40934137 0.835893609550562 42.62038169
21 40962705 1.33330999719966 42.65847172
21 41031761 0.551581325301205 42.69656175
21 41065041 1.14507512019231 42.73466982
21 41103681 0.697572463768116 42.76162401
21 41137957 1.26762457696347 42.80507313
21 41189588 0.896292924793244 42.85134959
21 41230727 0.819183742920343 42.88505003
21 41268588 0.890108554977417 42.91875046
21 41432080 0.206725099699068 42.95254831
21 41462728 1.20375554685461 42.98944097
21 41500733 0.970732798316011 43.02633362
21 41526477 1.36051507147296 43.0613587
21 41574385 0.728694581280788 43.09626896
21 41630642 0.600104875837674 43.13002906
21 41669273 0.889438533819989 43.16438895
21 41790443 0.283567714780886 43.19874884
21 41854733 0.674321045263649 43.24210099
21 41968374 0.381482915497048 43.28545314
21 41994352 1.30670952344291 43.31939884
21 42021262 1.26145299145299 43.35334454
21 42043390 1.47769342010123 43.38604291
21 42120151 0.425976732976381 43.41874129
21 42193358 0.516950564836696 43.45658567
21 42221961 1.47935880851659 43.4988998
21 42250039 1.52942161122587 43.54184295
21 42333847 0.428834956090111 43.57778274
21 42421849 0.40781800413627 43.61367152
21 42461759 0.899243297419193 43.6495603
21 42493922 1.11230606597643 43.68533539
21 42632006 0.27907650415689 43.72387135
21 42678313 0.965076554300646 43.76856111
21 42698420 2.22259909484259 43.81325088
21 42729448 1.44126273043702 43.85797034
21 42751191 2.05673090189946 43.90268981
21 42789940 1.15776923275439 43.94755224
21 42828439 1.1652874100626 43.99241468
21 42885974 0.696464760580516 44.03248576
21 42908846 1.41652675760756 44.06488454
21 42946235 1.04001979191741 44.10376986
21 42981452 1.0997188857654 44.14249869
21 43010963 1.31695300057606 44.18136327
21 43050332 0.966979095227209 44.2194323
21 43077383 1.55976488854386 44.26162548
21 43106244 1.46194518554451 44.30381865
21 43133914 1.51334297072642 44.34569281
21 43161176 1.53599148998606 44.38756698
21 43195580 0.760722590396466 44.4137389
21 43232131 0.823955568931083 44.44385531
21 43272174 0.738124016682067 44.47341202
21 43300587 1.04025270122831 44.50296873
21 43370177 0.424726253772094 44.53252544
21 43406098 0.822825088388408 44.56208215
21 43521259 0.291645609190611 44.59566835
21 43691590 0.199651854330686 44.62967525
21 43737121 0.746344248973227 44.66365708
21 43811768 0.487466341581041 44.70004501
21 43836203 1.48939226519337 44.73643833
21 43859461 1.24020122108522 44.76528291
21 43897762 0.702456854912404 44.79218774
21 44058824 0.167117631719462 44.81910403
21 44080366 1.23643579983288 44.84573934
21 44155721 0.353464269126136 44.87237464
21 44188280 0.859799133880033 44.90036886
21 44216692 0.98529494579755 44.92836308
21 44250263 0.831134014476781 44.95626506
21 44347619 0.286597641645096 44.98416705
21 44374543 1.03632446887535 45.01206904
21 44418719 0.619338554871423 45.03942893
21 44443984 1.05580447259054 45.06610383
21 44489150 0.590596909179471 45.09277872
21 44563811 0.374721742275083 45.12075583
21 44600940 0.692205553610385 45.14645676
21 44646516 0.566583289450588 45.17227933
21 44677322 0.897458287346621 45.19992638
21 44732309 0.49930165311801 45.22738151
21 44774976 0.603836688775869 45.25314541
21 44890299 0.223406432368218 45.2789093
21 44912887 1.14084026916947 45.30467856
21 44998404 0.3013354069951 45.33044782
21 45055427 0.48971292285569 45.3583727
21 45296742 0.115719702463585 45.38629759
21 45592402 0.0944493675167422 45.41422247
21 45614329 1.27353947188398 45.44214736
21 45719329 0.265951428571429 45.47007224
21 46001362 0.125091035446207 45.505352
21 46133201 0.26720848914206 45.54058052
21 46169637 1.09663519596004 45.58053756
21 46209354 1.10172218445502 45.6242947
21 46248298 1.12359028348398 45.66805185
21 46302745 0.761680166033023 45.70952309
21 46364988 0.666278938997156 45.75099433
21 46448375 0.497334116828762 45.79246558
21 46496697 0.861806216630106 45.83410981
21 46556235 0.719815915885653 45.87696618
21 46617979 0.696513021508163 45.91997164
21 46779702 0.265920741020139 45.96297709
21 46844477 0.668856812041683 46.00630225
21 46971798 0.349147430510285 46.05075607
21 47055978 0.613153955808981 46.1023714
21 47135961 0.646183564007352 46.15405506
21 47222629 0.578591867817418 46.20420049
21 47244281 2.32061703306854 46.25444645
21 47314809 0.7372277676951 46.30644165
21 47346761 1.62729093640461 46.35843684
21 47433758 0.629604469119625 46.41321054
21 47470859 1.52801272202906 46.4699013
21 47496621 2.09491887275833 46.52387057
21 47531833 1.53269623991821 46.57783985
21 47577713 1.17631429816914 46.63180912
21 47634167 1.07708576894463 46.69261487
21 47665773 2.15838448395874 46.76083281
21 47703776 1.79253479988422 46.82895453
21 47980400 0.208669529758806 46.8866775
21 48036672 1.02596140176287 46.94441041
21 48062786 2.21080263460213 47.00214333
21 48097845 1.41600730197667 47.0517871
21 48130000 1.61420929870938 47.10369202
21 48165985 1.44240377935251 47.15559694
21 48208067 1.23342284111972 47.20750185
21 48237392 1.76998806479113 47.25940677
21 48279038 0.772957787062383 47.29159734
21 48300876 1.69558109717007 47.32862542
21 48329018 1.28385686873712 47.36475574
21 48358245 1.4406986690389 47.40686305
21 48428651 0.598409226486379 47.44899468
21 48454118 1.65333961597361 47.49110033
21 48482014 1.68331301978778 47.53805804
21 48692464 0.228462342599192 47.58613796
21 48714706 1.72074903336031 47.62441082
21 48792133 0.678218192620145 47.67692325
21 48839312 1.11271752262659 47.72942019
21 48865201 1.9138823438526 47.77896869
21 48884227 2.47959108588248 47.82614542
21 48915163 1.06919123351435 47.85922194
21 48987728 0.508333218493764 47.89610917
21 49033189 0.703499703042168 47.928091
21 49080503 0.67265291457074 47.95991692
21 49170671 0.29840852630645 47.9868238
21 49193705 1.15380307371711 48.01340048
21 49212757 1.39452026034012 48.03996889
21 49252526 0.669375644346099 48.0665893
21 49339023 0.309026902667144 48.0933192
21 49387921 0.546646079594257 48.1200491
21 49427530 0.703115453558535 48.14789883
21 49453946 1.054273924894 48.17574856
21 49487176 0.838089076136022 48.20359828
21 49514870 1.00562215642377 48.23144801
21 49641829 0.219359793319103 48.25929774
21 49735160 0.298397102784712 48.28714746
21 49773549 0.645948058037459 48.31194472
21 49813588 0.842081470566198 48.34566077
21 49856530 0.975869777839877 48.38756657
21 49897506 1.0239945333854 48.42952572
21 49929673 1.30441757080238 48.47148487
21 49959985 1.38424386381631 48.51344403
21 50117812 0.277604592370127 48.55725757
21 50156924 1.12020607486193 48.60107111
21 50182003 1.98697316479923 48.65090242
21 50226176 1.12809408462183 48.70073374
21 50388417 0.287065538304128 48.74730757
21 50438500 1.04981530659106 48.79988546
21 50495810 0.926049555051475 48.85295741
21 50558927 0.867675903480837 48.9077225
21 50709488 0.403888125078872 48.96853234
21 50747513 1.46185930309007 49.02411951
21 50851707 0.457963990248959 49.07183666
21 50882009 1.42774734340968 49.11510028
21 50950230 0.742379912343706 49.1657462
21 51018059 0.747117014846157 49.21642243
21 51052159 1.26669501466276 49.25961676
21 51086011 1.27597483161999 49.3028111
21 51113628 1.56404750697034 49.34600543
21 51289914 0.247830797681041 49.38969452
21 51389510 0.438743523836299 49.43339158
21 51413574 2.00971575797872 49.48175337
21 51644767 0.209183669055724 49.53011517
21 51692379 1.31500252037302 49.59272509
21 51760247 1.0267548771144 49.66240888
21 51794319 2.04048192063865 49.73193216
21 51856354 0.836838881276699 49.78384545
21 51906882 1.0274164819506 49.83575874
21 51930452 2.4025753075944 49.89238745
21 51999155 0.829032211111596 49.94934449
21 52029801 2.02727272727273 50.01147228
21 52052874 2.69266241927794 50.07360007
21 52077089 2.57375180673136 50.13592344
21 52105798 2.17086627886725 50.19824681
21 52130283 2.62795180722892 50.2625922
21 52223103 0.861825037707391 50.34258684
21 52254984 2.51522536934224 50.42277473
21 52292038 2.16424677497706 50.50296869
21 52336910 1.48777634159387 50.5697282
21 52393521 0.831117627316246 50.61677861
21 52436367 1.13941091350418 50.66559777
21 52484077 1.02324879480193 50.71441694
21 52518314 1.39626135467477 50.76222074
21 52576787 0.806353359670275 50.80937064
21 52612134 1.33848982940561 50.8566822
21 52664601 0.827316217813102 50.90008896
21 52768416 0.418116842460145 50.94349571
21 52788138 2.2009329682588 50.98690246
21 52888570 0.432212840528915 51.03031043
21 52953310 0.670497374111832 51.07371839
21 53044625 0.476112358320101 51.11719457
21 53071906 1.5936439280085 51.16067074
21 53122385 0.861273004615781 51.20414691
21 53149047 1.62197134498537 51.24739187
21 53177224 1.53164992724563 51.29054913
21 53274187 0.44568546765261 51.33376418
21 53295524 2.01349299339176 51.37672605
21 53373521 0.550814774927241 51.41968792
21 53463252 0.398931250069653 51.45548445
21 53493333 1.7164555699611 51.50711715
21 53573673 0.642677371172517 51.55874986
21 53671014 0.561963612455183 51.61345197
21 53703226 1.69819011548491 51.66815408
21 53723864 2.65230157961043 51.72289228
21 53762784 1.38280318602261 51.77671101
21 53800414 1.56780228541058 51.83570746
21 53834580 1.72513610021659 51.89464849
21 54061748 0.261035885335963 51.95394746
21 54181207 0.519251793502373 52.0159768
21 54267179 0.721505839110408 52.07800614
21 54304967 1.64608870540912 52.14020852
21 54363011 1.0414547584591 52.20065874
21 54400841 1.59794343113931 52.26110895
21 54445195 1.5096361094828 52.32806735
21 54486141 1.96269232647878 52.40843179
21 54617755 0.610606774355312 52.48879623
21 54795829 0.451297775082269 52.56916067
21 54868808 0.786020636073391 52.62652368
21 54895531 1.87469221270067 52.67662108
21 54965984 0.840459597178261 52.735834
21 55014601 1.4438735421766 52.80603078
21 55056670 1.35359052984383 52.86297496
21 55099923 1.78827133378032 52.94032309
21 55195263 0.844572057898049 53.02084454
21 55237501 1.90637577536815 53.10136599
21 55280378 2.04588940457588 53.18908757
21 55322964 1.4642957779552 53.2514461
21 55422433 0.601164181805387 53.31124329
21 55483033 0.857963696369637 53.36323586
21 55506897 2.17870432450553 53.41522843
21 55534889 1.85740925978851 53.467221
21 55564744 1.74597889800703 53.51934721
21 55605956 1.46343055420751 53.57965813
21 55718472 0.536007323402894 53.63996758
21 55763293 1.3012984984717 53.69829304
21 55921893 0.470310844892812 53.77288437
21 55966384 1.67654806590097 53.8474757
21 56011850 1.52321734922799 53.91673031
21 56044735 2.15067355937357 53.98745525
21 56132966 0.802176105903821 54.05823204
21 56168563 1.98754389414838 54.1289826
21 56195714 2.23045560016206 54.18954169
21 56289538 0.645584285470668 54.25011301
21 56472712 0.330676296854357 54.31068433
21 56570919 0.616771716883725 54.37125565
21 56600081 2.07483711679583 54.43176208
21 56644008 1.3863182097571 54.49265891
21 56671149 2.24371983346229 54.55355575
21 56891940 0.276037972562287 54.61450241
21 56936639 1.57933287098145 54.68509705
21 57016245 0.899099314122051 54.75667079
21 57070793 1.37457285326685 54.83165099
21 57123978 1.8111742032528 54.92797831
21 57145336 4.25536567094297 55.01886437
21 57179412 2.60381500176077 55.10759195
21 57210746 2.81108061530606 55.19567438
21 57232740 4.00483768300446 55.2837568
21 57261794 3.0316789426585 55.37183923
21 57311651 1.36528672001925 55.43990834
21 57334830 3.0440269209198 55.51046582
21 57357698 3.08542504810215 55.58102331
21 57468778 0.635195354699316 55.6515808
21 57481575 5.06708603578964 55.71642425
21 57514823 1.9756947786333 55.78211214
21 57546693 2.05915280828365 55.84773732
21 57559457 5.11535568787214 55.91302972
21 57597605 1.71170703575548 55.97832791
21 57631062 1.56942045013002 56.03083603
21 57652300 2.46246821734627 56.08313397
21 57678116 2.15904865199876 56.13887202
21 57815184 0.40664487699536 56.19461006
21 57848451 1.85797036101843 56.25641913
21 58348956 0.12349347159369 56.31822819
21 58370960 2.84828667514997 56.38090185
21 58431351 1.10473580500406 56.44761796
21 58486214 1.32065690902794 56.52007318
21 58556293 1.08193752764737 56.59589433
21 58578014 2.86349155195433 56.65809219
21 58604263 2.71865594879805 56.72945416
21 58624331 3.55037372932031 56.80070306
21 58653759 2.42112613837162 56.87195195
21 58685533 2.80991691319947 56.96123423
21 58730952 1.90134084854356 57.04759127
21 58752828 3.67393490583288 57.1279623
21 58775803 3.49819368879217 57.20833334
21 58925148 0.546835180287254 57.29000043
21 58967810 1.91428203084712 57.37166751
21 59098580 0.624509444062094 57.4533346
21 59136836 2.41432193642827 57.54569693
21 59162526 3.59636045153756 57.63808746
21 59225155 1.47520318063517 57.730478
21 59256246 3.33300633623878 57.83410451
21 59284437 3.96660281650172 57.94592701
21 59446046 0.741984047918123 58.06583831
21 59483270 3.18055018267784 58.18423108
21 59541766 1.89115324124726 58.29485597
21 59568668 3.7245818154784 58.39505464
21 59626873 1.52661627007989 58.48391138
21 59679977 1.67325813498042 58.57276811
21 59780306 0.885653200968813 58.66162485
21 59814255 2.9044360658635 58.76022755
21 59856198 2.78904465584245 58.87720849
21 59894217 3.22411425866014 58.99978606
21 59981922 1.39800125420444 59.12239773
21 60062863 1.51570526679927 59.2450804
21 60092008 4.20939097615371 59.36776306
21 60117851 4.96845567465078 59.49616281
21 60265696 0.911840102810376 59.63097386
21 60301168 3.82529882724402 59.76666484
21 60335611 2.8651569259356 59.86534942
21 60379179 2.8818352919574 59.99090521
21 60410641 3.242479816922 60.09292012
21 60444453 3.06574588903348 60.19657909
21 60485342 2.517036366749 60.29949822
21 60505536 3.18444092304645 60.36380481
21 60531761 2.93263298379409 60.44071314
21 60586305 1.49393883836902 60.5221985
21 60637482 1.59165054614378 60.60365441
21 60659885 3.63593715127438 60.68511031
21 60735937 1.0333732183243 60.76370037
21 60756746 3.71821807871594 60.84107276
21 60781777 2.96519515800408 60.91529455
21 60824714 1.83044926287351 60.99388856
21 60882180 1.3676608777364 61.07248258
21 60909975 2.81453858607663 61.1507127
21 60940249 2.4093875933144 61.22365447
21 60968178 2.6309821332665 61.29713514
21 60994878 2.7520861423221 61.37061581
21 61028286 2.19949413314176 61.44409648
21 61058564 2.42686769271418 61.51757715
21 61089459 2.41309273345202 61.59212963
21 61147664 1.25166051026544 61.66498252
21 61269710 0.599224882421382 61.73811548
21 61305549 2.04059823097743 61.81124844
21 61332759 3.34580301359794 61.90228777
21 61392623 1.52076874248296 61.99332711
21 61436237 2.54524006053102 62.10433517
21 61503186 1.12415121958506 62.179596
21 61530129 4.17953086144824 62.29220514
21 61556185 4.57964384402825 62.41153233
21 61613957 1.53982379007131 62.50049099
21 61792038 0.400078054368518 62.57173732
21 61826281 2.08060917559793 62.64298365
21 61873722 1.56985940431273 62.7174593
21 61893872 3.6975682382134 62.79196528
21 61938330 1.67280579423276 62.86633483
21 61961430 3.08812987012987 62.93767064
21 62035242 1.23804394949331 63.02905314
21 62084333 1.95670285795767 63.12510966
21 62110646 3.59919431459735 63.2198153
21 62172288 1.53638103890205 63.31452093
21 62224560 1.81000535659627 63.4091335
21 62256258 2.98710644204682 63.50381883
21 62331467 1.24968820220984 63.5978066
21 62360741 3.75576620892259 63.70775287
21 62460976 1.09713373572106 63.81772404
21 62483474 4.83894568406081 63.92659063
21 62505076 5.0402740486992 64.03547064
21 62638264 0.784984382977445 64.14002116
21 62668438 3.46492012991317 64.24457169
21 62730359 1.42031297944155 64.3325189
21 62789387 1.60313749407061 64.42714891
21 62871415 1.25721095235773 64.5302754
21 62903641 3.12482157264321 64.63097588
21 63057222 0.656476387053086 64.73179818
21 63079093 4.60986237483425 64.83262048
21 63134292 1.82652403123245 64.93344278
21 63415578 0.358433409412484 65.03426508
21 63454272 2.45018349098051 65.12907251
21 63480186 2.95195647140542 65.20556954
21 63529858 1.68085641810275 65.28906106
21 63550319 4.08051903621524 65.37255258
21 63550319 Inf 65.45334018
21 63585534 2.33879312792844 65.53570077
21 63668521 0.992451829804668 65.61806135
21 63717522 1.6807942695047 65.70042194
21 63748369 2.66997114792362 65.78278252
21 63780218 2.65889352883921 65.86746562
21 63803076 3.70474669699886 65.95214871
21 63831078 3.38686165273909 66.04698759
21 63864726 2.8185597955302 66.14182647
21 63938427 1.2868061491703 66.23666535
21 63972179 2.84148494904006 66.33257116
21 64019975 2.03367018160516 66.42977249
21 64042292 4.35548236770175 66.52697382
21 64128429 1.12845002728212 66.62417515
21 64212582 1.15597661402446 66.72145404
21 64323158 0.644865974533353 66.79276078
21 64415135 0.978428302727856 66.88275369
21 64458034 2.42328958716986 66.98671035
21 64497971 2.31401206900869 67.07912509
21 64525497 3.26188694325365 67.16891184
21 64568012 2.11188286487122 67.25869859
21 64605991 2.36411437899892 67.34848534
21 64634807 3.11586271515824 67.43827209
21 64728414 1.12085848280577 67.54319229
21 64841843 0.924985673857655 67.64811249
21 64864621 5.27650803406796 67.76830082
21 64888195 4.26657758547552 67.86888115
21 65029870 0.669698253043939 67.96376065
21 65132846 0.921374883467993 68.05864014
21 65164773 3.41854229962101 68.16778392
21 65220677 2.42675479393246 68.30344923
21 65301050 1.68353675985717 68.43876017
21 65338479 3.61513532287798 68.57407112
21 65380512 3.15307258582542 68.70660425
21 65408577 4.79583466951719 68.84119932
21 65439697 4.73723329048843 68.98862202
21 65463859 6.73605247909941 69.15137853
21 65509972 3.52951445362479 69.31413503
21 65546161 5.16265992428638 69.50096657
21 65571146 7.46946567940764 69.68759113
21 65653892 2.26479950692481 69.87499426
21 65718087 3.50369343406807 70.09991384
21 65753347 5.52878615995462 70.29485885
21 65781563 6.28084420187128 70.47207916
21 65808610 6.12184345768477 70.6376567
21 65865873 2.53988264673524 70.78309803
21 65902477 3.50091246858267 70.91124546
21 65944534 3.05461873172124 71.03971361
21 65994933 2.08753943530626 71.14492352
21 66024684 3.53634835803838 71.25013342
21 66065665 2.14620189844074 71.3380869
21 66126088 1.38877745229466 71.42200098
21 66149338 3.60920860215054 71.50591506
21 66193888 1.86954208754209 71.58920316
21 66252534 1.42018381475292 71.67249126
21 66311776 1.64204787144256 71.76976945
21 66449515 0.70619214601529 71.86703965
21 66472756 4.19558538789209 71.96454922
21 66496288 4.16157147713751 72.06247929
21 66536124 2.45969976905312 72.16046393
21 66560159 4.82978988974412 72.27654791
21 66581100 5.83648822883339 72.39876985
21 66700229 1.02596261195847 72.52099178
21 66743529 2.83388452655889 72.64369898
21 66804954 2.33273422873423 72.78698714
21 66840283 3.95269325483314 72.92663188
21 66932880 1.53601196583043 73.06886199
21 67026936 1.5198190439738 73.2118101
21 67067700 2.26529045235993 73.30415238
21 67094952 3.38845956260091 73.39649466
21 67189872 0.972843447113359 73.48883694
21 67211977 2.36343813616829 73.54108072
21 67238313 1.97372797691373 73.59306083
21 67284113 1.16019868995633 73.64619792
21 67437930 0.374786922121742 73.70384656
21 67469826 1.8073927765237 73.76149521
21 67567647 0.587754163216487 73.81898988
21 67623903 1.29297141638225 73.89172728
21 67653153 2.48674871794872 73.96446468
21 67685281 2.26398779880478 74.03720208
21 67739884 1.32907532553156 74.10977357
21 67842091 1.50280019959494 74.26337023
21 67868023 5.9855121085917 74.41858648
21 67905235 3.65869611953133 74.55473385
21 68000095 1.57785578747628 74.70440921
21 68202185 0.7406373397991 74.85408457
21 68239476 3.39964870880373 74.98086083
21 68286885 1.49648800860596 75.05180786
21 68319858 1.70919540229885 75.10816511
21 68359928 1.39618417768904 75.16411019
21 68397573 1.48612299110108 75.22005527
21 68437646 1.3960796546303 75.27600036
21 68464746 2.05792250922509 75.33177006
21 68503065 1.77777081865393 75.39989241
21 68530917 2.60410383455407 75.47242191
21 68620389 0.736879694206009 75.53835201
21 68643064 2.69373318632856 75.59943242
21 68723450 0.89176846714602 75.67111811
21 68743664 2.52131690907292 75.72208405
21 68817804 0.804409225789048 75.78172299
21 68872895 1.08255250403877 75.84136194
21 68959738 0.685065002360582 75.90085504
21 69054783 0.416547950970593 75.94044581
21 69111628 0.937920661447797 75.99376191
21 69135988 2.19376436781609 76.04720202
21 69165607 1.16489415577839 76.08170499
21 69210507 0.243289532293987 76.09262868
21 69253009 0.19310832431415 76.10083617
21 69275661 0.362329595620696 76.10904365
21 69388861 0.0375327738515901 76.11329237
21 69409575 0.190279038331563 76.11723381
21 69442039 0.00460226712666338 76.11738321
21 69471187 0 76.11738321
21 69498436 0 76.11738321
