Chromosome Position(bp) Rate(cM/Mb) Map(cM)
14 279949 0 0
14 305780 0.0217820061166815 0.000562651
14 330256 0.073957345971564 0.002372827
14 465742 0.0743324033479474 0.012443785
14 490055 0.389151071443261 0.021905212
14 511247 0.425451113627784 0.030921375
14 609870 0.155302515640368 0.04623779
14 731230 0.125992913645353 0.061528245
14 762253 0.613267575669664 0.080553641
14 810863 0.391472947953096 0.099583177
14 862483 0.495302208446339 0.125150697
14 924727 0.566112396375554 0.160387782
14 999900 0.499362803134104 0.197926385
14 1022847 1.63725977251928 0.235496588
14 1044777 1.24900592795258 0.262887241
14 1082140 0.806634906190616 0.293025566
14 1119139 0.665609881348145 0.317652514
14 1184910 0.374797403110794 0.342303306
14 1265916 0.315495148507518 0.367860308
14 1322326 0.477651125686935 0.394804627
14 1351419 0.878585914137421 0.420365364
14 1403386 0.561308137856717 0.449534852
14 1440024 0.805890059501065 0.479061041
14 1472679 0.904186188945031 0.508587229
14 1520054 0.735379419525066 0.54342583
14 1567838 0.624815837937385 0.573282053
14 1620027 0.580095422407021 0.603556696
14 1659149 0.837446960789326 0.636319292
14 1681783 1.56025890253601 0.671634171
14 1702273 1.66713518789653 0.705793743
14 1758505 0.607476170152226 0.739953315
14 1799618 0.96375355726899 0.779576083
14 1833973 0.92467180905254 0.811343204
14 1854457 1.55720562390158 0.843241022
14 1877790 1.24541207731539 0.872300232
14 1926589 0.595487612451075 0.901359443
14 1965168 0.753238808678296 0.930418653
14 1985112 1.69075411151223 0.964139027
14 2063334 0.431085883766715 0.9978594
14 2088718 1.32841159785692 1.031579774
14 2120416 0.925796580225882 1.060925698
14 2142001 1.7557192494788 1.098822905
14 2187293 1.20821337101475 1.153545288
14 2282659 0.575401086341044 1.208418964
14 2330431 1.17270367579335 1.264441388
14 2616322 0.196433256031145 1.320599899
14 2640274 2.52218603874415 1.381011288
14 2695406 1.13980265544511 1.443850847
14 2739183 1.43231605637664 1.506553335
14 2776706 1.67084987874104 1.569248644
14 2814468 1.6602748795085 1.631943952
14 2858231 1.42593286566277 1.694347013
14 2890591 2.10951174289246 1.762610852
14 2929132 1.56936768635998 1.823095807
14 2966732 2.04250265957447 1.899893859
14 2989252 3.55172291296625 1.979878673
14 3015800 3.09354753653759 2.062006181
14 3040885 1.91998804066175 2.110169071
14 3074708 1.66846524554297 2.16660157
14 3098041 1.74478635409077 2.207312668
14 3120000 1.92674529805547 2.249622107
14 3147254 1.42875174286343 2.288561303
14 3212884 0.639414901721774 2.330526135
14 3239650 1.14765000373608 2.361244099
14 3308936 0.479004416476633 2.3944324
14 3336128 1.16000294204178 2.425975239
14 3358130 1.55354967730206 2.460156446
14 3409351 0.667327853809961 2.494337654
14 3439565 1.30770834712385 2.533848799
14 3464904 1.74527408342871 2.578072337
14 3491977 1.43504229305951 2.616923235
14 3513534 1.8022405715081 2.655774133
14 3534105 1.91240095279763 2.695114138
14 3554540 1.92512845608025 2.734454143
14 3578079 2.19271846722461 2.786068546
14 3623066 1.14731811412186 2.837682949
14 3708391 0.651696454731907 2.893288991
14 3738219 1.82121496580394 2.947612214
14 3778536 1.08470372299526 2.991344257
14 3819126 1.11050751416605 3.036419742
14 3841348 2.16059760597606 3.084432582
14 3874647 1.46991200936965 3.133379212
14 3906821 1.52259899297569 3.18236732
14 3927493 2.05813660990712 3.224913119
14 3947531 2.12325581395349 3.267458919
14 3973592 1.63254671731706 3.310004719
14 4011573 1.08523998841526 3.351223249
14 4046383 1.18085033036484 3.392328694
14 4059754 3.07000224366166 3.433377709
14 4093240 0.935378964343308 3.464699761
14 4124992 0.863800705467372 3.492127122
14 4161659 1.12420432541522 3.533348339
14 4188954 1.63402088294559 3.577948905
14 4209465 2.75029983911072 3.634360351
14 4243733 1.64618302789775 3.690771796
14 4263903 3.0767972235994 3.752830749
14 4301610 1.64582173071313 3.814889703
14 4323988 2.66562695504513 3.874541064
14 4392498 0.870696248722814 3.934192424
14 4427337 1.28946869887195 3.979116206
14 4459231 1.43626700946887 4.024924464
14 4534257 0.678287526990643 4.075813619
14 4566305 1.48425174737893 4.123380953
14 4586387 2.36865352056568 4.170948287
14 4606723 2.16336054287962 4.214942424
14 4744791 0.317717356664832 4.258809071
14 4770427 1.65139647370885 4.30114432
14 4806257 0.797722578844544 4.329726729
14 4832066 1.79243287225387 4.375987674
14 4858211 1.76939759036145 4.422248619
14 4878794 2.24752951464801 4.468509564
14 4900374 2.13933271547729 4.514676318
14 4925406 1.84463087248322 4.560851096
14 4949206 1.95928991596639 4.607482201
14 4963598 2.97804335742079 4.650342187
14 5014628 0.546166960611405 4.678213055
14 5049355 0.885679730469087 4.708970023
14 5084886 0.865638456559061 4.73972699
14 5105727 1.56958399309054 4.772438654
14 5126350 1.84664209862775 4.810521961
14 5143041 2.59996405248337 4.853918009
14 5175739 1.32717597406569 4.897314058
14 5222562 0.928650449565385 4.940796288
14 5268069 1.01032368646582 4.986773063
14 5299013 1.48580661840745 5.032749838
14 5321599 2.05157619764456 5.079086734
14 5342658 2.20033714801273 5.125423629
14 5386856 1.04839359247025 5.171760524
14 5428286 1.20723147477673 5.22177613
14 5457740 1.49214368167312 5.265725687
14 5494149 1.26070202422478 5.311626624
14 5526994 1.39750038057543 5.357527561
14 5560598 1.16865551720033 5.396799076
14 5587750 1.73262743076017 5.443843397
14 5614291 1.77251422327719 5.490887717
14 5643250 1.62451396802376 5.537932038
14 5668065 1.92792262744308 5.585773418
14 5689418 2.50136280616307 5.639185012
14 5746423 0.889813174282958 5.689908811
14 5749700 15.4787305462313 5.740632609
14 5767050 2.20859365994236 5.778951754
14 5791147 1.75876250155621 5.821332638
14 5821914 1.3778496440992 5.86372489
14 5831015 4.91976705856499 5.908499723
14 5851504 2.13925032944507 5.952330864
14 5880036 1.68715126875088 6.000468689
14 5922777 1.66927072366112 6.071815024
14 5958587 2.77135437028763 6.171057253
14 5998335 2.79456324846533 6.282135555
14 6029184 3.36283510000324 6.385875636
14 6067075 2.76728246813227 6.490730718
14 6090470 1.98083351143407 6.53707232
14 6113669 1.99756886072676 6.583413921
14 6138782 1.64690399394736 6.624772638
14 6193070 0.768924992631889 6.666516039
14 6253961 0.744082048250152 6.711823913
14 6275383 2.13130893473999 6.757480843
14 6303201 1.57717305341865 6.801354616
14 6331758 1.92616871520118 6.856360266
14 6361994 1.98774308771001 6.91646165
14 6388522 2.1154365199035 6.972579905
14 6444552 1.00157594145993 7.028698159
14 6475196 1.76148022451377 7.082676957
14 6503166 1.70199856989632 7.130281815
14 6526644 2.127621603203 7.180234121
14 6551787 1.98672791631866 7.230186426
14 6574215 1.82263688246834 7.271064527
14 6608605 1.26782494911311 7.314664993
14 6649701 1.16641278956589 7.362599874
14 6680908 1.53603037779985 7.410534755
14 6709403 2.13354623618179 7.471330144
14 6736434 2.24909918242018 7.532125532
14 6772901 2.21768996627087 7.612998063
14 6850780 1.08205292826051 7.697267226
14 6888268 2.45276621852326 7.789216559
14 6889656 69.7521613832853 7.88603257
14 6912869 4.25881187265756 7.984892372
14 6962216 1.57924291243642 8.062823266
14 7024846 0.959133003353026 8.122893751
14 7049738 2.34291338582677 8.181213563
14 7074051 2.39798461728293 8.239515752
14 7105852 1.54368101632024 8.288606326
14 7134932 1.99706327372765 8.346680929
14 7168747 1.80187786485288 8.407611463
14 7202134 1.79019678317908 8.46738075
14 7225645 2.69334354132108 8.530703914
14 7312928 0.725492936768901 8.594027078
14 7346806 1.21387035834465 8.635150545
14 7386269 1.11414489521831 8.679118015
14 7415517 1.50326518052516 8.723085485
14 7442612 1.68348772836317 8.768699615
14 7462912 2.5196157635468 8.819847837
14 7497044 1.4985409586312 8.870996059
14 7519262 2.71110360968584 8.931231366
14 7568920 1.21300294011035 8.991466673
14 7589184 2.97978187919463 9.051848987
14 7626869 1.60229003582327 9.112231301
14 7665948 1.52278717469741 9.171740251
14 7698105 2.06658270361041 9.23819531
14 7728072 1.96902592852137 9.297201077
14 7757973 1.97337212802247 9.356206844
14 7846476 0.666709603064303 9.415212611
14 7894004 1.46837653593671 9.485001645
14 7917242 3.18490403649195 9.559012413
14 7950987 1.3627144762187 9.604997248
14 7972764 1.91505717040915 9.646701417
14 8009426 1.2654437837543 9.693095074
14 8089344 0.646993167997197 9.744801513
14 8150842 1.04436567042831 9.809027864
14 8179389 2.29194311136021 9.874455931
14 8215584 1.80765575355712 9.939883998
14 8244349 2.27220232921954 10.00524386
14 8266712 2.97245002906587 10.07171675
14 8289645 2.60985043387259 10.13156849
14 8310093 2.53993544600939 10.18350512
14 8349092 1.40658991256186 10.23836074
14 8371160 2.42285209352909 10.29182827
14 8393525 2.44066174826738 10.34641364
14 8416607 2.36352569101464 10.40096857
14 8441111 2.17521629121776 10.45427008
14 8486579 1.12264449722882 10.50531449
14 8521970 1.45632222881524 10.55685522
14 8551277 1.71735762787047 10.60718585
14 8583640 1.77974229830362 10.66478363
14 8618305 2.37669695658445 10.74717186
14 8641475 3.55385412170911 10.82951461
14 8685278 1.8798438463119 10.91185737
14 8756849 0.995305361109947 10.98309235
14 8790514 1.81535125501262 11.04420613
14 8822339 1.91908248232522 11.1052809
14 8851126 4.98060235522979 11.24865752
14 8878035 5.32676799583782 11.39199551
14 8908927 1.26508157451767 11.43107646
14 8931565 1.82771004505698 11.47245214
14 8958470 1.59216130830701 11.51528926
14 8996524 1.20561570399958 11.56116777
14 9035591 1.17435431438298 11.60704628
14 9063069 1.67510371933911 11.65307477
14 9098173 1.11641978122151 11.69226554
14 9116686 2.16542969805002 11.73235418
14 9119177 16.4216780409474 11.77326062
14 9139052 2.03518490566038 11.81370993
14 9181730 0.92586344252308 11.85322397
14 9209258 1.3892073525138 11.89146608
14 9244242 1.07087239881089 11.92892948
14 9283132 0.844309591154539 11.96176471
14 9324716 0.785530492497114 11.99443017
14 9361706 0.896623411732901 12.02759625
14 9402556 0.783194614443085 12.05958978
14 9427743 1.3995632667646 12.09484057
14 9452923 1.42954328832407 12.13083642
14 9485443 1.3214790897909 12.17381088
14 9519745 1.38156667249723 12.22120136
14 9570789 0.921902672204373 12.268259
14 9597429 1.87438438438438 12.3181926
14 9650579 0.949529633113829 12.36866014
14 9673678 2.42474998917702 12.42466948
14 9696801 2.42223327422912 12.48067882
14 9744980 1.32417443284419 12.54447623
14 9817001 0.686981574818456 12.59395334
14 9852190 1.64285145926284 12.65176365
14 9925889 0.784410914666413 12.70957396
14 9949694 2.4089224952741 12.76691837
14 9970182 2.8002586880125 12.82429008
14 10011395 1.3920777424599 12.8816618
14 10038814 1.93071957401802 12.93460019
14 10062331 2.28016753837649 12.98822289
14 10086411 2.22685631229236 13.0418456
14 10108336 2.44573318129989 13.0954683
14 10152585 1.21183981558905 13.14909101
14 10209154 0.947916703494847 13.20271371
14 10265318 0.958790328324193 13.25656318
14 10300505 1.53038053826697 13.31041264
14 10347547 1.40529101653841 13.37652033
14 10373364 3.27366076616183 13.46103642
14 10397404 3.49777038269551 13.54512282
14 10456504 1.42278172588832 13.62920922
14 10508007 1.63265052521212 13.71329561
14 10528343 4.12433123524784 13.79716805
14 10566461 2.23593315493992 13.88239735
14 10590434 3.16104784549285 13.95817713
14 10618104 2.63439826526924 14.03107093
14 10644721 2.83304279220047 14.10647804
14 10684871 1.90646077210461 14.18302249
14 10724169 1.26767519975571 14.23283959
14 10756744 1.53759324635457 14.28292664
14 10788680 1.50318449398798 14.33093239
14 10817026 1.54462005221195 14.37471616
14 10839354 2.03063418129703 14.42005617
14 10868288 1.66939241031313 14.46835833
14 10893686 1.87058429797622 14.51586744
14 10914784 2.4485401459854 14.56752675
14 10936045 2.45212831005127 14.61966146
14 10960495 2.19923517382413 14.67343281
14 10984792 2.13476560892291 14.72530119
14 11010970 1.80781190312476 14.77262609
14 11079652 0.709546897294779 14.82135915
14 11108214 2.04674042434003 14.87981817
14 11135043 2.1789481531179 14.93827718
14 11155580 2.84652091347324 14.9967362
14 11176477 2.81189165908982 15.05549632
14 11198555 1.37447232539179 15.08584192
14 11217093 1.50749271766102 15.11378781
14 11304160 0.342158337831785 15.14357851
14 11328046 0.989500125596584 15.1672137
14 11373762 0.516254702948639 15.19081479
14 11412156 0.659123821430432 15.21612123
14 11432443 1.23827574308671 15.24124213
14 11474856 0.599745361092118 15.26667914
14 11489850 1.74481792717087 15.29284099
14 11511893 1.20738102799075 15.31945531
14 11536762 1.07305882826008 15.34614121
14 11558986 1.30178635709143 15.3750721
14 11580316 1.41383497421472 15.40522916
14 11672437 0.336973111451243 15.43627143
14 11708047 0.980379106992418 15.47118268
14 11763629 0.54650426397035 15.50155844
14 11787370 1.27946590286846 15.5319342
14 11820478 0.917476138697596 15.56230996
14 11909376 0.428775675493262 15.60042726
14 11938038 1.3298897494941 15.63854456
14 12031916 0.406030166812246 15.67666186
14 12052018 1.89891055616357 15.71483372
14 12073259 1.8213596346688 15.75352127
14 12102663 1.31782070466603 15.79227043
14 12185365 0.487979734468332 15.83262736
14 12222307 1.09364138379081 15.87302868
14 12249541 1.55381508408607 15.91534531
14 12273010 2.02899143551067 15.96296366
14 12316458 1.09738998342847 16.0106431
14 12352611 1.3188227809587 16.05832254
14 12372654 2.37885546075937 16.10600197
14 12393160 2.32514386033356 16.15368141
14 12438144 1.05991908234039 16.20136085
14 12463930 1.86509733964167 16.24945423
14 12486138 1.92433807636888 16.29218994
14 12563733 0.396221406018429 16.32293472
14 12811226 0.156569680758648 16.36168464
14 12832792 2.20110358898266 16.40915361
14 12882729 1.04466227446583 16.46132091
14 12970779 0.640405451448041 16.51770861
14 13043711 0.773154445236659 16.57409631
14 13104401 0.929261822376009 16.6304932
14 13245569 0.465827949676981 16.69625319
14 13357962 0.585089818760955 16.76201319
14 13400490 1.77830605718585 16.83764101
14 13975863 0.159011111053178 16.92913171
14 14008185 2.64520450467174 17.01462998
14 14041208 2.56578142506738 17.0993598
14 14072969 1.97859009477032 17.1622018
14 14108085 1.81797756008657 17.22604186
14 14135495 2.32908062750821 17.28988192
14 14168274 2.22463772537295 17.36280336
14 14234844 1.52231335436383 17.46414375
14 14314815 1.35639544334821 17.57261604
14 14352768 2.8717492688325 17.68160755
14 14397837 2.9017040537842 17.81238445
14 14442808 2.50671321518312 17.92511388
14 14479361 2.66231499466528 18.02242943
14 14515414 2.69923723407206 18.11974499
14 14536469 4.62998812633579 18.21722941
14 14560727 2.84276115096051 18.28618907
14 14611787 1.53016842929886 18.36431948
14 14650790 1.99594646565649 18.44216733
14 14671183 4.64739371352915 18.53694167
14 14737761 1.40263450389017 18.63032625
14 14812773 1.24492881139018 18.72371083
14 14858490 1.3400594964674 18.78497438
14 14904200 1.34860205644279 18.84661901
14 14948009 1.42359332557237 18.90898523
14 15098729 0.411169055201699 18.97095659
14 15153931 1.12325640375349 19.03296261
14 15200497 1.62151784563845 19.10847023
14 15324054 0.611115517534417 19.18397784
14 15345454 3.52839252336449 19.25948546
14 15388829 1.74141556195965 19.33501935
14 15423896 2.15398807996122 19.41055323
14 15454870 2.83880996965197 19.49848254
14 15481849 3.25917565513918 19.58641184
14 15529862 1.96575302522234 19.68079357
14 15559743 2.24700645895385 19.74793634
14 15662553 0.653076548973835 19.81507911
14 15709281 1.48334831364492 19.88439297
14 15741354 2.19462476226109 19.95478117
14 15814730 1.0541580353249 20.03213108
14 15895121 0.979247676978766 20.11085375
14 15929822 1.83926111639434 20.17467793
14 15956824 2.69243759721502 20.24737918
14 15998933 1.84772613930514 20.32518511
14 16025038 2.98684926259337 20.40315677
14 16083548 1.35735429841053 20.48257559
14 16203731 0.677367015301665 20.56398358
14 16242981 2.07594140127389 20.64546432
14 16283570 2.00926112986277 20.72701826
14 16409637 0.646909183212101 20.80857219
14 16494592 0.797728209051851 20.87634324
14 16583297 0.764372921481315 20.94414694
14 16616328 2.13738911931216 21.01474707
14 16636757 3.4558764501444 21.0853472
14 16670887 2.06856431292118 21.15594734
14 16703882 2.13972116987422 21.22654747
14 16736646 2.16299597118789 21.29741586
14 16863255 0.559742198421913 21.36828426
14 16903321 1.76879149403484 21.43915265
14 16939598 1.95353529784712 21.51002105
14 16969260 1.7152080102488 21.56089757
14 16998452 1.67720265826254 21.60985846
14 17071612 0.769673318753417 21.66616778
14 17157400 0.748750407982468 21.73040157
14 17212664 1.02223870874349 21.78689455
14 17233811 2.02617865418263 21.82974211
14 17278310 1.29502011281152 21.88736917
14 17372558 0.61144109158815 21.94499624
14 17403231 1.87597235353568 22.00253795
14 17485428 0.704068274997871 22.06041027
14 17528359 1.23714798164497 22.11352231
14 17568264 1.41632878085453 22.17004088
14 17614936 1.50747343160782 22.24039768
14 17683250 1.03719735339755 22.31125279
14 17706620 3.0611810012837 22.38279255
14 17770830 1.2923251829933 22.4657727
14 17799708 2.11428076736616 22.52682889
14 17831614 1.81747320253244 22.58481723
14 17877847 1.404656846841 22.64975874
14 17921743 1.53210770913067 22.71701212
14 17948621 2.71552198824317 22.78999989
14 18019154 1.03480356712461 22.86298766
14 18039217 3.16709863928625 22.92652919
14 18105047 1.00226492480632 22.99250833
14 18138516 1.50619379126953 23.04291915
14 18209046 0.719431447610946 23.09366069
14 18237825 1.78476319538552 23.14502441
14 18280897 1.12681324294205 23.19355855
14 18333851 0.808949276730747 23.23639567
14 18391223 0.852192707243952 23.28528771
14 18480356 0.459724232326972 23.32626435
14 18510376 1.35698867421719 23.36700119
14 18548147 0.711694156892854 23.3938826
14 18587372 0.779622689611217 23.42446332
14 18607356 1.45757606084868 23.45359148
14 18663519 0.521442942862739 23.48287724
14 18714315 0.576537522639578 23.51216301
14 18738303 1.22085209271302 23.54144877
14 18812033 0.397203309372033 23.57073453
14 18880871 0.543786861907667 23.60816769
14 18929195 0.940648539028226 23.65362357
14 18995612 0.815237062800187 23.70776917
14 19025226 1.85163098534477 23.7626034
14 19149312 0.507002401560208 23.82551532
14 19218814 0.91847141089465 23.88935092
14 19308679 0.795897179101986 23.96087424
14 19339380 2.32967330054396 24.03239757
14 19424294 0.826723508490944 24.10259793
14 19452262 2.43455377574371 24.17068753
14 19491067 1.75466048189666 24.23877714
14 19516346 2.40259899521342 24.29951239
14 19561012 0.899597008910581 24.33969381
14 19654205 0.422216260877963 24.37904139
14 19710934 0.721953498210792 24.4199971
14 19732778 1.83194012085699 24.46001403
14 19770142 1.14623166684509 24.5028418
14 19816847 0.728144738250722 24.53684977
14 19840969 1.59519940303457 24.57532914
14 19923818 0.46307619886782 24.61369457
14 19945845 1.74091796431652 24.65204181
14 19990424 0.860207721124296 24.69038905
14 20153575 0.234610881943721 24.72866602
14 20184685 1.37643522982964 24.77148691
14 20233724 0.960425375721365 24.81858517
14 20284116 0.935410382600413 24.8657224
14 20348300 0.733321388508039 24.91278991
14 20406548 0.808053495398984 24.95985742
14 20464128 0.817427926363321 25.00692492
14 20509565 1.03518278055329 25.05396048
14 20538917 1.67598460070864 25.10315395
14 20574088 1.39810070796963 25.1523266
14 20613761 1.23070602172762 25.20115241
14 20649579 1.11416326986431 25.24105948
14 20673221 1.68797479062685 25.28096655
14 20713251 0.996929802648014 25.32087362
14 20742454 1.39669554497826 25.36166132
14 20893054 0.341236387782204 25.41305149
14 20931583 1.33380570479379 25.46444167
14 20954647 1.89525667707249 25.50815388
14 20987794 1.3187377439889 25.55186609
14 21022129 1.27310907237513 25.59557829
14 21145473 0.354392593073032 25.6392905
14 21168718 2.45630027963003 25.69638724
14 21220828 1.09569564383036 25.75348399
14 21264816 1.24830408293171 25.80839442
14 21291383 2.06686490759213 25.86330485
14 21328835 1.67625493965609 25.926084
14 21399339 1.08170458413707 26.00234853
14 21445722 1.62690640967596 26.07780929
14 21467730 3.42878953107961 26.15327005
14 21596891 0.591192387795077 26.22962907
14 21689908 0.765882580603546 26.30086913
14 21727171 1.89943643828999 26.37164781
14 21764414 1.90045646161695 26.44242648
14 21787017 3.13138521435208 26.51320515
14 21818108 2.38004245601621 26.58720301
14 21914329 0.771471924008273 26.66143482
14 22161961 0.299766589132261 26.73566664
14 22199112 1.39084008505828 26.78733776
14 22238464 1.52667462898963 26.84741547
14 22291692 1.0428627789885 26.90292497
14 22402037 0.551121482622683 26.96373849
14 22490480 0.614693079158328 27.01810377
14 22526498 1.39273974124049 27.06826743
14 22619326 0.646582927564959 27.12828842
14 22671158 1.15799120234604 27.18830941
14 22710032 1.53034933374492 27.24780025
14 22750647 1.74276498830481 27.31858268
14 22781305 2.46005610281166 27.39400309
14 22867321 0.876818266369048 27.4694235
14 22916046 1.5478789122627 27.54484391
14 22986080 1.07691121455293 27.62026432
14 23430999 0.169514900465028 27.69568473
14 23498304 0.72389124136394 27.74440627
14 23539175 1.17500428176458 27.79242985
14 23675496 0.387345309966916 27.84523312
14 23725488 1.05570291246599 27.89800985
14 23749112 1.68747883508297 27.93787483
14 23783063 1.48466319106948 27.98828061
14 23824833 1.20674646875748 28.03868638
14 23937950 0.411476612710733 28.08523134
14 23964115 1.8759755398433 28.13431623
14 24019648 0.883887058145607 28.18340111
14 24053355 1.08416352686386 28.219945
14 24092803 0.86821131616305 28.2541942
14 24172762 0.478857914681274 28.29248315
14 24203438 1.22570413352458 28.33008283
14 24277548 0.507349885305627 28.3676825
14 24297582 1.87679444943596 28.40528217
14 24319106 1.74687325775878 28.44288184
14 24350585 1.1927030718892 28.48042695
14 24375843 1.486463694671 28.51797205
14 24396306 1.83477984655231 28.55551716
14 24484165 0.427333568558713 28.59306226
14 24512384 1.33123781849109 28.63062849
14 24539443 1.90799364351972 28.68225689
14 24580144 1.26847988992899 28.73388529
14 24767026 0.239414710887084 28.77862763
14 24790463 2.22349276784571 28.83073968
14 24825146 1.48151832309777 28.88212317
14 24859655 1.50082007592222 28.93391494
14 24914567 0.915204326923077 28.98417062
14 24937842 2.13884854994629 29.03395236
14 25002052 0.781840834760941 29.08415438
14 25030583 1.58358977953805 29.12933581
14 25082860 0.729777913805306 29.1674864
14 25117380 1.19576477404403 29.20876416
14 25152867 0.774351170851298 29.23624354
14 25191008 0.803688943656433 29.26689702
14 25215941 1.21912726105964 29.2972935
14 25243415 1.17083788308947 29.32946114
14 25266063 1.51527728717768 29.36377917
14 25300021 1.11552800518287 29.40166023
14 25354206 0.751493955891852 29.44237993
14 25432157 0.568677759105079 29.4867089
14 25472332 1.09948475420037 29.53088074
14 25515794 0.784660162900925 29.56498362
14 25548295 0.966431802098397 29.59639359
14 25588989 0.602634294982061 29.62091721
14 25613807 0.980058828269804 29.64524031
14 25638854 1.03585259711742 29.67118531
14 25677500 0.666930600838379 29.69695947
14 25698119 1.32302245501722 29.72423885
14 25725851 0.926427953266984 29.74993052
14 25744989 1.22682620963528 29.77340953
14 25894192 0.16513877066815 29.79804873
14 25923373 0.844357629964703 29.82268794
14 25953073 1.02104377104377 29.85301295
14 25988361 0.986298458399456 29.88781749
14 26012359 1.2237019751646 29.91718386
14 26047531 0.897156829296031 29.94873865
14 26068656 1.49371834319527 29.98029344
14 26068764 271.118518518518 30.00957423
14 26125048 0.621682893895246 30.04456508
14 26163203 0.852063949678941 30.07707553
14 26192223 1.1220916609235 30.10963865
14 26212648 1.59427662178703 30.14220177
14 26233135 1.40231366232245 30.17093094
14 26277596 0.74181642338229 30.2039128
14 26319946 0.769567886658796 30.23650397
14 26340400 1.55732375085558 30.2683575
14 26369536 1.09326949478309 30.30021103
14 26393029 1.35587196186098 30.33206457
14 26419685 1.19498424369748 30.3639181
14 26472341 0.60493580978426 30.39577163
14 26517805 0.743660918528946 30.4295814
14 26560163 0.802641767788847 30.46357969
14 26589356 1.31457883739253 30.50195621
14 26644064 0.805602471302186 30.54602911
14 26691608 0.926991839138482 30.59010202
14 26759764 0.647011268266917 30.63419976
14 26810712 0.906369239224307 30.68037745
14 26892387 0.565383532292623 30.72655515
14 26940874 0.943753995916431 30.77231499
14 26963208 1.81291752485 30.81280468
14 27089689 0.363441939896111 30.85877317
14 27226982 0.334820420560407 30.90474167
14 27329365 0.448985671449362 30.95071016
14 27376642 0.972322693910358 30.99667866
14 27424502 0.960478478896782 31.04264715
14 27444695 1.86156093695835 31.08023764
14 27476087 1.38299248216106 31.12365252
14 27675777 0.217574240072112 31.16709989
14 27701201 1.70822844556325 31.21052988
14 27756210 0.729842389427185 31.25067777
14 27802850 0.862735849056604 31.2909158
14 27855587 0.765462578455354 31.33128402
14 27952572 0.416231375985977 31.37165225
14 27991386 1.04004225279538 31.41202047
14 28007216 2.00631080227416 31.44378039
14 28042463 1.22565892132664 31.48698123
14 28064558 1.95522968997511 31.53018206
14 28128375 0.676948148612439 31.57338289
14 28167750 0.728515555555556 31.60206815
14 28205064 0.636953958299834 31.62583547
14 28253443 0.523820252588933 31.6511774
14 28295146 0.614166846509844 31.67679004
14 28422338 0.213308226932511 31.70392118
14 28478462 0.547667664457273 31.73465846
14 28529843 0.642313306475156 31.76766113
14 28584945 0.70327029871874 31.80641272
14 28616735 1.21898710286254 31.84516432
14 28638380 1.72 31.88239372
14 28670732 1.20313736399604 31.92131758
14 28706164 1.09855215624294 31.96024144
14 28758622 0.998415875557589 32.01261638
14 28808111 1.19261654104953 32.07163774
14 28861801 1.0835276587819 32.12981236
14 28904732 1.355265425916 32.18799522
14 29010649 0.421259099105904 32.2326137
14 29039917 1.46708350416838 32.27555226
14 29072630 1.24265888179011 32.3162034
14 29127493 0.740956564533474 32.35685454
14 29321450 0.225925849543971 32.40067442
14 29366907 0.948678971335548 32.44379854
14 29413833 0.917039594254784 32.48683158
14 29455092 1.04299667951235 32.52986461
14 29503705 0.899171003641001 32.57357602
14 29525841 2.03044362125045 32.61852188
14 29548111 1.97968118545128 32.66260942
14 29573682 1.73423800398889 32.70695563
14 29628368 1.18935010788867 32.7719964
14 29675051 1.39324379324379 32.83703717
14 29718632 1.49702163786971 32.90227884
14 29751193 2.28727311814748 32.97675477
14 29818291 1.11373811439983 33.05148433
14 29862243 1.37382599199126 33.11186672
14 29894372 1.31484640044819 33.15411145
14 29989315 0.47706834627092 33.1994058
14 30012586 1.94638391130592 33.24470014
14 30056908 0.970673706060196 33.28772231
14 30089537 1.23206656655123 33.32792345
14 30124134 1.12955747608174 33.36700272
14 30157993 1.15406834224283 33.4060783
14 30278155 0.355549175280039 33.44880184
14 30307307 1.14543770581778 33.48219366
14 30344745 0.798461456274374 33.51208651
14 30384227 0.757124765716022 33.54197936
14 30412358 1.06262841704881 33.57187221
14 30458359 0.649829351535836 33.60176506
14 30479967 1.382515734913 33.63163842
14 30501237 1.40292900799248 33.66147875
14 30536048 0.857208928212347 33.69131908
14 30560173 1.26407046632124 33.72181482
14 30581043 1.4612218495448 33.75231057
14 30651348 0.433410141526207 33.78278152
14 30688417 0.822004909762875 33.81325246
14 30803553 0.264651368816009 33.84372341
14 30837616 0.889043830549276 33.87400693
14 30948157 0.273957174261134 33.90429045
14 31016079 0.445857012455464 33.93457397
14 31059139 0.7032861124013 33.96485748
14 31206249 0.205949289647203 33.99515465
14 31294068 0.34447443036245 34.02540602
14 31332293 0.791403531720078 34.0556574
14 31356332 1.25843005116685 34.08590877
14 31579843 0.167410999906045 34.12332702
14 31656560 0.554064939974191 34.16583319
14 31771588 0.367150606808777 34.20806581
14 31854932 0.506726339028604 34.25029843
14 31936098 0.494548209841559 34.29043897
14 31982951 0.85673275990865 34.33057951
14 32037106 0.741215030929739 34.37072005
14 32085309 0.800526938157376 34.40930789
14 32126689 0.91884726921218 34.44732977
14 32250374 0.307409144196952 34.48535164
14 32282448 1.18544303797468 34.52337352
14 32341495 0.644418852778295 34.56142457
14 32398088 0.672362306292298 34.59947561
14 32554055 0.243503433418608 34.63745416
14 32622335 0.55621704745167 34.67543271
14 32684609 0.609861258310049 34.71341126
14 32712341 1.16082143372278 34.74560316
14 32747083 0.926598929249899 34.77779506
14 32839978 0.346540718014963 34.80998697
14 32884654 0.720563613573283 34.84217887
14 32957500 0.484601762622519 34.87748015
14 33010521 0.665798457215066 34.91278142
14 33055818 0.779329756937546 34.9480827
14 33096103 1.00037979396798 34.98838299
14 33143189 0.846841948774583 35.02825742
14 33259194 0.343329166846257 35.06808531
14 33336931 0.567921324465827 35.11223379
14 33378883 1.05235745614035 35.15638227
14 33424690 1.49601589276748 35.22491027
14 33460387 2.1486203322408 35.3016096
14 33496009 2.15314412441749 35.37830893
14 33551756 1.37584623387806 35.45500827
14 33568997 5.6307812771881 35.5520886
14 33650257 1.19468742308639 35.64916894
14 33704576 2.0215339015814 35.75897669
14 33779627 0.804715460153762 35.81937142
14 33851343 0.842137040548831 35.87976616
14 33892181 1.4788848621382 35.94016089
14 33916237 2.68822331227137 36.00482875
14 33945834 2.18494779876339 36.06949662
14 33981693 1.65983992860928 36.12901683
14 34166560 0.390829082529602 36.20126824
14 34196929 2.80868648951233 36.28656527
14 34249373 1.75454961482724 36.37858085
14 34292879 2.100806785271 36.46997857
14 34441033 0.616910107050771 36.56137629
14 34489931 1.86915006748742 36.65277401
14 34528581 2.36475291073739 36.74417174
14 34727883 0.458588975524581 36.83556946
14 35022744 0.308270676691729 36.9264665
14 35075875 1.01671152434549 36.98048537
14 35137889 0.942238849292095 37.03891735
14 35227680 0.475987571137419 37.08165677
14 35251354 2.10646278617893 37.13152516
14 35280803 1.87375802234371 37.18670547
14 35425257 0.35381020947845 37.23781481
14 35505493 0.488177376738621 37.27698425
14 35559768 0.72168401658222 37.31615368
14 35595531 1.09562396890641 37.35533648
14 35731272 0.3445723841728 37.40210905
14 35751572 2.60943349753695 37.45508057
14 35815088 0.832226525599849 37.50794028
14 35894072 0.513915476552213 37.54853141
14 35928099 1.19290857260411 37.58912254
14 35979610 0.788008386558211 37.62971366
14 36039166 0.681561891329169 37.67030479
14 36087390 0.967545205706702 37.7169637
14 36129979 1.09556223437977 37.7636226
14 36171691 1.27385404679708 37.81675756
14 36225604 0.985569343201083 37.86989252
14 36299536 0.718700968457502 37.92302748
14 36322336 2.33048245614035 37.97616244
14 36355811 1.58736370425691 38.02929948
14 36388745 1.70094734924394 38.08531845
14 36464918 0.734825988211046 38.14129239
14 36505811 1.36878927933876 38.19726633
14 36559432 1.04388019619179 38.25324028
14 36581802 2.50218596334376 38.30921422
14 36734204 0.381194472513484 38.36730903
14 36803250 0.898996321293051 38.42938113
14 36891460 0.70431243623172 38.49150848
14 36953861 0.757777920225637 38.53879459
14 37038886 0.556143487209644 38.58608069
14 37072597 1.40269051644864 38.63336679
14 37110440 1.17903178923447 38.6779849
14 37166868 0.790708513503934 38.722603
14 37206309 1.17898886945057 38.76910347
14 37233366 1.71861255867243 38.81560393
14 37262411 1.21844379411258 38.85099367
14 37311693 1.04206201047035 38.90234858
14 37340881 1.9745134986981 38.95998063
14 37377640 0.92794417693626 38.99409093
14 37411775 1.03678043064304 39.0294814
14 37440349 1.2385560299573 39.06487187
14 37486005 0.77515551077624 39.10026235
14 37510423 1.44936112703743 39.13565282
14 37548790 0.922420309119817 39.1710433
14 37575954 1.25973347077014 39.20526267
14 37605589 1.15469546144761 39.23948205
14 37632845 1.25548136190197 39.27370143
14 37677724 0.988789857171506 39.31807733
14 37711459 1.30432784941455 39.3620788
14 37741020 1.50918439836271 39.40669184
14 37852302 0.416454592836218 39.45303575
14 37884073 1.21533159170313 39.49164806
14 37925483 1.20093697174596 39.54137887
14 37999481 0.710905700154058 39.59398449
14 38020858 2.46085044674183 39.64659011
14 38137177 0.456886665119198 39.69973473
14 38188466 1.03617929770516 39.75287935
14 38241778 0.996859993997599 39.80602397
14 38274985 1.60040352937634 39.85916859
14 38304478 1.22699962703014 39.89535648
14 38332126 1.4015625 39.93410684
14 38356756 1.63794153471376 39.97444937
14 38385386 1.40909884736291 40.0147919
14 38436705 0.67589391843177 40.04947814
14 38481264 0.77843308871384 40.08416438
14 38511542 1.14559085804875 40.11885061
14 38549650 0.910207830376824 40.15353685
14 38616407 0.581207963209851 40.19233651
14 38651158 1.11650599982734 40.23113617
14 38677519 1.47185994461515 40.26993583
14 38718134 1.23290163732611 40.32001015
14 38769530 0.959854852517706 40.3693428
14 38833176 0.775110768940703 40.41867546
14 38865578 1.52252021480156 40.46800812
14 38901055 1.3905544437241 40.51734077
14 38958012 0.866316695050652 40.56668353
14 38991745 1.46274567930513 40.61602629
14 39032005 1.22805265772479 40.66546765
14 39058518 1.85541055331347 40.71466012
14 39147564 0.629743054151787 40.77073627
14 39206141 1.16215238062721 40.83881169
14 39237127 2.19697282643775 40.9068871
14 39278652 1.30965201685731 40.96127037
14 39381019 0.58238104076509 41.02088702
14 39497940 0.512492195585053 41.08080809
14 39557724 0.848574869530309 41.13153933
14 39602382 1.1359935509875 41.18227057
14 39640409 0.676629763063087 41.20800075
14 39670585 0.983632688229056 41.23768281
14 39697124 1.19698180036927 41.26944947
14 39906414 0.151783171675665 41.30121613
14 39950430 0.710053162486369 41.33246986
14 40037390 0.360532428702852 41.36382174
14 40095676 0.538479223141063 41.39520754
14 40149854 0.579308944590055 41.42659333
14 40194438 0.838249147676296 41.46396587
14 40368787 0.229853340139605 41.50404053
14 40411112 0.94553573538098 41.54406034
14 40459824 0.613916488750205 41.57396542
14 40494486 0.864952974438867 41.60394645
14 40565849 0.452273587153007 41.63622207
14 40600797 0.896360306741444 41.66754804
14 40654246 0.58683043649086 41.69891352
14 40702265 0.653189362543993 41.73027899
14 40735675 0.9388057467824 41.76164446
14 40809782 0.423246117100949 41.79300994
14 40882098 0.441516400243376 41.82493868
14 41098413 0.116751034371172 41.85019372
14 41149021 0.741764147960797 41.88773296
14 41197278 0.777348363967922 41.92524547
14 41275153 0.393931300160514 41.95592282
14 41340996 0.465917409595553 41.98660018
14 41368852 1.14880097645032 42.01860113
14 41486229 0.315571193675081 42.05564193
14 41581846 0.387435288703892 42.09268736
14 41739836 0.224988923349579 42.12823339
14 41768331 0.920442182839095 42.15446139
14 41820452 0.526843306920435 42.18192097
14 41870252 0.537660642570281 42.20869643
14 41892273 1.30588983243268 42.23745344
14 41944778 0.547700219026759 42.26621046
14 41965713 1.41780749940291 42.29589223
14 42014795 0.604739008190375 42.32557401
14 42094191 0.366607889566225 42.35468124
14 42131478 0.846319092445088 42.3862379
14 42164621 1.07903629725734 42.42200044
14 42191184 1.34632759853932 42.45776299
14 42286395 0.37985631912279 42.4939295
14 42372600 0.410907719969839 42.52935184
14 42429639 0.62101895194516 42.56477419
14 42497562 0.517394696936237 42.5999172
14 42607864 0.310840238617613 42.63420346
14 42634657 1.27967379539432 42.66848973
14 42742793 0.317066471850263 42.70277599
14 42784674 0.816952794823428 42.7369908
14 42805270 1.93907069333851 42.77692788
14 42826258 1.90718505812845 42.8169559
14 42846993 2.8944393537497 42.8769721
14 42871327 2.46462562669516 42.93694626
14 42894838 2.53265705414487 42.99649153
14 42931715 1.33261924776961 43.04563457
14 42975630 1.00372082431971 43.08971293
14 43015291 1.12335291596278 43.13426622
14 43121889 0.478305409107113 43.18525265
14 43294669 0.295094339622641 43.23623909
14 43443601 0.342346842854457 43.28722553
14 43551152 0.474067186730016 43.33821197
14 43683891 0.383117998478217 43.38906664
14 43745906 0.793667661049746 43.4382859
14 43786288 1.218842553613 43.48750515
14 43859375 0.617317717241096 43.53262306
14 43953098 0.48139624211773 43.57774096
14 44079419 0.357168641793526 43.62285886
14 44107471 1.84079923000143 43.67449699
14 44142252 1.48466404071188 43.72613513
14 44309555 0.308650173637054 43.77777326
14 44402554 0.55540167098571 43.82942503
14 44599410 0.262383671313041 43.88107681
14 44636417 1.39573053746588 43.93272858
14 44688317 0.995217726396917 43.98438036
14 44771374 0.6218452388119 44.03602898
14 44802815 1.93094685283547 44.09673983
14 44834355 1.92488585922638 44.15745068
14 44856894 2.69359332712188 44.21816153
14 44878980 1.90062030245404 44.26013861
14 44933472 0.864169052337958 44.30722895
14 44987600 0.871358631392255 44.35439388
14 45079569 0.510772107992911 44.40136911
14 45112392 1.43188617737562 44.44836791
14 45147644 1.33322364688528 44.4953667
14 45183557 1.30868487734247 44.54236549
14 45253129 0.675541884666245 44.58936429
14 45283009 1.81764390896921 44.64367553
14 45386603 0.533778018031932 44.69897171
14 45435523 1.13041700735895 44.75427168
14 45459160 2.31583111223929 44.80901097
14 45496498 1.05367454068241 44.84835305
14 45531739 1.16769955449618 44.88950398
14 45615764 0.586786075572746 44.93880867
14 45669019 0.767169279879824 44.97966428
14 45706363 1.0623955655527 45.0193384
14 45772293 0.590532382830274 45.05827216
14 45842554 0.563049202260144 45.0978326
14 45867755 2.36211658267529 45.15736029
14 45898681 1.97289982538964 45.21837415
14 45962741 0.8566187948798 45.27324912
14 45991661 1.90165629322268 45.32824504
14 46030748 1.14182464758104 45.37287558
14 46072253 0.932608119503674 45.41158352
14 46102133 1.29544511378849 45.45029146
14 46148619 0.832678655939423 45.4889994
14 46205483 0.726878165447383 45.53033258
14 46226278 1.96608319307526 45.57121728
14 46226278 Inf 45.60744583
14 46278343 0.772495918563334 45.64766586
14 46330603 0.770918484500574 45.6879541
14 46380880 0.793136026413668 45.72783059
14 46418593 1.0525442155225 45.7675252
14 46458711 0.997956029712349 45.8075612
14 46523160 0.566492885847725 45.84407109
14 46570537 0.779494269371214 45.88100122
14 46603107 1.36913724286153 45.92559404
14 46701293 0.566407634489642 45.98120735
14 46733201 1.9602544816347 46.04375518
14 46843236 0.568496387513064 46.10630966
14 46873397 1.48168164185538 46.15099863
14 46930855 0.987564829962755 46.20774215
14 46959368 1.99009223862799 46.26448567
14 47035437 0.540319972656404 46.30558722
14 47082332 0.87646017699115 46.34668878
14 47131561 0.834197322716285 46.38775548
14 47206322 0.549306456574952 46.42882217
14 47227725 1.58545998224548 46.46275576
14 47292704 0.543746441157913 46.49808782
14 47308202 2.46682152535811 46.53631858
14 47358787 0.754547790847089 46.57448743
14 47563606 0.198609992237048 46.61516655
14 47599289 1.1843566964661 46.65742798
14 47628107 1.46021930737733 46.6995086
14 47679019 0.826535983658077 46.74158922
14 47722668 0.964067905335747 46.78366985
14 47743848 1.96532577903683 46.82529546
14 47794641 0.874937491386608 46.86973616
14 47819994 2.1064726067921 46.92314153
14 48033192 0.25031942138294 46.97650917
14 48084338 1.04343643686701 47.0298768
14 48129223 1.18050796479893 47.08286386
14 48162673 1.51237668161435 47.13345282
14 48202902 1.39135200974421 47.18942551
14 48256063 0.875828144692538 47.23598541
14 48324592 0.683532519079514 47.28282717
14 48435848 0.472448227511325 47.33538985
14 48519214 0.630505241945157 47.38795254
14 48586008 0.615142078629817 47.42904033
14 48623119 1.11530274042737 47.47043029
14 48653926 1.35080663485571 47.51204456
14 48713748 0.693137975995453 47.55350944
14 48814806 0.410307941973916 47.59497432
14 48835114 2.04180126058696 47.6364392
14 48848971 2.9585119434221 47.67743534
14 48884353 1.22053303939856 47.72062026
14 49070135 0.249526326554779 47.76697771
14 49191380 0.382345663738711 47.81333517
14 49260917 0.658506981894531 47.85912573
14 49320233 0.843055836536516 47.90913243
14 49344976 2.23212625793154 47.96436193
14 49370838 2.13457969221251 48.01956648
14 49401100 1.82421849183795 48.07477103
14 49525870 0.47304400096177 48.13379275
14 49557003 1.99749461985674 48.19598073
14 49598833 1.48569208701889 48.25812721
14 49672337 0.84548459947758 48.32027369
14 49750573 0.79043662763945 48.38211434
14 49783996 1.43167878407085 48.4299653
14 49815920 1.47449567723343 48.47703713
14 49908926 0.506131862460486 48.52411046
14 49964683 0.773011460444428 48.56721123
14 50010596 0.934432513667153 48.61011385
14 50052987 1.01206859946687 48.65301646
14 50078025 1.7148614106558 48.69595318
14 50191027 0.379964071432364 48.7388899
14 50217869 1.59960882199538 48.78182662
14 50269979 0.879339857992708 48.82764902
14 50316790 0.954734998184188 48.87234114
14 50349536 1.44710804373053 48.91972815
14 50388091 1.22509402152769 48.96696168
14 50584279 0.239851061226986 49.01401754
14 50711849 0.464318413420083 49.07325066
14 50784495 0.815545246813314 49.13249673
14 50827272 1.39673422633658 49.19224484
14 50880026 0.98918754975926 49.24442842
14 50918264 1.75978869187719 49.31171926
14 50938522 3.32337348208115 49.3790442
14 50964252 2.61659152739992 49.44636914
14 51026484 1.08183731842139 49.51369409
14 51096931 0.421552372705722 49.54339117
14 51150855 0.550615681329278 49.57308261
14 51175708 1.17299320001609 49.60223504
14 51222685 0.629761372586585 49.63181931
14 51266958 0.670830980507307 49.66151904
14 51287850 1.04834865020103 49.68342119
14 51304884 1.32637078783609 49.70601463
14 51336606 0.713646680537167 49.72865298
14 51357794 1.04878232962054 49.75087457
14 51381093 0.96644920382849 49.77339188
14 51447974 0.343747850660128 49.79638211
14 51503257 0.42013458025071 49.81960844
14 51532633 0.990025871459695 49.84869144
14 51566496 0.85040014174763 49.87748855
14 51596222 1.02609163695082 49.90799015
14 51635066 0.785233240654928 49.93849174
14 51668251 0.919138164833509 49.96899333
14 51713871 0.66860149057431 49.99949492
14 51742596 1.06184856396867 50.02999652
14 51790519 0.636471005571438 50.06049811
14 51854981 0.47317179113276 50.0909997
14 52011701 0.212984303215927 50.1243786
14 52087941 0.405503672612802 50.15529418
14 52137415 0.482320006468044 50.17915646
14 52169591 0.779823470909995 50.20424804
14 52240902 0.380948240804364 50.23141388
14 52272882 0.683223889931207 50.25326338
14 52337429 0.376187894092677 50.27754521
14 52423534 0.31097148829917 50.30432145
14 52544103 0.252825353117302 50.33480436
14 52616760 0.419545260608063 50.36528728
14 52686959 0.432480519665522 50.39564696
14 52714595 1.09855623100304 50.42600663
14 52786068 0.437151092020763 50.45725112
14 52882769 0.370903093039369 50.49311784
14 52980598 0.366626460456511 50.52898456
14 53012816 1.11325035694332 50.56485128
14 53058646 0.782603098407157 50.600718
14 53193788 0.265534770833642 50.63660291
14 53232749 0.856158722825389 50.66995973
14 53263065 1.10030347011479 50.70331655
14 53291274 1.18248785848488 50.73667336
14 53332390 0.43438564062652 50.75453355
14 53357630 0.727159270998415 50.77288707
14 53395458 0.542912657290896 50.79342442
14 53561156 0.124886842327608 50.81411793
14 53606890 0.473586390868938 50.83577689
14 53627230 1.05931661750246 50.85732339
14 53652501 0.854109453523802 50.87890758
14 53675210 0.906499625699062 50.8994933
14 53696219 0.948707696701414 50.91942474
14 53716856 0.960352764452198 50.93924349
14 53750598 0.587362930472408 50.95906225
14 53771716 0.883005019414717 50.97770957
14 53794227 0.828363910976856 50.99635689
14 53872240 0.239028110699499 51.01500422
14 53894591 0.894134490626818 51.03498905
14 53916619 0.895519339023061 51.05471559
14 53997532 0.243798895109562 51.07444214
14 54019701 0.913825612341558 51.09470078
14 54042903 0.899456943366951 51.11556999
14 54064259 0.991875819441843 51.13675244
14 54140436 0.278547330559093 51.15797136
14 54187045 0.460726469136862 51.17944538
14 54218992 0.671061445519141 51.20088379
14 54248765 0.722678265542606 51.22240006
14 54272362 0.911823536890283 51.24391633
14 54297259 1.03311643973169 51.26963786
14 54334454 0.686643366043823 51.29517752
14 54364755 0.842866572060328 51.32071717
14 54441985 0.330696620484268 51.34625682
14 54481400 0.650889255359635 51.37191166
14 54504726 1.29792934922404 51.40218715
14 54597279 0.327039642150984 51.43245563
14 54633972 0.740383724416101 51.45962256
14 54675218 0.847701595306212 51.49458686
14 54696259 1.81442421938121 51.53276413
14 54777243 0.473420675689025 51.57110366
14 54804140 1.30608989850169 51.60623358
14 54837741 1.02639504776644 51.64072151
14 54918170 0.43190142858919 51.67545894
14 54983185 0.533236945320311 51.71012738
14 55015991 1.05677010302993 51.74479582
14 55106043 0.384982010393995 51.77946426
14 55150005 0.890014103089032 51.81859104
14 55178854 1.55951679434296 51.86358156
14 55205676 1.67737305197226 51.90857208
14 55230280 1.80808811575354 51.95305833
14 55256706 1.68342541436464 51.99754458
14 55277125 2.32054948822175 52.04492787
14 55307507 1.53101178329274 52.09144309
14 55328133 2.25517308251721 52.13795831
14 55348963 2.21065770523284 52.18400634
14 55380263 1.4711821086262 52.23005437
14 55419807 0.976251770180053 52.26865924
14 55464040 0.872536341645378 52.30725416
14 55483163 2.40451811954191 52.35323573
14 55524142 1.20599087337417 52.40265602
14 55577526 0.925650007492882 52.45207096
14 55634499 0.909837993435487 52.50390715
14 55685870 1.00728815868875 52.55565252
14 55724252 1.34827523318222 52.60740202
14 55768446 1.16666742091687 52.65896175
14 56051798 0.182284578898331 52.71061243
14 56110775 0.703216508130288 52.75208602
14 56190522 0.591725080567294 52.79927429
14 56256482 0.737504548211037 52.84792006
14 56292290 1.35851764968722 52.89656583
14 56339347 1.03318316084748 52.94518434
14 56395862 0.625003981243918 52.98050642
14 56436968 0.779837493309979 53.01256239
14 56535454 0.412169242328859 53.05315532
14 56814537 0.15623237531487 53.09675709
14 56841884 1.35859874940578 53.13391072
14 56862907 1.74057936545688 53.17050293
14 56896742 1.081489581794 53.20709514
14 56925358 1.27873217780263 53.24368735
14 56987322 0.590539668194436 53.28027955
14 57072508 0.429434414105604 53.31686136
14 57127812 0.661467524952987 53.35344316
14 57155717 0.884862927790719 53.3781353
14 57203721 0.53641779851679 53.40388551
14 57245814 0.708120114983489 53.4336924
14 57306810 0.479136336808971 53.46291784
14 57350746 0.730084668608886 53.49499483
14 57386610 0.894406647334374 53.52707181
14 57425225 0.889299495014891 53.56141207
14 57458955 1.30287577823896 53.60535807
14 57489048 1.45986109726514 53.6492897
14 57557286 0.494796154635247 53.68305364
14 57579836 1.15927716186253 53.70919531
14 57617385 0.835971663692775 53.7405852
14 57660490 0.728219464099293 53.77197509
14 57773583 0.275185024714173 53.80309655
14 57811596 0.818706758214295 53.834218
14 58021471 0.148544609886837 53.8653938
14 58080448 0.547203146989504 53.89766615
14 58109352 1.11653750345973 53.9299385
14 58173727 0.549116893203883 53.96528793
14 58210196 0.969299953385067 54.00063737
14 58242680 1.08866518901613 54.03600158
14 58433822 0.185372131713595 54.071434
14 58448065 2.70827072948115 54.11000787
14 58522296 0.522830084466059 54.14881807
14 58583879 0.683157689622136 54.19088898
14 58665027 0.524065904273673 54.23341583
14 58727575 0.679908230478992 54.27594268
14 58818754 0.494382478421566 54.32101999
14 58859917 1.22715545514175 54.3715334
14 58892660 1.54272363558623 54.42204681
14 58961123 0.737193812716358 54.4725173
14 59038163 0.655120716510903 54.52298778
14 59123692 0.664339580727005 54.57980812
14 59145930 2.5550993794406 54.63662846
14 59168063 2.5672208918809 54.6934488
14 59218430 1.12812555840133 54.75026914
14 59272720 1.046607109965 54.80708948
14 59329829 0.875420686756904 54.85708388
14 59358235 1.74052312891643 54.90652519
14 59710446 0.209893501338686 54.98045202
14 59748459 1.31812274748113 55.03055778
14 59785669 1.41959957000806 55.08338108
14 59846078 0.874427651508881 55.13620439
14 59901959 0.939512535566651 55.1887053
14 59935092 1.58662360788338 55.24127494
14 59986766 0.984551224987421 55.29215069
14 60037355 1.00073929115025 55.3427771
14 60074414 1.18261151137376 55.38660345
14 60107340 1.3763287371682 55.43192046
14 60181663 0.609730500652557 55.47723747
14 60241574 0.731783812655439 55.52107936
14 60298957 0.764022445672063 55.56492126
14 60328895 1.65875810007349 55.61458115
14 60370732 1.18655974376748 55.66422322
14 60472408 0.482998937802431 55.71333265
14 60520614 1.01874040575862 55.76244208
14 60573159 0.901610048529832 55.80981718
14 60616408 1.10060116996925 55.85741713
14 60653106 1.3000490489945 55.90512628
14 60711056 0.823282139775669 55.95283543
14 60784173 0.791104667861099 56.01067861
14 60827415 1.33766245779566 56.06852178
14 60879468 1.11123662420994 56.12636496
14 60971421 0.6294748404076 56.18424711
14 61007997 1.58251585739283 56.24212926
14 61031848 2.44157896943524 56.30036337
14 61058950 1.36649693749539 56.33739819
14 61095345 1.2292650089298 56.38213728
14 61172066 0.62284511411478 56.42992257
14 61230869 0.8123242011462 56.47768966
14 61250474 1.71202244325427 56.51125389
14 61267057 2.84600494482301 56.55844916
14 61328577 0.776022431729519 56.60619008
14 61377521 0.640154053612292 56.63752175
14 61405720 1.22132345118621 56.67196181
14 61513794 0.318671465847475 56.70640187
14 61543643 1.17829073000771 56.74157262
14 61591560 0.733994198301229 56.77674338
14 61646308 0.737263461678965 56.81710708
14 61687869 0.912663314164722 56.85503831
14 61713085 1.31827807741117 56.88828005
14 61736112 1.64007903765145 56.92604611
14 61765255 1.29588923583708 56.96381216
14 61791473 1.73090243344267 57.00919295
14 61824832 1.50714949488894 57.05946992
14 61856319 1.59675421602566 57.1097469
14 61969914 0.447673753246182 57.16060035
14 62116791 0.367597377397414 57.21459197
14 62151706 1.56299298295861 57.26916383
14 62299192 0.452327678559321 57.33587588
14 62330886 2.6796775414905 57.42080555
14 62359983 2.88792315358972 57.50483543
14 62395844 2.69475753604194 57.60147216
14 62435150 2.1053172543632 57.68422371
14 62471510 2.27589658965897 57.76697526
14 62527114 1.15333069563341 57.8311051
14 62582894 1.3165041233417 57.90453965
14 62610839 3.08867060297012 57.99085256
14 62746363 0.645208228800803 58.0782938
14 62781723 2.21964083710407 58.15678035
14 62909221 0.69069632464823 58.2448427
14 62939806 1.96702305051496 58.30500412
14 62960532 3.5704863456528 58.37900605
14 63003082 1.74227967097532 58.45314009
14 63071621 1.01142852974219 58.52246241
14 63113384 1.6590618490051 58.59174982
14 63142823 1.45723020483033 58.6346492
14 63233825 0.594893518823762 58.68878571
14 63263451 1.760399648957 58.74093929
14 63299751 1.43626721763085 58.79307583
14 63322500 2.36328629829883 58.84683822
14 63347131 2.17693556899842 58.90045827
14 63397089 1.073303575003 58.95407832
14 63743324 0.154866203590047 59.00769837
14 63925324 0.294609340659341 59.06131729
14 63928813 17.2312697047865 59.12143715
14 64000688 0.943030260869565 59.18921748
14 64061208 1.19154494382022 59.26132979
14 64087236 2.76726986322422 59.33335625
14 64144392 1.30675869550003 59.40804537
14 64299714 0.581853182421035 59.49841993
14 64327906 3.17959704880817 59.58805911
14 64404107 1.18106586527736 59.67805752
14 64575238 0.560101910232512 59.77390837
14 64622726 1.36741913746631 59.83884435
14 64678934 1.04894143182465 59.89780329
14 64708627 1.86232445357492 59.95310127
14 64752348 1.25462821069966 60.00795486
14 64848878 0.4803449704755 60.05432251
14 64929189 0.69185665724496 60.10988626
14 65078173 0.417053509101649 60.17202053
14 65243234 0.376745566790459 60.23420651
14 65328235 0.729642004211715 60.29622685
14 65354599 2.35246169018358 60.35824718
14 65391553 1.67831087297722 60.42026751
14 65446996 0.876207997402738 60.46884715
14 65629300 0.287489029313674 60.52125754
14 65669673 1.48809848165853 60.5813365
14 65711201 1.44671065305336 60.64141546
14 65761220 1.17523141206342 60.70019931
14 65824361 1.04545065805103 60.7662101
14 65933547 0.723653215613723 60.84522286
14 66013054 1.01558353352535 60.92596889
14 66046324 2.42699128343853 61.00671493
14 66086809 1.99446708657527 61.08746097
14 66158833 0.867981506164612 61.14997645
14 66258598 0.753663108304516 61.22516565
14 66287607 2.64357613154538 61.30185313
14 66308321 3.2186540504007 61.36852435
14 66350939 1.5454315078136 61.43438757
14 66390973 1.13788030174352 61.47994148
14 66430318 1.35026305756767 61.53306757
14 66467812 1.41692270763322 61.58619366
14 66525315 1.04533328695894 61.6463035
14 66565905 1.43837891106184 61.70468732
14 66634081 0.856758976766017 61.76309769
14 66669902 1.63061891069484 61.82150805
14 66766263 0.756550886769544 61.89441001
14 66811347 1.47420592671458 61.96087314
14 66931808 0.551739567162816 62.02733626
14 66962259 2.18262454434994 62.09379939
14 66991429 2.28081247857388 62.16033072
14 67059570 1.04754112795527 62.23171118
14 67133712 0.962048501524102 62.30303937
14 67200860 1.12572079585393 62.37862922
14 67225034 3.17706626954579 62.45543166
14 67294849 0.896149824536274 62.51799632
14 67326499 1.97676777251185 62.58056098
14 67366402 1.56791970528532 62.64312563
14 67448588 0.752752293577982 62.70499135
14 67472732 2.56236332007952 62.76685707
14 67508782 1.71610818307906 62.82872278
14 67622514 0.693287729047234 62.90757182
14 67660678 2.06605701708416 62.98642085
14 67751963 0.866110532946267 63.06548374
14 67886844 0.586167807178179 63.14454663
14 67907871 3.75337898891901 63.22346897
14 67928364 3.84468355048065 63.30225805
14 68017064 0.89172266065389 63.38135387
14 68046742 1.66009838937934 63.43062228
14 68072760 2.64061034668307 63.49932572
14 68099108 2.73083345984515 63.57127768
14 68125198 2.72036795707167 63.6422521
14 68152771 2.17483407681428 63.70221875
14 68184968 1.86249340000621 63.76218541
14 68204969 2.99818509074546 63.82215207
14 68228943 2.50132226578794 63.88211872
14 68249580 2.99536269806658 63.94393397
14 68358639 0.566868392338092 64.00575605
14 68422218 1.15791220371506 64.0793749
14 68578807 0.4786044996775 64.15431906
14 68683085 0.676275916300658 64.22483978
14 68753847 1.03298097849128 64.29793562
14 68791743 2.46876187460418 64.39149182
14 68841033 1.89807668898357 64.48504802
14 68886632 2.05171604640453 64.57860422
14 68912466 3.65856235968104 64.67311948
14 68970241 1.63872090004327 64.76779654
14 69003571 2.84059705970597 64.86247359
14 69092569 1.06468909413695 64.95722878
14 69130623 1.96217743207022 65.03189747
14 69230906 0.800163537189753 65.11214032
14 69322493 0.883397207027198 65.19304807
14 69343258 3.04656392968938 65.25630999
14 69474846 0.548413989117549 65.32847469
14 69500877 2.10457147247513 65.38325879
14 69533947 1.35928938615059 65.42821051
14 69656646 0.420011573036455 65.47974552
14 69726471 0.738059434300036 65.53128054
14 69787949 0.838267347669085 65.58281555
14 69847540 0.981824436575993 65.64132348
14 69909934 1.13462031605603 65.71211701
14 69940920 2.3962370102627 65.78636684
14 70062876 0.608824494079832 65.86061668
14 70128955 0.804508240136806 65.91377777
14 70171559 1.26201060933246 65.96754443
14 70271717 0.570806126320414 66.02471518
14 70321564 1.04785042229221 66.07694738
14 70377378 0.935826136811553 66.12917959
14 70401663 2.26934321597694 66.1842906
14 70445052 1.44925211459126 66.24717217
14 70557126 0.565395185323982 66.3105383
14 70580770 2.68000761292505 66.37390443
14 70639841 1.14301603155525 66.44142351
14 70676060 1.86395538253403 66.50893413
14 70702206 2.10538132027844 66.56398147
14 70724104 2.51380491369075 66.6190288
14 70746024 2.51139142335766 66.67407849
14 70814947 0.62266587351102 66.71699453
14 70840023 1.62077285053438 66.757637
14 70899906 0.78557520498305 66.80467957
14 70926569 1.76434009676331 66.85172215
14 70964025 1.25594297308842 66.89876472
14 71084494 0.487640803858254 66.95751027
14 71112923 2.08598614091245 67.01681273
14 71145144 2.22786691909003 67.08859682
14 71221353 0.941937303992967 67.16038092
14 71429718 0.390909701725338 67.2418328
14 71507419 1.12897774803413 67.32955552
14 71572823 1.30571371781542 67.41495441
14 71594191 3.64770685136653 67.49289857
14 71616232 3.55464361871058 67.57124649
14 71654784 2.11465034239469 67.65277048
14 71696822 1.91967267710167 67.73346972
14 71718974 4.04976074395088 67.82318004
14 71762783 2.04775959277774 67.91289036
14 71808280 2.21525814888894 68.013678
14 71864496 1.7928632417817 68.11446564
14 71902838 2.62864743623181 68.21525329
14 72082157 0.562057562221516 68.31604093
14 72161715 1.26547173131552 68.41671931
14 72193117 3.20106044201006 68.51723898
14 72225820 2.58720606672171 68.60184836
14 72278851 1.59547057381532 68.68645775
14 72376030 0.989425698967884 68.7826091
14 72419486 2.21365979381443 68.87880593
14 72481335 1.55534931850151 68.97500276
14 72621724 0.683067761719223 69.07089799
14 72657447 2.68441060381267 69.16679321
14 72702327 2.15232620320856 69.26338961
14 72739785 2.31637834374499 69.35015653
14 72764134 4.76635590784016 69.46621253
14 72785677 5.38717913011187 69.58226853
14 72811989 4.32843189419276 69.69615825
14 72944727 0.967522487908511 69.82458526
14 73128545 0.698663895809986 69.95301228
14 73154245 4.93491828793774 70.07983966
14 73182590 4.47441876874228 70.20666704
14 73208154 2.5171256454389 70.27101488
14 73236553 2.33596605514279 70.33735396
14 73496750 0.274453202765597 70.40876581
14 73536079 1.76395789366625 70.47814051
14 73656931 0.574046767947572 70.54751521
14 73708561 1.34368971528181 70.61688991
14 73740637 2.61833146277591 70.70087551
14 73767156 3.10493985444398 70.78321541
14 73814641 1.44790565441718 70.85196925
14 73884724 1.22409714196025 70.93775764
14 74015277 0.676800992700283 71.02611599
14 74037636 2.92852542600295 71.09159486
14 74092112 1.20197701740216 71.15707374
14 74138420 1.39352811609225 71.22160527
14 74163503 2.4536897500299 71.28315114
14 74189855 2.33553051001821 71.34469702
14 74251050 1.00573412860528 71.40624289
14 74285614 1.78063592176831 71.46778877
14 74469767 0.351179182527572 71.53245944
14 74589751 0.532611848246433 71.59636431
14 74666152 0.836297954215259 71.66025827
14 74713736 1.67330615332885 71.7398809
14 74760666 1.70559130620072 71.81992428
14 74789154 2.80972339230553 71.89996766
14 74816570 2.45625547125766 71.96730837
14 74838627 3.0170648773632 72.03385582
14 74887386 1.36631801308476 72.1004761
14 74919196 2.12466205595725 72.16806163
14 74939721 3.28436540803898 72.23547321
14 74985807 1.4621880831489 72.3028596
14 75097166 0.689939744430176 72.37969063
14 75152768 1.38967303334412 72.45695925
14 75229968 1.00939119170984 72.5348842
14 75272977 2.10299007184543 72.62533168
14 75379698 0.882008227059342 72.71946051
14 75417617 2.31910387932171 72.80739861
14 75439256 5.85736401866999 72.93414609
14 75468957 4.36307868421939 73.0637339
14 75515790 3.09184762880875 73.20853435
14 75557002 3.47534455983694 73.35176028
14 75629300 1.9708511992033 73.49424892
14 75660226 2.46268835284227 73.57041006
14 75706688 2.10925057035857 73.66841009
14 75732544 3.80050278465347 73.76667591
14 75782925 1.95045354399476 73.86494172
14 75931635 0.660487526057427 73.96316282
14 75989538 1.69630416386025 74.06138391
14 76141080 0.648144408810759 74.159605
14 76240675 0.864598624428937 74.24571466
14 76325622 1.01355433387877 74.3318131
14 76448163 0.719378820149991 74.41996647
14 76470458 3.95395380130074 74.50811983
14 76496799 3.34593219695532 74.59625501
14 76571455 1.32599791041577 74.69524869
14 76647154 1.30772797527048 74.79424237
14 76800429 0.645105203066384 74.89312087
14 76845625 2.1877710416851 74.99199937
14 76945033 0.996972074682118 75.09110641
14 76983681 2.56435003104947 75.19021345
14 77013776 3.29313839508224 75.2893205
14 77033866 4.55883026381284 75.3809074
14 77353709 0.352893138195927 75.49377776
14 77389060 3.18212214647393 75.60626898
14 77470329 1.00809041577969 75.68819547
14 77567167 1.1329767240133 75.7979107
14 77590022 4.80049004594181 75.90762594
14 77610361 5.39432617139486 76.01734117
14 77648263 3.1265051976149 76.13584198
14 77722841 1.52213923677224 76.24936012
14 77723052 422.863981042654 76.33858439
14 77817440 1.23133025384583 76.45480723
14 77867144 2.18526074360212 76.56342347
14 78091832 0.513825393434451 76.67887389
14 78114461 5.10187812099518 76.79432431
14 78175009 1.9067582744269 76.90977472
14 78189730 4.55320290741118 76.97680241
14 78249764 1.57224406169837 77.07119052
14 78278473 3.54100456302902 77.17284925
14 78312615 2.92419014703298 77.27268696
14 78355096 2.34352534074057 77.37224229
14 78385087 3.08399519855957 77.46473444
14 78454550 1.83272101694427 77.59204069
14 78493111 3.84799668058401 77.74042329
14 78522424 5.05996656773445 77.88874608
14 78612357 1.61495780191921 78.0339841
14 78632183 8.18763744577827 78.19631223
14 78666756 4.69170161686865 78.3585184
14 78688373 8.41017717537123 78.54032118
14 78754068 2.74776314788036 78.72083548
14 78824809 2.2565810491794 78.88046827
14 78896940 2.06651509059905 79.0295281
14 78936344 3.78285960816161 79.17858793
14 78995324 2.92748897931502 79.3512512
14 79041750 3.71910782751045 79.52391446
14 79091430 3.70501409017713 79.7079796
14 79239787 1.0045430953713 79.85701058
14 79307930 2.43703828713147 80.02307765
14 79385876 2.1306263310497 80.18915141
14 79486263 1.65433572076066 80.35522517
14 79499712 12.1439958361216 80.51854976
14 79503090 34.6839253996448 80.63571201
14 79676222 0.831863549199455 80.77973424
14 79845053 1.01677594754518 80.95139758
14 79886988 3.85440085847144 81.11303187
14 79940757 2.68894716286336 81.25761391
14 79971404 3.72646588573107 81.37181886
14 80006201 4.22432680978245 81.51881279
14 80044488 3.83926397994097 81.66580671
14 80203207 0.926126676705372 81.81280063
14 80221469 7.94675829591501 81.9579243
14 80249752 5.88028497684121 82.12423643
14 80273050 7.13847111340029 82.29054857
14 80312936 2.90945444516873 82.40659508
14 80370365 2.20961360984868 82.53349096
14 80468154 1.20945607379153 82.65176245
14 80541664 1.86300231261053 82.78871172
14 80569086 4.35464955145504 82.90812494
14 80615695 2.55910446480294 83.02740221
14 80650865 3.42656809781063 83.14791458
14 80695704 2.68766921653025 83.26842695
14 80754490 2.07320450447385 83.39030236
14 80877900 0.674015882019285 83.47348263
14 81015684 0.430903443070313 83.53285419
14 81042928 2.17925414770225 83.59222576
14 81126052 0.769717530436456 83.65620772
14 81335310 0.296000630800256 83.71814818
14 81367974 1.89971528288024 83.78020048
14 81392290 2.10845122553051 83.83146961
14 81416779 2.08947282453346 83.8826387
14 81472215 0.454982321956851 83.90786111
14 81565148 0.296979544402957 83.93546032
14 81608700 0.632067413666422 83.96298816
14 81633177 1.12463945744985 83.990516
14 81701580 0.402435565691563 84.01804384
14 81734635 0.795737407351384 84.04434698
14 81765484 0.693341761483354 84.06573588
14 81809977 0.480725057874272 84.08712478
14 81894420 0.253293937922622 84.10851368
14 81977771 0.133294141641972 84.11962391
14 82006919 0.2590441882805 84.12717453
14 82055567 0.155209258345667 84.13472515
14 82092628 0.203734923504493 84.14227577
14 82123971 0.227481734358549 84.14940573
14 82172085 0.148188884732095 84.15653569
14 82213343 0.0257322216297445 84.15759735
14 82235212 0 84.15759735
14 82366657 0 NA
