Chromosome Position(bp) Rate(cM/Mb) Map(cM)
26 730090 0 0
26 759786 0.0012727572737069 3.77958e-05
26 840268 0.00974814244178823 0.000822346
26 877278 0.0557706025398541 0.002886415
26 920919 0.0549320593020325 0.005283708
26 1015261 0.0254551525301562 0.007685198
26 1067267 0.0469820789908857 0.010128544
26 1202126 0.0358427691144084 0.014962263
26 1228416 0.22255230125523 0.020813166
26 1272311 0.133293085772867 0.026664068
26 1292511 0.239013861386139 0.031492151
26 1390263 0.0570252271053278 0.037066481
26 1419659 0.18467886787318 0.042495297
26 1460346 0.133428859340821 0.047924113
26 1576804 0.0644267461230658 0.055427124
26 1617637 0.183748683662724 0.062930136
26 1638107 0.366536883243771 0.070433147
26 1670879 0.269518796533626 0.079265814
26 1808927 0.111637980992119 0.094677187
26 1837679 0.536011407902059 0.110088561
26 1999995 0.118640799428276 0.129345862
26 2342486 0.0562271709329588 0.148603163
26 2394925 0.379355060165144 0.168496154
26 2404154 1.57254307075523 0.18300911
26 2441939 0.425060209077676 0.199070009
26 2508141 0.239004863901393 0.214892578
26 2567524 0.199991580081842 0.226768714
26 2631823 0.254988413505653 0.243164172
26 2631829 2736.36666666667 0.259582366
26 2711124 0.167709187212308 0.272880893
26 2765385 0.245083946112309 0.286179419
26 2807861 0.376292494585178 0.302162779
26 2874049 0.242651235873572 0.318223387
26 2969887 0.167580709113295 0.334283994
26 3005143 0.449943272067166 0.350147164
26 3046175 0.386605576135699 0.366010335
26 3098692 0.302058381095645 0.381873505
26 3195006 0.164702950765205 0.397736675
26 3230510 0.601216764308247 0.419082264
26 3276739 0.461106664647732 0.440398801
26 3347724 0.196596464041699 0.454354175
26 3388842 0.364966681258816 0.46936085
26 3466582 0.227328273732956 0.487033398
26 3515996 0.364153883514793 0.505027686
26 3540109 0.83291585451831 0.525111821
26 3611224 0.282417211558743 0.545195956
26 3681821 0.348371743841806 0.569789931
26 3763402 0.302514065775119 0.594469363
26 3826086 0.393711313891902 0.619148795
26 3875303 0.501440559156389 0.643828227
26 3921443 0.534880797572605 0.668507659
26 3946130 1.12047636407826 0.69616883
26 3975600 0.949182219205972 0.724141247
26 4032842 0.488669159009119 0.752113665
26 4116856 0.339693384435927 0.780652697
26 4147849 0.934846578259607 0.809626424
26 4190653 0.676892346509672 0.838600151
26 4234871 0.846949206205618 0.876050561
26 4290150 0.666377828831925 0.912887224
26 4335871 0.8290369851928 0.950791621
26 4383155 0.784313932831402 0.987877118
26 4500612 0.301979447797918 1.023346695
26 4547983 0.74876190074096 1.058816273
26 4591615 0.812926292629263 1.094285851
26 4722121 0.344056211974928 1.13918723
26 4745144 1.82918385961864 1.18130057
26 4771698 1.58594938615651 1.223413911
26 4825731 0.779399626154387 1.265527251
26 4962236 0.308511043551518 1.307640592
26 4996270 1.20541811130046 1.348665841
26 5039562 0.838954079275617 1.384985884
26 5084073 0.922228213250657 1.426035232
26 5247558 0.252724103128727 1.46735188
26 5277739 1.39449985089957 1.50943932
26 5304646 1.31730033076894 1.544883921
26 5354200 0.817544496912459 1.585396522
26 5376528 1.81443031171623 1.625909123
26 5413660 1.11564149520629 1.667335087
26 5493475 0.619398609283969 1.71677234
26 5516128 2.5212069041628 1.773885253
26 5599852 0.784408293918112 1.839559077
26 5661866 1.06379849711356 1.905529517
26 5979258 0.207874804657962 1.971507364
26 6039858 0.840899339933993 2.022465847
26 6081192 1.22832776890695 2.073237541
26 6276888 0.296927377156406 2.131345089
26 6363397 0.670903605405218 2.189384258
26 6425789 0.930234645467368 2.247423428
26 6476478 1.14913097516226 2.305671706
26 6625432 0.390411133638573 2.363825018
26 6656828 2.05421072748121 2.428319039
26 6693744 1.75180680463756 2.492988757
26 6741871 1.17095393438195 2.549343252
26 6773206 1.73235040689325 2.603626467
26 6796539 2.32645609222989 2.657909683
26 6854067 1.07660443610068 2.719844543
26 6900764 1.32641497312461 2.781784106
26 6941707 1.5128251471558 2.84372367
26 6980911 1.61339404142434 2.906975182
26 7008192 2.31851838275723 2.970226693
26 7054175 1.37554096078986 3.033478204
26 7166297 0.564131035835964 3.096729715
26 7242228 1.0197007809722 3.174156611
26 7291631 1.56679149039532 3.251560769
26 7323964 2.17314817678533 3.321825166
26 7363890 1.75986575164053 3.392089563
26 7443726 0.989483441054161 3.471085938
26 7467841 2.54842214389384 3.532541162
26 7546365 0.872351128317457 3.601041685
26 7567042 2.2636214150989 3.647846543
26 7604119 1.63383229495374 3.708424161
26 7629711 2.69166145670522 3.777309172
26 7661475 2.16865004407505 3.846194183
26 7696485 1.78066838046272 3.908535369
26 7738113 1.80139809743442 3.983523972
26 7821624 0.90606866161344 4.059190722
26 7875261 1.41071834740944 4.134857471
26 7907227 2.36709941813176 4.21052422
26 7959321 1.49198180212692 4.288247518
26 8009703 1.55381286967568 4.366531715
26 8067296 1.35926588300662 4.444815911
26 8101467 2.1509993854438 4.518317691
26 8167136 0.950076900820783 4.580708299
26 8192400 2.46930018999367 4.643092673
26 8192400 Inf 4.701373849
26 8248530 1.1330286834135 4.764970788
26 8297007 1.51705138519298 4.838512889
26 8326189 2.74192653005277 4.918527826
26 8362602 2.19742674319611 4.998542763
26 8404682 1.88706273764259 5.077950357
26 8509152 0.761618646501388 5.157516671
26 8532926 3.33169428787751 5.236724343
26 8661569 0.616297816437739 5.316006752
26 8685771 2.14188496818445 5.367844692
26 8735891 1.03427573822825 5.419682632
26 8757164 2.43894608188784 5.471566381
26 8778778 2.40046728971963 5.52345013
26 8808034 1.77911197703035 5.575499792
26 8853251 1.11544994139372 5.625937048
26 8882509 1.76305967598606 5.677520599
26 8926905 1.16232318226867 5.729123097
26 8975093 1.07307420934673 5.780832412
26 9044606 0.743879562096299 5.832541726
26 9080227 1.45165211532523 5.88425104
26 9116578 1.4225000687739 5.935960354
26 9161929 1.14020198011069 5.987669669
26 9215188 0.968593101635404 6.03925596
26 9306485 0.514964347130793 6.086270633
26 9383447 0.678008627634417 6.138451518
26 9518795 0.492664834352927 6.205132724
26 9638317 0.557898964207426 6.271813931
26 9666870 2.37900395755262 6.339741628
26 9694064 2.49789291755534 6.407669325
26 9721489 2.47685323609845 6.475597022
26 9762762 1.67992392120757 6.544932491
26 9801561 1.2504265573855 6.593447778
26 9836117 1.70126461395995 6.652236645
26 9867428 1.86437354284437 6.710612051
26 9916465 1.19739584395456 6.769328757
26 9969798 1.26763354770967 6.836935477
26 9987986 3.84915328788212 6.90694386
26 10093514 0.663386968387537 6.976949764
26 10142732 1.29433946929985 7.040654576
26 10180467 1.68821518484166 7.104359388
26 10221758 1.39283863311618 7.161871102
26 10277265 1.36769596627452 7.23778777
26 10305675 2.67218233016543 7.313704439
26 10342111 1.80486332198924 7.379466454
26 10373189 2.6185951476929 7.460847187
26 10417317 1.84676169325598 7.542341129
26 10469281 1.56827611423293 7.623835071
26 10507740 2.26006136405003 7.710754729
26 10571837 1.3560650264443 7.797674387
26 10653831 1.06007390784692 7.884594045
26 10681829 3.09361025787556 7.971208949
26 10710138 2.95452682892366 8.054848621
26 10732509 3.49053685575075 8.132935382
26 10780031 1.14487184882791 8.187342023
26 10819437 0.786385322032178 8.218330329
26 10886171 0.480467228099619 8.250393824
26 10905268 1.91707074409593 8.287004171
26 10925485 2.02255527526339 8.327894163
26 10959839 1.22802584851837 8.370081797
26 11018654 0.717838986653065 8.41230153
26 11067017 1.05302814134772 8.463229102
26 11099325 1.57631546366225 8.514156674
26 11168878 0.75771713657211 8.566858215
26 11336256 0.314812579908949 8.619550955
26 11410969 0.705268159490316 8.672243694
26 11445764 1.69187239545912 8.731112435
26 11496622 1.16472138110032 8.790347852
26 11703088 0.290033225809576 8.850229835
26 11768387 0.93376008820962 8.911203418
26 11788518 3.0288410908549 8.972177001
26 11806282 2.68682729115064 9.019905751
26 11907090 0.473462423617173 9.067634501
26 11931069 2.02324116935652 9.116149811
26 12028428 0.527575262687579 9.167514022
26 12066468 1.67439011566772 9.231207859
26 12100519 2.01059293412822 9.29967059
26 12166729 1.05405829935055 9.369459751
26 12202582 1.55332329233258 9.425151082
26 12238501 1.55046911105543 9.480842413
26 12274011 1.54515347789355 9.535710768
26 12333205 0.8023009088759 9.58320216
26 12369234 1.3191207083183 9.630728782
26 12409311 1.29499962572049 9.682628466
26 12490256 0.641891407746 9.734586331
26 12583026 0.56007222162337 9.786544197
26 12622345 1.32144510287647 9.838502063
26 12721061 0.447114956035496 9.882639435
26 12898484 0.248708453808131 9.92676602
26 12936855 1.14999869693258 9.970892606
26 13043571 0.413495633269613 10.01501919
26 13194710 0.291960380841477 10.05914578
26 13194991 155.568327402135 10.10286045
26 13232302 1.1848838144247 10.14706967
26 13262923 1.18624799973874 10.18339376
26 13326632 0.570156492803215 10.21971784
26 13383377 0.649303022292713 10.25656254
26 13419517 1.01949916989485 10.29340723
26 13487832 0.654465344360682 10.33811708
26 13538671 0.879439013355888 10.38282692
26 13566447 1.60965581797235 10.42753676
26 13595212 1.52821832087606 10.47149594
26 13662385 0.620648177094964 10.51318677
26 13703254 1.02010815043187 10.55487759
26 13745937 0.976754211278495 10.59656842
26 13795588 0.839066685464543 10.63822894
26 13813158 2.37111553784861 10.67988945
26 13899525 0.482365949957739 10.72154997
26 13934098 1.15138402799873 10.76135673
26 13988738 0.741478770131772 10.80187114
26 14035677 0.872259741366454 10.84281411
26 14083043 0.864396402482794 10.88375708
26 14110837 1.4730877167734 10.92470005
26 14204588 0.429896214440379 10.96500323
26 14241410 1.09454130682744 11.00530642
26 14291860 0.798874132804757 11.04560961
26 14344099 0.771515534370872 11.0859128
26 14413331 0.582146984053617 11.12621599
26 14468328 0.725826863283452 11.16613426
26 14488641 1.36472209914833 11.19385591
26 14542390 0.793077080503823 11.236483
26 14571301 1.5351630867144 11.28086611
26 14610607 1.1291685747723 11.32524923
26 14649423 1.14342281533388 11.36963234
26 14684949 1.24931317908011 11.41401545
26 14710058 1.76761718905572 11.45839856
26 14769909 0.741559873686321 11.50278167
26 14824261 0.819265160435679 11.5473104
26 14867983 1.15064269704039 11.59761877
26 14930932 0.998152472636579 11.6604515
26 14960555 2.59356581035007 11.73728069
26 15287703 0.30628064362307 11.83747983
26 15372824 0.744867893939216 11.90088374
26 15412888 1.19042282348243 11.94857682
26 15477655 0.701710747757346 11.99402453
26 15524965 0.975246248150497 12.04016339
26 15610603 0.535079053691118 12.08598651
26 15658639 0.869241818636023 12.12774139
26 15713968 0.754665726834029 12.16949626
26 15750953 1.12896850074354 12.21125113
26 15968824 0.17146889673247 12.2486092
26 16005660 0.977245086328592 12.284607
26 16116993 0.284120611139554 12.31623898
26 16138841 1.44782131087514 12.34787097
26 16178837 0.792804280428043 12.37957996
26 16235369 0.560903559046204 12.41128896
26 16271011 0.889652656977723 12.44299795
26 16530768 0.12207178247362 12.47470695
26 16674695 0.220833478082639 12.50649086
26 16708482 0.94071388403824 12.53827478
26 16751990 0.730530017468052 12.5700587
26 16799923 0.756263951766007 12.60630871
26 16843720 0.827415119757061 12.64254705
26 16887783 0.825295599482559 12.67891203
26 16926415 0.917501035411058 12.71435692
26 16956701 1.3668130489335 12.75575221
26 16997529 1.26732389536593 12.80749455
26 17022620 1.91181698617034 12.85546399
26 17051338 1.67036005292848 12.90343343
26 17080440 1.64831970311319 12.95140286
26 17107767 1.75538478427928 12.9993723
26 17133558 1.85992788181924 13.04734174
26 17193478 0.80055740987984 13.09531118
26 17221300 1.7241535475523 13.14328062
26 17299006 0.613072349625511 13.19091999
26 17326739 1.65503912306638 13.23681919
26 17360622 1.35463801906561 13.28271838
26 17381867 1.95874323370205 13.32433187
26 17414047 1.47562461155998 13.37181742
26 17442389 1.67544986239503 13.41930298
26 17495448 0.826270755197045 13.46314403
26 17524837 1.49175201606043 13.50698509
26 17571889 0.952743772847063 13.55181358
26 17606022 1.31068174493892 13.59655112
26 17628730 1.98009952439669 13.64151519
26 17667270 1.13914893617021 13.68541797
26 17691480 1.85520033044197 13.73033234
26 17714604 1.94422245286283 13.77529052
26 17746468 1.37826073311574 13.81920741
26 17817225 0.621302485973119 13.86316895
26 17857480 0.964344801887964 13.90198866
26 17899619 0.921229739671088 13.94080837
26 17953795 0.716547917897224 13.97962808
26 17989430 1.08089238108601 14.01814564
26 18040673 0.751665593349336 14.0566632
26 18095843 0.697255754939279 14.09513083
26 18203636 0.35686547363929 14.13359846
26 18305862 0.370241425860349 14.17144676
26 18329305 1.62016806722689 14.20942835
26 18353874 1.54591558467988 14.24740995
26 18423545 0.5451565213647 14.28539154
26 18470073 0.88898082874828 14.32675408
26 18512565 0.978890144027111 14.36834905
26 18612799 0.414978949258735 14.40994401
26 18747765 0.309645392172844 14.45173565
26 18819242 0.584685982903591 14.49352728
26 18869630 0.87965983964436 14.53785162
26 18907964 1.15626597798299 14.58217596
26 18943387 1.25128588770008 14.6265003
26 18982980 1.71013310433663 14.6942096
26 19019035 2.03887394258771 14.76772123
26 19041944 3.16145183115806 14.84014689
26 19067762 2.73913548686963 14.91086586
26 19103819 1.96131125717614 14.98158483
26 19130594 1.76358916900093 15.02880495
26 19172779 1.28029868436648 15.08281436
26 19232079 0.910782462057336 15.13682377
26 19260069 1.93989281886388 15.19112134
26 19281821 2.49621184258919 15.2454189
26 19324884 1.24084480876855 15.29885337
26 19372471 1.24559648643537 15.35812753
26 19398661 2.24815960290187 15.41700687
26 19432063 1.72713011196934 15.47469649
26 19479245 0.886047645288457 15.51650194
26 19531798 0.794746256160447 15.55826821
26 19640428 0.384063334253889 15.59998902
26 19688078 0.875567681007345 15.64170982
26 19739246 0.813768370856786 15.68334877
26 19791295 0.793004668677592 15.72462386
26 19823316 1.28805159114331 15.76586853
26 19860545 1.1083537027586 15.8071314
26 19958476 0.421346662446008 15.84839427
26 20010368 0.795168812148308 15.88965714
26 20038904 1.44599453322119 15.93092001
26 20104927 0.624977659300547 15.97218287
26 20143627 1.06622480620155 16.01344574
26 20196747 0.752991340361446 16.05344463
26 20231421 1.31829324565957 16.0991551
26 20335055 0.441076287704807 16.14486557
26 20389920 0.833144992253714 16.19057605
26 20420930 1.48909706546275 16.23675299
26 20496308 0.430739738385205 16.26922132
26 20524054 1.1433251639876 16.30094405
26 20553693 1.14200546577145 16.33479197
26 20575233 1.5713974001857 16.36863989
26 20604903 1.25960229187732 16.40601232
26 20690928 0.659047951176983 16.4627069
26 20729178 1.58890980392157 16.52348269
26 20799291 1.06506211401595 16.5981574
26 20847061 1.56321331379527 16.67283212
26 20869051 2.30954524783993 16.72361899
26 20903080 1.49245937288783 16.77440587
26 20943755 1.24725998770744 16.82513818
26 21034491 0.559119864221478 16.87587049
26 21083263 0.823671368818174 16.91604254
26 21115259 1.25553506688336 16.9562146
26 21187470 0.537393194942599 16.99502026
26 21312457 0.404621280613184 17.04559263
26 21357973 0.800608577203621 17.08203316
26 21389682 1.15280519726261 17.11858748
26 21455316 0.556941524210013 17.15514181
26 21494663 0.981386128548555 17.19375637
26 21539987 0.989354425911217 17.23859784
26 21738716 0.22185136542729 17.28268611
26 21834745 0.459114434181341 17.32677439
26 21866553 1.05496730382294 17.36033079
26 21932906 0.505725438186668 17.39388719
26 21964449 1.0638303268554 17.42744358
26 22002746 0.876214847115962 17.46099998
26 22107111 0.321529248311215 17.49455638
26 22144981 0.808220227092686 17.52516372
26 22187706 0.718509069631363 17.55586201
26 22212178 1.25764138607388 17.58663905
26 22247164 0.890004573257875 17.6177767
26 22344398 0.320633728942551 17.64895316
26 22386818 0.73494813767091 17.68012961
26 22467951 0.384264109548519 17.71130607
26 22655233 0.166348607981547 17.74246012
26 22679137 1.30330070281124 17.77361417
26 22685388 4.98385858262678 17.80476823
26 22715026 1.05115392401647 17.83592228
26 22756231 0.756075718966145 17.86707634
26 22776366 1.54726098832878 17.89823039
26 22954453 0.174937530532829 17.92938444
26 23017988 0.490345478869914 17.9605385
26 23039524 1.44660568350669 17.99169255
26 23078128 0.806903429696404 18.02284228
26 23104539 1.17942145318239 18.053992
26 23127140 1.37824432547232 18.08514172
26 23161478 0.907149513658338 NA
26 23191365 1.3868136648041 18.15773912
26 23279636 0.469550588528509 18.19918679
26 23371734 0.450039088796717 18.24063446
26 23407652 0.776632886018153 18.26852954
26 23609326 0.148301714648393 18.29843818
26 23632442 1.36861048624329 18.33007495
26 23676898 0.708725481374842 18.36158207
26 23720054 0.716062656409306 18.39248449
26 23886385 0.185788578196488 18.42338691
26 23988683 0.286682046569825 18.45271387
26 24093102 0.280858847527749 18.48204082
26 24157342 0.456522415940224 18.51136777
26 24201985 0.656922697847367 18.54069472
26 24233772 0.974659451977223 18.5716762
26 24263065 0.93078551189704 18.59894167
26 24287576 1.11237811594794 18.62620714
26 24330991 0.626223655418634 18.65339465
26 24359813 0.946447158420651 18.68067311
26 24472847 0.341527328060584 18.71927727
26 24529004 0.687433445518813 18.75788142
26 24577673 0.851293431136863 18.79931298
26 24687398 0.377594896331738 18.84074453
26 24734932 0.859670972356629 18.88160815
26 24774209 1.04039514219518 18.92247176
26 24855737 0.364740947895202 18.95220833
26 24883250 1.72540253698252 18.9996793
26 24908691 1.86592508156126 19.04715027
26 24952630 1.08038416896151 19.09462123
26 24988516 1.32282784372736 19.1420922
26 25049092 0.783660195456947 19.18956317
26 25141850 0.484126436533776 19.23446981
26 25183416 1.06802675263436 19.27886338
26 25206993 1.83570004665564 19.32214366
26 25235703 1.53515848136538 19.36621808
26 25328182 0.476588198401799 19.41029251
26 25377170 0.899697885196375 19.45436694
26 25411907 1.26667530299105 19.49836747
26 25442148 1.70501306173738 19.54992879
26 25470807 2.3279912069507 19.61664669
26 25653351 0.443449250591638 NA
26 25679358 3.08786480562925 NA
26 25700527 1.89516273796589 NA
26 25755158 1.04041661327818 NA
26 25790675 2.0786215051947 19.94868583
26 25837056 1.59173799616222 20.02251225
26 25905314 0.635371678045064 20.06588149
26 25952309 0.967007128417917 20.111326
26 26014206 0.558938236101911 20.14592256
26 26047186 1.19638872043663 20.18537943
26 26076346 1.35311728395062 20.2248363
26 26120736 0.893106555530525 20.26448133
26 26149821 1.39333333333333 20.30500644
26 26242079 0.440436601703917 20.34564022
26 26270594 1.4922602139225 20.38819197
26 26326429 0.762099041819647 20.43074373
26 26364611 1.11327588916243 20.47325082
26 26461336 0.441973636598604 20.51600074
26 26497209 1.89614752041926 20.58402123
26 26521124 2.8489859920552 20.65215471
26 26561752 1.66823865314561 20.71993193
26 26605114 1.56305520963055 20.78770915
26 26675554 0.780865985235662 20.84271332
26 26716950 1.32219054981158 20.89744676
26 26805982 0.62026350076377 20.95267008
26 26835193 1.89085960768204 21.00790396
26 26921943 0.717391354466859 21.07013765
26 26961952 1.55549251418431 21.13237133
26 27000142 1.62958104215763 21.19460502
26 27031147 2.09207224641187 21.25946973
26 27065718 1.87892742472014 21.32442611
26 27091833 2.49398812942753 21.38955662
26 27167350 0.950513129494021 21.46133657
26 27245418 0.878379105395297 21.52990991
26 27345110 0.708660674878626 21.60055769
26 27386104 1.60484705078792 21.66634679
26 27529565 0.459218881786688 21.73222683
26 27566861 1.66977691977692 21.79450284
26 27619516 1.18271769062767 21.85677885
26 27640097 3.02589767261066 21.91905485
26 27689471 1.26116579576295 21.98132362
26 27720275 2.02390273990391 22.04366787
26 27749301 2.24795355887825 22.10891699
26 27788692 1.65644690411515 22.1741661
26 27844192 1.15055315315315 22.23802181
26 27902998 1.0753715607251 22.30126016
26 27933010 2.29018725842996 22.3699933
26 27961374 2.49422507403751 22.44073953
26 28001183 1.7355723580095 22.50983096
26 28041134 1.79127931716353 22.58139441
26 28071047 2.39238458195433 22.65295785
26 28108725 1.87407505706248 22.72356928
26 28138124 2.37587673050104 22.79341764
26 28197657 1.17327196680832 22.86326599
26 28283530 0.587675986631421 22.91373147
26 28402838 0.442148891943541 22.96648333
26 28427029 2.17826051010706 23.01917765
26 28461049 1.61469135802469 23.07410944
26 28494648 1.63492365844222 23.12904122
26 28522205 1.76489821098088 23.17767657
26 28572377 1.05280435302559 23.23049785
26 28618900 1.13406917008791 23.28325813
26 28763335 0.372663828019524 23.3370838
26 28790807 2.61101121141526 23.40881349
26 28843689 1.35332249158504 23.4803799
26 28906651 1.33911406880341 23.56469325
26 28953269 1.80859968252606 23.64900659
26 28997874 1.89156596794081 23.7333799
26 29024659 1.57140190405077 23.77546994
26 29052804 1.07630840291348 23.80576263
26 29125453 0.416973392613801 23.83605531
26 29164655 0.816001734605377 23.86804423
26 29186399 1.47115986019132 23.90003315
26 29225135 0.763403552251136 23.9296044
26 29267024 0.752546014466805 23.96112776
26 29333567 0.475644320213997 23.9927786
26 29371468 0.835091422389911 24.02442943
26 29396252 1.2770658489348 24.05608026
26 29435606 0.803049245311785 24.08768348
26 29489586 0.58546128195628 24.11928669
26 29513286 1.21517299578059 24.14808624
26 29539490 1.20170584643566 24.17957575
26 29574510 0.906810394060537 24.21133224
26 29636608 0.487508454378563 24.24160552
26 29667152 0.991137375589314 24.2718788
26 29709554 0.711678694401207 24.30205544
26 29744561 1.1289827748736 24.34157773
26 29803130 0.674798955078625 24.38110003
26 29837064 1.16468144044321 24.42062232
26 29870531 1.157904801745 24.45937389
26 29901576 1.2991206313416 24.49970505
26 29924148 1.78678008151692 24.54003621
26 29954580 1.32528916929548 24.58036737
26 29993626 1.03291502330584 24.62069853
26 30025965 0.648637867590216 24.64167482
26 30100290 0.64604372687521 24.68969198
26 30197564 0.51082406398421 24.73938184
26 30251162 0.927084965856935 24.78907171
26 30286952 0.860016764459346 24.81985168
26 30316484 0.87116686983611 24.84557899
26 30350825 0.751174980344195 24.87137507
26 30397842 0.56862198779165 24.89811001
26 30418599 1.28799441152382 24.92484495
26 30457676 0.684159480001024 24.95157989
26 30555506 0.201419809874272 24.97128481
26 30598534 0.522950171981036 24.99378629
26 30643098 0.504925500403913 25.01628777
26 30679250 0.622413697720735 25.03878925
26 30703028 0.9463159222811 25.06129073
26 30746778 0.51432 25.08379221
26 30892856 0.202415832637358 25.11336072
26 30950051 0.560398636244427 25.14541274
26 30975016 1.30033246545163 25.17787558
26 31004268 1.1097634349788 25.21033842
26 31024665 1.59489630828063 25.24286949
26 31045180 1.92378747258104 25.28233596
26 31085230 0.985430711610487 25.32180242
26 31175939 0.441017980575246 25.36180672
26 31257630 0.504026147311209 25.40298116
26 31292412 1.31207808636651 25.44861783
26 31314510 2.06519594533442 25.4942545
26 31368850 0.798030916451969 25.53761954
26 31436396 0.651307257276523 25.5816127
26 31510170 0.596323908151923 25.62560587
26 31562060 0.841948352283677 25.66929452
26 31614177 0.810000575627914 25.71150932
26 31647548 1.26501453357706 25.75372412
26 31697748 1.15428486055777 25.8116692
26 31747904 1.08665164686179 25.86617126
26 31777822 1.29216525168795 25.90483025
26 31847076 0.558220463799925 25.94348924
26 31869517 1.72158994697206 25.98212342
26 31927830 0.662531510983829 26.0207576
26 32042982 0.3411195637071 26.06003819
26 32051521 4.60249443728774 26.09933888
26 32132749 0.484232038213424 26.13867206
26 32158156 1.54296060140906 26.17787409
26 32210509 0.748801405841117 26.21707612
26 32258580 0.87649934471927 26.2592103
26 32314047 0.759626444552617 26.30134448
26 32357489 0.971368721513742 26.3435427
26 32383743 2.10628856555192 26.39884122
26 32429589 1.21848143785717 26.45470369
26 32449484 2.81040462427746 26.51061666
26 32479254 2.27984884111522 26.5784878
26 32505032 2.6566801148266 26.64697169
26 32533877 2.04120644825793 26.70585027
26 32565506 1.86153846153846 26.76472884
26 32614961 1.39931857243959 26.83393215
26 32637805 2.10370337944318 26.88198917
26 32725804 0.686174842895942 26.94237187
26 32781683 1.08071726408848 27.00276129
26 32875767 0.641866842396157 27.0631507
26 32913166 1.483633252226 27.11863712
26 32957745 1.24467574418448 27.17412353
26 33060404 0.743866587439971 27.25048816
26 33122622 1.21771352341766 27.32625185
26 33166135 1.76344770528348 27.40298477
26 33218028 1.38733547877363 27.47497779
26 33279036 1.43913093364805 27.56277626
26 33328268 1.82426064348391 27.65258823
26 33359761 2.09008033531261 27.71841108
26 33380765 1.99748143210817 27.76036617
26 33413339 1.6461840731872 27.81398892
26 33438185 2.14960154552041 27.86739794
26 33502852 0.848465214096835 27.92226559
26 33560198 0.964417744916821 27.97757114
26 33609824 1.11261435537823 28.03278574
26 33642328 1.69317622446468 28.08782073
26 33685556 1.3942398445452 28.14809098
26 33743606 1.17217915590009 28.21613598
26 33797697 1.26511064687286 28.2845671
26 33940040 0.480747911734332 28.35299823
26 33992045 1.08673204499567 28.40951371
26 34033934 1.34917281386522 28.46602919
26 34080220 1.22100635181264 28.52254468
26 34120487 1.38498025678595 28.57831368
26 34158439 1.20043212478921 28.62387246
26 34182465 2.39675351702323 28.68145686
26 34260340 0.882839165329053 28.75020794
26 34328067 1.01737564043882 28.81911174
26 34402360 0.927460191404305 28.88801553
26 34444267 1.65125158088148 28.95721448
26 34508387 1.07921085464754 29.02641343
26 34528894 3.37440873847954 29.09561238
26 34580219 1.42020457866537 29.16850439
26 34660970 0.98922613961437 29.24838544
26 34829732 0.479337173060286 29.32927938
26 34894018 1.25834396291572 29.41017332
26 35034304 0.57663558730023 29.49106727
26 35067304 2.4513303030303 29.57196121
26 35140949 1.55207821304909 29.68626398
26 35320883 0.677854102059644 29.80823295
26 35363418 3.11149641471729 29.94058042
26 35730692 0.360350855219809 30.0729279
26 35776873 2.30949524696304 30.17958269
26 35829748 2.32296926713948 30.30240967
26 35904911 1.70765137102032 30.43076186
26 35955876 2.51815559697832 30.55909968
26 36007487 2.10097266086687 30.66753294
26 36054698 2.04922369786702 30.76427887
26 36104043 1.59356165771608 30.84291322
26 36154415 1.57855356150242 30.92242815
26 36218016 1.23692080313203 31.00109755
26 36307671 0.985926049857788 31.08949076
26 36339672 2.76220118121309 31.17788397
26 36409899 1.23498654363706 31.26461335
26 36436983 3.07766208831783 31.3479688
26 36484681 1.72215396871986 31.43011208
26 36520739 2.38281934660824 31.51603178
26 36581709 1.42592750533049 31.60297053
26 36613977 2.69427296392711 31.68990929
26 36635254 3.39089627297081 31.76205735
26 36664587 2.45534721985477 31.83408009
26 36694401 2.42470986784732 31.90637034
26 36724009 2.79395433666577 31.98909371
26 36879394 0.532485117611095 32.07183389
26 36916832 2.08376782947807 32.14984596
26 36975607 2.05929221607826 32.27088084
26 37010533 3.35615014602302 32.38809771
26 37042629 1.73898928215354 32.4439123
26 37062751 2.77290527780539 32.49970869
26 37088133 2.19826648806241 32.55550509
26 37114801 2.09226038698065 32.61130148
26 37139478 2.26106901163026 32.66709788
26 37200036 0.921371247399188 32.72289427
26 37341097 0.395548025322378 32.77869067
26 37379990 1.76679865271386 32.84740672
26 37405778 2.66465410268342 32.91612278
26 37468852 1.48041506801535 33.00949852
26 37538846 1.19343515158442 33.0930318
26 37565587 2.76217044987098 33.16689502
26 37586532 3.21292910002387 33.23418984
26 37623073 1.84162447661531 33.30148466
26 37653683 2.19845802025482 33.36877948
26 37727064 0.917267412545482 33.43608946
26 37775088 1.79358862235549 33.52222473
26 37814340 2.19375318455111 33.60833395
26 37836796 3.8372372639829 33.69450297
26 37900334 1.31791211558437 33.7782405
26 37900334 Inf 33.82593808
26 37944727 1.30627801680445 33.88392764
26 38071449 0.457612727071858 33.94191719
26 38110713 1.48006316218419 34.00003041
26 38136762 2.66837498560405 34.06953892
26 38388764 0.275825191863557 34.13904743
26 38480503 0.757676669682469 34.20855594
26 38508625 2.6993954910746 34.2844683
26 38584250 1.00380033057851 34.36038066
26 38640593 1.31452531814067 34.43444498
26 38693276 1.3518364557827 34.50566378
26 38728596 2.01638731596829 34.57688257
26 38780955 1.28498634427701 34.64416314
26 38880285 0.69448605657908 34.7131464
26 38948943 1.05975851321041 34.78590733
26 38980554 2.80708297744456 34.87464198
26 39004221 3.75360628723539 34.96347857
26 39030371 3.3971931166348 35.05231515
26 39050907 2.55971951694585 35.10488156
26 39112026 0.860066427788413 35.15744797
26 39144175 1.63508662788889 35.21001439
26 39178218 1.54411773345475 35.2625808
26 39259782 0.687494482860085 35.31865563
26 39314039 1.03416886300385 35.37476654
26 39339964 2.67506653809065 35.44411767
26 39426206 0.804145312028942 35.51346879
26 39538069 0.713028436569733 35.59323032
26 39589043 1.52765331345392 35.6711009
26 39609490 2.38290213723285 35.71982412
26 39643159 1.40100686091063 35.7669946
26 39761703 0.383593433661763 35.81246729
26 39805452 1.05593727856637 35.85866344
26 40007211 0.228967233184145 35.90485959
26 40043343 1.27948909553858 35.95109005
26 40087960 1.03616334580989 35.99732051
26 40275338 0.284143282562521 36.05056272
26 40441942 0.330932630669132 36.10569743
26 40494763 1.06016167812044 36.16169619
26 40586606 0.650293435536731 36.22142107
26 40632067 1.32567475418491 36.28168752
26 40668715 1.64446900240122 36.34195397
26 40745551 0.784352386901973 36.40222042
26 40781334 1.68422155772294 36.46248687
26 40810615 2.13442846897305 36.52498507
26 40857299 1.34303830005998 36.58768349
26 40945541 0.710527866548809 36.65038192
26 40968863 2.39746591201441 36.70629566
26 41011470 1.4020630412843 36.76603339
26 41042148 1.94724884281896 36.82577113
26 41069275 2.20214915029307 36.88550887
26 41093991 2.70398931865998 36.95234067
26 41115095 3.16678354814253 37.01917247
26 41171824 1.17808880819334 37.08600428
26 41223340 1.30664453761938 37.15331739
26 41262924 1.77797089733226 37.22369663
26 41307016 1.90509616256917 37.30769612
26 41336688 2.83093488811 37.39169561
26 41389219 1.50891854333632 37.47096064
26 41422487 1.49493507274258 37.52069416
26 41451309 1.72617098050101 37.57044588
26 41477794 2.39205965640929 37.63379956
26 41583200 0.601044532569303 37.69715325
26 41660730 0.817150780343093 37.76050694
26 41698054 1.69739845675705 37.82386062
26 41805841 0.58776754154026 37.88721431
26 41938091 0.481545557655955 37.95089873
26 41964411 2.41962006079027 38.01458315
26 41997982 1.89700634476185 38.07826756
26 42030841 1.93773395416781 38.14193958
26 42052707 2.90412055245587 38.20544104
26 42075398 2.79853245780265 38.2689425
26 42098096 2.80561723499868 38.33262442
26 42151900 1.12651104007137 38.39323522
26 42188790 1.62747628083491 38.4532728
26 42233058 0.947384114936297 38.49521157
26 42299778 0.737592925659472 38.54442378
26 42329789 1.73135516977108 38.59638352
26 42403430 0.705581130076995 38.64834327
26 42485915 0.629929078014184 38.70030302
26 42575120 0.582475197578611 38.75226276
26 42610754 1.45814952012123 38.80422251
26 42633166 2.50644743887203 38.86039699
26 42681843 1.5385007292972 38.93528657
26 42758611 1.0986739266361 39.01962958
26 42800673 2.1547762826304 39.11026376
26 42883002 1.14912363808622 39.20486998
26 42982393 0.884513688362125 39.29278266
26 43020971 1.64522525791902 39.3562522
26 43062658 1.93237939885336 39.43680727
26 43149049 0.932447824426156 39.51736233
26 43176196 2.96191844402696 39.59776957
26 43197866 2.76550530687587 39.65769803
26 43260613 1.10409740704735 39.7269768
26 43322547 1.39033002874027 39.81308553
26 43357144 2.48922449923404 39.89920523
26 43379531 3.84686201813552 39.98532492
26 43426429 2.31020939059235 40.09366912
26 43507238 1.59661176354119 40.22268971
26 43569953 2.05725265088097 40.3517103
26 43599857 3.83319288389513 40.46633814
26 43623715 4.22125911643893 40.56704889
26 43648001 4.22068681544923 40.66955247
26 43709270 1.77180792896897 40.77810932
26 43742133 1.94524845571007 40.84203599
26 43787087 1.33946923521822 40.90225045
26 43808352 3.08397836821068 40.96783121
26 43847892 2.02906676783005 41.04806048
26 43905845 1.3843856228323 41.12828975
26 43936742 3.08144480046606 41.22349716
26 44012416 1.32804001374316 41.32399524
26 44102745 1.07466372925638 41.42106849
26 44125269 4.30626886876221 41.51806292
26 44205994 1.20154103437597 41.61505735
26 44238502 3.02657499692383 41.71344525
26 44266231 1.78428360200512 41.76292163
26 44289906 2.22442238648363 41.81558484
26 44314819 2.33859430819251 41.87384624
26 44390824 0.769065193079403 41.93229901
26 44472347 0.717009923579849 41.99075178
26 44493624 2.47420689006909 42.04339546
26 44550619 0.92383191508027 42.09604929
26 44573578 2.29756522496624 42.14879905
26 44637034 0.855225668179526 42.20306827
26 44668768 1.75386021302074 42.25872529
26 44691194 2.48180683135646 42.3143823
26 44768915 0.741726174393021 42.37202998
26 44810332 1.43464277953497 42.43144854
26 44865257 1.07090760127447 42.49026814
26 44897858 1.85409343271679 42.55071346
26 44928459 2.2066631809418 42.61823958
26 44966836 1.61140787450817 42.68008058
26 45008042 1.36776683007329 42.73644081
26 45074046 0.973672807708624 42.80070715
26 45095483 3.53723002285768 42.87653475
26 45188907 0.861595521493406 42.95702843
26 45230700 2.05443973871222 43.04288964
26 45306643 1.1548542986187 43.13059273
26 45333826 3.23356877460177 43.21849079
26 45362609 3.04803877288677 43.30622253
26 45397768 2.49528427998521 43.39395427
26 45429575 3.08407897632597 43.49204955
26 45489973 1.55531474552137 43.5859874
26 45534844 2.46608722783089 43.69664315
26 45574143 2.05662230591109 43.7774664
26 45619365 2.18942328954933 43.87647646
26 45647843 3.6312451717115 43.97988709
26 45693054 2.21171175156488 44.0798808
26 45717569 2.37710789312666 44.13815556
26 45732118 3.68101587737989 44.19171069
26 45768190 1.55882679086272 44.24794067
26 45801666 1.87336001911817 44.31065328
26 45853143 1.21989626435107 44.37344992
26 45916519 1.03556709164352 44.43908005
26 46006594 0.728616153205662 44.50471018
26 46031583 2.62635959822322 44.57034031
26 46064026 2.02293561014703 44.63597044
26 46207713 0.498616437116789 44.70761519
26 46331010 0.582068501261182 44.77938244
26 46358620 2.51605939876856 44.84885089
26 46421801 1.10165556100726 44.91845459
26 46452461 2.21986301369863 44.98651557
26 46500339 1.42042065249175 45.05452243
26 46558423 1.17083706356312 45.12252929
26 46602209 1.63338281642534 45.19404855
26 46639543 1.65451063373868 45.255818
26 46670068 1.88373791973792 45.31331915
26 46682264 4.44640045916694 45.3675475
26 46728033 1.19712906115493 45.42233885
26 46765748 1.45277475805382 45.4771302
26 46787804 2.42666848023214 45.53065283
26 46882777 0.678624451159803 45.59510384
26 46941160 1.10393436445541 45.65955486
26 46987791 1.34820612897 45.7224231
26 47027799 1.57139072185563 45.78529134
26 47180194 0.412534531972834 45.84815958
26 47244474 1.44284380833852 45.9409056
26 47436714 0.483049833541407 46.03376705
26 47467415 3.02470603563402 46.1266285
26 47495405 3.31766702393712 46.21948995
26 47565180 1.34436689358653 46.31329319
26 47590061 3.94122824645312 46.41135487
26 47614807 4.25464317465449 46.51664027
26 47695930 1.39744831921896 46.63000548
26 47733789 2.99440555746322 46.74337069
26 47774305 3.24245236449798 46.87474193
26 47838401 2.04676266849725 47.00593127
26 47874232 3.66133515670788 47.13712061
26 47951057 1.77352684672958 47.27337181
26 48058049 1.25197958725886 47.40732358
26 48098490 2.33727405355951 47.5018453
26 48119974 3.0219139824986 47.56676812
26 48234414 0.553809856693464 47.63014617
26 48256973 2.81094463407066 47.69355831
26 48285943 2.18888850535036 47.75697046
26 48323670 1.87285233387229 47.82762758
26 48402624 0.894914760493452 47.89828469
26 48430257 2.55698259327616 47.96894181
26 48461297 2.33654317010309 48.04146807
26 48595524 0.683030984824216 48.13314926
26 48701391 0.866003570517725 48.22483044
26 48766404 1.49075108055312 48.32174867
26 48788816 5.18402195252543 48.43793294
26 48811792 5.05464397632312 48.55406847
26 48836367 3.60336520854527 48.64262113
26 48859017 3.70095364238411 48.72644776
26 48880894 3.8342185857293 48.81032897
26 48905895 3.27464101435943 48.89219823
26 49018967 0.729950827791142 48.97473522
26 49046489 3.01886854153041 49.05782055
26 49114095 1.26643493181079 49.14343915
26 49185346 1.29133766543627 49.23544826
26 49237494 1.91541957505561 49.33533354
26 49268599 3.21122970583508 49.43521882
26 49307320 2.57256527465716 49.53483109
26 49339346 3.13745082120777 49.6353111
26 49386980 2.10941764286014 49.73579112
26 49413229 3.82795535068003 49.83627113
26 49454109 2.01720890410959 49.91873463
26 49474324 4.34849863962404 50.00663954
26 49563747 0.982057188866399 50.09445806
26 49599053 2.77255990483204 50.19234605
26 49637614 2.54019086641944 50.29029834
26 49673322 2.74314719390613 50.38825064
26 49728342 1.78030352599055 50.48620293
26 49816168 1.11529956960353 50.58415522
26 49850275 2.87191192423843 50.68210752
26 49924142 1.32606305928222 50.78005981
26 49973795 1.97135117716956 50.87794336
26 50115351 0.890973890191868 51.00406605
26 50259275 0.961599872154748 51.14246336
26 50272316 7.55569358178054 51.24099715
26 50307922 3.25087344829523 51.35674773
26 50360142 2.01407123707392 51.46192252
26 50395547 2.22523372405028 51.54070687
26 50428714 2.37670576175114 51.61953506
26 50651652 0.353762481048543 51.69840218
26 50676705 3.14230231908354 51.77712626
26 50711179 2.28357892904798 51.85585034
26 50764094 1.4918057261646 51.93478925
26 50787553 3.36497293149751 52.01372815
26 50846722 1.12955432743497 52.08056275
26 50966765 0.380839365893888 52.12627985
26 50993657 1.6566971590064 52.17083179
26 51030268 1.21689929256234 52.21538373
26 51053430 1.55610050945514 52.25142609
26 51075438 1.63356052344602 52.28737751
26 51127593 0.403990029719106 52.30844764
26 51205579 0.265304028928269 52.32913759
26 51242463 0.569677909120486 52.35014958
26 51266972 0.840017952588845 52.37073754
26 51310473 0.473276476402841 52.3913255
26 51347799 0.551572630338102 52.41191345
26 51575536 0.0719676644550512 NA
26 51630895 0.460078758648097 52.45377267
26 51659347 0.343136862083509 52.4635356
26 51713691 0.00624884071838657 52.46387519
26 51748228 0.00983255638880042 52.46421478
26 51824417 0.00445716573258607 52.46455436
26 51845974 0.0157529804703808 52.46489395
26 51857429 0.0296453077258839 52.46523354
26 51956410 0 52.46523354
26 51990348 0 52.46523354
