Chromosome Position(bp) Rate(cM/Mb) Map(cM)
9 64186 0 0
9 534463 0.00401131673460535 0.001886427
9 580687 0.0417824074074074 0.00381778
9 611234 0.0655160899597342 0.005819105
9 646016 0.0610870565234892 0.007943832
9 669157 0.0966375696815176 0.010180122
9 705262 0.0622276692978812 0.012426847
9 761398 0.0400229799059427 0.014673573
9 842052 0.0221820368487614 0.016462639
9 899806 0.0309774214773003 0.018251704
9 946489 0.0504174967332862 0.020605346
9 979023 0.0723440093440708 0.022958987
9 1005024 0.0905211338025461 0.025312628
9 1072761 0.0347467410720876 0.027666269
9 1106947 0.0700924354999123 0.030062453
9 1152842 0.0771456585684715 0.033603054
9 1274733 0.0290472635387354 0.037143654
9 1305914 0.119821044867066 0.040879795
9 1430455 0.030795240121727 0.044715061
9 1530483 0.0389020074379174 0.048606356
9 1564613 0.116376501611485 0.052578287
9 1597234 0.126229116213482 0.056696007
9 1627529 0.135920779006437 0.060813727
9 1659706 0.127970910899089 0.064931446
9 1703911 0.117176111299627 0.070111218
9 1749674 0.113186854008697 0.075290989
9 1789119 0.17877043985296 0.082342586
9 1813012 0.295132465575692 0.089394184
9 1834288 0.335252397067118 0.09652701
9 1862541 0.252462747318869 0.103659835
9 1900715 0.187937863467281 0.110834178
9 1926540 0.335663504356244 0.119502688
9 1966004 0.219656142306913 0.128171199
9 2022740 0.15278676677947 0.136839709
9 2031046 1.03827474115098 0.145463621
9 2094666 0.135553442313738 0.154087533
9 2232826 0.062470396641575 0.162718441
9 2303783 0.133268035570839 0.172174744
9 2377423 0.139618413905486 0.182456229
9 2405555 0.354671548414617 0.192433853
9 2428604 0.790949715822812 0.210664432
9 2445639 1.07018491341356 0.22889501
9 2524357 0.297380522879138 0.252304247
9 2581063 0.416379219130251 0.275915399
9 2613744 1.19537039870261 0.314981262
9 2688546 0.522257426272025 0.354047125
9 2704818 0.492446533923304 0.362060211
9 2716966 0.650637965097135 0.369964163
9 2792938 0.155399357658085 0.381770197
9 2836381 0.293586999056235 0.39452448
9 2860264 0.509726583762509 0.406698265
9 2904395 0.30813713715982 0.420296649
9 2952558 0.275832070261404 0.433581523
9 2978845 0.672324723247232 0.451254954
9 3037955 0.300531212992725 0.46901933
9 3081513 0.410964690757151 0.486920122
9 3132080 0.354001621610932 0.504820915
9 3203477 0.189356695659481 0.518340415
9 3271772 0.265231715352515 0.536454446
9 3428730 0.103725200372074 0.552734955
9 3458178 0.542376392284705 0.568706875
9 3580288 0.173425599868971 0.58988389
9 3604424 0.813655949618827 0.609522318
9 3691609 0.225249756265413 0.629160746
9 3897414 0.129792764995991 0.655872746
9 3975998 0.339916522447317 0.682584745
9 4054980 0.363013091590489 0.711256212
9 4123134 0.230219796343575 0.726946609
9 4134508 1.25407947951468 0.741210515
9 4164769 0.429205908595222 0.754198716
9 4209209 0.298402340234023 0.76745975
9 4231423 0.596965877374628 0.780720785
9 4312919 0.159372239128301 0.793708985
9 4365950 0.270302276027229 0.808043345
9 4402407 0.394516828043997 0.822426221
9 4474046 0.207828138304555 0.837314862
9 4508508 0.428030874586501 0.852065628
9 4541571 0.446142213350271 0.866816394
9 4575033 0.424263343494113 0.881013086
9 4620400 0.312930103379108 0.895209778
9 4678072 0.247601955888473 0.909489438
9 4719762 0.282017270328616 0.921246717
9 4766977 0.249016202478026 0.933003997
9 4946460 0.0684438080486731 0.94528848
9 4969662 0.529458667356262 0.957572963
9 5003417 0.363931269441564 0.969857446
9 5071762 0.179742482990709 0.98214193
9 5107679 0.431879054486733 0.997653694
9 5147940 0.512401579692506 1.018283522
9 5170124 0.929940497655968 1.038913349
9 5207519 0.582043053884209 1.06067882
9 5229635 1.26876017362995 1.088738733
9 5313871 0.333110546559666 1.116798647
9 5385054 0.467635530955425 1.150086376
9 5514391 0.257371827087376 1.183374105
9 5536238 1.52367373094704 1.216661835
9 5558499 1.49533713669646 1.249949564
9 5629412 0.469416045012903 1.283237293
9 5795323 0.182864909499672 1.313576559
9 5816733 1.41706212050444 1.343915825
9 5843571 1.13027796408078 1.374250268
9 5869432 1.1737326476161 1.404604199
9 5943709 0.408658131049989 1.43495813
9 5993294 0.860594937985278 1.477630762
9 6120381 0.335954110176493 1.520326129
9 6144440 1.513017997423 1.556727843
9 6181422 0.984503271861987 1.593136703
9 6218345 1.06602930422772 1.632497748
9 6247051 1.51778373859124 1.676067276
9 6269557 1.59420154625433 1.711946382
9 6390433 0.376010126079619 1.757396999
9 6429499 1.16343111657196 1.802847616
9 6450798 2.13393117047749 1.848298232
9 6624257 0.262025031851907 1.893748849
9 6698112 0.615617087536389 1.939215279
9 6723284 1.80682504369935 1.984696659
9 6754606 0.999881872166528 2.016014957
9 6782725 1.21198477897507 2.050094795
9 6810639 1.58376441928781 2.094303974
9 6887577 0.594386389040526 2.140034862
9 7097350 0.218001840084282 2.185765749
9 7456331 0.189645970120981 2.25384508
9 7500045 1.62294230681246 2.324790405
9 7600098 0.953036890448063 2.420144642
9 7780548 0.547679689664727 2.518973441
9 7951157 0.440218863014261 2.594078764
9 7979325 2.86654359556944 2.674823606
9 8034761 1.45162529764052 2.755295941
9 8054813 3.40046878116896 2.823482121
9 8092928 1.78895972714155 2.891668301
9 8118878 2.62759922928709 2.959854481
9 8146724 2.29927099044746 3.023879985
9 8216350 0.929590957400971 3.088603675
9 8236379 3.23149932597733 3.153327365
9 8257979 2.99646759259259 3.218051054
9 8311881 1.25292567993766 3.285586291
9 8338453 2.54159265392142 3.353121529
9 8405821 1.00248189051182 3.420656766
9 8435576 2.47689127877668 3.494356632
9 8458373 3.23287713295609 3.568056498
9 8509540 1.53201086637872 3.646444902
9 8532555 3.39811427330002 3.724652476
9 8602734 1.11440174411149 3.80286005
9 8646038 1.7293021429891 3.877745705
9 8691938 1.65419389978213 3.953673244
9 8719605 2.74221274442477 4.029542051
9 8741004 3.62742651525772 4.107165369
9 8783040 1.84116709487106 4.18456062
9 8803813 4.5072497954075 4.278189757
9 8970505 0.600716891032563 4.378324477
9 9157271 0.539481490206997 4.479081238
9 9180671 4.12110683760684 4.575515117
9 9212931 3.04384686918785 4.673709611
9 9302225 1.09402087486281 4.771399079
9 9339314 2.63349780258298 4.869072838
9 9595607 0.394940556316403 4.97029334
9 9643273 2.5084022154156 5.089858844
9 9683428 2.9795741501681 5.209503674
9 9907258 0.537184917124603 5.329741738
9 9952764 2.36526172372874 5.437375385
9 10112014 0.960776138147567 5.59037903
9 10139748 5.51183024446528 5.743244093
9 10184768 3.14707907596624 5.884925619
9 10221793 3.82664415935179 6.026607144
9 10260399 2.29242086722271 6.11510832
9 10337737 1.3885062970338 6.222492576
9 10490301 0.704066490128733 6.329907784
9 10529588 2.76734288696006 6.438628376
9 10601391 1.4246396390123 6.540921743
9 10622057 4.95700183876899 6.643363145
9 10771108 0.687290927266506 6.745804548
9 10940149 0.606015108760597 6.84824595
9 11028613 1.15428988062941 6.95035908
9 11158693 0.68432733702337 7.039376383
9 11465225 0.413106298852975 7.166006711
9 11496361 2.50626927029805 7.244041937
9 11598425 0.764571249412134 7.322077163
9 11630708 2.12333736022055 7.390624888
9 11652908 3.08773423423423 7.459172614
9 11700251 1.4442979954798 7.527550017
9 11734989 1.96837469054062 7.59592742
9 11805604 0.948185229767047 7.662883539
9 11827389 3.07405554280468 7.729851874
9 11875613 1.39194799270073 7.796977211
9 11918197 1.57630330640616 7.864102547
9 11997198 0.849676586372324 7.931227884
9 12032677 1.89197271625469 7.998353221
9 12079703 1.47449496023476 8.067692794
9 12198197 0.596417540128614 8.13836469
9 12290152 0.768548746669567 8.209036585
9 12310722 3.58295576081672 8.282737954
9 12337531 2.74912902383528 8.356439323
9 12384438 1.52706632272369 8.428069441
9 12417290 2.38398879824668 8.50638823
9 12492323 1.047071288633 8.584953136
9 12548926 1.38924968641238 8.663588849
9 12621882 1.07716157684084 8.742174207
9 12645042 3.39315198618307 8.820759565
9 12689732 1.75845603043186 8.899344923
9 12922202 0.340681378242354 8.978543127
9 13073563 0.523240464848937 9.057741331
9 13199153 0.630609124930329 9.136939534
9 13287682 0.895521241627038 9.216219092
9 13361076 1.08476033463226 9.295833948
9 13415360 1.44914523616535 9.374499377
9 13591056 0.437174437665058 9.451309136
9 13619838 2.67773261065944 9.528379629
9 13684115 1.44079841934129 9.620989824
9 13708088 3.82503649939515 9.712687389
9 13771124 1.454686211054 9.804384953
9 13809560 2.22824175252368 9.890029681
9 13880720 1.2334682405846 9.977803246
9 13921073 2.17514435110153 10.06557681
9 13950859 2.94680722487074 10.15335038
9 13983222 2.75027037048481 10.24235738
9 14005315 4.01826370343548 10.33113285
9 14038516 2.66699195807355 10.4196797
9 14063303 3.57230806471134 10.50822654
9 14095633 2.04653263223013 10.57439098
9 14127428 1.75728573675106 10.6302639
9 14149982 3.4813602908575 10.70878245
9 14195298 1.73269044046253 10.787301
9 14224642 2.67447859869138 10.86578091
9 14277874 1.38784941388638 10.93965895
9 14301110 3.02262437596833 11.00989266
9 14323525 3.13333482043275 11.08012636
9 14430564 0.656150561944712 11.15036007
9 14471513 1.71515055312706 11.22059378
9 14538413 1.03364125560538 11.28974438
9 14560671 3.10576421960643 11.35887252
9 14587185 2.73217168288451 11.43131331
9 14610239 3.1422226077904 11.5037541
9 14710066 0.725663397677983 11.57619489
9 14728949 2.62777101096224 11.62581509
9 14754324 2.9304118226601 11.70017429
9 14780945 3.01135569663048 11.78033964
9 14821182 2.12891865695753 11.86600098
9 14902011 1.0467047718022 11.95060508
9 15014036 0.779750055791118 12.03795661
9 15057946 1.98933044864496 12.12530814
9 15101504 2.00540658432435 12.21265967
9 15129365 2.94241412727468 12.29463831
9 15149826 2.95190850887053 12.35503726
9 15206217 0.991532336720399 12.41095073
9 15229393 2.33310321021747 12.46502271
9 15254708 2.13629863717164 12.51910313
9 15341628 0.622465485503912 12.57320783
9 15406354 0.835903655408955 12.62731252
9 15430684 2.16059597205097 12.67987978
9 15464581 1.54604832286043 12.73228622
9 15558085 0.56047227926078 12.78469265
9 15591527 1.96580348065307 12.85043309
9 15617587 2.52198772064467 12.91615605
9 15628228 7.205967484259 12.99283476
9 15669652 1.86351390498262 13.07002895
9 15743940 1.13807882834374 13.15457452
9 15766008 3.83114011237992 13.23912009
9 15791497 3.31515948056024 13.32362019
9 15822998 2.67541665343957 13.40789851
9 15846479 3.58921255483157 13.49217684
9 15870345 3.73108606385653 13.58122289
9 15919300 1.81893780002043 13.67026894
9 15941765 3.59751613621189 13.75108712
9 15975938 2.09266379890557 13.82259971
9 15989506 4.84602741745283 13.88835062
9 16000040 7.21131573951016 13.96431463
9 16029519 2.58116625394349 14.04040487
9 16079108 1.52830063118837 14.11619173
9 16138159 1.40825388223739 14.1993505
9 16210810 1.12692598863058 14.28122282
9 16360357 0.375100804429377 14.33731797
9 16369414 4.57692392624489 14.37877122
9 16408758 1.1928451606344 14.42570251
9 16453933 1.03887769784173 14.4726338
9 16562830 0.430969631853954 14.5195651
9 16596500 1.38989604989605 14.56636285
9 16629763 1.40690256441091 14.61316061
9 16655786 1.93491911001806 14.66351298
9 16687402 1.59262398785425 14.71386536
9 16727064 1.31470425092028 14.76600912
9 16747294 3.73721700444884 14.841613
9 16801612 1.39187562134099 14.91721689
9 16830399 2.23641574321742 14.98159659
9 16862586 2.43057445552552 15.05982954
9 17031856 0.498646541029125 15.14423547
9 17086578 1.54244910639231 15.2286414
9 17170909 0.997326012972691 15.31274686
9 17395548 0.374402930924728 15.39685231
9 17510065 0.735248915008252 15.4810508
9 17595872 0.89486871700444 15.55783679
9 17645456 1.67502016779606 15.64089098
9 17744416 0.839270412287793 15.72394518
9 17789761 1.1439585400816 15.77581802
9 17827430 1.60137248135071 15.8361401
9 17903511 0.792866813001932 15.89646218
9 18068635 0.365313945883094 15.95678426
9 18104195 1.69634701912261 16.01710634
9 18149378 1.33506185954895 16.07742842
9 18200677 1.23053665763465 16.14055376
9 18568547 0.177019871150135 16.20567405
9 18608888 1.57992117200863 16.26940967
9 18640672 1.9529039768437 16.3314808
9 18734491 0.692445027126702 16.39644528
9 18784325 1.00960589155998 16.44675801
9 18819597 1.73361589929689 16.50790609
9 18870767 1.32162595270666 16.57553373
9 18892230 3.42182360341052 16.64897631
9 19044436 0.482521056988555 16.72241889
9 19093497 1.51329976967449 16.79666291
9 19212422 0.751179314694135 16.8859969
9 19251558 2.28265535568275 16.97533089
9 19274826 3.83935018050542 17.06466488
9 19421211 0.610267445434983 17.15399887
9 19471837 1.80627740686604 17.24544347
9 19561418 1.02080351860328 17.33688808
9 19635948 1.2301033141017 17.42856767
9 19655323 2.32215225806452 17.47355938
9 19696699 1.12966453982985 17.52030041
9 19792123 0.421473633467471 17.56051912
9 19877387 0.47169614374179 17.60073784
9 19914423 1.08593530618857 17.64095655
9 19986682 0.558133934873165 17.68128674
9 20044682 0.696513793103448 17.72168451
9 20087216 0.94977664926882 17.76208229
9 20104367 2.31338114395662 17.80175904
9 20192721 0.453691966407859 17.84184455
9 20263863 0.717592983047989 17.89289554
9 20308833 1.37165443629086 17.95457883
9 20338539 2.09045983976301 18.01667799
9 20395846 1.08481337358438 18.07884536
9 20484642 0.926800756790846 18.16114158
9 20632705 0.555818806859242 18.24343779
9 20685975 1.54253238220387 18.32560852
9 20701542 5.1875313162459 18.4063628
9 20743137 1.94112032696238 18.4871037
9 20780517 1.3843392188336 18.53885029
9 20808486 2.23731988987808 18.60142588
9 20907278 0.667639080087456 18.66738328
9 21005539 0.671501409511403 18.73336569
9 21030797 2.6123366854066 18.79934809
9 21081385 1.30122361034237 18.86517441
9 21161394 0.855662487970103 18.93363509
9 21231720 1.18233796888775 19.01678424
9 21342177 0.75348235059797 19.10001162
9 21391128 1.70021858593287 19.183239
9 21437702 1.79225533559497 19.2667115
9 21474010 1.83923928610775 19.33349059
9 21518691 1.49457487522661 19.40026967
9 21565055 1.5660296781986 19.47287709
9 21606960 1.73266674621167 19.54548451
9 21653355 1.59116284082336 19.61930653
9 21796887 0.56787545634423 19.70081479
9 21833987 2.0912641509434 19.77840069
9 21895912 1.09314816310052 19.84609392
9 21917520 3.0479637171418 19.91195434
9 21939635 2.97808727108298 19.97781477
9 21959948 3.24227834391769 20.0436752
9 22017707 1.14026212365173 20.10953563
9 22042953 2.60874593995088 20.17539606
9 22104496 1.0701525762475 20.24125649
9 22133199 1.94313834790788 20.29703036
9 22210201 0.776282434222488 20.35680563
9 22294710 0.744701747742844 20.41973961
9 22332418 1.55945422721969 20.47854356
9 22375923 1.36663831743478 20.53799912
9 22411371 1.67726246896863 20.59745468
9 22435808 2.43301550926873 20.65691024
9 22484891 1.21132775095247 20.71636579
9 22510444 1.72280749814112 20.76038874
9 22545838 1.34556421992428 20.80801362
9 22573574 1.59694620709547 20.8523065
9 22594114 2.15669912366115 20.89660513
9 22622058 1.58526338391068 20.94090376
9 22648695 1.55335811089837 20.98228057
9 22692551 0.94346953666545 21.02365738
9 22732834 1.06449618945957 21.06653849
9 22767902 1.22971655070149 21.10966214
9 22799618 1.3596828099382 21.1527858
9 22878381 0.547512156723335 21.19590945
9 22915473 1.16261457996333 21.23903311
9 23016695 0.366666337357491 21.27614782
9 23053615 1.19308504875406 21.32019648
9 23123837 0.806032297570562 21.37679772
9 23202101 0.723986762751712 21.43345982
9 23244267 1.17290233837689 21.48291646
9 23269634 1.94964323727678 21.53237311
9 23295206 1.85830204911622 21.57989357
9 23339249 1.08168835002157 21.62753439
9 23359772 2.23679286653998 21.67344011
9 23396941 1.21250504452635 21.71850774
9 23445531 0.927507717637374 21.76357537
9 23495950 0.702028997005097 21.79897101
9 23521901 1.36393973257293 21.83436665
9 23556631 1.0191649870429 21.86976229
9 23583456 1.66824976700839 21.91451313
9 23615558 1.40473179241169 21.95960785
9 23635982 2.17810908734822 22.00409353
9 23672378 1.22226893065172 22.04857921
9 23807660 0.32883680016558 22.09306489
9 23911698 0.420339683577155 22.13679618
9 24000238 0.412540094872374 22.17332249
9 24097409 0.376907719381297 22.20994697
9 24137409 0.9156125 22.24657145
9 24163108 1.42513327366824 22.28319593
9 24186715 1.55142542466218 22.31982042
9 24289098 0.357720520008205 22.3564449
9 24335806 0.784116211355657 22.39306938
9 24379807 0.8323560828163 22.42969386
9 24493304 0.322691348670009 22.46631834
9 24585602 0.396807081410215 22.50294283
9 24658856 0.499965872170803 22.53956731
9 24688988 1.21699190229656 22.57623773
9 24744612 0.659254997842658 22.61290815
9 24770604 1.41083410280086 22.64957857
9 24872710 0.359140501047931 22.68624899
9 25037642 0.222336478063687 22.72291941
9 25085947 0.759142945864817 22.75958983
9 25109553 1.55343556722867 22.79626025
9 25136567 1.35461242318798 22.83285379
9 25159571 1.61240653799339 22.86994563
9 25180044 1.81174229472964 22.90703748
9 25260202 0.520515731430425 22.94876093
9 25326588 0.711776579399271 22.99601291
9 25365206 1.22357449893832 23.04326489
9 25385306 2.3077960199005 23.08965156
9 25470122 0.751772071307301 23.15341385
9 25529385 1.07798963940401 23.21729872
9 25685943 0.412072842013822 23.28181201
9 25785154 0.54657648849422 23.33603841
9 25854227 0.785059285104165 23.3902648
9 25878075 2.29705635692721 23.44504496
9 25904127 2.39881391064026 23.50753887
9 25937238 1.8874059980067 23.57003279
9 25970378 1.88575437537719 23.6325267
9 26007094 1.69535624795729 23.69477338
9 26028768 1.99326381839993 23.7379754
9 26061877 1.29043160469963 23.78070034
9 26149990 0.543950381895975 23.82862946
9 26317865 0.284826209977662 23.87644465
9 26353699 1.35903611095608 23.92514439
9 26459949 0.506202352941177 23.97892839
9 26521721 0.896992164734831 24.03433741
9 26632795 0.498615337522733 24.08972063
9 26689823 0.971158027635547 24.14510385
9 26775049 0.652758547860981 24.20073585
9 26838528 0.876384316073032 24.25636786
9 26898919 1.27521319401898 24.33337924
9 26934778 2.27463119440029 24.41494529
9 27001558 1.25811769991015 24.49896237
9 27095343 1.01108599456203 24.59378708
9 27161356 1.4364549406935 24.6886118
9 27217970 1.85734623944607 24.79376361
9 27249330 3.54177614795918 24.90483366
9 27317016 1.63672694501079 25.01561714
9 27349412 3.30212680577849 25.12259288
9 27374260 4.30520363811977 25.22956862
9 27430107 1.90327143803606 25.33586059
9 27576264 0.726492744103943 25.44204259
9 27595250 3.71426840830085 25.51256173
9 27620530 1.92154667721519 25.56113845
9 27647460 1.6283995544003 25.60499129
9 27673124 1.69547225685786 25.64850394
9 27700109 1.58297943301834 25.6912206
9 27738203 1.51783745471728 25.74904112
9 27778476 1.43667966131155 25.80690052
9 27820980 1.50451016374929 25.87084823
9 27841387 3.13361591610722 25.93479595
9 27887020 1.18947253084391 25.98907514
9 27944502 1.00606972617515 26.04690602
9 28026947 0.702789738613621 26.10484755
9 28074592 1.33479483681394 26.16844389
9 28162314 0.72560133147899 26.23209508
9 28260708 0.417218529585137 26.2731469
9 28284086 2.11577979296775 26.32260963
9 28305499 2.72852005790875 26.3810354
9 28327469 2.6655530268548 26.43959759
9 28355714 2.52957691626837 26.51104544
9 28478283 0.525094436603056 26.57540569
9 28529451 1.25782324890557 26.63976594
9 28567847 1.10200541723096 26.68207859
9 28596201 1.4683571982789 26.72371243
9 28616687 2.0724641218393 26.76616888
9 28637098 2.08007936896771 26.80862533
9 28670352 1.27673362602995 26.85108179
9 28690772 2.07916258570029 26.89353824
9 28712996 2.00934125269978 26.93819385
9 28842247 0.355144641047265 26.98409668
9 28874995 1.41549407597411 27.03045132
9 28914237 1.18168543907038 27.07682301
9 29298535 0.137330925479706 27.12959902
9 29320464 2.40788453645857 27.1824015
9 29376612 0.972234095604474 27.23699052
9 29403623 2.02099144792862 27.29157954
9 29474032 0.711768381882998 27.34169444
9 29507146 1.51340520625717 27.39180934
9 29531874 2.02317615658363 27.44183839
9 29626893 0.563673581073259 27.49539805
9 29755687 0.413421432675435 27.54864427
9 29796827 1.29426835196889 27.6018905
9 29850776 0.951802628408312 27.65323932
9 29884317 1.79901911093885 27.71358023
9 30019642 0.445896175872899 27.77392114
9 30196934 0.340347562213749 27.83426205
9 30230309 1.8079670411985 27.89460297
9 30256998 2.33617220577766 27.95695311
9 30382996 0.494849918252671 28.01930325
9 30408706 2.42513029949436 28.08165339
9 30497359 0.720769742704703 28.14555183
9 30573582 0.920186820251105 28.21569119
9 30650954 0.882772837719072 28.28399307
9 30723933 0.935911700626208 28.35229495
9 30898656 0.390915334558129 28.42059683
9 30932519 1.742937719635 28.4796179
9 30974342 1.41138847045884 28.53864635
9 30998746 2.41880429437797 28.59767481
9 31061597 0.927962960016547 28.65599818
9 31086150 2.37540830041136 28.71432156
9 31135482 1.18226303413606 28.77264494
9 31227973 0.63058459742029 28.83096832
9 31253066 1.81297971545849 28.87646139
9 31310496 1.05332927041616 28.93695414
9 31332699 2.72452821690763 28.99744689
9 31366005 1.81627034168018 29.05793963
9 31394479 2.13939032099459 29.11885661
9 31417308 3.18800210258881 29.19163553
9 31439828 3.36067051509769 29.26731784
9 31517754 0.924213997895439 29.33933815
9 31555978 1.88531289242361 29.41140232
9 31588794 1.46842393954169 29.4595901
9 31609052 2.22029815381578 29.50456887
9 31632490 1.83923542964417 29.54767688
9 31671442 1.14866502361881 29.5924197
9 31725734 0.824114049952111 29.63716252
9 31733303 5.9113224996697 29.68190534
9 31754747 2.08649505689237 29.72664816
9 31775853 2.11861555955652 29.7713637
9 31927909 0.294072578523702 29.81607924
9 31970686 1.46442480772378 29.87872289
9 32009658 1.50889356461049 29.93752752
9 32033966 1.91205364489057 29.98400576
9 32063963 1.74087408740874 30.03622679
9 32128416 0.588284486369913 30.07414354
9 32162598 1.10925925925926 30.11206029
9 32186030 1.61815892796176 30.14997704
9 32209150 1.63999567474048 30.18789379
9 32237919 1.45125308491779 30.22964489
9 32274241 1.15215296514509 30.27149341
9 32301933 1.44755886176513 30.31157918
9 32374174 0.639102448747941 30.35774857
9 32454710 0.566210142048277 30.40334882
9 32568343 0.402712240282312 30.4491102
9 32606152 1.21033087360152 30.49487158
9 32677455 0.641787863063265 30.54063296
9 32720871 1.08180163994841 30.58760046
9 32744221 1.96258244111349 30.63342678
9 32773864 1.72591505583106 30.68458812
9 32792617 2.555585772943 30.73251307
9 32815958 2.47520671779272 30.7902869
9 32840655 2.18160910232012 30.8441661
9 32900737 1.0556972138078 30.90759452
9 32957139 1.12457714265452 30.97102294
9 33018291 1.03722527472527 31.03445136
9 33042853 2.61201449393372 31.09860764
9 33068267 3.11243409144566 31.17770699
9 33102086 2.33237824891333 31.2565857
9 33179519 1.01867033435357 31.3354644
9 33612913 0.219819379133075 31.43073277
9 33638720 2.86838454682838 31.50475716
9 33668979 2.43852407548167 31.57854443
9 33706912 1.8184535892231 31.64752378
9 33736686 2.11757909585544 31.71057253
9 33759901 2.13172517768684 31.76006051
9 33821788 0.978034159031784 31.82058807
9 33846497 2.24475697114412 31.8760538
9 33876953 1.85327357499343 31.93249707
9 33964959 0.641357407449492 31.98894034
9 33986254 2.08636299600845 32.03336944
9 34013198 1.62645486935867 32.07719262
9 34047869 1.26844048340111 32.12117067
9 34217525 0.269647404159004 32.166918
9 34239640 2.08367171602984 32.21299838
9 34279028 0.759500355438205 32.24291359
9 34301678 1.37728918322296 32.27410915
9 34324235 1.38296759320832 32.30530472
9 34474997 0.206768283785039 32.33647755
9 34502060 1.15186047370949 32.36765037
9 34529670 0.865994204998189 32.39156044
9 34555386 0.929775237206409 32.41547051
9 34590259 0.78645083589023 32.4428964
9 34637145 0.584948598728832 32.47032229
9 34663263 1.05007657554177 32.49774818
9 34688015 1.10802763413058 32.52517407
9 34741309 0.513750140728788 32.55255387
9 34779813 0.710661230002078 32.57991715
9 34857579 0.355228506030913 32.60754184
9 34887270 1.29252635478765 32.64591823
9 34906969 1.94813949946698 32.68429462
9 34935085 1.36493100014227 32.722671
9 35015639 0.476829207736425 32.7610815
9 35054209 1.21354420534094 32.8078879
9 35099872 1.28059917219631 32.8663639
9 35139369 1.65511811023622 32.93173607
9 35206464 0.974322974886355 32.99710824
9 35268734 1.04981853219849 33.06248041
9 35405580 0.476238253218947 33.12765172
9 35444304 1.66008676789588 33.19193689
9 35485795 1.51710009399629 33.25488285
9 35513677 1.62359228175884 33.30015181
9 35534616 2.60607478867186 33.35472038
9 35554825 2.75214013558316 33.41033841
9 35605010 1.02685264521271 33.46187101
9 35671316 0.91367900340844 33.52245338
9 35723412 1.29404752764128 33.58986808
9 35971963 0.228642009084655 33.64669731
9 36086786 0.478997239229074 33.7016972
9 36108895 2.49155999819078 33.7567831
9 36139068 2.08419116428595 33.81966942
9 36175542 1.72414048363218 33.88255575
9 36234158 1.08912071789273 33.9463956
9 36321100 0.755005635941202 34.01203734
9 36491907 0.384303336514311 34.07767908
9 36617540 0.558280865696115 34.14781756
9 36750493 0.527543568027799 34.21795605
9 36782078 2.22062687984803 34.28809453
9 36805797 2.81938951895105 34.35496763
9 36828827 1.87615718627877 34.39817556
9 36891503 0.857486119088646 34.45191934
9 36918063 1.80149472891566 34.49976701
9 37003884 0.700200417147318 34.55985888
9 37085859 0.759558401951814 34.62212371
9 37127354 1.44069646945415 34.68190537
9 37195547 0.839457129030839 34.73915047
9 37242480 1.21971960028125 34.79639557
9 37275900 1.83538898862956 34.85773431
9 37391998 0.582561284432118 34.92536851
9 37448026 1.20714999643036 34.9930027
9 37501475 1.26369623379296 35.06054595
9 37549294 1.34919801752441 35.12506324
9 37645312 0.684539357203858 35.19079139
9 37700129 1.05173759964974 35.24844453
9 37786775 0.664244165916488 35.30599861
9 37918764 0.455518262885543 35.36612197
9 37945729 2.38731318375672 35.43049589
9 37966573 3.08836595663021 35.4948698
9 37990154 2.91153046944574 35.56352655
9 38107439 0.585384320245556 35.63218331
9 38164601 1.20109163430251 35.70084007
9 38264496 0.687125481755844 35.76948043
9 38295670 2.57802976839674 35.84984794
9 38324504 3.40942290351668 35.94815528
9 38347892 4.17427313152044 36.04578314
9 38458789 0.88126730209113 36.14351306
9 38513565 1.78417372571929 36.24124298
9 38561388 1.14475879806788 36.29598881
9 38588925 2.41693721175146 36.36254397
9 38620440 2.54212914485166 36.44265919
9 38688003 1.34073383360715 36.53324319
9 38708085 4.52997211433124 36.62421408
9 38833796 0.724113243868874 36.71524312
9 39147253 0.277081385963625 36.80209619
9 39209123 1.39994019718765 36.88871053
9 39300271 0.949847500767982 36.97528727
9 39336969 1.3718377023271 37.02563099
9 39610171 0.219961054457874 37.08572475
9 39637826 2.00616163442415 37.1412051
9 39656138 3.02972913936217 37.19668546
9 39685355 1.89890816990109 37.25216582
9 39726272 1.35592540997629 37.30764618
9 39777873 0.990366465766167 37.35875011
9 39854836 0.698240713069917 37.41248886
9 39917723 0.8548253216086 37.46624625
9 39977921 0.894871922655238 37.52011576
9 40084823 0.445696993508073 37.56776169
9 40105589 2.29441876143696 37.61540761
9 40132419 1.77584420424898 37.66305353
9 40216878 0.564130524870055 37.71069946
9 40289136 0.659385811951618 37.75834538
9 40405455 0.409614078525434 37.8059913
9 40434435 1.06560041407868 37.83687244
9 40493813 0.646813634679511 37.87527894
9 40549937 0.684315088019386 37.91368544
9 40585738 1.07332197424653 37.95211145
9 40639037 0.72936077599955 37.99098561
9 40723035 0.495182028143527 38.03257988
9 41057481 0.123513212895355 38.07388839
9 41288675 0.178674619583553 38.1151969
9 41411796 0.335511407477197 38.15650541
9 41503083 0.488578877605793 38.20110636
9 41655345 0.293339112844965 38.24577075
9 41871249 0.206871572550763 38.29043514
9 42030097 0.298298373287671 38.33781926
9 42074913 1.0573031952874 38.38520338
9 42151245 0.62087329036315 38.43259589
9 42207607 0.840859089457436 38.47998839
9 42292929 0.535012071915801 38.52563669
9 42320789 1.62671931083991 38.57095713
9 42350822 2.07891652515566 38.63339324
9 42376176 2.46376114222608 38.69585942
9 42554940 0.35430791434517 38.75919687
9 42645729 0.697634074612563 38.82253432
9 42688946 1.46556910475045 38.88587177
9 42811633 0.526334493467115 38.95044619
9 42864415 1.22452919555909 39.01507932
9 43053458 0.341896288146083 39.07971244
9 43096509 0.814982230377924 39.1147982
9 43117408 1.67110388056845 39.14972258
9 43155519 0.916386345149694 39.18464696
9 43212018 0.668155188587409 39.22239709
9 43248393 1.03437800687285 39.26002258
9 43352867 0.361086969006643 39.29774682
9 43380216 1.56721269516253 39.34060854
9 43442988 0.73440546740585 39.38670865
9 43458040 1.59835902205687 39.41076712
9 43522668 0.362510057560191 39.43419538
9 43562986 0.579564958579295 39.45756224
9 43812568 0.0995833032830893 39.48241644
9 43949194 0.198120416319002 39.50948484
9 43972446 1.16321606743506 39.53653197
9 44193523 0.155584705781244 39.57092818
9 44255231 0.549479808128606 39.60483548
9 44295368 0.883391882801405 39.64029218
9 44352365 0.689323999508746 39.67958154
9 44411983 0.659019088194841 39.71887091
9 44431603 2.00251783893986 39.75816028
9 44526985 0.472403598163175 39.80321911
9 44603627 0.595759505232118 39.84887933
9 44637804 1.33828305585628 39.89461779
9 44709827 0.635059633728115 39.94035674
9 44763734 0.77464893242065 39.98211572
9 44935010 0.243811158597819 40.0238747
9 45104609 0.183962169588264 40.05507449
9 45135255 1.01807087384977 40.08627428
9 45135255 Inf 40.11462029
9 45293539 0.215451972404033 40.1487229
9 45459701 0.205237057811052 40.18282552
9 45495778 0.945272611359038 40.21692813
9 45524861 1.17259567444899 40.25103074
9 45694047 0.201568687716478 40.28513336
9 45754622 0.562981427981841 40.31923597
9 45837082 0.51440819791414 40.36165405
9 45934644 0.436975461757652 40.40428622
9 45986095 0.822576820664321 40.44660861
9 46033040 0.901531579507935 40.488931
9 46063617 1.39874415410276 40.53170044
9 46139988 0.528940304565869 40.5720961
9 46360847 0.199718372355213 40.61620573
9 46627675 0.165310986852954 40.66031536
9 46662796 1.00877537655534 40.69574456
9 46749588 0.448409991704305 40.73466292
9 46842020 0.421037086723213 40.77358019
9 47096200 0.153109213942875 40.81249746
9 47376690 0.150985061856038 40.85484723
9 47513235 0.309849500164781 40.89715564
9 47558941 0.925664026604822 40.93946405
9 47588878 1.37527140328022 40.98063556
9 47610804 2.14764206877679 41.02772474
9 47709161 0.478202873206788 41.07475935
9 47807835 0.455621541642175 41.11971732
9 48088256 0.169511555839256 41.16725194
9 48135432 1.00613447515686 41.21471733
9 48165396 1.54990321719397 41.26115862
9 48231717 0.667556279308213 41.30543157
9 48291418 0.599299844223715 41.3412104
9 48311999 1.88583159224527 41.38002268
9 48336145 1.60740081172865 41.41883496
9 48385486 0.786613566810563 41.45764724
9 48407989 1.72668977469671 41.49650297
9 48441405 1.16339777352167 41.53537906
9 48498999 0.630893843108657 41.57171476
9 48713344 0.188883342275304 41.61220096
9 48773546 0.719529251519883 41.65551808
9 48794848 2.09545113134917 41.7001554
9 48820966 1.70906271536871 41.74479273
9 48874522 0.833469639256106 41.78943006
9 48908662 1.10945518453427 41.8273069
9 48943719 0.969318538380352 41.86128826
9 48980951 0.963689836699613 41.89716832
9 49003588 1.50734637982065 41.93129009
9 49032496 1.21233568562336 41.96633633
9 49061707 1.24491801033857 42.00270166
9 49170882 0.296193267689489 42.03503851
9 49192024 1.49844858575348 42.06671873
9 49224046 0.993585659858847 42.09853536
9 49257679 1.34489340825974 42.14376814
9 49366561 0.420083209345897 42.18950766
9 49429365 0.770982739952869 42.23792849
9 49457693 1.89256212934199 42.29154099
9 49491945 1.56958425785356 42.34530244
9 49511910 2.80064112196344 42.4012172
9 49534025 2.32268595975582 42.45258335
9 49560954 1.56601804745813 42.49475465
9 49603550 1.18021175697249 42.54502695
9 49673791 0.73473042809755 42.59663513
9 49702289 1.80607060144572 42.64810451
9 49762816 0.948550233779966 42.70551742
9 49832437 0.82444808319329 42.76291633
9 49860787 2.02465255731922 42.82031524
9 49916761 1.0018151284525 42.87639084
9 49957369 0.754117415287628 42.90701404
9 49977414 1.5218009478673 42.93751851
9 49994724 1.83600808781051 42.96929984
9 50019211 1.8220320986646 43.01391596
9 50053503 1.29909016680275 43.05846433
9 50084516 1.35043691355238 43.10034538
9 50127680 0.994771105550922 43.14328365
9 50156167 1.4655737704918 43.18503345
9 50193250 0.794199498422458 43.21448478
9 50223504 0.973467971177365 43.2439361
9 50246135 1.32151473642349 43.27384329
9 50288536 0.465809768637532 43.29359408
9 50316056 0.758877180232558 43.31447842
9 50401951 0.254564293614296 43.33634426
9 50453292 0.425893535381079 43.35821009
9 50477436 1.04536944996687 43.3834495
9 50506123 0.84080593997281 43.40756975
9 50542195 0.675878797959636 43.43195003
9 50567297 0.971249302844395 43.45633031
9 50589546 1.15967009753247 43.48213177
9 50650274 0.417440060598077 43.50748204
9 50681954 0.827506313131313 43.53369746
9 50719463 0.698909595030526 43.55991287
9 50744986 0.897680523449438 43.58282439
9 50767295 1.21641938231207 43.6099615
9 50797460 0.909351897894911 43.6373921
9 50853401 0.366285908367745 43.65788246
9 50902479 0.417506825869025 43.67837281
9 50970447 0.304438853578154 43.69906494
9 51023481 0.389310630916016 43.71971159
9 51053062 0.697971671005037 43.74035825
9 51119766 0.309527164787719 43.7610049
9 51148597 0.71612847282439 43.78165155
9 51178639 0.705781905332534 43.80285461
9 51217708 0.520604571399319 43.82319415
9 51257849 0.558767843352184 43.84562368
9 51280801 0.977235099337748 43.86805321
9 51310266 0.761262514848125 43.89048385
9 51458212 0.150604950454896 43.9127653
9 51486097 0.679913932221624 43.93172466
9 51545402 0.320509231936599 43.95073249
9 51588928 0.43669990350595 43.96974032
9 51702071 0.16799802020452 43.98874816
9 51769478 0.305423769044758 44.00933586
9 51839488 0.304073703756606 44.03062408
9 51912603 0.285721124256309 44.05151458
9 51953075 0.516171674243922 44.07240507
9 52005083 0.401678587909552 44.09329556
9 52089421 0.348079157675069 44.12265189
9 52118530 1.008495654265 44.15200822
9 52319603 0.13833781760853 44.17982424
9 52391465 0.361638974701511 44.20581229
9 52424068 0.79710762813238 44.23180035
9 52465284 0.50018924689441 44.25241618
9 52505062 0.575509075368294 44.2753088
9 52527502 1.02016934046346 44.29820142
9 52580587 0.431244230950363 44.32109404
9 52599320 1.08856563284044 44.34148612
9 52620572 0.959537925842274 44.36187819
9 52645646 0.839176038924783 44.38291969
9 52671019 0.829287037401963 44.40396119
9 52700538 0.747542260916698 44.42602788
9 52735491 0.640234028552628 44.44840593
9 52763756 0.792258977534053 44.47079914
9 52796474 0.684430588666789 44.49319236
9 52850738 0.453335544744213 44.51779212
9 52920575 0.3534344258774 44.54247491
9 52951687 0.793353047055798 44.5671577
9 52979725 0.879859476424852 44.59182717
9 53014994 0.694057103972327 44.6163059
9 53044755 0.917076039111589 44.64359896
9 53080230 0.769361522198732 44.67089203
9 53116025 0.762483587093169 44.6981851
9 53145272 0.933193148015181 44.72547816
9 53192720 0.575221294891249 44.75277123
9 53272365 0.369622700734509 44.78220979
9 53358054 0.468727607977687 44.82237458
9 53387723 1.35376318716505 44.86253937
9 53409265 1.86448797697521 44.90270417
9 53435870 1.51056192445029 44.94289269
9 53536927 0.402751912287125 44.98359355
9 53586319 0.826818108195659 45.02443172
9 53639845 0.763062810596719 45.06527545
9 53659493 2.0787713762215 45.10611918
9 53738100 0.519593674863562 45.14696291
9 53775935 1.07952160697767 45.18780665
9 53815601 1.02969041496496 45.22865038
9 53836607 1.94438255736456 45.26949411
9 53876376 0.738497322034751 45.29886345
9 53898427 1.33188064033377 45.3282328
9 53973110 0.451012948060469 45.36191575
9 54016591 0.87056185460316 45.39976862
9 54047506 1.22195050946143 45.43754519
9 54071333 1.03109917320687 45.46211319
9 54101786 0.806751387383837 45.48668119
9 54121979 1.2978854058337 45.51288941
9 54172435 0.678896464246076 45.54714381
9 54193058 1.66098045871115 45.58139822
9 54241895 0.701402625058869 45.61565262
9 54281836 0.52604591772865 45.63666344
9 54302918 1.12034911298738 45.66028264
9 54484666 0.129955762924489 45.68390184
9 54522488 0.623306541166517 45.70747657
9 54546703 0.9756844930828 45.73110278
9 54592540 0.518203634618321 45.75485567
9 54628164 1.07315012351224 45.79308562
9 54675341 0.810350382601691 45.83131556
9 54707640 1.22328245456516 45.87082638
9 54750120 0.683771186440678 45.89987299
9 54806121 0.377314690809093 45.92100301
9 54882341 0.277223825767515 45.94213302
9 54915897 0.618163666706401 45.96287609
9 54946476 0.718071225350731 45.98483395
9 54977611 0.706831540067448 46.00684116
9 55001940 0.903493772863661 46.02882229
9 55046147 0.49929649150587 46.05089469
9 55081207 0.62999429549344 46.07298224
9 55115730 0.639793760681285 46.0950698
9 55237255 0.180854968113557 46.11704822
9 55259555 0.985578475336323 46.13902665
9 55294025 0.637609515520743 46.16100507
9 55358467 0.345301201080041 46.18325697
9 55390187 0.650447667087011 46.20388913
9 55526655 0.149032740276109 46.22422735
9 55562504 0.567834528159781 46.24458364
9 55615013 0.387672589460854 46.26493993
9 55645778 0.661670729725337 46.28529622
9 55677831 0.635082519576951 46.30565251
9 55704636 0.763402350307778 46.32611549
9 55772680 0.300731879372171 46.34657847
9 55890890 0.203119871415278 46.37058926
9 55920760 1.03740542350184 46.40157655
9 56039155 0.228523163984966 46.4286325
9 56106857 0.399633688812738 46.45568846
9 56132604 1.05025051462306 46.48272925
9 56167087 0.784177710756025 46.50977005
9 56203305 0.746612181788061 46.53681084
9 56260220 0.553305806905034 46.56830223
9 56311231 0.61734527846935 46.59979362
9 56354025 0.735883535075011 46.631285
9 56417147 0.536354995088876 46.66514078
9 56455641 0.818639268457422 46.69665349
9 56513546 0.543821777048614 46.72814346
9 56541892 1.11091512029916 46.75963344
9 56644292 0.30959375 46.7913358
9 56687652 0.687237084870849 46.82113438
9 56744776 0.527643372312863 46.85127551
9 56787230 0.635859989635841 46.87827027
9 56808095 1.74025401389887 46.91458069
9 56837865 1.21969768223043 46.95089112
9 56895938 0.62584161314208 46.98723565
9 56955328 0.623833978784307 47.02428513
9 56996199 0.906498495265592 47.06133461
9 57019379 1.31707075064711 47.09186432
9 57057433 0.820570767856205 47.12309028
9 57078156 1.65742894368576 47.15743719
9 57139648 0.559339426266831 47.19183211
9 57203602 0.607494449135316 47.23068384
9 57241321 1.03002995837641 47.26953556
9 57273834 1.10680035678036 47.30552093
9 57385285 0.296970866120537 47.33861862
9 57425225 0.559609414121182 47.36096943
9 57541506 0.242392996276262 47.38915513
9 57574912 0.843731664970365 47.41734083
9 57615068 0.701905070226118 47.44552653
9 57663523 0.739560416881643 47.48136191
9 57705180 1.18930071776652 47.53090464
9 57749809 1.11308342109391 47.58058039
9 57772302 1.77159116169475 47.62042878
9 57793857 1.92770586870796 47.66198044
9 57839407 0.912221734357849 47.7035321
9 57881730 0.869777662264017 47.74034369
9 57934110 0.576783123329515 47.7705556
9 57993013 0.512909359455376 47.80076751
9 58062457 0.44687229998272 47.83180014
9 58160680 0.361861274854158 47.8673432
9 58239351 0.451794180829022 47.90288625
9 58311080 0.495519246051109 47.93842931
9 58359217 0.748378586118786 47.97445396
9 58482184 0.292962339489456 48.01047862
9 58511465 1.23030975718042 48.04650327
9 58562640 0.778385930630191 48.0863372
9 58604116 0.958732761114862 48.1261016
9 58651380 0.637961238997969 48.15625416
9 58678626 1.13225060559348 48.18710345
9 58703658 1.23239453499521 48.21795275
9 58728104 1.26193651313098 48.24880205
9 58778092 0.617134112186925 48.27965134
9 58798670 1.46525415492273 48.30980329
9 58824954 1.32854968802313 48.3447229
9 58852236 1.68427534638223 48.39067326
9 58881727 1.65781424841477 48.43956391
9 58918079 1.33431998239437 48.48806913
9 58942025 0.975235947548651 48.51142217
9 58972780 0.906340432450008 48.53929669
9 58995211 1.24267754446971 48.56717121
9 59051737 0.493127056575735 48.59504574
9 59096117 0.628086976115367 48.62292026
9 59159045 0.55057843885075 48.65756705
9 59179149 1.91758853959411 48.69611829
9 59226934 0.818610442607513 48.73523563
9 59283184 0.672995555555556 48.7730916
9 59303365 1.67508547643823 48.80689653
9 59354580 0.66005857658889 48.84070146
9 59385574 1.1220752403691 48.87547902
9 59405763 1.72260141661301 48.91025658
9 59447223 0.839787747226242 48.94507415
9 59474212 1.28880284560376 48.97985762
9 59545803 0.485864144934419 49.01464109
9 59567042 1.67141108338434 49.05014016
9 59589683 1.33792235325295 49.08043202
9 59620224 0.991843751023215 49.11072388
9 59652002 0.953769903706967 49.1410328
9 59765391 0.295531312561183 49.17454278
9 59797389 1.26754172135758 49.21510159
9 59879879 0.521469269002303 49.25811756
9 59909955 1.43024338342865 49.30113354
9 59938989 0.93073293380175 49.32815646
9 59961077 1.22341995653749 49.35517938
9 59984083 1.26671737807528 49.38432145
9 60009874 1.12993292233725 49.41346352
9 60072130 0.444708943716268 49.44114928
9 60185862 0.306113494882707 49.47596418
9 60216410 1.25896294356423 49.51442297
9 60247414 1.24044639401368 49.55288177
9 60271192 1.61741105223316 49.59134057
9 60328344 0.672921332586786 49.62979936
9 60356719 1.35545726872247 49.66826043
9 60411198 0.693057875511665 49.70601756
9 60459717 1.14999896947588 49.7618144
9 60518230 0.945844513185104 49.81715856
9 60572466 1.023919536839 49.87269182
9 60639069 0.833795774965092 49.92822509
9 60665843 1.32532307462464 49.96370933
9 60689071 1.61275615636301 50.00117046
9 60717471 1.31905281690141 50.03863159
9 60740520 0.990294589786976 50.06145686
9 60773581 0.774586370648196 50.08706549
9 60804502 0.963406746224249 50.11685497
9 60827498 1.29667333449296 50.14667327
9 60928363 0.295625836514153 50.17649157
9 60992906 0.533383945586663 50.21091779
9 61146207 0.234308321537368 50.2468375
9 61259263 0.317715999150863 50.2827572
9 61341556 0.461973679413802 50.32077444
9 61413037 0.531850421790406 50.35879169
9 61435932 1.05676348547718 50.38298624
9 61464103 0.997884349153385 50.41109761
9 61515417 0.641659196320692 50.44402367
9 61605324 0.366223987008798 50.47694974
9 61648464 0.76323829392675 50.5098758
9 61700412 0.759573034573035 50.54933411
9 61864954 0.239806857823534 50.58879242
9 62021172 0.25262517763638 50.62825705
9 62074470 0.708362415100004 50.66601135
9 62103267 1.28428308504358 50.70299484
9 62143524 0.985033658742579 50.74264932
9 62230116 0.522446646341463 50.78788906
9 62571414 0.130256549994433 50.83234532
9 62596000 0.811844138940861 50.85230532
9 62685466 0.376098182549795 50.88595337
9 62735093 0.680343361476616 50.9197168
9 62796313 0.350241751061745 50.94115864
9 62820144 0.910503126180185 50.96285687
9 62842591 0.966641422016305 50.9845551
9 62875270 0.705872272713363 51.00762233
9 62923369 0.482282375932972 51.03081966
9 62945502 1.08442597027064 51.05482121
9 62968960 1.34783016454941 51.08643862
9 63071402 0.303347259912926 51.11751408
9 63176462 0.295788121073672 51.14858955
9 63213406 0.839597769597228 51.17960768
9 63234785 1.4533794845409 51.21067945
9 63286215 0.588111996888975 51.24092603
9 63311335 1.20408439490446 51.27117261
9 63334709 1.25797039445538 51.30057638
9 63368296 0.953077083395361 51.33258735
9 63399927 0.78645948594733 51.35746389
9 63468566 0.382662917583298 51.38372949
9 63487416 1.40053050397878 51.41012947
9 63533814 0.540378895642053 51.43520201
9 63634784 0.248316331583639 51.46027454
9 63662812 0.894551876694734 51.48534708
9 63688735 0.911634455888593 51.50897943
9 63788722 0.236353725984378 51.53261177
9 63815145 0.894383680884078 51.55624412
9 63981853 0.141246370900017 51.57979098
9 64004769 1.02754843777274 51.60333829
9 64110496 0.222395414605541 51.6268515
9 64153001 0.541985648747206 51.64988861
9 64176377 0.994840862422998 51.67314399
9 64196346 1.16457509139166 51.69639937
9 64237505 0.730248548312641 51.72645569
9 64258947 1.41220968193266 51.75673631
9 64287034 1.0781001886994 51.78701692
9 64287483 51.4917594654788 51.81013675
9 64335247 0.543323423498869 51.83608807
9 64368103 0.791292305819333 51.86208682
9 64392662 1.08035750641313 51.88861933
9 64433200 0.652143667669841 51.91505593
9 64470076 0.716905304262935 51.94149254
9 64490683 1.00243606541466 51.96214971
9 64531539 0.721727530840023 51.99163657
9 64563245 0.916498454551189 52.02069511
9 64591467 1.26741549146056 52.05646414
9 64626252 1.07664223084663 52.09391517
9 64646636 1.85160419937206 52.13165829
9 64690341 0.86358769019563 52.16940142
9 64721094 1.19867004845056 52.20626409
9 64753772 1.12805863271926 52.24312676
9 64776684 1.01659828910615 52.26641907
9 64819053 0.682414029125068 52.29533227
9 64898668 0.363162720592853 52.32424547
9 65181709 0.103262424878375 52.35347299
9 65235666 0.418240450729284 52.37603998
9 65269895 0.809307896812644 52.4037418
9 65344552 0.358732603774596 52.43052372
9 65428890 0.340407645426735 52.459233
9 65449563 1.41460358922266 52.4884771
9 65523282 0.396696916670058 52.5177212
9 65567621 0.586249126051557 52.54371495
9 65734389 0.152886644919889 52.56921156
9 65757782 1.11867652716625 52.59538072
9 65838173 0.401994004303964 52.62769744
9 66006586 0.19188958097059 52.66001415
9 66035904 1.21763080701276 52.69571261
9 66099240 0.563459959580649 52.73139994
9 66147217 1.05947224711841 52.78223023
9 66269745 0.427340689475059 52.83459139
9 66298484 2.21877935905912 52.89835687
9 66326604 1.63809032716927 52.94441996
9 66439043 0.510935707361325 53.00186901
9 66646669 0.298085981524472 53.0637594
9 66695382 1.27051095190196 53.1256498
9 66740590 1.39581047602194 53.18875159
9 66981970 0.261420995940012 53.25185338
9 67645751 0.12228475958185 53.33302365
9 67675994 2.63048639354561 53.41257748
9 67700327 2.81510705626104 53.48107745
9 67856953 0.412949318759338 53.54575604
9 67996881 0.462227717111657 53.61043464
9 68095521 0.520743106244931 53.66180071
9 68128676 1.6004524204494 53.71486368
9 68228905 0.529417633619013 53.76792665
9 68260591 1.67465126554314 53.82098962
9 68313927 1.1370406479676 53.88163479
9 68338114 2.50734692190019 53.94227997
9 68511033 0.361343750542161 54.00476317
9 68537256 2.77338595889105 54.07748963
9 68692004 0.469977641068059 54.15021774
9 68718418 2.73984250776104 54.22258789
9 68740453 3.28706603131382 54.29501842
9 68840654 0.666863604155647 54.36183878
9 68917528 0.839821005801702 54.42639922
9 68930513 3.58991143627262 54.47301421
9 68978963 0.975420020639835 54.52027327
9 69091273 0.424526756299528 54.5679519
9 69236440 0.328439659151185 54.61563053
9 69270585 1.37494215844194 54.66257795
9 69342754 0.633529631836384 54.70829912
9 69460909 0.358906521095172 54.75070568
9 69501346 1.08073546504439 54.79440738
9 69514180 3.40515038179835 54.83810908
9 69572294 0.724496678941391 54.88021246
9 69599804 1.53047619047619 54.92231584
9 69626283 1.59006760074021 54.96441922
9 69659376 1.35312603873931 55.00919827
9 69703203 1.12032765190408 55.05829885
9 69888949 0.263608368417086 55.10726301
9 69918345 1.66567560212274 55.15622718
9 69973192 0.822210877532044 55.20132302
9 70035890 0.722662604867779 55.24663254
9 70119558 0.591322847444662 55.29610733
9 70175998 0.876591070163005 55.34558212
9 70399986 0.220647981141847 55.39500462
9 70444266 1.09623757904246 55.44354607
9 70475447 1.65845226259581 55.49525832
9 70506888 1.94172577208104 55.55630812
9 70788779 0.255295131806266 55.62827347
9 70886886 0.56296390675487 55.68350418
9 70917857 1.69327758225437 55.73594669
9 70941294 2.23759440201391 55.78838919
9 70972735 1.66718615820107 55.84080723
9 71053760 0.767131132366554 55.90296404
9 71107122 1.15997526329598 55.96486262
9 71204750 0.63402507477363 56.02676119
9 71299268 0.654886899849764 56.08865976
9 71322875 2.62204430889143 56.15055833
9 71493970 0.394178672667232 56.21800029
9 71522663 2.55260516502283 56.29124223
9 71565043 1.17857243983011 56.34119013
9 71659298 0.696766219298711 56.40686384
9 71682634 2.58845989029825 56.46726814
9 71704710 2.73429516216706 56.52763046
9 71733707 2.08167396627237 56.58799278
9 71807476 0.779328715314021 56.64548311
9 72186135 0.151826049295012 56.70297345
9 72219967 1.53368999763537 56.75486123
9 72260311 1.28688528653579 56.80677932
9 72341499 0.692088732324974 56.86296859
9 72368857 2.05385262080561 56.91915786
9 72418284 1.15106723046108 56.97605168
9 72476225 0.981926442415561 57.0329455
9 72500368 2.02384956302034 57.08180735
9 72526586 1.86710275383324 57.13075908
9 72718671 0.254843949293282 57.1797108
9 72749542 1.58568559489488 57.22866253
9 72874312 0.30691432235313 57.26695623
9 72923043 0.779456608729556 57.30493989
9 72973276 0.73661338164155 57.34194221
9 73009507 1.0850818359968 57.38125577
9 73056592 0.863858978443241 57.42193061
9 73175040 0.344345197892746 57.46271765
9 73223569 0.84234169259618 57.50359564
9 73264807 1.06691643629662 57.54759312
9 73292804 1.72144158302675 57.59578836
9 73314138 2.16448392237743 57.64196551
9 73347042 1.40338864575735 57.68814266
9 73380942 1.36173451327434 57.73430545
9 73454255 0.631527832717253 57.78060465
9 73512299 0.797656949900076 57.82690386
9 73582800 0.63744060367938 57.87184408
9 73624020 1.09356137797186 57.91692071
9 73701336 0.580186507320606 57.9617784
9 73722129 1.83085172894724 57.99984728
9 73748526 1.51404326249195 58.03981352
9 73822865 0.537620898855244 58.07977976
9 73848491 1.55959572309373 58.11974601
9 73961476 0.424189051644024 58.167673
9 74077680 0.427419882275997 58.21734086
9 74104886 1.48179445710505 58.25765454
9 74154405 0.909733637593651 58.3027036
9 74191696 1.29400659676598 58.35095837
9 74477471 0.219745254133497 58.4137561
9 74590074 0.55232897880163 58.47595003
9 74681618 0.552205496810277 58.52650109
9 74746759 0.792757249658433 58.5781421
9 74771426 2.09173794948717 58.62973904
9 74797172 2.01613066107356 58.68164631
9 74888063 0.526543882232564 58.72950438
9 74921852 1.41638107076267 58.77736244
9 75060843 0.293821182666504 58.81820091
9 75089878 1.4063061821939 58.85903304
9 75137011 0.866316593469544 58.89986516
9 75297040 0.259401733435815 58.94137699
9 75327609 1.35650495600118 58.98284404
9 75393888 1.28432233437439 59.06796765
9 75505924 0.76013602770538 59.15313024
9 75564769 0.694878069504631 59.19402034
9 75597252 1.2588153803528 59.23491045
9 75627446 1.40647810823342 59.27737767
9 75723589 0.441708704741895 59.3198449
9 75754987 1.35254474807313 59.36231212
9 75842621 0.556844375470708 59.41111061
9 75879679 1.68575206433159 59.4735812
9 75902337 2.509162326772 59.5304338
9 76008321 0.572881755736715 59.59115013
9 76044703 1.35156670881205 59.64032283
9 76069750 1.72155148321156 59.68344249
9 76136980 0.641375873865834 59.72656215
9 76209166 0.601075000692655 59.76995133
9 76258464 1.07427481845105 59.82291091
9 76319841 0.862857422161396 59.87587048
9 76377891 0.912344530577089 59.92883205
9 76416712 1.36425130728214 59.98179362
9 76549746 0.415547153359292 60.03707551
9 76708517 0.267575942709941 60.07955881
9 76804356 0.437341791963606 60.1214732
9 76829605 1.80620222583073 60.16707803
9 76843457 3.29228992203292 60.21268285
9 77016808 0.262790523273589 60.25823781
9 77117259 0.457851091576988 60.30422936
9 77251597 0.236551831946285 60.33600729
9 77275436 1.40265950752968 60.36944529
9 77365145 0.414169146908337 60.40660003
9 77542337 0.209686103210077 60.44375476
9 77778477 0.157341831117134 60.4809095
9 77945633 0.291986527555098 60.52971676
9 77994684 0.995031701698232 60.57852403
9 78152584 0.301732742241925 60.62616758
9 78217420 0.805771484977482 60.67841054
9 78368219 0.346441289398471 60.73065351
9 78649814 0.185525311173849 60.78289647
9 78750844 0.543848361872711 60.83784145
9 78856788 0.518623046137582 60.89278643
9 78957637 0.627488621602594 60.95606801
9 78984268 2.3762382186174 61.0193496
9 79226373 0.29792321513393 61.0914783
9 79356041 0.556256748002591 61.16360701
9 79536104 0.311497642491795 61.21969617
9 79600642 0.907803154730546 61.27828402
9 79635272 1.69529309846954 61.33699197
9 79825274 0.308986221197672 61.39569993
9 79854298 2.03367902425579 61.45472542
9 79927447 0.83558080083118 61.51584735
9 79973026 1.35031044998793 61.5773931
9 80058818 0.791837234240955 61.64532643
9 80125400 1.0397870295275 61.7145575
9 80154061 2.41551585778584 61.78378857
9 80206405 1.31745758826226 61.85274953
9 80236183 2.43442810128283 61.92524193
9 80288835 1.3768213932994 61.99773434
9 80327730 1.67634143206068 62.06293565
9 80347877 3.13976274383283 62.12619248
9 80376639 2.19900563243168 62.18944029
9 80415149 1.48215268761361 62.24651804
9 80481120 0.86519379727456 62.30359579
9 80503311 2.48043350908026 62.35863912
9 80586477 0.639054421277926 62.41178675
9 80628973 1.25020707831325 62.46491556
9 80659776 1.724793039639 62.51804438
9 80701610 1.22980111870727 62.56949184
9 80738394 1.40769084384515 62.62127234
9 80770220 1.62698736881795 62.67305285
9 80793540 2.22043310463122 62.72483336
9 80869831 0.678723571587736 62.77661387
9 80927101 0.904147022874105 62.82839437
9 80948713 2.39591430686656 62.88017488
9 80969987 1.99760740810379 62.92267199
9 81003100 1.47173013620028 62.97140536
9 81029512 1.84512342874451 63.02013873
9 81076190 1.25616993015982 63.07877424
9 81121582 1.29175845964047 63.13740975
9 81169310 1.15340680522963 63.19245953
9 81198975 1.85546603741783 63.24750193
9 81221979 2.38510693792384 63.30236894
9 81251852 1.83667525859472 63.35723595
9 81301267 1.11171101892138 63.41217116
9 81364844 0.871683155858251 63.46759014
9 81389583 2.24183273374025 63.52305083
9 81505707 0.475020667562261 63.57821215
9 81548486 1.06713106898244 63.62386291
9 81575003 1.72156729645133 63.66951366
9 81601737 1.7850153362759 63.71723429
9 81624014 2.14214660860978 63.76495491
9 81677860 0.905187014820042 63.81369558
9 81704016 1.86346153846154 63.86243626
9 81739429 1.3763504927569 63.91117693
9 81768892 2.85769948749279 63.99537329
9 81797181 3.00330517162148 64.08033378
9 81822701 2.72907523510972 64.14997979
9 81845883 2.30761366577517 64.20347493
9 81867498 2.78310895211659 64.2636318
9 82009850 0.424102927953243 64.3240037
9 82014278 13.6341237579042 64.38437561
9 82034533 2.98059244630955 64.44474751
9 82059552 3.40077541068788 64.52983152
9 82137210 1.41274434057019 64.63954243
9 82174428 2.94779139126229 64.74925335
9 82208636 1.66448491580917 64.80619207
9 82247268 1.18963294677987 64.85215002
9 82294526 0.967823437301621 64.8978874
9 82346292 0.8119054978171 64.93991655
9 82403099 0.737136268417625 64.98179109
9 82431652 1.48793121563408 65.02427603
9 82468514 1.39257229667408 65.07560906
9 82534749 0.758437382048766 65.12584412
9 82557617 2.19674217246808 65.17607918
9 82584068 1.89917583456202 65.22631424
9 82606107 2.27937292980625 65.2765493
9 82630196 2.13785960396862 65.32804818
9 82729357 0.427298030475691 65.37041951
9 82797116 0.831073362948095 65.42673225
9 83032465 0.241211987303961 65.48350125
9 83119086 0.676824326664435 65.54212845
9 83233647 0.511755309398486 65.60075564
9 83383631 0.447498399829315 65.66787327
9 83491665 0.610116259696022 65.73378654
9 83512229 2.2822310834468 65.78071832
9 83534942 2.63230308633822 65.84050579
9 83641203 0.562647631774593 65.90029326
9 83688492 1.24192941275984 65.95902281
9 83891873 0.316815730082948 66.02345714
9 84059131 0.387695057934449 66.08830228
9 84182905 0.607179213728247 66.16345525
9 84215084 2.3327636035924 66.23852124
9 84276446 1.2214253120824 66.31347037
9 84333586 1.41882744137207 66.39454212
9 84373316 2.04056883966776 66.47561387
9 84411017 2.15038858385719 66.55668562
9 84444197 2.49362567811935 66.6394241
9 84464824 4.01117467397101 66.72216258
9 84554984 0.932813886424135 66.80626507
9 84616331 1.370930933868 66.89036756
9 84677058 1.38492762692048 66.97447005
9 84789933 0.746052713178295 67.05868076
9 84907349 0.847295087551952 67.15816678
9 85081789 0.581247993579454 67.25955968
9 85102881 4.80717333586194 67.36095258
9 85159286 1.79758709334279 67.46234549
9 85181556 4.78738661876964 67.56896063
9 85201593 4.29304786145631 67.65498038
9 85238757 2.07220428371542 67.73199178
9 85299984 1.2578012968135 67.80900317
9 85338417 1.44501079801212 67.86453925
9 85386981 1.21777448315625 67.92367928
9 85418311 1.67503670603256 67.97615822
9 85438908 2.54789046948585 68.02863715
9 85483061 1.26576450071343 68.08452444
9 85511994 1.94202122144264 68.14071298
9 85541210 1.96890060240964 68.19823636
9 85582808 1.61594547814799 68.2654565
9 85621761 1.7336764819141 68.33298843
9 85650377 2.34745596868885 68.40016325
9 85688761 1.751258336807 68.46738354
9 85715782 2.44509825691129 68.53345254
9 85739184 2.81202461328092 68.59925953
9 85777468 1.82142931773064 68.66899108
9 85866424 0.796598318269706 68.73985333
9 85897022 2.32368455454605 68.8109534
9 85975962 0.904399543957436 68.88234672
9 86016959 1.74142742151865 68.95374004
9 86042629 1.73997662641215 68.99840527
9 86065016 2.02115960155447 69.04365295
9 86107256 1.28259943181818 69.09782999
9 86122221 3.60281323087204 69.15174608
9 86155276 1.63110270760853 69.20566218
9 86230408 0.71761832508119 69.25957827
9 86271158 1.19966134969325 69.30846446
9 86301975 1.63706071324269 69.35891376
9 86326905 2.03745687926193 69.4097076
9 86348843 2.31295013219072 69.46044909
9 86384293 1.43135401974612 69.51119058
9 86420903 1.38600109259765 69.56193206
9 86459821 1.31658101649622 69.61317075
9 86542838 0.568288422853151 69.66034831
9 86577693 1.35353894706642 69.70752588
9 86612971 1.61437439764159 69.76447775
9 86697042 0.677426223073355 69.82142961
9 86741852 1.2932024101763 69.87937799
9 86962793 0.262279975196998 69.93732637
9 86996035 1.74247036881054 69.99524957
9 87035097 1.48285290051713 70.05317277
9 87343753 0.241411150277331 70.12768573
9 87365365 2.85075883768277 70.18929635
9 87430300 0.948804188804189 70.25090696
9 87454872 2.1723628520267 70.30428628
9 87494785 1.56359331546113 70.36669399
9 87548281 1.03922910124121 70.42228855
9 87615230 0.972249025377526 70.48737962
9 87701436 0.755064612671972 70.55247069
9 87737922 1.78191361069999 70.61748558
9 87761731 2.63446595825108 70.68020962
9 87784500 2.76666959462427 70.7432039
9 87813977 2.25226786986464 70.80959402
9 87859682 1.45257849250629 70.87598414
9 87888561 2.30755566328474 70.94262399
9 88080504 0.347185883309107 71.00926384
9 88113326 2.03034245323259 71.07590369
9 88160188 1.42309120396057 71.14259261
9 88210465 1.39496588897508 71.21272732
9 88254314 1.50719742753541 71.27881643
9 88276948 3.01554740655651 71.34707035
9 88414100 0.500702869808679 71.41574274
9 88442120 2.45083511777302 71.48441512
9 88469630 2.49627044711014 71.5530875
9 88532524 1.09187521862181 71.62175988
9 88561108 2.40247691015953 71.69043226
9 88598336 1.48025142365961 71.7455391
9 88684552 0.613352509974947 71.79841991
9 88714587 1.77938072249043 71.85186364
9 88732430 2.97934764333352 71.90502416
9 88775482 1.23953126451733 71.95838841
9 88808398 1.6296724996962 72.01203076
9 88837089 1.90867867972535 72.06679263
9 88877587 1.35980789174774 72.12186211
9 88920326 1.31286412878167 72.17797256
9 88995486 0.738740021287919 72.23349622
9 89039438 1.26328039679651 72.28901988
9 89057282 2.98400582828962 72.3422665
9 89086774 1.76536687915367 72.39433071
9 89122008 1.47766929670205 72.44639492
9 89161131 1.33078240421236 72.49845913
9 89204143 1.21045754673114 72.55052334
9 89261575 0.906536425686029 72.60258755
9 89351054 0.581859430704411 72.65465176
9 89373227 2.39093492084968 72.70766597
9 89400052 2.44726561043802 72.77331383
9 89522439 0.536396022453365 72.83896169
9 89551033 2.16634258935441 72.90090612
9 89577563 2.33488126649077 72.96285055
9 89632540 1.12673299743529 73.02479498
9 89664367 1.94628460112483 73.08673941
9 89708244 1.41472753378763 73.14881341
9 89748761 1.53204827603228 73.21088741
9 89880877 0.469844681946169 73.27296141
9 89912707 1.96682375117813 73.33556541
9 89942586 2.09525084507514 73.39816941
9 89980414 1.65496457650418 73.46077341
9 90016333 1.74292157354047 73.52337741
9 90051212 1.79391610998022 73.58594744
9 90075365 2.80330393739908 73.65365564
9 90109385 1.99024691358025 73.72136384
9 90129614 3.41018340006921 73.79034841
9 90139623 6.04489959036867 73.85085184
9 90166687 2.40149275790718 73.91584585
9 90198728 1.68518772822321 73.96984095
9 90226609 1.92388006169076 74.02348065
9 90252969 2.01972685887709 74.07672066
9 90336242 0.83766647052466 74.14647569
9 90431553 0.73161125158691 74.21620626
9 90513278 0.853234628326705 74.28593683
9 90540018 3.18129768137622 74.37100475
9 90574647 2.69532761558232 74.4643413
9 90611291 3.24703634974348 74.58332574
9 90715541 0.862007673860911 74.67319004
9 90747056 1.88271933999683 74.7325239
9 90815637 1.02226126769805 74.8026316
9 90845718 2.33063063063063 74.8727393
9 90893777 1.46720281320876 74.94325155
9 90928417 2.03557448036952 75.0137638
9 90951451 3.06122688200052 75.08427605
9 91001391 1.41194032839407 75.1547883
9 91051550 1.54267429573955 75.23216733
9 91081840 2.5962660944206 75.31080824
9 91113780 2.23806825297433 75.38229216
9 91142344 2.70690029407646 75.45961205
9 91249111 0.724192868582989 75.53693194
9 91309653 1.08392520894586 75.60255491
9 91367339 1.13981381964428 75.66830618
9 91397059 2.27664199192463 75.73596798
9 91430473 2.02495361225834 75.80362978
9 91503109 0.829753841070543 75.8638998
9 91625396 0.491174041394425 75.92396403
9 91718918 0.642246744081607 75.98402827
9 91768940 1.2007556675063 76.04409251
9 91808610 1.51409629442904 76.10415674
9 91871198 0.960834345241899 76.16429348
9 91939062 1.02925262289284 76.23414268
9 92056243 0.718480811735691 76.31833497
9 92098037 2.02588649088386 76.40300486
9 92146096 1.79136061923885 76.48909584
9 92177927 2.18456850240332 76.55863289
9 92281851 0.755104691890227 76.63710643
9 92327963 1.70278886190146 76.71562544
9 92480851 0.542703155250903 76.7985982
9 92507446 3.11986463620981 76.88157096
9 92653974 0.566259008517144 76.96454371
9 92698989 1.84589136954349 77.04763648
9 92719513 4.04856753069577 77.13072924
9 92750797 2.90141925584964 77.22149719
9 92870792 0.788759531647152 77.31614437
9 92977626 0.885927700919183 77.41079156
9 93030605 1.79717435210178 77.50600406
9 93081746 2.18826381963591 77.61791406
9 93213593 0.848786851426275 77.72982407
9 93253191 2.80829082276883 77.84102682
9 93303043 2.23065674396213 77.95222956
9 93394422 1.2169393405487 78.06343231
9 93563528 0.249060944023275 78.10555004
9 93589365 1.73145101985525 78.15028555
9 93613642 1.99690653705153 78.19876445
9 93637434 1.91955279085407 78.24443442
9 93699875 0.670035713713746 78.28627211
9 93721342 1.76347882796851 78.32412869
9 93741723 2.12123546440312 78.36736159
9 93766803 2.22842902711324 78.42325055
9 93836235 0.715187521603871 78.47290749
9 93876374 1.50672413363562 78.53338593
9 93899929 3.17486308639355 78.60816984
9 93967183 0.922111695958605 78.67018553
9 93998047 2.00932153965785 78.73220121
9 94022498 2.12410535356427 78.78413776
9 94042995 2.75831097233741 78.84067483
9 94158513 0.459926591526862 78.8938046
9 94189767 1.69993600819095 78.94693436
9 94233960 1.26514606385627 79.00284497
9 94256055 2.53046390586105 79.05875557
9 94286726 1.81013987153989 79.11427441
9 94317214 1.8247999212805 79.16990894
9 94347644 1.81687808084128 79.22519655
9 94452398 0.529438493995456 79.28065739
9 94513124 0.913295787636268 79.33611823
9 94536565 2.72255023249861 79.39993751
9 94552504 4.00397139092791 79.46375679
9 94591694 1.77995662158714 79.53351324
9 94661727 1.21678066054574 79.61872808
9 94692994 2.73225445357725 79.7041575
9 94740322 2.26556795131846 79.81138228
9 94777701 2.79651141015008 79.91591312
9 94860736 1.10751972059975 80.00787604
9 94914634 1.11165349363613 80.06779193
9 94947236 2.42492791853261 80.14684942
9 95011385 1.23048995307799 80.22578413
9 95071600 1.01914473137922 80.28715192
9 95117095 1.55218155841301 80.35776846
9 95151510 2.05191050414064 80.428385
9 95250598 0.712664500242209 80.49900154
9 95271867 3.15885090977479 80.56618719
9 95323792 1.29389696677901 80.63337284
9 95495038 0.392326828071897 80.70055725
9 95537330 1.7945001418708 80.77645024
9 95568909 2.40327432787612 80.85234324
9 95597005 3.00114251138952 80.9366633
9 95647043 1.64686038610656 81.01906893
9 95736654 0.935409715325128 81.10289197
9 95764451 3.12237291794079 81.18968461
9 95882843 0.800048145144942 81.28440388
9 95940312 1.76066227009344 81.38558742
9 95967280 3.79215737169979 81.48785431
9 96047818 0.772184558841789 81.55004449
9 96082857 1.65228459716316 81.60793894
9 96146588 0.91005476141909 81.66593768
9 96184998 1.5099895860453 81.72393643
9 96206497 2.38701800083725 81.77525495
9 96252838 1.38030901361645 81.83921984
9 96291120 1.67088710098741 81.90318473
9 96319116 2.28478711244463 81.96714961
9 96349490 1.15633765720682 82.0022722
9 96383957 1.23858763454899 82.04496262
9 96431429 0.960473542298618 82.09055826
9 96459992 1.41358050624934 82.13093431
9 96487958 1.59382821998141 82.17550735
9 96553106 0.652666236876036 82.21802728
9 96580960 1.52652760824298 82.26054721
9 96605772 1.71368289537321 82.30306714
9 96652474 0.929720354588669 82.34648695
9 96673403 2.53610779301448 82.3995652
9 96702180 2.09787677659242 82.45993584
9 96792243 0.667054173189878 82.52001274
9 96852982 1.10566686972127 82.58716986
9 96895437 1.63080438110941 82.65640571
9 96924451 2.22286137726615 82.7208998
9 97006520 0.78737769437912 82.78551906
9 97029776 2.77860767113863 82.85013832
9 97029776 Inf 82.90926602
9 97059078 2.16806361340523 82.97279465
9 97073540 4.48622597151155 83.03767442
9 97113344 1.68298914681942 83.10466415
9 97142588 2.69125974558884 83.1833673
9 97191452 1.98959561231172 83.28058694
9 97267916 1.27792294413057 83.37830206
9 97302384 2.77609376813276 83.47398849
9 97327317 3.82410058958007 83.56933477
9 97363843 2.27319717461534 83.65236559
9 97390713 2.62330852251582 83.72285385
9 97419632 2.6393927867492 83.79918244
9 97467290 1.64975659910193 83.87780655
9 97567316 0.786036630476076 83.95643067
9 97616309 1.51915375665911 84.03085859
9 97678715 1.31152132807743 84.11270539
9 97749602 1.15706547039655 84.19472632
9 97772634 2.62351076762765 84.25515104
9 97815175 1.63238287769446 84.32459427
9 97877478 1.11460443317336 84.3940375
9 97898303 3.33460744297719 84.46348073
9 97940526 1.67570755275561 84.53423413
9 98228903 0.263559507172902 84.61023867
9 98382281 0.496809190366285 84.68643829
9 98412729 2.50261429322123 84.76263791
9 98477428 1.15272260776828 84.8372179
9 98519942 1.7684668579762 84.9124025
9 98565320 1.53824540526246 84.98220498
9 98633454 1.19933660140312 85.06392053
9 98655830 3.6519306399714 85.14563609
9 98680329 3.33546675374505 85.22735164
9 98706126 3.67763693452727 85.32222363
9 98817544 0.853738175160207 85.41734546
9 98913535 0.990944984425623 85.51246728
9 99040850 0.747137415072851 85.60758911
9 99086778 2.31178801602508 85.71376495
9 99144354 1.84409823537585 85.81994078
9 99171303 3.93904783108835 85.92609416
9 99230526 1.7843743140334 86.03177012
9 99256735 4.0295242092411 86.13737996
9 99287745 3.40839729119639 86.24307441
9 99344812 1.32493384968546 86.31868438
9 99381273 2.4380790433614 86.40757915
9 99416235 2.99433670842629 86.51226717
9 99487538 1.46821311866261 86.61695519
9 99532137 2.53059709858965 86.72981724
9 99552926 5.39754196931069 86.84202671
9 99600572 2.35506653234269 86.95423617
9 99657236 1.98399689397148 87.06665742
9 99773758 0.960019567120372 87.17852083
9 99846698 1.69104743624897 87.30186586
9 99871978 4.83894778481013 87.42419446
9 99922671 2.42112717732231 87.5469287
9 99959576 2.54278824007587 87.64077031
9 100006411 2.34223977794385 87.7504691
9 100129743 0.889459345506438 87.86016789
9 100156843 3.28618450184502 87.94922352
9 100208791 2.00449102949103 88.05335284
9 100267604 2.25415979460323 88.1859267
9 100326889 1.92332124483427 88.29995081
9 100370467 2.70820368075635 88.41796895
9 100391249 5.43589163699355 88.53093763
9 100427976 2.66201159909603 88.62870536
9 100448279 5.59247401861794 88.74224933
9 100489205 2.75427845379465 88.85497094
9 100509788 5.81039692950493 88.97456634
9 100732480 0.537357426400589 89.09423158
9 100783582 2.15243434699229 89.20422523
9 100823811 2.75057545551716 89.31487813
9 101032356 0.530594835646983 89.42553103
9 101100411 1.62547498346925 89.53615273
9 101167289 1.3485525882951 89.62634122
9 101187766 4.39379303608927 89.7163129
9 101228294 2.21998864982235 89.80628458
9 101251044 3.2516043956044 89.88025857
9 101272909 3.38321518408415 89.95423255
9 101303519 2.94975498203202 90.04452458
9 101328302 3.66375741435662 90.13532351
9 101407590 1.15924351730401 90.22723758
9 101473236 1.40014776223989 90.31915166
9 101499991 3.30060549430013 90.40745936
9 101520399 4.32711191689534 90.49576707
9 101604931 1.07217976624237 90.58640061
9 101628678 3.81662946898556 90.67703416
9 101656232 3.28930463816506 90.7676677
9 101691833 3.13608606499817 90.87931554
9 101755655 2.15679389552192 91.01696642
9 101793777 4.09091076019097 91.17292011
9 101815241 7.05153745806933 91.3242743
9 101846818 4.89769452449568 91.47892885
9 101875064 5.25657084188912 91.62740594
9 101929334 2.67262576008845 91.7724493
9 101969365 1.50791136868927 91.83281252
9 102007881 1.60105151106034 91.89447864
9 102034495 2.04935372360412 91.94902017
9 102068573 1.6387522741945 92.00486555
9 102076614 6.8499316005472 92.05994582
9 102110374 1.63152547393365 92.1150261
9 102136499 2.10833684210526 92.17010637
9 102165607 1.89227360175897 92.22518665
9 102220742 0.995826607418155 92.28009153
9 102242225 2.00198296327329 92.32310016
9 102286977 1.17254647836968 92.37557393
9 102311745 2.11861272609819 92.4280477
9 102338304 2.22278323732068 92.48708264
9 102410819 0.927110253051093 92.55431203
9 102433362 3.0243224060684 92.62248932
9 102499280 1.03427440152917 92.6906666
9 102522859 2.88978752279571 92.75880492
9 102615677 0.826521795341421 92.83552105
9 102683650 0.907505921468818 92.89720695
9 102706662 2.76974621936381 92.96094439
9 102752752 1.26681492731612 93.01933188
9 102815602 0.928997613365155 93.07771937
9 102853934 1.52320515496191 93.13610686
9 102898547 1.30875529554166 93.19449434
9 102953472 1.06304050978607 93.25288183
9 102980032 2.19832454819277 93.31126932
9 103006480 2.77530248033878 93.38467055
9 103096787 0.826642452965994 93.4593222
9 103153314 0.894975852247599 93.50991245
9 103233691 0.616840638491111 93.55949229
9 103263715 1.6603517186251 93.60934266
9 103300380 1.17263057411701 93.65233721
9 103322104 1.97912447063156 93.69533175
9 103346085 1.18207747800342 93.72367919
9 103380186 0.460584733585525 93.7393856
9 103427665 0.330807304281893 93.75509202
9 103455006 0.267199078307304 93.76239751
9 103493999 0.187353884030467 93.769703
9 103588854 0.0721950345263824 93.77655107
9 103660539 0.0955298877031457 93.78339913
9 103685877 0.270268371615755 93.7902472
9 103741593 0.108574736161964 93.79629655
9 103771813 0 93.79629655
9 103878229 0 93.79629655
9 104003359 0 93.79629655
9 104228150 0 NA
