Chromosome Position(bp) Rate(cM/Mb) Map(cM)
8 69385 0 NA
8 568381 0.179814667853049 0.089726754
8 614304 1.95446072773991 0.179481499
8 643950 2.44132766646428 0.251857119
8 682636 1.92851677609471 0.326463703
8 714649 2.37780276762565 0.402584286
8 740740 2.92744241309264 0.478964151
8 792401 1.48018427827568 0.555431945
8 823464 2.52517464507614 0.63387142
8 856595 2.36755606531647 0.712310895
8 905854 1.63286709027792 0.792744301
8 949093 1.1076389370707 0.840637527
8 972589 2.03835546475996 0.888530753
8 993133 3.73441880841121 0.965250624
8 1030328 6.6772173679258 1.213609698
8 1083616 4.66069471550818 1.461968772
8 1117125 4.33092303560238 1.607093663
8 1152382 4.11620103809173 1.752218553
8 1185446 6.86907815146383 1.979337779
8 1219995 3.80682508900402 2.110859787
8 1293226 2.87746036514591 2.321579105
8 1341285 2.7177219667492 2.452190066
8 1379165 2.84133579725449 2.559819862
8 1439281 1.60292434626389 2.656181303
8 1539600 0.925998066168921 2.749076497
8 1653688 0.8351570717341 2.844357897
8 1688535 2.72584153585675 2.939345312
8 1688619 639.704761904762 2.993080488
8 1703631 3.52063682387423 3.04593228
8 1737765 1.54836233667311 3.098784072
8 1832989 0.712507351087961 3.166631862
8 1855106 3.06767644798119 3.234479653
8 1880548 2.66676361921233 3.302327443
8 1903218 2.99601235112483 3.370247061
8 1929744 2.62767473422303 3.439948741
8 2008965 0.892874364120625 3.510683148
8 2081487 0.975350927994264 3.581417556
8 2169304 0.810241752735803 3.652570599
8 2577290 0.174379022809606 3.723714815
8 2772201 0.393995721124 3.800508926
8 2792453 3.79192672328659 3.877303037
8 2821722 2.62373500973726 3.954097149
8 3178994 0.267503750643767 4.049668791
8 3219275 2.13630992279238 4.135721508
8 3389399 0.625545484470151 4.242141777
8 3452134 1.70162907467921 4.348893429
8 3526161 1.31373417807016 4.446145228
8 3600972 1.43940864311398 4.553828846
8 3631853 3.48705028982222 4.661512463
8 3663954 3.35452478115947 4.769196081
8 3747496 1.33229992099782 4.880499043
8 3829914 1.39061734087214 4.995110928
8 3896829 0.763257864454905 5.046184285
8 3921800 2.69856233230547 5.113570105
8 3953653 2.79470065613914 5.202589676
8 3982741 3.06385107260726 5.291710953
8 4045753 1.41435440868406 5.38083223
8 4146377 0.851441008109397 5.466507607
8 4169992 2.89487613804785 5.534870087
8 4192213 3.62249223707304 5.61536549
8 4218936 3.0126595067919 5.695872756
8 4318405 0.808651941811017 5.776308538
8 4388296 1.15326579960224 5.856911406
8 4422032 1.72474804363291 5.915097511
8 4454384 1.78668706726014 5.972900436
8 4502855 1.19252542757525 6.030703361
8 4534892 1.81745481786684 6.088929125
8 4589735 1.06168152726875 6.147154889
8 4639175 1.17770631067961 6.205380653
8 4664577 2.29217384457917 6.263606416
8 4708063 1.33872050774962 6.321821983
8 4812710 0.566236968092731 6.38107694
8 4840809 2.10879390725649 6.440331897
8 4869850 2.03789814400331 6.499514449
8 4980893 0.532709851138748 6.558668166
8 5025664 1.32125036295817 6.617821883
8 5049224 2.51076825127334 6.6769756
8 5114851 1.20673198531092 6.756169774
8 5147600 2.448065589789 6.836341507
8 5164202 4.85896879893989 6.917010076
8 5193994 2.70772690655209 6.997678645
8 5221806 2.86287933266216 7.077301071
8 5245787 3.2625995579834 7.155541424
8 5270703 2.10245625301011 7.20792626
8 5299752 2.12653791868911 7.269700037
8 5332706 1.87437336893852 7.33146813
8 5414404 0.91164287987466 7.405947575
8 5496839 0.905765754837144 7.480614346
8 5542923 1.76959031334086 7.562164125
8 5589170 1.76612753259671 7.6438422
8 5613884 2.77955409889132 7.71253612
8 5642542 2.75318584688394 7.791436931
8 5678041 2.2131412152455 7.870001209
8 5703717 1.74599236641221 7.914831338
8 5763855 0.940922544813595 7.971416533
8 5840275 0.740450143941377 8.028001729
8 5904169 0.889391805177325 8.084828487
8 5943216 1.45534356032474 8.141655246
8 6092106 0.396340251192155 8.200666363
8 6134258 1.41744401214652 8.260414499
8 6158385 2.487598955527 8.320432764
8 6189677 1.91800779752013 8.38045103
8 6353485 0.431431920296933 8.451123016
8 6429576 0.928782641836748 8.521795001
8 6458625 1.69665737202658 8.571081164
8 6489658 1.55029806979667 8.619191575
8 6518745 1.65401725856912 8.667301987
8 6603695 0.566337845791642 8.715412398
8 6644405 1.18387865389339 8.763608082
8 6707477 0.682678526128869 8.806665988
8 6775639 0.645834922684194 8.850687339
8 6806893 1.40850451142254 8.894708689
8 6831018 1.82472124352332 8.938730039
8 6859755 1.81423948220065 8.990865844
8 6884117 2.14004597323701 9.04300165
8 7181335 0.175412660067694 9.095137455
8 7210682 1.77652911711589 9.14727326
8 7258490 1.10928924029451 9.200306113
8 7368884 0.607634472888019 9.267385324
8 7505576 0.554567202177157 9.343190203
8 7546980 1.8495555984929 9.419769164
8 7577203 2.53379876253185 9.496348125
8 7618608 1.88385702209878 9.574349225
8 7658792 1.83318484969142 9.648013959
8 7790857 0.650912050884034 9.7339767
8 7848033 1.50347523436407 9.819939442
8 7924908 1.1485606504065 9.908235009
8 8077411 0.637638603830744 10.00547683
8 8118593 2.22384536933612 10.09705922
8 8141623 3.97665653495441 10.1886416
8 8175029 2.7727593845417 10.28126838
8 8206482 2.75430006676629 10.36789941
8 8246905 2.29112386512629 10.46051355
8 8273367 2.9656677499811 10.53899104
8 8309467 2.173891966759 10.61746852
8 8377201 1.56579265952107 10.7235259
8 8468112 0.625341267833375 10.78037631
8 8498542 1.99569175156096 10.84110517
8 8523201 2.46274788109818 10.90183403
8 8618577 0.636731462841805 10.96256289
8 8658263 1.53023484352165 11.02329175
8 8690313 1.890751950078 11.08389039
8 8769062 0.696206935961092 11.13871602
8 8802335 1.82879511916569 11.19956548
8 8837380 1.73632472535312 11.26041493
8 8968611 0.463682361637113 11.32126439
8 9063135 0.644927214252465 11.38222552
8 9103438 1.54101927896186 11.44433319
8 9159630 1.10734802107062 11.50655731
8 9197750 1.79516526757608 11.57498899
8 9242957 1.51374123476453 11.64342067
8 9281650 1.76858088026258 11.71185235
8 9304750 2.92603896103896 11.77944386
8 9342585 1.70642791066473 11.84400654
8 9370164 3.05329054715544 11.92821326
8 9405733 2.36741825747139 12.01241998
8 9433580 2.76483283657126 12.08941227
8 9477100 1.68961397058824 12.16294431
8 9505152 2.62127477541708 12.23647635
8 9543051 1.94020950420855 12.31000838
8 9684395 0.522105642970342 12.38380487
8 9716170 2.3207678992919 12.45754722
8 9749234 2.23309037019114 12.53138213
8 9785301 2.03993401170045 12.60495645
8 9954063 0.437654803806544 12.67881593
8 10016311 1.12670607891017 12.74895117
8 10109654 0.751370750886516 12.81908642
8 10161736 0.980119811067163 12.87013298
8 10287888 0.507402974189866 12.93414288
8 10376259 0.718525308076179 12.99763968
8 10455026 0.836369291708457 13.06351803
8 10587948 0.495616226057387 13.12939638
8 10625662 1.74678633929045 13.19527473
8 10682081 1.00506921427179 13.2519797
8 10702588 2.70931876920076 13.30753971
8 10736676 1.63016310725182 13.36310875
8 10759225 2.57650893609473 13.42120641
8 10814454 1.05194191457387 13.47930406
8 10858147 1.48691094683359 13.5442717
8 10929511 0.910369373914018 13.60923934
8 10977883 1.41320805424626 13.67759899
8 11042880 1.06067972367955 13.74653998
8 11101947 1.27832461442091 13.82204673
8 11133497 2.39132488114105 13.89749304
8 11200861 0.998145893949291 13.96473216
8 11282733 0.949014315028337 14.04242987
8 11343848 1.19810521148654 14.11565206
8 11439463 0.709811222088584 14.1835207
8 11469311 2.27467502010185 14.25141518
8 11489373 2.93419399860433 14.31028099
8 11529894 1.43267688359122 14.3683345
8 11559813 1.90757044018851 14.4254071
8 11609661 1.16063432835821 14.48326243
8 11631891 2.60257759784076 14.54111776
8 11762088 0.547323671052328 14.61237769
8 11787466 2.81152573094806 14.68372856
8 11815542 2.42298048155008 14.75175612
8 11842391 3.41112890610451 14.84334154
8 11867234 3.5120315581854 14.93059089
8 12017909 0.581302804048449 15.01817872
8 12089143 1.34848387006205 15.11423662
8 12159615 1.35567033715518 15.20977343
8 12416753 0.37051544306948 15.30504702
8 12514761 0.932692229205779 15.39645831
8 12535933 3.69050632911392 15.47459366
8 12749771 0.36643393597022 15.55295113
8 12807518 1.3569103156874 15.6313086
8 12992078 0.424563827481578 15.70966607
8 13033715 1.81177078079593 15.78510273
8 13114113 0.962991616706883 15.86252534
8 13265425 0.549912102146558 15.94573367
8 13348241 1.00473700734158 16.028942
8 13406317 1.47098801570356 16.11437106
8 13576600 0.513405918382927 16.20179539
8 13614373 2.61583935615387 16.30060346
8 13746531 0.74765129617579 16.39941153
8 13899041 0.650767162808996 16.49865998
8 14002431 0.96483315601122 16.59841404
8 14053168 1.96610166150935 16.6981681
8 14079597 3.80991713647887 16.79886035
8 14102322 4.32866886688669 16.89722932
8 14371822 0.439123933209648 17.01557325
8 14429462 2.06131852879944 17.13438761
8 14464214 3.36870108195212 17.25145672
8 14525340 1.91504269868796 17.3685156
8 14639815 1.02418606682682 17.48575929
8 14789646 0.78274188919516 17.60303833
8 14820157 3.83096260365114 17.71992481
8 14888814 1.70247025066636 17.83681129
8 14944495 2.06232826278264 17.95164378
8 14993143 2.35366716000658 18.06614495
8 15333923 0.335997417688831 18.18064612
8 15378460 2.57092305274266 18.2951473
8 15451331 1.03844876562693 18.37082009
8 15473403 3.34737223631751 18.44470328
8 15497230 3.10081839929492 18.51858648
8 15533442 2.0700845023749 18.5935484
8 15561949 2.62959623952012 18.66851033
8 15590887 2.59043126684636 18.74347225
8 15685208 0.848982729190742 18.82354916
8 15700226 5.30813690238381 18.90326675
8 15765579 1.22155830642817 18.98309928
8 15805194 2.05267701628171 19.06441605
8 15840176 2.24295923617861 19.14287929
8 15924721 0.958429238866876 19.22390972
8 15967637 1.89667256967098 19.30530728
8 16130775 0.460665203692579 19.38045923
8 16218371 0.849675784282387 19.45488741
8 16278332 1.26753056153166 19.53088979
8 16399613 0.626663698353411 19.60689216
8 16435624 1.78843131265447 19.67129534
8 16441577 8.1592642365194 19.71986746
8 16592732 0.417143329694684 19.78292079
8 16613932 2.97669339622642 19.84602664
8 16659880 1.37962044049795 19.90941748
8 16699848 1.42987139711769 19.9665666
8 16740584 1.40140907305577 20.0236544
8 16797375 1.00522618020461 20.08074219
8 16928735 0.43201431181486 20.13749158
8 16954974 2.48432104882046 20.20267765
8 16982016 3.14469343983433 20.28771643
8 17034771 1.61300350677661 20.37281039
8 17055775 3.92301942487145 20.45520954
8 17138381 0.897196329564439 20.52932337
8 17304615 0.445840201162217 20.6034372
8 17376609 0.891974331194266 20.66765395
8 17436833 1.06805260361318 20.7319764
8 17475905 1.64377559377559 20.796202
8 17515684 1.4871665954398 20.85536005
8 17552424 1.63149972781709 20.91530138
8 17591195 1.54603440715999 20.97524271
8 17674185 0.722271357994939 21.03518404
8 17732099 1.03500535276444 21.09512537
8 17763990 2.33363331347402 21.16954726
8 17834202 1.06004529140318 21.24397512
8 17912950 1.03806445877991 21.32572058
8 18030877 0.770783620375317 21.4166168
8 18058265 3.31599605666715 21.50743526
8 18094906 2.65068911874676 21.60455921
8 18147608 1.97764221471671 21.70878493
8 18280322 0.785340657353407 21.81301066
8 18427622 0.718124915139172 21.91879044
8 18458093 4.12614617176988 22.04451824
8 18521240 1.8130045766228 22.15900406
8 18547817 3.91347781916695 22.26301257
8 18589836 2.67787905471334 22.37553436
8 18638392 2.33641362550457 22.48898127
8 18677218 2.92193118013702 22.60242818
8 18744047 1.41455505843272 22.69696151
8 18768280 3.70886807246317 22.7868385
8 18805955 2.39357133377571 22.87701632
8 18833803 2.41952384372307 22.94439521
8 18860707 2.99070398453762 23.02485714
8 18899170 2.09192990666355 23.10531907
8 18937673 1.7351868685557 23.17212896
8 18992687 1.2089904387974 23.23864037
8 19019514 2.47927088381109 23.30515178
8 19084136 0.88025749744669 23.36203576
8 19143521 0.957733434368948 23.41891073
8 19177257 1.6858845150581 23.4757857
8 19200287 2.46960486322188 23.53266066
8 19325178 0.455397106276673 23.58953563
8 19378082 1.07512853470437 23.64641421
8 19410490 1.75507899284127 23.7032928
8 19488876 0.72562192228204 23.76017138
8 19516277 2.07578555527171 23.81704996
8 19570480 1.33866391159161 23.88960958
8 19640846 1.29777591450416 23.9809289
8 19702064 1.61977686301415 24.08008837
8 19804494 0.968070877672557 24.17924784
8 19829204 2.77204775394577 24.24774518
8 19856570 2.73107505663963 24.32248373
8 19889145 2.29583729854183 24.39727065
8 19936390 1.38008254841782 24.46247262
8 19960286 2.7129812520924 24.52730201
8 20011119 1.27587787460901 24.59215867
8 20059873 1.33532633219838 24.65726112
8 20104322 1.46465612274742 24.72236357
8 20157841 1.22400269063323 24.78787101
8 20258550 0.650462222840064 24.85337844
8 20326622 1.17190768597955 24.93315252
8 20381835 1.44484270008875 25.0129266
8 20429272 1.77653308598773 25.0972
8 20469571 1.81049901982679 25.17016125
8 20498091 2.78541374474053 25.24960122
8 20525748 2.87232888599631 25.3290412
8 20554560 1.60203734555047 25.37519912
8 20598292 1.41663312905881 25.43715136
8 20629187 1.95172034309759 25.49744974
8 20676496 0.978917330740451 25.54376132
8 20721674 1.112056753287 25.59400178
8 20798285 0.655787027972484 25.64424224
8 20874159 0.67167277328202 25.69520471
8 20895380 2.3936760755855 25.74600094
8 20996292 0.503371254162042 25.79679716
8 21027725 1.52363121560144 25.84468943
8 21055315 1.73697716563972 25.89261261
8 21108458 1.09167529119545 25.95062755
8 21145798 1.54233529726834 26.00821836
8 21176481 1.32591011309194 26.04890126
8 21199432 1.54320073199425 26.08431922
8 21227745 1.24283897856109 26.11950777
8 21236045 4.2386265060241 26.1546884
8 21261513 1.387498036752 26.19002522
8 21305627 0.815178854785329 26.22598606
8 21384075 0.458403018560065 26.2619469
8 21502540 0.303556324652851 26.29790774
8 21552229 0.729209684235948 26.33414142
8 21595929 0.829329519450801 26.37038311
8 21613930 2.01331592689295 26.40662481
8 21691570 0.472399536321484 26.44330189
8 21774525 0.506558977759026 26.48532347
8 21838542 0.659188965431057 26.52752279
8 21865496 1.66304073606886 26.57234841
8 21888701 1.93172161172161 26.61717403
8 21911456 1.9959569325423 26.66259206
8 21996089 0.544934009192632 26.70871151
8 22051954 0.824451803454757 26.75476952
8 22098575 1.13336908260226 26.80760828
8 22127764 1.96423995340711 26.86494245
8 22183217 1.03392422411772 26.92227661
8 22197437 4.21638537271449 26.9822336
8 22260477 1.30095019035533 27.06424548
8 22287413 3.14683323433323 27.14900854
8 22329811 1.01182131232605 27.19190772
8 22378915 1.08646138807429 27.24525729
8 22447260 0.863510132416417 27.30427389
8 22515746 0.809274888298338 27.35969793
8 22662945 0.338746866486865 27.40956114
8 22734111 0.862212292386814 27.47092138
8 22847354 0.56527025953039 27.53493432
8 23116886 0.262366991674458 27.60565063
8 23140263 2.65987936861017 27.6678306
8 23213749 0.813605312576545 27.72761918
8 23319628 0.568625506474372 27.78782469
8 23355575 1.6748407377528 27.8480302
8 23444752 0.671278468663445 27.90789278
8 23484378 1.08218089133397 27.95077527
8 23528913 1.03390816211968 27.99682038
8 23589802 0.756213766033274 28.04286549
8 23625097 1.26665816687916 28.08757217
8 23670246 0.990203548251346 28.13227884
8 23702571 0.889754060324826 28.1610401
8 23725744 1.785854226902 28.20242375
8 23814719 0.473998314133183 28.24459779
8 23882301 0.624041904649167 28.28677184
8 23907022 1.70599894826261 28.32894589
8 23943188 1.16612287784107 28.37111994
8 24000813 0.885669414316703 28.4221566
8 24027874 1.44881194338716 28.46136288
8 24054059 0.901535230093565 28.48496961
8 24079806 1.1321668543908 28.51411955
8 24109611 0.962197617849354 28.54279785
8 24139857 0.948168352840045 28.57147615
8 24174876 0.818935435049544 28.60015445
8 24224606 0.576680072390911 28.62883275
8 24247459 1.25966831488207 28.65761991
8 24324828 0.372076671535111 28.68640708
8 24362703 0.817568316831683 28.71737247
8 24402182 0.95557891537273 28.75509781
8 24504020 0.370965651328581 28.7928762
8 24606979 0.366926640701638 28.83065458
8 24643272 1.04092800264514 28.86843297
8 24741844 0.392872215233535 28.90715912
8 24769391 1.34684357643301 28.94426058
8 24849433 0.463495414907174 28.98135972
8 24878922 1.05392180134966 29.0124388
8 24904650 1.14737251243781 29.04195844
8 24947034 0.696479803699509 29.07147809
8 25002536 0.480865554394436 29.09816713
8 25025477 1.16337561570986 29.12485617
8 25084145 0.454915797368242 29.1515452
8 25121036 0.720739475752894 29.17813402
8 25212275 0.294839925908877 29.20503489
8 25242009 1.177856998722 29.24005734
8 25270600 1.22630897834983 29.27511876
8 25326238 0.630883568783925 29.31021985
8 25371956 0.767774180847806 29.34532093
8 25393606 1.62129792147806 29.38042202
8 25418745 1.39628067942241 29.4155231
8 25461573 0.853488372093023 29.45207631
8 25483741 1.64891735835438 29.48862951
8 25551702 0.605720928179397 29.52979493
8 25653708 0.411090524086818 29.57172859
8 25725277 0.585919881512946 29.61366225
8 25753902 1.45631091703057 29.65534914
8 25802651 0.852959035057129 29.69693006
8 25830738 1.56004201231887 29.74074699
8 25858677 1.82602455349154 29.79176424
8 25934698 0.673874324199892 29.84299285
8 25973931 1.62831799760406 29.90687669
8 26032043 1.33840686949339 29.98465421
8 26055303 3.34383061049011 30.06243173
8 26091172 2.43974741420168 30.14994301
8 26116151 3.89104047399816 30.24713728
8 26211730 1.0165643080593 30.34429951
8 26259626 1.74514573242024 30.42788505
8 26307123 1.79417436890751 30.51310291
8 26416098 0.817390227116311 30.60217801
8 26440150 2.38095376683852 30.6594447
8 26481454 1.60368487313577 30.72568327
8 26538011 1.17118305426384 30.79192183
8 26576536 1.7170330953926 30.85807054
8 26632140 0.873537874973024 30.90664278
8 26669899 1.14674647104002 30.9499428
8 26696264 1.5534989569505 30.99090076
8 26763145 0.611323096245571 31.03178661
8 26805930 1.08928596470726 31.07839176
8 26828306 1.32307829817662 31.10799697
8 26865356 1.03608636977058 31.14638397
8 26887536 1.73459873760144 31.18485736
8 26926436 0.989033419023136 31.22333074
8 26964836 1.00717708333333 31.26200635
8 27015096 0.769510545165141 31.30068195
8 27091632 0.505771140378384 31.33939166
8 27142034 0.759604777588191 31.37767725
8 27162073 1.91055441888318 31.41596285
8 27255500 0.409791601999422 31.45424844
8 27285102 1.42127221133707 31.49632098
8 27313786 1.467494073351 31.53841463
8 27383296 0.631396921306287 31.58230304
8 27469550 0.529858325410995 31.62800541
8 27507857 1.24924426345054 31.67586025
8 27546774 1.13318858082586 31.71996057
8 27580857 1.29339553443065 31.7640434
8 27661594 0.476892874394639 31.80254633
8 27700660 0.788465673475657 31.83334856
8 27824273 0.253539676247644 31.86468932
8 27859677 0.897618913117162 31.89646857
8 27927097 0.615609611391279 31.93797293
8 28008977 0.563404982901808 31.98410457
8 28044113 1.12986680327869 32.02380354
8 28084215 0.993853174405266 32.06365904
8 28127979 0.908235079060415 32.10340709
8 28216923 0.446379744558374 32.14310991
8 28251302 1.15485616219204 32.18281272
8 28268194 1.96887875917594 32.21607103
8 28331652 0.525361656528728 32.24940946
8 28356614 1.312723339476 32.28217765
8 28383348 1.15086032767263 32.31294471
8 28411601 1.08898524050543 32.34371176
8 28507660 0.320293777782405 32.37447882
8 28536062 1.08327230476727 32.40524587
8 28566208 1.01941551117893 32.4359772
8 28624142 0.531541063969344 32.46677147
8 28652470 1.08706227054504 32.49756573
8 28675009 1.39103332002307 32.52891826
8 28744432 0.368593981821586 32.5545072
8 28747847 6.7702196193265 32.57762748
8 28780530 0.840767371416333 32.60510624
8 28819278 0.69852895633323 32.63217288
8 28857360 0.666322672128565 32.65754779
8 28903569 0.470440823216257 32.67928639
8 28935823 1.00671234575557 32.71175686
8 28972975 1.16539621016365 32.75505364
8 29018683 0.946963332458213 32.79833743
8 29148793 0.348877103988932 32.84372987
8 29329279 0.251500947441907 32.8891223
8 29374702 0.999326332474737 32.93451474
8 29413608 1.17605510718141 32.98027035
8 29541171 0.358690215814931 33.02602595
8 29578469 0.930682610327632 33.06073851
8 29661558 0.523432704690152 33.10423006
8 29687457 1.80199235491718 33.15089985
8 29717556 1.55054320741553 33.19756964
8 29761433 1.06365065979898 33.24423943
8 29777855 2.84190719766167 33.29090922
8 29865913 0.52998932521747 33.33757901
8 29916141 0.921111730508879 33.38384463
8 29946143 1.5073161789214 33.42906715
8 29974877 1.57383239367996 33.47428967
8 30034680 0.756191160978546 33.51951218
8 30076221 1.21213499915746 33.56986547
8 30135557 0.97270122691115 33.62758166
8 30179619 1.30988606962916 33.68529786
8 30207521 1.95460898860297 33.73983533
8 30229144 2.52219858484022 33.7943728
8 30263136 1.57914803483173 33.84805124
8 30311195 1.02428889490002 33.89727758
8 30349483 1.2856848098621 33.94650392
8 30384128 1.59790445951797 34.00186334
8 30421763 1.47095522784642 34.05722277
8 30484139 0.887604206746184 34.11258792
8 30512647 1.94209344745335 34.16795307
8 30545035 1.72261022600963 34.22374498
8 30666192 0.460492584002575 34.27953688
8 30698583 1.66056620666234 34.33332427
8 30736323 1.45063593004769 34.38807131
8 30843243 0.510169285447063 34.4426186
8 30870747 1.98324970913322 34.49716588
8 31048572 0.307002952340784 34.55175864
8 31069589 2.39115953751725 34.60201363
8 31189727 0.418310609465781 34.65226863
8 31265793 0.660676254831331 34.70252362
8 31333889 0.657255932800752 34.74728009
8 31423383 0.733465930676917 34.81292087
8 31442029 4.28771854553255 34.8928697
8 31507964 1.10053992568439 34.96543375
8 31542848 2.0718782249742 35.03770911
8 31643340 0.772519205508896 35.11534108
8 31692566 0.801915654329013 35.15481615
8 31734737 0.909179293827512 35.19315716
8 31779503 0.888169592994683 35.23291701
8 31818769 1.01947995721489 35.27294793
8 31845307 1.50843695832391 35.31297885
8 31919151 0.5845525702833 35.35614454
8 31962859 0.987592660382539 35.39931024
8 32006900 1.17532299448241 35.45107267
8 32036232 1.76566889404064 35.50286325
8 32071679 1.46107145879764 35.55465383
8 32102776 1.90608418818536 35.61392736
8 32125475 2.60961716375171 35.67316303
8 32197901 0.825427332725817 35.73294546
8 32234457 1.40633001422475 35.78435521
8 32280443 1.2766167964163 35.84306173
8 32364528 0.723329963727181 35.9038829
8 32526176 0.413177397802633 35.97067216
8 32619680 0.61147758384668 36.02784773
8 32662197 1.44918267986923 36.08946258
8 32806816 0.44100360256951 36.1532401
8 32842265 1.64211402296257 36.21145139
8 32974704 0.439532917041053 36.26966268
8 33088946 0.453492585914112 36.32147061
8 33130097 1.44198682899565 36.38080983
8 33168993 1.52417215137803 36.44009399
8 33203967 1.69509349802711 36.49937814
8 33270489 0.890747421905535 36.55863244
8 33585815 0.217561190640797 36.62723513
8 33615088 1.69345130324873 36.6768075
8 33642285 2.26190388645806 36.73832455
8 33664986 2.58292145720453 36.7969594
8 33688162 2.57779599585778 36.85670241
8 33721845 1.61540539738147 36.91111409
8 33792082 0.57202471631761 36.95129143
8 33852925 0.910809789129399 37.00670786
8 33880811 2.12361758588539 37.0659271
8 33971922 0.590423768809474 37.1197212
8 34054421 0.665741402926096 37.17464425
8 34146180 0.598557089767761 37.22956729
8 34184354 1.43875412584482 37.28449033
8 34269330 0.62617444925626 37.33770013
8 34330535 0.855144187566375 37.39003926
8 34372860 1.32146249261666 37.4459702
8 34413649 1.49014440167692 37.50675172
8 34438846 2.41176727388181 37.56752101
8 34462913 2.52500519383388 37.6282903
8 34486671 2.47227881134776 37.68702668
8 34512873 2.24167620792306 37.74576306
8 34579777 0.539032045916537 37.78182648
8 34615024 0.998757341050302 37.8170297
8 34728021 0.32565554837739 37.85382779
8 34748196 1.68815861214374 37.88788639
8 34772824 1.3713943478967 37.92166107
8 34800977 1.04057471672646 37.95095633
8 34823415 1.29906854443355 37.98010487
8 34850109 1.32288529257511 38.01541801
8 34933119 0.425407782194916 38.05073115
8 34964323 1.13168504037944 38.0860443
8 35034999 0.501833720074707 38.12151193
8 35116935 0.480998584260887 38.16092302
8 35172469 0.662242950264703 38.19770006
8 35209487 0.977381273974823 38.23388079
8 35243411 1.1419290178045 38.27261956
8 35275107 1.21560449268046 38.31114933
8 35302796 1.39435154754596 38.34975751
8 35365281 0.627243338401216 38.38895079
8 35445061 0.480932564552519 38.42731964
8 35467225 1.76150965529688 38.46636175
8 35568258 0.386508368552849 38.50541189
8 35600024 1.22930491720708 38.54446203
8 35630155 1.29601075304504 38.58351217
8 35669572 0.990691833472867 38.62256231
8 35864640 0.25677507330777 38.67265094
8 35963599 0.529604179508685 38.72506002
8 35995867 1.55463307301351 38.77522493
8 36032079 1.38531149895062 38.82538985
8 36096463 0.779151652584493 38.87555476
8 36246265 0.3476055059345 38.92762677
8 36292654 1.34315893854146 38.98993456
8 36444694 0.416174690870823 39.05320975
8 36469080 2.5744320511769 39.11598988
8 36489911 2.69676923815467 39.17216625
8 36518158 1.82425390306935 39.22369592
8 36583994 0.739543714684975 39.27238449
8 36655061 0.685108418816047 39.32107305
8 36697683 1.14233494439491 39.36976161
8 36786048 0.550994171900639 39.41845017
8 36817116 1.56716235354706 39.46713873
8 36851180 1.4293271488962 39.51582729
8 36882409 1.80433251144769 39.57217477
8 36910551 2.01648781181153 39.62892272
8 36937655 2.09371310507674 39.68567067
8 36959507 2.59645799011532 39.74240852
8 36994137 1.33907017037251 39.78878049
8 37031942 1.22661023674117 39.83515246
8 37079062 0.984125636672326 39.88152444
8 37140415 0.755822861147784 39.92789641
8 37204895 0.719168734491315 39.97426838
8 37254139 0.800111688733653 40.01366905
8 37311319 0.835255334032879 40.06142895
8 37387863 0.639481866638796 40.11037746
8 37407050 2.23755667900141 40.15330949
8 37433695 1.97738037155189 40.20599677
8 37458257 2.1450736910675 40.25868405
8 37503181 1.17292538509483 40.31137653
8 37557955 0.961998393398328 40.364069
8 37579398 2.45732873198713 40.41676147
8 37615037 1.46497376469598 40.46897169
8 37653863 1.08850254983774 40.51123392
8 37690219 1.45966828033887 40.56430162
8 37738090 1.06733721877546 40.61539616
8 37782872 1.12047474431691 40.6655733
8 37836472 0.936139925373134 40.71575044
8 37960401 0.334363224104124 40.75718771
8 38000774 1.16524409877889 40.80423207
8 38187943 0.275834139200402 40.85585969
8 38227553 1.34709669275436 40.90921821
8 38269180 1.28182429673049 40.96257673
8 38343034 0.722486256668562 41.01593525
8 38677954 0.158247044070226 41.06893534
8 38729117 0.556558450442703 41.09741057
8 38782407 0.534344154625633 41.12588579
8 38823995 0.813268250456862 41.15970795
8 38860344 1.02552477372142 41.19698473
8 38891510 1.07463902971187 41.2304769
8 38914992 1.42629247934588 41.26396906
8 39019428 0.317703665402735 41.29714874
8 39059592 0.658871128373668 41.32361159
8 39225774 0.216557749936816 41.35959961
8 39290623 0.628379774553193 41.40034943
8 39330695 1.01691455380315 41.44109926
8 39417000 0.472160361508603 41.48184908
8 39493445 0.533060370200798 41.5225989
8 39541170 0.824944997380828 41.5619694
8 39584890 0.980667886550778 41.60484424
8 39621719 1.15610524315078 41.6474224
8 39659087 1.14326964247484 41.69014405
8 39680225 2.15166524742171 41.73562592
8 39715676 1.23427265803503 41.77938216
8 39743763 1.79733684622779 41.82986397
8 39768968 2.07270779607221 41.88210657
8 39838479 0.611529110500496 41.92461457
8 39908849 0.830561318743783 41.98306116
8 39978020 0.844958147200416 42.04150775
8 40003790 2.14610399689562 42.09681286
8 40031873 1.96739308478439 42.15206313
8 40056448 2.06251068158698 42.20274937
8 40139026 0.573448133885539 42.25010353
8 40171823 1.44385766990883 42.29745769
8 40219724 0.821177010918352 42.33679293
8 40287413 0.581341133714488 42.37614331
8 40334321 0.838884625223842 42.4154937
8 40356820 1.0517045202009 42.43915604
8 40428191 0.421473707808494 42.46923706
8 40490432 0.483599235230796 42.49933673
8 40518213 1.08012310571974 42.52934359
8 40543188 1.55631631631632 42.56821262
8 40663564 0.271085598458164 42.60084481
8 40706894 0.752139395338103 42.63343499
8 40731383 1.33266772836784 42.66607065
8 40755544 1.17231488762882 42.69439494
8 40794765 0.72217179572168 42.72271924
8 40838570 0.730081040977058 42.75470048
8 40996882 0.202373793521653 42.78673866
8 41055344 0.53607813622524 42.81807883
8 41186555 0.238853449786984 42.84941899
8 41208707 1.40963795594077 42.88064533
8 41244408 0.935990588498922 42.91406114
8 41339684 0.385367773626097 42.95077741
8 41377943 0.959677461512324 42.98749368
8 41441303 0.579487058080808 43.02420995
8 41484524 0.849612456907522 43.06093101
8 41519128 0.960383192694486 43.09416408
8 41600064 0.390750716615597 43.12578989
8 41675618 0.461693623104005 43.16067269
8 41710832 0.990594649855171 43.19555549
8 41735284 1.42658269262228 43.23043828
8 41790111 0.636233972312911 43.26532108
8 41819361 1.04912136752137 43.29600788
8 41841135 1.28255258565261 43.3239342
8 41989397 0.197111195046607 43.35315833
8 42015534 1.11811225465815 43.38238247
8 42093811 0.326528865439401 43.40794213
8 42123936 0.848454771784232 43.43350179
8 42154359 0.84014397002268 43.45906145
8 42179335 1.02337043561819 43.48462111
8 42204721 1.00415583392421 43.51011256
8 42263488 0.479827113856416 43.53831056
8 42286045 1.38897459768586 43.56964166
8 42349855 0.58929164707726 43.60724439
8 42370104 1.85701516124253 43.64484712
8 42414094 0.854587406228688 43.68244045
8 42448105 1.10532768810091 43.72003377
8 42492880 0.823627024008934 43.75691163
8 42527772 0.8142066949444 43.78532098
8 42553009 1.12570036058169 43.81373033
8 42579916 1.05583305459546 43.84213968
8 42686594 0.266308892180206 43.87054903
8 42720374 1.09577856719953 43.9075644
8 42756154 1.30757965343767 43.95434958
8 42880518 0.376711106107877 44.00119888
8 42919893 1.18420317460317 44.04782685
8 42958711 1.1996316141996 44.0943942
8 43148669 0.236763916234115 44.13936942
8 43213881 0.689676746611053 44.18434464
8 43348930 0.331697383912506 44.22914003
8 43505521 0.286937308018979 44.27407183
8 43541859 1.21640156310199 44.31827343
8 43615936 0.594531366011043 44.36231455
8 43644505 1.03851027337324 44.3919838
8 43752637 0.274379462138867 44.42165304
8 43856448 0.285800156052827 44.45132229
8 43970992 0.259020114541137 44.48099154
8 43998136 1.09991526672561 44.51084766
8 44090687 0.322590787781872 44.54070378
8 44128219 0.795483853778109 44.5705599
8 44184737 0.528258254007573 44.60041602
8 44236860 0.58038869596915 44.6306676
8 44323602 0.348753775564317 44.66091919
8 44358614 0.864383639894893 44.69118302
8 44395413 0.820883719666295 44.72139075
8 44418596 1.27839796402536 44.75102782
8 44484817 0.466031923407982 44.78188896
8 44612289 0.257734247521024 44.81474281
8 44652431 0.858733994320164 44.84921414
8 44735178 0.416586704049694 44.88368546
8 44761143 1.32760639322164 44.91815679
8 44783207 1.56233230601885 44.95262812
8 44817928 1.28181791999078 44.99713411
8 44847802 1.5078730668809 45.04218033
8 44879292 1.3058907589711 45.08330279
8 44916012 0.997875816993464 45.1199448
8 44946586 1.19846928763001 45.15658682
8 44970179 1.98636883821472 45.20345119
8 45049204 0.593032584625119 45.25031556
8 45075465 2.17680210197631 45.30748058
8 45266552 0.29915692851947 45.36464559
8 45344813 0.564118782024252 45.40879413
8 45375452 1.87891902477235 45.46636228
8 45412367 1.6453040769335 45.52709868
8 45436194 2.54905779158098 45.58783508
8 45456855 2.95496345772228 45.64888758
8 45519975 0.897602978453739 45.7055443
8 45544435 1.63930907604252 45.74564181
8 45577725 0.975917693000901 45.77813015
8 45608581 1.10489694062743 45.81222283
8 45640500 1.31840283216893 45.85430497
8 45672590 1.32719538797133 45.89689469
8 45735954 0.671065589293605 45.93941614
8 45756130 1.30839115781126 45.96581422
8 45792230 0.731249307479224 45.99221229
8 45868536 0.430939899876812 46.02509556
8 45953160 0.40920897145018 46.05972449
8 45985343 0.867560513314483 46.08764515
8 46013064 1.02907543017929 46.11617217
8 46083839 0.438803249735076 46.14722851
8 46180230 0.322190868442074 46.17828485
8 46286481 0.350459760378726 46.21552156
8 46531427 0.152020037069395 46.25275828
8 46581674 0.86670049953231 46.29630736
8 46610055 1.5344455797893 46.33985644
8 46647356 1.1151229189566 46.38145161
8 46700501 0.727618778812682 46.42012091
8 46744076 0.905553643144005 46.4595804
8 46794869 0.812726163053964 46.50086116
8 46840628 0.810430734937389 46.53794567
8 46886870 0.802223087236711 46.5750421
8 46927486 0.890420031514674 46.61120745
8 46969611 0.858523442136498 46.6473728
8 47016150 0.77636390983906 46.68350405
8 47039478 1.54883401920439 46.71963529
8 47069272 1.52862656910787 46.76517918
8 47115325 0.988945345580093 46.81072307
8 47140043 1.15707986083016 46.83932375
8 47181980 0.784884469561485 46.87223947
8 47209332 1.1230147704007 46.90295619
8 47242828 0.917025913541916 46.93367291
8 47263061 1.7905105520684 46.96990031
8 47301461 0.941763020833333 47.00606403
8 47336493 1.01420701073304 47.04159376
8 47392476 0.801829126699177 47.0864826
8 47420937 1.47982151013668 47.12859979
8 47442795 1.91989203037789 47.17056483
8 47468132 1.38969096578127 47.20577546
8 47488849 1.42829077569146 47.23536537
8 47595235 0.277752711822984 47.26491433
8 47696782 0.290988409308005 47.29446328
8 47763842 0.393654935878318 47.32086183
8 47804479 0.651743485001353 47.34734677
8 47827950 1.12840952664991 47.3738317
8 47914691 0.305009165215988 47.40028847
8 47950559 0.737615702018512 47.42674523
8 47998648 0.550163238994365 47.453202
8 48026979 0.933846316755498 47.47965876
8 48180996 0.147335683723225 47.50235097
8 48282567 0.223412194425574 47.52504319
8 48320530 0.60144614493059 47.54787585
8 48362450 0.549790076335878 47.57092305
8 48443110 0.285732705182246 47.59397026
8 48489615 0.495585420922481 47.61701746
8 48562477 0.316313030111718 47.64006467
8 48611381 0.319544413544904 47.65569169
8 48734855 0.214596595234624 47.68218878
8 48788755 0.532749536178108 47.71090397
8 48857813 0.417311535231255 47.73972269
8 48885706 0.753056322374789 47.76072772
8 48938261 0.453129102844639 47.78454189
8 48980291 0.595396145610278 47.80956642
8 49012183 0.784895898657971 47.83459828
8 49055911 0.572445572630809 47.85963014
8 49088726 0.764638122809691 47.88472174
8 49156311 0.419164015683954 47.91305093
8 49221055 0.437557148152725 47.94138012
8 49248066 1.29015956462182 47.97622861
8 49278445 1.19311695579183 48.01247432
8 49302133 1.53012917933131 48.04872003
8 49323954 1.66104669813482 48.08496573
8 49360682 1.0645856022653 48.12406585
8 49420586 0.652712673611111 48.16316597
8 49501223 0.48506144821856 48.20227991
8 49532773 1.23974326465927 48.24139385
8 49616613 0.462677719465649 48.28018478
8 49672621 0.692595700614198 48.3189757
8 49711360 1.00133973515062 48.35776663
8 49802258 0.422703469823318 48.39618952
8 49838877 1.04926131243344 48.43461241
8 49879585 0.712390684877665 48.46361237
8 49906165 1.85984574868322 48.51304707
8 49940487 1.49294912883865 48.56428806
8 49969495 1.06709183673469 48.59524223
8 49998503 1.12286610590182 48.62781435
8 50067241 0.464309406732812 48.65973005
8 50120849 0.590104088941949 48.69136434
8 50158365 0.752377652201727 48.71959057
8 50184518 0.847206821397163 48.7417476
8 50210783 1.04529221397297 48.76920218
8 50238146 1.11241457442532 48.79964119
8 50260710 1.52652455238433 48.83408574
8 50311361 0.642016939448382 48.86660455
8 50336594 1.21904252367931 48.89736469
8 50359940 1.98251520603101 48.94364848
8 50380296 2.27533896639811 48.98996528
8 50410748 1.52835938526205 49.03650684
8 50446105 0.996529682948214 49.07174112
8 50477280 0.945251002405774 49.10120931
8 50517491 0.74077491233742 49.13099663
8 50588611 0.419836895388077 49.16085542
8 50623026 0.881069301176812 49.19117743
8 50709175 0.357849771906813 49.22200587
8 50729934 1.52433643239077 49.25364959
8 50752301 1.42134394420351 49.28544077
8 50785948 0.951511278865872 49.31745629
8 50821910 0.890259162449252 49.34947181
8 50846856 1.30196424276437 49.38195058
8 50899264 0.619729812242406 49.41442935
8 50941488 0.768920519136036 49.44689625
8 50995576 0.69369545925159 49.48441688
8 51044760 0.764476252439818 49.52201687
8 51083850 0.758083908928115 49.55165042
8 51173945 0.402560630445641 49.58791909
8 51217681 0.8129344247302 49.62347361
8 51274525 0.625474984167194 49.65902814
8 51305865 0.853082322910019 49.68576375
8 51344992 0.73351649755923 49.71446407
8 51375774 0.987184068611526 49.74485162
8 51409152 0.910405057223321 49.77523916
8 51433487 1.25090199301418 49.80567987
8 51461250 1.01874077008969 49.83396319
8 51546300 0.312955908289242 49.8605801
8 51575122 0.923492471029075 49.887197
8 51612284 0.85171411657069 49.91884842
8 51635383 1.4626131001342 49.95263336
8 51661702 1.34607697860861 49.98806078
8 51728056 0.575436296229316 50.02624331
8 51838959 0.345128625916341 50.06451907
8 51895572 0.676095596417784 50.10279484
8 51919977 1.56835894283958 50.1410706
8 51970747 0.847640338782746 50.18410535
8 51995421 1.74413147442652 50.2271401
8 52018600 1.82431511281764 50.26942585
8 52063693 0.624799858071098 50.29759992
8 52147500 0.363577028171871 50.32807018
8 52189823 0.808243744536068 50.36227748
8 52273546 0.408577093510744 50.39648477
8 52361183 0.420717276949234 50.43335519
8 52409001 0.771056924170814 50.47022562
8 52440870 0.88404091750604 50.49839911
8 52496347 0.558766696108297 50.52939786
8 52524895 0.961387838027182 50.55684359
8 52655614 0.218744788439324 50.58543767
8 52685298 0.890991780083547 50.61188591
8 52721756 0.725442975478633 50.63833414
8 52748100 1.18226920740966 50.66947987
8 52787152 0.797544299907815 50.70062559
8 52840982 0.595556381200074 50.73268437
8 52889444 0.662149725558169 50.76477346
8 52932839 0.741359603640972 50.79694472
8 52986604 0.573785920208314 50.82779435
8 53059904 0.327544338335607 50.85180335
8 53099555 0.725295705026355 50.88056202
8 53121881 1.28812595180507 50.90932069
8 53149567 1.18004767752655 50.94199148
8 53207901 0.560064456406212 50.97466228
8 53346130 0.195497326899565 51.00168571
8 53370344 0.790088378623936 51.02081687
8 53412381 0.631874301210838 51.04737894
8 53467317 0.48617118101063 51.07408727
8 53560254 0.260505503728332 51.09829792
8 53614485 0.641166491490107 51.13306902
8 53663120 0.751158630615812 51.16960162
8 53695177 0.845253766728016 51.1966979
8 53721270 1.06135361974476 51.22439179
8 53819922 0.318583505656246 51.25582073
8 53844809 1.26654478241652 51.28734121
8 53867972 1.36081250269827 51.3188617
8 53954835 0.362876023162912 51.35038218
8 54066695 0.281785267298409 51.38190267
8 54117642 0.409778789722653 51.40277964
8 54198009 0.259874077668695 51.42366498
8 54223148 0.825454473129401 51.44441607
8 54244010 0.995278496788419 51.46517957
8 54342370 0.211111224074827 51.48594446
8 54449954 0.193011042534206 51.50670936
8 54495012 0.460848240046163 51.52747426
8 54554681 0.348001474802661 51.54823915
8 54608567 0.379400957577107 51.56868358
8 54634628 0.784482560147347 51.589128
8 54675034 0.546911349799535 51.61122653
8 54717874 0.574316059757236 51.63583027
8 54742430 0.936577618504642 51.6588289
8 54767805 0.965576354679803 51.68333044
8 54798294 0.799468660828495 51.70770541
8 54822595 0.913320439488087 51.72989998
8 54850809 0.857492734103637 51.75409326
8 54873584 1.06227442371021 51.77828653
8 54917992 0.544795982705819 51.80247981
8 54945275 1.06248579701646 51.8314676
8 54981156 0.807887182631476 51.86045539
8 55004187 1.24764447918024 51.88918991
8 55032866 1.00193521391959 51.91792443
8 55077468 0.644242410654231 51.94665895
8 55190206 0.263524277528429 51.9763681
8 55218811 1.08514595350463 52.00740875
8 55298755 0.436541829280496 52.04230762
8 55323946 1.41747846453098 52.07801536
8 55376512 0.679292698702583 52.1137231
8 55433879 0.401764080394652 52.13677108
8 55458002 0.84138374165734 52.15706775
8 55493961 0.556564420590117 52.17708128
8 55517877 1.05853821709316 52.20239728
8 55552514 0.870863527441753 52.23256133
8 55603363 0.454396349977384 52.25566692
8 55631970 0.906061453490404 52.28158659
8 55665198 0.604550379198266 52.30167462
8 55698524 0.630636740082818 52.32269119
8 55733674 0.556557610241821 52.34225421
8 55775874 0.498097156398104 52.36327395
8 55835707 0.329318269182558 52.38297802
8 55861771 0.875890116635973 52.40580721
8 55889240 0.825122865775966 52.42847256
8 55952444 0.312371052465034 52.44821563
8 55983463 0.636484090396209 52.4679587
8 56021993 0.560641058915131 52.48956018
8 56051150 0.650029152519121 52.50851303
8 56082094 0.73906088417787 52.53138253
8 56128978 0.469390410374541 52.55338948
8 56181140 0.421895249415283 52.57539643
8 56257649 0.287638055653583 52.59740338
8 56297348 0.554343938134462 52.61941032
8 56370867 0.299336226009603 52.64141727
8 56479469 0.171673634003057 52.66006141
8 56558249 0.257788778877888 52.68037003
8 56614098 0.355331339862844 52.70021497
8 56667726 0.37004736331767 52.72005991
8 56696875 0.634999485402587 52.73856948
8 56719078 0.833653109940098 52.75707906
8 56764577 0.410145277918196 52.77574026
8 56807515 0.434608039498812 52.79440146
8 56908304 0.179419381083253 52.81248498
8 56940553 0.564975658159943 52.83070491
8 57004633 0.346680711610487 52.85292022
8 57034112 0.7489704535432 52.87499911
8 57083802 0.466325216341316 52.89817081
8 57132310 0.508732580192958 52.92284837
8 57160987 0.860536318303867 52.94752593
8 57193589 0.75693515735231 52.97220348
8 57220840 1.07849987156435 53.00159371
8 57261625 0.678202770626456 53.02925421
8 57313074 0.537629497171957 53.0569147
8 57354805 0.662828592652944 53.0845752
8 57420194 0.423580418724862 53.11227272
8 57446151 0.998593828254421 53.13819318
8 57482347 0.786592441153719 53.16666466
8 57566794 0.356787097232584 53.19679428
8 57595713 1.04186175178948 53.2269239
8 57624734 1.03819992419283 53.25705352
8 57659695 0.861806012413833 53.28718314
8 57703849 0.682311908320877 53.31730989
8 57738437 0.861431710419799 53.34710512
8 58010694 0.10118821554634 53.37465435
8 58049315 0.71299552057171 53.40219092
8 58103759 0.50577841451767 53.42972749
8 58159003 0.484463471146188 53.45649122
8 58252480 0.286313210736331 53.48325494
8 58278627 1.00483420660114 53.50952832
8 58385885 0.256140334520502 53.53700145
8 58523210 0.177181139632259 53.56133283
8 58583457 0.40386077315053 53.58566421
8 58609018 0.951817221548453 53.60999358
8 58651202 0.576744737341172 53.63432295
8 58681870 0.867461197339246 53.66092628
8 58734852 0.473811860631913 53.68602982
8 58798764 0.392782263111779 53.71113336
8 58837870 0.654178386948294 53.73671567
8 58905283 0.383716790530016 53.76258321
8 58948243 0.602129888268156 53.78845076
8 58973402 0.905250606144918 53.81122595
8 59055754 0.298584126675733 53.83581498
8 59101606 0.536652708714996 53.8604216
8 59132941 0.790441997766076 53.88519009
8 59251938 0.19489482928141 53.90838195
8 59321085 0.335399945044615 53.93157381
8 59394663 0.311344423604882 53.95448195
8 59431157 0.627722365320327 53.97739009
8 59495180 0.357810474360777 54.00029824
8 59542841 0.480646650301085 54.02320638
8 59567379 0.928975466623197 54.04600158
8 59585336 1.26943253327393 54.06879679
8 59626198 0.559886936518036 54.09167492
8 59697830 0.313171487603306 54.11410802
8 59747078 0.455636777128005 54.13654718
8 59814993 0.329052492085695 54.15889476
8 59858098 0.431418628929359 54.1774911
8 59879284 1.0888228075144 54.2005589
8 59908989 0.776562868204006 54.22362669
8 59941625 0.706820688809903 54.24669449
8 60010424 0.466727714065611 54.27880486
8 60063360 0.796072615989119 54.32094575
8 60213465 0.290673861630192 54.36457733
8 60290538 0.59191156436106 54.41019772
8 60338169 0.817278663055573 54.44912556
8 60387927 0.664449937698461 54.48218721
8 60425418 0.66845376223627 54.50724816
8 60447874 1.1281528322052 54.53258195
8 60497162 0.450217091381269 54.55477229
8 60577547 0.272907880823537 54.57670999
8 60615458 0.578663184827623 54.59864768
8 60639293 0.920398573526327 54.62058538
8 60666664 0.801494282269555 54.64252308
8 60712312 0.479585085874518 54.66441522
8 60733269 1.04461993605955 54.68630737
8 60783025 0.439989147037543 54.70819952
8 60831227 0.472569602921041 54.73097831
8 60881902 0.449507646768624 54.7537571
8 60926757 0.508962211570616 54.7765866
8 60956212 0.911132235613648 54.80342398
8 60998546 0.644375679123164 54.83070303
8 61048514 0.535136487351905 54.85744276
8 61079401 0.841975588435264 54.88344886
8 61105010 1.0213245343434 54.909604
8 61134883 0.875543132594651 54.93575913
8 61212042 0.325672961028525 54.96088768
8 61235958 1.05070245860512 54.98601624
8 61278848 0.585884821636745 55.01114479
8 61330817 0.48353056629914 55.03627334
8 61366316 0.70786782726274 55.06140189
8 61391546 0.995980975029726 55.08653045
8 61425965 0.730079316656498 55.111659
8 61452677 0.940723270440252 55.13678755
8 61527868 0.333833836496389 55.16188882
8 61590116 0.403246690656728 55.18699009
8 61627728 0.667374774008295 55.21209136
8 61652965 0.992871577445814 55.23714847
8 61676256 1.07582757288223 55.26220557
8 62011737 0.0748492463060501 55.28731608
8 62057167 0.466235967422408 55.30849717
8 62086510 0.721845073782504 55.32967827
8 62118036 0.734663452388505 55.35283923
8 62177967 0.501221404615308 55.38287798
8 62207137 1.00244086390127 55.4121192
8 62257147 0.584707058588282 55.44136042
8 62295921 0.754144529839583 55.47060164
8 62370423 0.392488792247188 55.49984286
8 62391308 1.18192482643045 55.52452733
8 62433191 0.726922617768546 55.55497305
8 62481563 0.629407508475978 55.58541878
8 62541763 0.505898671096346 55.61587392
8 62704466 0.187182166278434 55.64632906
8 62763147 0.518389257170123 55.67674864
8 62788934 1.17964866017761 55.70716823
8 62901406 0.273092858667046 55.73788358
8 62926769 1.19090013011079 55.76808835
8 62978731 0.442379046226088 55.79107523
8 63025069 0.527672752384652 55.81552657
8 63047422 1.09327159665369 55.83996451
8 63123243 0.32231044169821 55.86440244
8 63165891 0.573013974864003 55.88884038
8 63196917 0.787658737832785 55.91327832
8 63214488 1.38979568607364 55.93769842
8 63314993 0.24297398139396 55.96211853
8 63358490 0.561128353679564 55.98652592
8 63418463 0.363198439297684 56.008308
8 63444254 0.851998759257105 56.03028186
8 63475042 0.736290113031051 56.05295078
8 63499941 0.789895176513113 56.07261839
8 63530377 0.954152976738073 56.10165903
8 63554615 1.19967819126991 56.13073681
8 63577043 1.29649545211343 56.15981458
8 63611474 0.980912549737155 56.19358835
8 63632559 1.71051932653545 56.22965465
8 63660809 1.28054513274336 56.26583008
8 63715931 0.656278799753275 56.30200551
8 63752151 1.06263942573164 56.34049432
8 63787528 1.08796110467253 56.37898313
8 63808922 1.7894456389642 56.4172665
8 63879608 0.493398975751917 56.45214289
8 63910723 1.13514382130805 56.4874629
8 63975925 0.574931750559799 56.52494958
8 64014163 0.980352005858047 56.56243626
8 64035947 1.43341443261109 56.59366174
8 64073244 0.837212108212457 56.62488721
8 64094197 1.48953849090822 56.65609753
8 64130393 0.86225826058128 56.68730785
8 64222797 0.417448378858058 56.72588172
8 64299430 0.541487348792296 56.76737747
8 64348837 0.839876940514502 56.80887323
8 64385977 1.11728056004308 56.85036898
8 64478675 0.447645040885456 56.89186473
8 64516757 1.02401134394202 56.93086114
8 64546268 1.04424451899292 56.96167782
8 64573922 0.967031894120199 56.98842015
8 64645027 0.418692075100204 57.01819123
8 64833345 0.157003048035769 57.04775769
8 64876145 0.690806074766355 57.07732415
8 65038546 0.182069075929335 57.10689237
8 65108782 0.420983541203941 57.13646059
8 65148173 0.761234799827372 57.16644636
8 65171021 1.16457895658263 57.19305462
8 65198213 0.978534127684613 57.21966288
8 65260788 0.425222532960447 57.24627114
8 65365238 0.295980852082336 57.27718635
8 65409588 0.69758511837655 57.30812428
8 65472058 0.495244117176245 57.33906222
8 65506614 1.10166107188332 57.37713121
8 65552223 0.935837225109079 57.41981385
8 65581562 1.52394082961246 57.46452477
8 65773835 0.266244350480827 57.51571636
8 65862116 0.579871093440265 57.56690796
8 66110177 0.206366982314834 57.61809955
8 66166756 0.696991816751798 57.65753468
8 66234558 0.581621486091856 57.69696981
8 66262956 1.40770828931615 57.73694592
8 66298683 1.11893246004422 57.77692203
8 66332553 1.18028048420431 57.81689815
8 66388760 0.716972974896365 57.85719707
8 66440658 0.803599367991059 57.89890226
8 66490958 0.827147117296223 57.94050773
8 66643481 0.219174157340204 57.97393678
8 66668352 1.34409955369708 58.00736584
8 66692647 1.37596624819922 58.0407949
8 66803341 0.301995591450304 58.07422395
8 66833492 0.869201684852907 58.10043122
8 66969229 0.222828705511393 58.13067735
8 67009855 0.744501058435485 58.16092347
8 67033400 1.28460819706944 58.1911696
8 67072861 0.771032158333544 58.22159532
8 67105408 0.934823486035579 58.25202104
8 67145134 0.654792830891608 58.27803333
8 67211664 0.421107770930407 58.30604959
8 67253712 0.666293283866058 58.33406584
8 67326596 0.384395752154108 58.36208209
8 67351156 1.14072882736156 58.39009834
8 67463192 0.250065157627905 58.41811459
8 67514037 0.555541351165306 58.44636107
8 67572801 0.501092505615683 58.47580727
8 67645827 0.40257990304823 58.50520608
8 67672508 1.15181589895431 58.53593764
8 67737510 0.47234854312175 58.56664127
8 67769072 0.972802737469109 58.5973449
8 67844754 0.406019925477657 58.62807334
8 67908803 0.468147824322004 58.65805769
8 67946397 0.800276639889344 58.68814333
8 68005926 0.506541349594315 58.71829719
8 68136948 0.232229701882127 58.74872443
8 68163056 1.22536004289873 58.78071608
8 68193101 1.06020302879015 58.81256991
8 68217791 1.75746051032807 58.85596159
8 68259862 1.03139217037865 58.89935328
8 68330820 0.705435609797345 58.94940956
8 68399674 0.723888227263485 58.99925213
8 68620904 0.216980518012928 59.04725471
8 68653126 1.9262553534852 59.10932246
8 68697731 1.49077906064343 59.17581866
8 68728673 2.19668735052679 59.24378852
8 68777814 1.38316070084044 59.31175837
8 68786858 6.8140866873065 59.37338502
8 68844096 1.15295782522101 59.43937802
8 68894665 1.29750439992881 59.5049915
8 68926676 2.06639280247415 59.57113882
8 68950746 2.70838803489821 59.63632975
8 68980774 1.48557346476622 59.68093856
8 69020758 1.1156662665066 59.72554736
8 69045342 1.87090790758217 59.77154172
8 69120902 0.680398358920064 59.82295262
8 69156564 1.49252705961528 59.87617914
8 69181715 2.40318476402529 59.93662164
8 69223175 1.4578509406657 59.99706415
8 69421607 0.3046005684567 60.05750665
8 69514305 0.694199443353686 60.12185754
8 69590013 0.76224837533682 60.17956587
8 69638744 1.18422154275513 60.2372742
8 69640535 17.4539363484087 60.26853418
8 69691056 0.623932622077948 60.30005587
8 69746687 0.580156747137388 60.33233059
8 69895253 0.198259359476596 60.36178514
8 69929447 0.865438381002515 60.39137799
8 70029427 0.294495899179836 60.42082165
8 70055626 1.12384823848238 60.45026531
8 70079000 1.25967741935484 60.47970896
8 70107988 1.05341175658893 60.51024524
8 70146764 0.787505157829585 60.54078152
8 70210250 0.560545632107866 60.5763683
8 70240431 1.23497233358736 60.61364098
8 70278613 1.24025457021633 60.66099634
8 70399068 0.395005603752439 60.70857674
8 70429214 1.55010615006966 60.75530625
8 70466364 1.23088559892328 60.80103361
8 70498248 1.20625705683101 60.83949396
8 70559619 0.626685242215379 60.8779543
8 70662349 0.47548233232746 60.92680061
8 70727773 0.746611335289802 60.97564691
8 70789623 0.789754244139046 61.02449321
8 70815570 2.10497552703588 61.07911101
8 70866880 1.41284155135451 61.15160393
8 70893052 2.47860308726884 61.21647397
8 70922707 2.64052267745743 61.2947787
8 70949913 2.79491656252297 61.37081716
8 70996588 1.29787895018747 61.43139566
8 71053536 1.16146133314603 61.49753856
8 71256540 0.351694547890682 61.56893399
8 71343554 0.696074194957133 61.62950219
8 71497555 0.429171888494231 61.69559511
8 71535986 1.66521297910541 61.75959088
8 71593900 0.995058189729599 61.81721867
8 71632826 1.33148281354365 61.86904801
8 71655186 1.87673076923077 61.91101175
8 71679728 1.69875723249939 61.95270266
8 71704250 1.70014272897806 61.99439358
8 71762251 0.722466854019758 62.03629733
8 71859059 0.432854722750186 62.07820108
8 71880760 1.71079673747754 62.11532713
8 71906498 1.44245862149351 62.15245318
8 71951814 0.89708050136817 62.19310532
8 72015768 0.635469243518779 62.23374609
8 72052280 1.11742988606486 62.2745457
8 72114588 0.687518456698979 62.31738364
8 72165064 0.819046675647833 62.3587258
8 72300164 0.307383419689119 62.40025329
8 72331568 1.28023181760285 62.44045767
8 72363747 1.24027160570558 62.48036836
8 72408623 0.887485515643106 62.52019512
8 72448782 0.988104783485644 62.55987638
8 72468916 1.97086023641601 62.59955763
8 72515403 0.853599931163551 62.63923889
8 72603540 0.420201504475986 62.6762742
8 72685365 0.452615948670944 62.71330951
8 72713633 1.20283713032404 62.7473113
8 72749246 1.12557212253952 62.78739633
8 72833245 0.477208062000738 62.82748136
8 72861312 1.42846759539673 62.86757419
8 72888091 1.49717315807162 62.90766701
8 72904025 2.51617923936237 62.94775983
8 72930313 1.62805842970177 62.99055826
8 73015373 0.503155419703739 63.03335669
8 73041184 1.19571113091318 63.06421923
8 73082418 0.889280690692147 63.10088783
8 73116327 1.218304874812 63.14219936
8 73148144 1.29840965521577 63.18351088
8 73226920 0.524313242611963 63.22481413
8 73369517 0.29757778915405 63.26724785
8 73406436 1.14937295159674 63.30968156
8 73455817 0.946523966707843 63.35642185
8 73500384 1.05577669576144 63.40347463
8 73656442 0.301508413538556 63.45052741
8 73678295 2.2918317851096 63.50061085
8 73704787 1.89051034274498 63.55069429
8 73731612 1.86704193849021 63.60077773
8 73756002 2.2719885198852 63.6561915
8 73786989 1.7882918643302 63.71160527
8 73816526 1.92162711175813 63.76836438
8 73881444 0.874319911272682 63.82512348
8 73910942 2.15848532103871 63.88879453
8 74054145 0.455153174165346 63.9539738
8 74096731 1.36247358286761 64.01199606
8 74218630 0.603958194899056 64.08561791
8 74325878 0.783105512457109 64.16960436
8 74354272 2.86835246883144 64.25104839
8 74384468 1.62577824877467 64.30014036
8 74463486 1.0703826976132 64.38471988
8 74502241 2.19749451683654 64.4698838
8 74558797 0.999821415941721 64.52642967
8 74602232 1.31307240704501 64.583463
8 74689477 0.655720098572984 64.64067125
8 74742446 1.07354490362287 64.69753587
8 74772105 1.3058026231498 64.73626472
8 74801687 1.23695828544385 64.77285637
8 74834223 1.11281349889353 64.80906291
8 74913454 0.454014211609092 64.84503487
8 75022641 0.327361315907571 64.88077851
8 75072384 0.718565426291136 64.91652215
8 75123238 0.702517009478114 64.95224792
8 75142687 1.18728469330043 64.97533945
8 75176713 0.678642802562746 64.99843098
8 75289889 0.230498515586343 65.02451787
8 75337885 0.543522376864739 65.05060476
8 75367525 0.88165991902834 65.07673712
8 75401695 0.744597600234124 65.10218
8 75434703 0.78621849248667 65.12813148
8 75490692 0.464605547518263 65.15414428
8 75530408 0.81755967368315 65.18661446
8 75562763 1.00356050069541 65.21908463
8 75617400 0.355863242857404 65.23852791
8 75654722 0.495825518460961 65.2570331
8 75689477 0.544220975399223 65.27594753
8 75713774 0.782211795694942 65.2949529
8 75740079 0.888667553697016 65.31832932
8 75765032 0.930605538412215 65.34155072
8 75786767 1.02487232574189 65.36382636
8 75827694 0.551872846775967 65.38641287
8 75865284 0.600864591646715 65.40899939
8 75913884 0.487652263374486 65.43269926
8 75943131 0.812555133859883 65.4564641
8 75990313 0.447547793650121 65.47758031
8 76056545 0.343785481338326 65.50034992
8 76091650 0.648614157527418 65.52311953
8 76173589 0.278995350199539 65.54598009
8 76206064 0.776341801385681 65.57119178
8 76237541 0.800956253772596 65.59640346
8 76267400 0.872423724840082 65.62245319
8 76290911 1.10732848453915 65.64848757
8 76328417 0.700663893776996 65.67476667
8 76490167 0.164770324574961 65.70141826
8 76525216 0.762278524351622 65.72813536
8 76585381 0.400964015623701 65.75225935
8 76630746 0.531775597927918 65.77638333
8 76656036 0.953894820086991 65.80050732
8 76702143 0.518519964430564 65.82441469
8 76729847 0.862496390412937 65.84830924
8 76791528 0.535313954053923 65.88132796
8 76873029 0.405132452362548 65.91434667
8 76927444 0.451415969861251 65.93891049
8 76993039 0.378137053129049 65.96371441
8 77036217 0.371582750474779 65.97975865
8 77083615 0.344390058652264 65.99608205
8 77126858 0.377480748329209 66.01240544
8 77177955 0.319887664637846 66.02875072
8 77200730 0.717686059275521 66.045096
8 77243628 0.381271854165695 66.06145177
8 77299668 0.370670949321913 66.08222414
8 77345054 0.457682985942802 66.1029965
8 77387217 0.491632473970069 66.12372522
8 77421781 0.659142460363384 66.14650777
8 77453351 0.721653468482737 66.16929033
8 77493733 0.564177108612748 66.19207288
8 77533726 0.570349811216963 66.21488292
8 77557071 0.977082887127865 66.23769295
8 77583129 0.875354977358201 66.26050299
8 77830657 0.0921511909763744 66.28331302
8 77931210 0.226845544140901 66.30612306
8 77960968 0.766516566973587 66.32893309
8 78033713 0.313561069489312 66.35174313
8 78079268 0.500713423334431 66.37455316
8 78118013 0.588721125306491 66.3973632
8 78152753 0.656591824985607 66.42017323
8 78177178 1.17809211873081 66.44894818
8 78207713 1.03912559358114 66.48067786
8 78231927 1.27483687123152 66.51154675
8 78277928 0.702710810634551 66.54387214
8 78316328 0.841807291666667 66.57619754
8 78350218 0.953832989082325 66.60852294
8 78390507 0.802338107175656 66.64084833
8 78433277 0.77889642272621 66.67416176
8 78551639 0.227112586809956 66.70104329
8 78587452 0.889573618518415 66.73290158
8 78614227 1.21379271708683 66.76540091
8 78647332 0.981703670140462 66.79790024
8 78747540 0.329905795944436 66.83095943
8 78773310 1.28285603414823 66.86401861
8 78805057 1.04124799193625 66.89707513
8 78833990 1.14251892302907 66.93013165
8 78901537 0.488486535301346 66.96312749
8 79053443 0.258788987926744 67.00243914
8 79269796 0.319309646734734 67.0715227
8 79391625 0.601112214661534 67.14475557
8 79522316 0.567290785134401 67.21889533
8 79568836 1.59371883061049 67.29303508
8 79617870 1.51200799445283 67.36717484
8 79707190 0.641885356023287 67.42450805
8 79732382 2.27584947602413 67.48184127
8 79777034 1.28603869927439 67.53926542
8 79805362 2.13123411465688 67.599639
8 79844914 1.46605734223301 67.65762448
8 79925805 0.719701820968958 67.71584188
8 80010429 0.719553554547173 67.77673341
8 80085298 0.747631195822036 67.83270779
8 80165600 0.697048641378795 67.88868218
8 80193486 1.98841354084487 67.94413109
8 80228616 1.73544264161685 68.00509714
8 80254656 2.3296198156682 68.06576044
8 80331884 0.785509141762055 68.12642375
8 80363913 1.89401167691779 68.18708705
8 80394411 2.18236277788707 68.25364474
8 80493834 0.73064683222192 68.32628786
8 80580347 0.839678429831355 68.39893099
8 80631088 1.52860211663152 68.47649377
8 80659414 2.73821930381981 68.55405655
8 80713685 1.45745057212876 68.63315388
8 80740003 3.00544494262482 68.7122512
8 80771832 1.42706965346068 68.75767336
8 80809751 1.135871199135 68.80074446
8 80838568 1.92103272373946 68.85610287
8 80864247 2.15578488258889 68.91146128
8 80923031 0.936953933043005 68.96653917
8 80980150 0.760270663001803 69.00996502
8 81046343 0.653569108516006 69.05322672
8 81078533 1.27694625660143 69.09433162
8 81109645 1.51892838776035 69.14158852
8 81158290 0.984851474971734 69.18949662
8 81229897 0.761037328752776 69.24399227
8 81294416 0.844644213332507 69.29848792
8 81454750 0.339887983833747 69.35298357
8 81529442 0.734711883468109 69.40786067
8 81553047 2.32480830332557 69.46273778
8 81631309 0.717882241700953 69.51892068
8 81655976 2.98538533263064 69.59256121
8 81744964 0.831998696453454 69.66659911
8 81797959 1.68307576186433 69.75579367
8 81852961 1.22144831097051 69.82297578
8 81880143 2.4659627694798 69.89000559
8 81951051 0.946211993005021 69.95709955
8 82020175 0.937764018285979 70.02192154
8 82063613 1.38097057875593 70.08190814
8 82094947 2.15421267632604 70.14940821
8 82116405 2.20292198713766 70.1966785
8 82151088 1.26391315630136 70.24051481
8 82213465 0.702763839235616 70.28435112
8 82271544 0.757390795296062 70.3283396
8 82467968 0.271300350262697 70.38162947
8 82507024 1.40459596476854 70.43648736
8 82717400 0.271005723086284 70.49350041
8 82756766 1.44828278209623 70.55051346
8 82865703 0.499907285862471 70.60497184
8 82969431 0.555580942464908 70.66260114
8 83023923 1.06033362695442 70.72038086
8 83051775 2.06099382450093 70.77778367
8 83085781 1.69077515732518 70.83528015
8 83133550 1.20363624945048 70.89277663
8 83189437 0.950097518206381 70.94587474
8 83217737 1.87625795053004 70.99897285
8 83243707 1.70025798998845 71.04312855
8 83276598 1.34248578638533 71.08728425
8 83316183 1.3275912593154 71.13983696
8 83358562 1.24006465466387 71.19238968
8 83375649 3.47692397729268 71.25179983
8 83475300 0.592142577595809 71.31080746
8 83697815 0.253069680695683 71.36711926
8 83720729 1.98488260452125 71.41260083
8 83752001 1.42498720900486 71.457163
8 83795250 1.1624731207658 71.50743877
8 83842360 1.22681596264063 71.56523403
8 83872913 1.87638202467843 71.62256314
8 83898171 2.26974028030723 71.67989226
8 83928716 1.11293828777214 71.71388693
8 83960539 1.01565534361939 71.74620817
8 84050346 0.359136815615709 71.7784612
8 84079893 1.09158290181744 71.81071424
8 84123194 0.744855777002841 71.84296727
8 84146584 1.39663958956819 71.87563467
8 84212707 0.535207114014791 71.91102421
8 84306991 0.375350006363752 71.94641375
8 84355461 0.730132040437384 71.9818033
8 84378934 1.50742129254889 72.01718703
8 84402125 1.52712690267776 72.0526026
8 84448986 0.755758519877937 72.08801817
8 84472391 1.63779107028413 72.12635066
8 84505543 1.15612934362934 72.16467868
8 84625044 0.331716889398415 72.20431916
8 84670248 0.888282010441554 72.24447309
8 84697531 1.48680130484184 72.28503745
8 84774279 0.58032000833898 72.32957584
8 84811346 1.01749264844741 72.36729125
8 84849774 1.56944155303425 72.42760177
8 84923893 0.90753248154994 72.49486714
8 84951953 2.57517462580185 72.56712653
8 85009188 1.26250371276317 72.63938592
8 85039354 2.39539216336273 72.71164531
8 85067799 2.73798910177536 72.78952739
8 85104957 1.94924915226869 72.86195763
8 85127186 3.25836519861442 72.93438788
8 85179796 1.313164797567 73.00347345
8 85214277 1.94912560540588 73.07068128
8 85235575 3.15559207437318 73.13788911
8 85256653 2.05052187114527 73.18111003
8 85284255 1.54343525831461 73.22371196
8 85345749 0.558210557127525 73.25803858
8 85375592 1.15129511108133 73.29239664
8 85540348 0.229679647478696 73.33023774
8 85572194 1.18825284180117 73.36807884
8 85603530 1.20759190707174 73.40591994
8 85633318 1.30573385255808 73.44481513
8 85706017 0.535016987854028 73.48371031
8 85801560 0.40709628125556 73.5226055
8 85873098 0.540796499762364 73.56129296
8 85896776 1.63390066728609 73.59998041
8 85932371 1.26562157606405 73.64503021
8 85967740 1.36234838417824 73.69321507
8 85996251 1.18195433341517 73.72691374
8 86042480 0.850665166886586 73.7662391
8 86066888 1.61116846935431 73.80556445
8 86103647 1.0698169155853 73.8448898
8 86131514 1.41118168442961 73.88421515
8 86161553 1.30106861080595 73.92329798
8 86190996 1.3374248548042 73.9626758
8 86227069 1.14361710974967 74.00392947
8 86257804 1.75586790304213 74.05789611
8 86313889 0.97498261567264 74.11257802
8 86460296 0.245040879192935 74.14845369
8 86588746 0.278685869988322 74.18425087
8 86654806 0.54188919164396 74.22004806
8 86677601 1.62978723404255 74.25719904
8 86700245 1.54120738385444 74.29209816
8 86739630 0.912537768185858 74.32803847
8 86795140 0.647456314177626 74.36397879
8 86860447 0.549236682132084 74.39984775
8 86885269 1.4236161469664 74.43518475
8 86935049 0.712225793491362 74.47063932
8 86964264 1.21357521820982 74.50609389
8 87018559 0.652999355373423 74.54154846
8 87066188 0.85399441516723 74.58222339
8 87099475 1.22194550425091 74.62289832
8 87221937 0.332184677695938 74.66357829
8 87290730 0.606193944151294 74.70528019
8 87327538 1.49649261030211 74.76036312
8 87355823 1.94742442990985 74.81544605
8 87389857 1.61846682729036 74.87052898
8 87432207 1.24905785123967 74.9234266
8 87480027 1.10618151401087 74.97632421
8 87523043 1.24446252557188 75.02985596
8 87523043 Inf 75.07687975
8 87535546 4.2988802687355 75.13062865
8 87578026 1.26527542372881 75.18437755
8 87609582 1.70328622132083 75.23812645
8 87649611 1.34274900696995 75.29187535
8 87671958 2.40519532823198 75.34562425
8 87716785 1.1990296026948 75.39937316
8 87751584 1.49331877352798 75.45133911
8 87821410 0.744416120069888 75.50331871
8 87924562 0.66348301535598 75.57175834
8 88001133 0.893805748912774 75.64019796
8 88028661 1.93485178727114 75.69346059
8 88068414 1.33983850275451 75.74672322
8 88091837 1.82162831405029 75.78939117
8 88122741 1.67889917162827 75.84127585
8 88160617 1.36985690146795 75.89316053
8 88190043 1.76322639842316 75.94504521
8 88211201 2.17202949239058 75.99100104
8 88220809 3.92997502081599 76.02876029
8 88244099 2.03046371833405 76.07604983
8 88276497 1.88036607197975 76.13696994
8 88312599 1.68744390892471 76.19789005
8 88347526 1.75993643885819 76.2593593
8 88368519 1.69063973705521 76.29485095
8 88449390 0.591660793114961 76.3426991
8 88498549 0.973335503163205 76.39054726
8 88538731 1.1907869195162 76.43839542
8 88628185 0.534891676168757 76.48624358
8 88666966 1.22777648848663 76.53385802
8 88688530 2.12280652940085 76.57963421
8 88740000 1.07982319797941 76.63521275
8 88772848 1.67966390647832 76.6903863
8 88829359 0.971524128045867 76.74528806
8 88899293 0.817639488660737 76.80246884
8 88966749 0.847675521821632 76.85964961
8 88990195 2.2258039750917 76.91183581
8 89025420 1.3047324343506 76.95779498
8 89065214 1.08407548876715 77.00093465
8 89097170 1.42977844536237 77.04662463
8 89142000 1.01918358242248 77.09231461
8 89166061 1.89892356926146 77.13800459
8 89187309 2.14815512048193 77.18364856
8 89280421 0.552472291433972 77.23509038
8 89316327 1.90641953990976 77.3035423
8 89455292 0.50522793509157 77.37375132
8 89499861 1.36784311965716 77.4347147
8 89533226 1.84172635995804 77.49616392
8 89557638 1.44978699000492 77.53155613
8 89595563 0.942678971654581 77.56730721
8 89649415 0.717674366783035 77.60595537
8 89742134 0.41742469181074 77.6446586
8 89814485 0.554659921770259 77.68478879
8 89864264 0.806167259286044 77.72491899
8 89906270 0.953070989858592 77.76495369
8 89926318 1.99694233838787 77.80498839
8 90073503 0.272002581784829 77.84502309
8 90099064 1.56624153984586 77.8850578
8 90164939 0.607737381404175 77.9250925
8 90234863 0.596740747096848 77.96681904
8 90272686 1.10320439943949 78.00854558
8 90354295 0.499854182749452 78.04933814
8 90437122 0.575252031342437 78.09698452
8 90541937 0.4786881648619 78.14715817
8 90656038 0.439730589565385 78.19733182
8 90752165 0.478126853017362 78.2432927
8 90816891 0.759861570311776 78.29247546
8 90853557 1.33808978345061 78.34153781
8 90877677 2.06627694859038 78.39137641
8 90944769 0.73846509270852 78.44092152
8 90996528 0.694086052667169 78.47684675
8 91026377 1.4253207812657 78.51939119
8 91069389 1.0206012275644 78.56328931
8 91114014 0.983710924369748 78.60718743
8 91161810 0.919861494685748 78.65115314
8 91302171 0.296901560974915 78.69282654
8 91338977 1.13965657773189 78.73477277
8 91385256 0.893642904989304 78.77612968
8 91422077 1.1231878547568 78.8174866
8 91457233 1.18585447718739 78.85917654
8 91511607 0.657762901386692 78.89494172
8 91538364 1.33666704040064 78.93070691
8 91640710 0.349535888065972 78.96648049
8 91671359 1.20240464615485 79.003333
8 91700120 1.28053266576267 79.04016236
8 91746990 0.785777682952848 79.07699172
8 91769540 1.45861197339246 79.10988339
8 91797853 1.1236428495744 79.14169707
8 91835010 0.856196678956859 79.17351076
8 91870959 0.884967592978942 79.20532444
8 91922839 0.613217039321511 79.23713812
8 91944437 1.47299286971016 79.26895181
8 91973443 1.09696614493553 79.30077045
8 92016089 0.746109834451062 79.3325891
8 92052125 0.882967032967033 79.36440774
8 92084831 0.972867363786461 79.39622639
8 92093382 3.70736755934978 79.42792811
8 92145529 0.607929506970679 79.45962982
8 92185242 0.873550222848941 79.4943211
8 92227043 0.829915552259515 79.52901238
8 92255869 1.11332130715326 79.56110498
8 92329711 0.485203542699277 79.59693334
8 92357734 1.23551725368447 79.63155623
8 92380877 1.43671520546169 79.66480615
8 92414356 0.993156904328086 79.69805607
8 92449839 0.937065637065637 79.73130598
8 92481299 1.00142403051494 79.76281083
8 92522326 0.772995832013064 79.79452453
8 92564681 0.748759296423091 79.82623822
8 92595059 1.04396931990256 79.85795192
8 92621397 1.20410433594047 79.88966562
8 92719499 0.323272716152576 79.92137932
8 92747513 1.34190761761976 79.95897151
8 92773974 1.78143683156343 80.0061101
8 92821435 0.990358399528034 80.05311349
8 92892514 0.661283923521715 80.10011687
8 92920899 1.65592390347014 80.14712026
8 92940052 1.82518665483214 80.18207801
8 92965363 1.38663031883371 80.21717505
8 93011122 0.766996656395463 80.25227209
8 93068725 0.651877506379876 80.28982214
8 93117720 0.757348709051944 80.32692846
8 93158282 0.915105270943247 80.36404695
8 93181299 1.61265586305774 80.40116544
8 93253303 0.516264374201433 80.43833849
8 93286955 1.10463271128016 80.47551155
8 93319013 1.15955767671096 80.5126846
8 93348993 1.20615076717812 80.54884501
8 93403260 0.736515746217775 80.58881353
8 93430672 1.45223989493652 80.62862233
8 93464951 1.16162373464804 80.66844163
8 93502812 0.948036237817279 80.70433525
8 93573494 0.670071588240288 80.75169729
8 93743405 0.282058842570522 80.79962215
8 93811156 0.707368156927573 80.847547
8 93841029 2.11251631908412 80.91065416
8 93906534 0.965346156781925 80.97388915
8 93946371 1.6464392399026 81.03947837
8 93968640 2.98145403924738 81.10587232
8 94082045 0.585459194920859 81.17226628
8 94316072 0.202174962717977 81.21958067
8 94507286 0.273212212494901 81.27182264
8 94539339 1.62986303934109 81.32406462
8 94568741 2.05666961431195 81.38453484
8 94596474 2.18044207262107 81.44500505
8 94623988 2.19779748491677 81.50547527
8 94653879 2.02302365260446 81.56594549
8 94696165 1.11747386841981 81.613199
8 94717470 2.21795353203473 81.66045251
8 94752608 1.3488018669247 81.70784674
8 94798113 0.728651796505879 81.74100405
8 94828376 1.09563823811255 81.77416135
8 94923001 0.343342668428005 81.80665013
8 94946967 1.35562046232162 81.83913891
8 95011301 0.505002020704449 81.87162769
8 95040423 1.3530217704828 81.91103036
8 95071688 1.27132576363346 81.95077835
8 95108368 1.28367775354417 81.99786366
8 95179121 0.634442355801167 82.04275239
8 95207700 1.70358305049162 82.09143907
8 95319971 0.433653392238423 82.14012575
8 95351853 1.53136879744056 82.18894884
8 95501265 0.327133697427248 82.23782649
8 95532723 1.68729099116282 82.29090531
8 95571518 1.63917257378528 82.35449699
8 95618091 1.24793335194211 82.41261695
8 95668157 1.49087204889546 82.48725892
8 95712651 1.75813817593383 82.5654855
8 95741723 2.35926320858558 82.63407398
8 95792869 1.4327728463614 82.70735454
8 95843200 1.5638373964356 82.78606407
8 95871732 1.82256063367447 82.83806539
8 96012156 0.435681934712015 82.89924559
8 96045608 1.88760911156284 82.96238992
8 96117236 0.932223432177361 83.02916318
8 96162770 1.45494355865946 83.09541256
8 96193360 2.29465838509317 83.16560612
8 96271231 0.84928920907655 83.23174108
8 96296427 2.63466820130179 83.29812415
8 96318032 3.0725804211988 83.36450722
8 96346983 2.29294670304998 83.43089029
8 96384779 1.75644777225103 83.49727698
8 96425563 1.62776333856414 83.56366368
8 96507934 0.805947481516553 83.63005038
8 96539965 2.32300583809435 83.70445855
8 96631094 0.816515050093823 83.77886673
8 96673388 1.72765167636071 83.851936
8 96778593 0.751388242003707 83.93098576
8 96801790 2.59118420485408 83.99109342
8 96841701 1.61001227731703 84.0553506
8 96864301 2.8432389380531 84.11960778
8 96887143 2.81400928114876 84.18388539
8 96946871 1.07617197964104 84.248163
8 96985775 1.65221056960724 84.31244061
8 97033809 1.33816879710205 84.37671822
8 97077606 1.46762563645912 84.44099583
8 97141844 1.25576917089573 84.52166389
8 97192306 1.83048630652768 84.61403391
8 97212392 3.97353380464005 84.69384626
8 97298248 0.92960771524413 84.77365861
8 97342558 1.63971338298352 84.84631426
8 97382742 1.80807535337448 84.91896992
8 97456975 1.01979308393841 84.99467218
8 97495202 1.92580375127528 85.06828987
8 97535403 1.81085296385662 85.14108793
8 97574763 1.84954522357724 85.21388598
8 97734249 0.459556324693077 85.28717875
8 97785310 1.44190478055659 85.36080388
8 97810926 2.80076124297314 85.4325482
8 97854310 1.65370413055504 85.50429252
8 98045058 0.377160442049196 85.57623516
8 98068832 3.0261041473879 85.6481778
8 98111095 1.70225965974966 85.72012044
8 98129585 3.89089237425635 85.79206308
8 98174288 1.60934612889515 85.86400572
8 98200126 1.94998451892561 85.91438941
8 98224875 3.28517111802497 85.99569414
8 98263530 3.05193894709611 86.11366685
8 98289695 4.44051213453086 86.22985281
8 98355631 1.53191428051444 86.33086106
8 98386143 4.33112218143681 86.46301228
8 98434010 2.05813190715942 86.56152888
8 98496631 1.19135912872679 86.63613298
8 98536055 1.56283482142857 86.69774622
8 98632204 0.651907976161998 86.76042654
8 98703735 0.792057988843998 86.81708323
8 98741915 1.48393661602933 86.87373993
8 98789305 1.19554125342899 86.93039662
8 98809519 2.80577817354309 86.98711266
8 98834773 2.24582244396927 87.0438287
8 98861639 2.32665450755602 87.1063366
8 98932361 0.88385368060858 87.16884451
8 98954507 2.99684818928926 87.23521275
8 98996130 1.71153208562574 87.3064519
8 99034270 2.04395909805978 87.38440851
8 99197740 0.47688627882792 87.46236511
8 99225810 2.78553259707873 87.54055498
8 99256821 2.45855341652962 87.61679713
8 99291886 2.08708398688151 87.68998076
8 99336206 1.46708483754513 87.75500199
8 99367899 2.20484334080081 87.82488008
8 99458091 0.71666223168352 87.88951732
8 99488423 2.13099037320322 87.95415456
8 99551509 1.10698570205751 88.02398981
8 99571948 3.5895151426195 88.09735593
8 99592729 3.53044126846639 88.17072206
8 99655519 1.53211976429368 88.26692381
8 99688459 2.56837583485125 88.35152609
8 99720550 2.63596958648842 88.43611699
8 99761291 1.975898971552 88.51661708
8 99813125 1.48661303391596 88.59367421
8 99844608 2.44757805799956 88.67073134
8 99888712 1.74887992018865 88.74786392
8 99930691 1.83740918078087 88.82499651
8 99992111 1.25582220774992 88.9021291
8 100103184 0.694431590035382 88.97926169
8 100272928 0.513337732114243 89.06639772
8 100342004 1.37581359661822 89.16143341
8 100409615 1.34338495215276 89.252261
8 100428830 4.72691126723914 89.34308858
8 100456448 3.00649214280542 89.42612187
8 100485234 2.90520739248246 89.5097512
8 100572005 0.799408788650586 89.57911667
8 100638969 0.740502359476734 89.62870372
8 100663066 2.03229032659667 89.67767581
8 100712161 0.997496690090641 89.72664791
8 100785174 0.670731239642256 89.77562001
8 100830949 1.06112506826871 89.82419298
8 100876785 1.05971288943189 89.87276596
8 100905954 1.66381089512839 89.92129769
8 100961871 0.716951910867893 89.96138749
8 100991195 1.35963033692539 90.00125729
8 101025360 1.22431728376994 90.04308609
8 101048401 2.0787552623584 90.09098271
8 101073532 1.9058772034539 90.13887934
8 101128834 1.09780116451485 90.19958995
8 101155732 1.78240761394899 90.24753313
8 101187922 1.57143833488661 90.29811772
8 101216127 1.79346215210069 90.34870231
8 101247151 1.63049896854048 90.3992869
8 101291371 1.3892605156038 90.46072002
8 101324403 1.86405606684427 90.52229349
8 101377737 1.24162260471744 90.58851417
8 101403910 2.53011500401177 90.65473485
8 101431379 2.3596017328625 90.71955075
8 101483396 1.43758771170963 90.79432974
8 101516800 2.11659980840618 90.8650326
8 101573525 1.24641516086382 90.93573545
8 101600441 2.60901694159608 91.00595975
8 101648169 1.35679475360375 91.07071681
8 101701833 0.921502310673822 91.12016828
8 101779830 0.830717848122364 91.18496181
8 101821454 1.72882471650971 91.25692241
8 101905399 0.85724343320031 91.32888367
8 101945188 1.82079720525773 91.40133133
8 101974010 2.51362500867393 91.47377898
8 102019343 1.59775218935433 91.54620992
8 102063371 1.63002180430635 91.61797653
8 102236353 0.41487900475194 91.68974314
8 102306417 1.02430063941539 91.76150975
8 102357671 1.28774534670465 91.82751181
8 102459234 0.654103364414206 91.89394452
8 102518455 0.70411171712737 91.93564272
8 102571427 0.822270255984294 91.97920005
8 102640018 0.646586286830634 92.02355006
8 102683473 1.0205960188701 92.06790006
8 102774503 0.487202021311656 92.11225007
8 102807520 1.43229245540176 92.1595401
8 102861672 1.21436512040183 92.22530041
8 102889304 2.42360668789809 92.29226953
8 102910921 2.86161817088403 92.35412912
8 102991197 0.799786984902088 92.41833278
8 103119621 0.499935370335763 92.48253644
8 103152836 1.74945356013849 92.54064457
8 103174372 2.69818443536404 92.5987527
8 103261302 0.668447026343035 92.65686083
8 103323929 0.927844220543855 92.71496896
8 103415237 0.627839838787401 92.77229574
8 103474597 0.972072102425876 92.82999797
8 103529815 1.04498895287768 92.88770021
8 103600049 0.821570749209784 92.94540244
8 103634947 2.04489082468909 93.01676503
8 103749542 0.663377983332606 93.09278487
8 103796442 1.62361194029851 93.16893231
8 103824554 3.35181061468412 93.26315841
8 103856540 2.94585443631589 93.35738451
8 104004309 0.627151161610351 93.45005799
8 104060280 1.34378696110486 93.52527106
8 104089394 2.5933880607268 93.60077499
8 104117099 2.72528063526439 93.67627892
8 104141358 3.11240776618987 93.75178285
8 104180690 1.91287247025323 93.82701999
8 104190324 7.80953913223998 93.90225713
8 104213734 2.89413498504912 93.97000885
8 104242734 2.33626551724138 94.03776056
8 104268128 2.66802000472553 94.10551228
8 104288342 3.35172157910359 94.17326399
8 104353873 1.23324686026461 94.25407989
8 104418638 1.61321547131939 94.35855978
8 104418638 Inf 94.46012915
8 104439997 3.408591226181 94.53293328
8 104465268 2.88093466819675 94.6057374
8 104489147 3.04972151262616 94.67856174
8 104518515 2.25737537455734 94.74485636
8 104546177 2.65796399392669 94.818381
8 104589717 1.68840836012862 94.89189428
8 104633276 1.70310383617622 94.96607979
8 104717926 1.0492025989368 95.05489474
8 104815425 1.07291459399584 95.15950288
8 104849980 3.51318188395312 95.28090092
8 104886704 3.30414715172639 95.40224246
8 104916747 4.03892753719668 95.523584
8 104957259 2.99519895339652 95.64492554
8 104984643 3.14200993280748 95.7309663
8 105021715 2.40066896849374 95.81996393
8 105054923 2.68000481811612 95.90896156
8 105091460 2.03629471494649 95.98336166
8 105151764 1.66718625630141 96.08389962
8 105384124 0.417694956102599 96.1809552
8 105417079 2.94509482627826 96.27801079
8 105479650 1.55167090185549 96.37510034
8 105508669 4.35765877528516 96.50155528
8 105560882 1.94608622373738 96.6031663
8 105604598 2.85708893768872 96.72806679
8 105679044 1.67698063025549 96.85291124
8 105720784 2.99100383325347 96.9777557
8 105780200 0.894663053722903 97.03091301
8 105817954 1.32689781215235 97.08100872
8 105854420 1.38116327537981 97.13137424
8 105889142 1.16559529980992 97.17184605
8 105938652 0.817446980407998 97.21231786
8 105987019 0.836764736287138 97.25278966
8 106052345 0.619535866270704 97.29326147
8 106212293 0.253030985070148 97.33373328
8 106287739 0.536434005778968 97.37420509
8 106327439 1.01944080604534 97.4146769
8 106452531 0.323536277299907 97.45514871
8 106490113 1.0768931935501 97.49562052
8 106520859 1.31632732713198 97.53609232
8 106576408 0.728578372247925 97.57656413
8 106624878 0.834986589643078 97.61703594
8 106670399 0.888009929483096 97.65745903
8 106790541 0.336461021125002 97.69788212
8 106844944 0.743030715217911 97.7383052
8 106886928 1.0044159679878 97.78047461
8 106936156 0.995921020557407 97.82950184
8 106961448 1.9619721651115 97.87912407
8 107001526 1.25489295873048 97.92941766
8 107048267 1.01843991356625 97.97702059
8 107074509 1.81473973020349 98.024643
8 107097853 1.8854652159013 98.0686573
8 107164566 0.926506078275599 98.13046734
8 107204673 1.5902585583564 98.19424781
8 107236795 2.11376937924164 98.2621463
8 107286347 1.2719426057475 98.32517364
8 107338966 1.03788555464756 98.37978614
8 107385704 1.19658521973555 98.43571213
8 107445396 0.936909468605508 98.49163811
8 107482423 1.50076430712723 98.54720696
8 107516715 1.61027353318558 98.60242646
8 107547507 1.80481293842556 98.65800022
8 107573649 2.10973911712952 98.71315303
8 107699186 0.477440117256267 98.77308939
8 107744856 1.36507992117364 98.83543264
8 107785550 1.53199980341082 98.89777588
8 107881902 0.690832572235138 98.96433898
8 107910493 2.50774719317268 99.03603801
8 107935253 3.05485460420032 99.11167621
8 107968597 2.26842010556622 99.18731441
8 108045295 0.986182169026572 99.26295261
8 108066876 3.48026504795885 99.33806023
8 108219396 0.492444269603986 99.41316786
8 108243453 3.16695764226628 99.48935539
8 108270441 2.83402623388173 99.56584014
8 108463394 0.494953693386472 99.66134296
8 108535138 1.33116079393399 99.75684579
8 108603393 1.39585817888799 99.85212013
8 108648399 2.30289516953295 99.95576423
8 108683269 2.32160309721824 100.0367185
8 108771619 0.949161290322581 100.1205769
8 108800434 2.7075099774423 100.1985938
8 108938597 0.688463626296476 100.293714
8 108982319 2.1755683637528 100.3888342
8 109022126 2.38924812218956 100.483943
8 109044751 3.83492154696133 100.5707081
8 109078628 2.56098532927945 100.6574665
8 109118229 2.20947450821949 100.7449639
8 109164102 1.95582804699932 100.8346836
8 109197524 2.7700227395129 100.9272633
8 109228811 2.93204845462972 101.0189983
8 109282186 1.30633255269321 101.0887238
8 109302807 3.38128606760099 101.1584493
8 109417647 0.607806513409962 101.2282499
8 109448008 2.29901847765225 101.2980504
8 109481868 2.06144418192558 101.3678509
8 109508823 3.26733815618624 101.455922
8 109563396 1.61382185329742 101.5439932
8 109782244 0.388226074718526 101.6289557
8 109805165 3.3149862571441 101.7049385
8 109827619 3.384777767881 101.7809403
8 109883177 0.961920875481479 101.8343827
8 109903646 2.5395378377058 101.8863645
8 109944887 1.28881210445915 101.9395164
8 109991888 1.13086742835259 101.9926684
8 110024166 1.64433050374868 102.0457441
8 110059764 1.49097421203438 102.0988197
8 110092036 1.64463621715419 102.1518954
8 110125225 1.61031365813974 102.2053401
8 110145464 2.6406788872968 102.2587848
8 110185962 1.31968739196997 102.3122295
8 110225417 1.35457356482068 102.3656742
8 110247417 1.94743636363636 102.4085178
8 110264840 2.87204270217529 102.4585574
8 110348356 0.600768714976771 102.5087312
8 110382224 1.67555509625605 102.5654788
8 110423252 1.42052256995223 102.62376
8 110445148 3.16261874314943 102.6930088
8 110511757 1.03690041886232 102.7620756
8 110555238 1.58830063705987 102.8311366
8 110606508 1.30070021455042 102.8978234
8 110641610 1.89980343000399 102.9645103
8 110666535 2.10264393179539 103.0169187
8 110694958 1.84387291981846 103.0693272
8 110707901 2.83679981457158 103.1060438
8 110764724 0.64615912570614 103.1427605
8 110811804 0.782776125743415 103.1796136
8 110848993 0.990967759283659 103.2164667
8 110888349 1.1239633092794 103.2607014
8 110915706 1.61694264722009 103.3049361
8 110950355 1.5229097520852 103.3577034
8 110979281 1.82421696743414 103.4104706
8 111032252 0.988427630212758 103.4628287
8 111057264 2.11455301455301 103.5157179
8 111104717 1.26316987334837 103.5756591
8 111135355 1.95133167961355 103.6354439
8 111161613 2.48422195140529 103.7006746
8 111182659 3.3775776869714 103.7717592
8 111210274 2.57412638059026 103.8428437
8 111252329 1.75165378670788 103.9165095
8 111284112 1.84486989900261 103.975145
8 111318888 1.53266620657925 104.028445
8 111343181 2.13833202980282 104.0803916
8 111410824 0.767950859660275 104.1323381
8 111435210 1.28062412859838 104.1635674
8 111460364 1.30095412260475 104.1962917
8 111491864 1.03886349206349 104.2290159
8 111524854 0.865228857229464 104.2575599
8 111620772 0.334787005567255 104.289672
8 111645685 1.28832336531128 104.321768
8 111672008 1.2210120427003 104.3539087
8 111741230 0.317371644852792 104.3758777
8 111767142 0.847981630132757 104.3978506
8 111792605 0.861819110081294 104.4197951
8 111816382 0.922929722000252 104.4417396
8 111891683 0.291702633431163 104.4637051
8 111919894 0.548162064442948 104.4791693
8 111948012 0.549975104915001 104.4946335
8 112052712 0.147700095510984 104.5100977
8 112100415 0.431673060394524 104.5306898
8 112112239 1.74155108254398 104.5512819
8 112150362 0.540148991422501 104.5718741
8 112202069 0.40299185796894 104.5927116
8 112232760 0.754305822553843 104.615862
8 112262700 0.585447561790247 104.6333903
8 112294473 0.424083341201649 104.6468647
8 112324797 0.791923888669041 104.670879
8 112376337 0.4659351959643 104.6948932
8 112433695 0.416403988981485 104.7187774
8 112461632 0.885793034327236 104.7435238
8 112574133 0.223646900916436 104.7686842
8 112604404 0.862720095140563 104.7947996
8 112754409 0.127373087563748 104.8139062
8 112776575 0.591825318054678 104.8270246
8 112818233 0.307964856690192 104.8398538
8 112865068 0.00310058716771645 104.839999
8 113096592 0 NA
8 113252524 0 NA
