Chromosome Position(bp) Rate(cM/Mb) Map(cM)
17 133170 0 0
17 169808 0.0101604072274688 0.000372257
17 210051 0.0313706731605497 0.001634711
17 296391 0.0167410238591615 0.003080127
17 377736 0.142952855123241 0.014708615
17 401537 0.206677870677703 0.019627754
17 425858 0.202258953168044 0.024546892
17 474992 0.132235519192413 0.031044149
17 504234 1.00094042815129 0.060313611
17 589329 0.0844503202303308 0.067499911
17 671874 0.0393979041734811 0.070752008
17 785198 0.0486280929017684 0.076262736
17 828983 0.125858855772525 0.081773463
17 863068 0.161676103858002 0.087284191
17 997008 0.0411432731073615 0.092794918
17 1022966 0.30681254333924 0.100759159
17 1023299 23.9166366366366 0.108723401
17 1054010 0.259717039497249 0.116699574
17 1094949 0.194962016658932 0.124681129
17 1192340 0.0819536712837942 0.132662683
17 1277363 0.0958946402738083 0.140815937
17 1338376 0.133725107763919 0.148974907
17 1361655 0.350486275183642 0.157133878
17 1417047 0.147295096764876 0.165292849
17 1505746 0.105274693063056 0.174630609
17 1532750 0.367680713968301 0.184559456
17 1571625 0.255404501607717 0.194488302
17 1630217 0.153561237028946 0.20348576
17 1690764 0.183865426858474 0.214618295
17 1733612 0.259813760268857 0.22575083
17 1806050 0.153683149728043 0.236883366
17 1828619 0.390977446940494 0.245707339
17 1931301 0.125277069009174 0.258571088
17 1993998 0.205172496291689 0.271434836
17 2090511 0.175796006755567 0.288401419
17 2113881 0.725999144201968 0.305368002
17 2160234 0.335346148037883 0.32091229
17 2258536 0.158128013672153 0.336456577
17 2284072 0.608721021303258 0.352000865
17 2363450 0.195826299478445 0.367545152
17 2387318 0.651261102731691 0.38308944
17 2424103 0.41380182139459 0.398311163
17 2449916 0.603974741409367 0.413901588
17 2468411 1.01071100297378 0.432594674
17 2538151 0.268039862345856 0.451287761
17 2586467 0.390849822005133 0.470172022
17 2703785 0.208761656352819 0.494663491
17 2746448 0.530494808147575 0.51729599
17 2766673 0.854892459826947 0.53458615
17 2802744 0.439666213856006 0.550445337
17 2899261 0.19507651501808 0.56927357
17 2922118 0.8276720479503 0.588191643
17 2956835 0.632733243079759 0.610158205
17 2977354 1.10910375749306 0.632915908
17 3006026 0.7937255859375 0.655673612
17 3027194 1.07833522297808 0.678499823
17 3089327 0.368601226401429 0.701402075
17 3116124 0.854659103631003 0.724304327
17 3136755 1.11117250739179 0.747228929
17 3206505 0.331667383512545 0.770362767
17 3243058 0.632883757831095 0.793496606
17 3263441 1.15562478536035 0.817051731
17 3325010 0.429667527489483 0.843505915
17 3456928 0.234456253126942 0.874434895
17 3509688 0.586220621683093 0.905363874
17 3529092 1.59893836322408 0.936389662
17 3562861 0.918765731884273 0.967415449
17 3608983 0.672689822644291 0.998441237
17 3640506 0.984227389525109 1.029467024
17 3683364 0.786345606421205 1.063168195
17 3726428 0.77545978079138 1.096562616
17 3772492 0.724956582146579 1.129957038
17 3801647 1.14540902075116 1.163351459
17 3832911 1.100914790174 1.197770439
17 3860072 1.26722138360149 1.232189418
17 3884274 1.4223989752913 1.266614364
17 3899200 2.30637143239984 1.30103931
17 3948856 0.69326768164975 1.335464256
17 4023824 0.547797727030199 1.376531519
17 4072577 0.842354316657437 1.417598783
17 4158034 0.480560983886633 1.458666046
17 4192418 1.19438401582131 1.499733696
17 4223607 1.48623553175799 1.546087899
17 4255060 1.46630210154834 1.592207487
17 4271606 2.80710141423909 1.63865383
17 4307815 1.07253721450468 1.677489349
17 4348135 0.969603174603175 1.716583767
17 4394112 0.85560823890206 1.755922036
17 4424159 1.26859253835657 1.794039422
17 4450679 1.8898604826546 1.844158542
17 4492233 1.43231217211339 1.903676826
17 4556882 0.916643722254018 1.962936944
17 4583985 2.13053536508874 2.020680846
17 4633505 1.14819063004847 2.077539213
17 4672975 1.06621738028883 2.119622795
17 4698367 1.58710223692502 2.15992247
17 4721455 1.7454825017325 2.200222145
17 4748472 1.17171780730651 2.231878425
17 4772384 1.32334392773503 2.263522214
17 4782117 3.2511866844755 2.295166003
17 4825088 0.705168602080473 2.325467795
17 4887075 0.489851097810831 2.35583221
17 4915595 1.41787868162693 2.396270073
17 4948606 1.22498258156372 2.436707935
17 4973061 2.01444285422204 2.48597112
17 5001306 1.74413878562577 2.535234304
17 5077558 0.469830299533127 2.571059765
17 5118720 0.928280938729896 2.609269666
17 5173577 0.692901544014438 2.647280203
17 5210372 1.03303437967115 2.68529074
17 5240403 1.26570876760681 2.723301277
17 5265404 1.52035918563257 2.761311814
17 5342147 0.496189880510274 2.799390962
17 5375823 1.45787801401592 2.848486413
17 5398116 2.30100928542592 2.899782826
17 5411935 2.93896085100224 2.94039631
17 5463192 0.792350313127963 2.981009793
17 5505632 0.976764844486334 3.022463714
17 5529898 1.59003544053408 3.06104751
17 5565848 1.50635883171071 3.115201147
17 5609444 1.24216900633086 3.169354785
17 5679464 0.717679234504427 3.219606657
17 5728528 0.919156611772379 3.264704113
17 5807999 0.567471152999207 3.309801569
17 5843870 1.15369797329319 3.351185838
17 5895955 0.908440049918403 3.3985019
17 5922889 1.76048117620851 3.445918701
17 5999177 0.621549916107383 3.493335501
17 6039807 1.14009844942161 3.53965766
17 6078858 1.18619753655476 3.585979819
17 6118653 0.996987058675713 3.62565489
17 6161304 0.92930763639774 3.665290755
17 6182928 2.50261746207917 3.719407398
17 6204290 2.53387323284337 3.773535974
17 6255886 0.63077176525312 3.806081313
17 6279054 1.40365158839779 3.838601109
17 6307852 0.855156608097785 3.863227928
17 6334590 0.888211534146159 3.886976959
17 6360411 1.04914604391774 3.914066944
17 6391698 0.865854827883786 3.941156929
17 6493219 0.268326750130515 3.968397707
17 6539549 0.61012087200518 3.996664604
17 6570957 1.01373853795211 4.028504084
17 6626902 0.569121458575387 4.060343563
17 6656008 0.963949013949014 4.088400283
17 6684175 1.76959562608727 4.138244465
17 6710298 2.00631244497186 4.190655394
17 6760544 0.733741989412093 4.227523028
17 6802024 1.0006243972999 4.269028948
17 6935282 0.311114529709286 4.3104874
17 6992337 0.726640960476733 4.351945852
17 7132419 0.294528918776145 4.393204006
17 7157393 1.33898454392568 4.426643811
17 7179131 1.62376943601067 4.461941328
17 7199227 1.75644406847134 4.497238846
17 7269721 0.500716373024655 4.532536364
17 7306751 0.797105049959492 4.56205315
17 7329865 1.39052954919097 4.594193854
17 7358303 1.11136507489978 4.625798834
17 7389145 1.17378250437715 4.66200062
17 7412782 1.53157338071667 4.698202406
17 7485862 0.495372194854953 4.734404193
17 7540749 0.759445770401006 4.776087846
17 7571534 1.35402631151535 4.817771499
17 7634132 0.665895076520017 4.859455153
17 7680290 0.925228562762685 4.902161884
17 7713575 1.28045365780382 4.944781794
17 7770098 0.754027564000495 4.987401703
17 7898988 0.398258204670649 5.038733209
17 7934746 1.76442194753622 5.101825395
17 7960219 2.47682644368547 5.164917582
17 8012177 1.21429231302206 5.228009768
17 8041119 2.17995300946721 5.291101955
17 8112725 0.88110214227858 5.354194141
17 8183853 0.881238049713193 5.416874862
17 8345877 0.44612896854787 5.489158437
17 8426486 0.846221885893635 5.557371543
17 8453908 2.46670191816789 5.625013408
17 8535242 0.831655888066491 5.692655273
17 8575364 1.53949703404616 5.754422986
17 8603935 2.20136502047531 5.81731822
17 8631136 1.65190617991986 5.862251745
17 8673626 1.10788891503883 5.909325939
17 8729260 0.846140849121041 5.956400133
17 8759636 1.54971688174875 6.003474327
17 8815320 0.845381078945478 6.050548521
17 8839668 1.93346886807951 6.097624659
17 8880896 1.14184777335791 6.144700798
17 8980561 0.472343350223248 6.191776937
17 9014155 1.26488361016848 6.234269453
17 9038742 1.72685565542767 6.276727663
17 9059606 2.03934528374233 6.319276596
17 9079059 2.18726674548913 6.36182553
17 9132112 1.03265790812961 6.416611119
17 9190436 0.9406093546396 6.47147123
17 9220866 1.48677620768978 6.516713798
17 9246691 1.75639109390126 6.562072596
17 9274132 1.67340111511971 6.607992384
17 9327594 0.986117242153305 6.660712179
17 9392757 0.912451851510827 6.720170229
17 9412806 2.96628759539129 6.779641348
17 9478957 1.10010884189203 6.852414663
17 9553006 1.07490445515807 6.932010247
17 9600753 1.95460238339582 7.025336682
17 9655021 1.75169160462888 7.120397459
17 9721995 1.41936871024577 7.215458236
17 9745679 3.67372909981422 7.302466871
17 9768434 2.29456822676335 7.35467977
17 9796164 1.81280562567616 7.404948822
17 9824459 1.77366319137657 7.455134619
17 9862250 1.30237622714403 7.504352683
17 9888543 1.96696839462975 7.5560702
17 9909189 2.50496464206142 7.607787717
17 9986259 0.761070455430129 7.66644344
17 10050490 0.881916831436534 7.723089859
17 10072268 2.50749380108366 7.777698041
17 10095552 2.35054543892802 7.832428167
17 10129073 1.63258852659527 7.887154174
17 10153057 2.28406020680454 7.941935069
17 10176209 2.36614115411196 7.996715965
17 10226457 0.970410762617418 8.045477153
17 10251168 2.52886164056493 8.107967851
17 10344022 0.672999547676998 8.170458549
17 10402173 0.905372220598098 8.223106837
17 10438603 1.44382102662641 8.275705226
17 10516021 0.678530832622904 8.328235718
17 10548100 1.63753545933477 8.38076621
17 10570622 2.33240831187284 8.433296702
17 10618604 1.08864991038306 8.485532339
17 10740276 0.401725951739102 8.534411138
17 10764004 2.08352157788267 8.583848895
17 10814317 0.974986583984259 8.632903382
17 10841906 1.49047446446047 8.674024087
17 10861891 2.13835876907681 8.716759201
17 10884304 1.90226208004283 8.75939463
17 10928578 0.962989564981705 8.802030058
17 11023970 0.44694942972157 8.844665486
17 11056508 1.31673735324851 8.887509514
17 11085755 1.46490238315041 8.930353542
17 11147051 0.6989689376142 8.97319757
17 11173696 1.60795646462751 9.016041599
17 11222065 0.885773946122516 9.058885627
17 11243091 2.03766764957671 9.101729655
17 11271022 1.53392288138627 9.144573683
17 11317665 0.918551551143794 9.187417711
17 11368599 0.841167000431931 9.230261739
17 11489524 0.391052305147819 9.277549713
17 11566347 0.618588183226378 9.325071496
17 11605402 1.21679170400717 9.372593279
17 11638831 1.42157408238356 9.420115062
17 11674120 1.34664626370824 9.467636845
17 11716513 1.12098223763357 9.515158629
17 11778925 0.756860860091008 9.562395878
17 11817152 1.23520548303555 9.609614069
17 11983121 0.300016870620417 9.659407588
17 12030031 1.44085269665317 9.72699802
17 12058468 2.37684706544291 9.794588452
17 12097681 1.72248234004029 9.862132153
17 12127579 2.25913773496555 9.929675854
17 12175770 1.40516486480878 9.997392181
17 12209651 1.99703078421534 10.06505362
17 12328828 0.567738741535699 10.13271506
17 12353391 2.76795179741888 10.2007043
17 12381500 2.01185029705788 10.25725537
17 12403621 2.55644410288866 10.31380643
17 12449485 1.23301718123147 10.37035749
17 12483820 1.72733362458133 10.42966548
17 12527230 1.41057820778622 10.49089864
17 12552119 3.19777009924063 10.57048799
17 12603055 1.56253533846395 10.65007734
17 12653716 1.57101715323424 10.72966669
17 12726620 1.40636453418194 10.83219628
17 12766647 2.87350038723861 10.94721386
17 12866447 1.13715931863727 11.06070233
17 12914161 2.94605566500398 11.20127039
17 13019765 1.33108689064808 11.34183845
17 13168305 0.748965935101656 11.45308983
17 13208830 2.74525354719309 11.56434121
17 13255420 1.40494741360807 11.62979771
17 13277982 2.85137842389859 11.6941305
17 13457151 0.366352438200805 11.75976952
17 13508172 1.30330648164481 11.82626554
17 13621970 0.602958751471906 11.89488101
17 13682954 1.10321887708251 11.96215967
17 13711340 2.37013668709927 12.02943833
17 13741119 2.25926659726653 12.096717
17 13763190 2.47802093244529 12.15140945
17 13806674 1.2577591757888 12.20610189
17 13842377 1.53018513850377 12.2607341
17 13866124 2.30059375921169 12.31536631
17 13902173 1.51549834946878 12.36999851
17 13941930 1.37458309228564 12.42464782
17 13963421 2.54289237355172 12.47929712
17 13989360 2.10683912255677 12.53394643
17 14062814 0.888464889590764 12.59920772
17 14177281 0.570132003110067 12.66446901
17 14265993 0.741520876544323 12.73025081
17 14355308 0.4634003246935 12.77163938
17 14392807 1.22486466305768 12.81757054
17 14439831 1.06343143926506 12.86757729
17 14477453 1.22542395406943 12.91368021
17 14542938 0.756087653661144 12.96319259
17 14577921 1.39873081210874 13.01212443
17 14608759 1.58340035021726 13.06095336
17 14634889 1.86869115958668 13.10978228
17 14660539 1.90366081871345 13.15861121
17 14723932 0.770256968435001 13.20744013
17 14789634 0.743187421996286 13.25626906
17 14845160 0.915329755429889 13.30709365
17 14903305 0.874100954510276 13.35791824
17 14925409 2.29933948606587 13.40874284
17 14971333 1.72262215834858 13.48785256
17 15006472 2.90359714277583 13.58988201
17 15042863 2.80370146464785 13.69191146
17 15066807 3.09638740394253 13.76605135
17 15093296 2.17067461965344 13.82355035
17 15125170 1.71192194264918 13.87811612
17 15156723 1.72877380914652 13.93266417
17 15245975 0.544917760946533 13.9812992
17 15328825 0.498515389257695 14.0226012
17 15372795 0.999374573572891 14.06654373
17 15392870 2.16584308841843 14.110023
17 15420542 1.55270670714079 14.15298946
17 15456546 1.19338129096767 14.19595593
17 15505653 0.878471501008003 14.23909501
17 15652225 0.294320197582076 14.2822341
17 15686492 1.39438235036624 14.33001541
17 15716306 1.60098946803515 14.37774735
17 15779422 0.850131503897585 14.43140423
17 15802819 3.09247339402487 14.50375885
17 15874012 1.01631621086343 14.57611348
17 16119147 0.330395904297632 14.65710504
17 16144638 3.18581460123181 14.73831469
17 16243208 0.796909810287106 14.81686613
17 16263620 3.84829512051734 14.89541758
17 16370999 0.616490188956872 14.96161568
17 16399921 2.28884931885762 15.02781378
17 16457821 0.962295336787565 15.0835307
17 16489833 1.740500437336 15.13924762
17 16571043 0.837231867996552 15.20723927
17 16646281 0.899288923150536 15.27489997
17 16684234 1.78274971675493 15.34256067
17 16838872 0.450235388455619 15.41218415
17 16867712 2.29420249653259 15.47834898
17 16956817 0.746256663486897 15.54484419
17 17076539 0.423684869948715 15.59556855
17 17105996 1.86269138065655 15.65043784
17 17128570 2.43064144591123 15.70530713
17 17165807 1.62139538630932 15.76568302
17 17224074 1.20139873341686 15.8356849
17 17314187 0.821521866989225 15.90971467
17 17322602 8.41598336304219 15.98053517
17 17411533 0.796353352599206 16.05135568
17 17475831 1.10144172447043 16.12217618
17 17621975 0.484593962119553 16.19299669
17 17642928 3.37996945544791 16.26381719
17 17664227 3.35943002018874 16.33536966
17 17758544 0.849544620800068 16.41549613
17 17832155 1.30344377878306 16.51144394
17 17879472 2.02776591922565 16.60739174
17 17937729 1.64420069691196 16.70317791
17 17963653 3.71403332819009 16.79946048
17 18009376 1.67268333223979 16.8759406
17 18058991 1.54442003426383 16.95256705
17 18091531 2.35483712354026 17.02919349
17 18163970 0.79847733955466 17.08703441
17 18185064 2.74205461268607 17.14487534
17 18226415 1.72684578365699 17.2162821
17 18266121 1.79838815292399 17.28768886
17 18377317 0.542184970682399 17.34797763
17 18432297 1.07465623863223 17.40706222
17 18454906 2.80794816223628 17.47054712
17 18493638 1.63908137973768 17.53403202
17 18547026 1.1891230239005 17.59751692
17 18570672 2.68480504102174 17.66100182
17 18600409 2.1348791068366 17.72448671
17 18626728 2.12544549564953 17.78042635
17 18654936 1.983111174135 17.83636598
17 18697980 1.30614022860329 17.89258751
17 18798920 0.556979393699227 17.94880905
17 18873882 0.75 18.00503058
17 18896564 2.69235517150163 18.06609856
17 18947034 1.20998613037448 18.12716654
17 18958079 5.52901765504753 18.18823452
17 18980582 2.71377149713372 18.2493025
17 19002547 2.78024129296608 18.31037048
17 19033632 2.51735563776741 18.38862244
17 19072228 2.02746398590528 18.4668744
17 19128075 1.40188729922825 18.54516557
17 19154736 2.93654401560332 18.62345674
17 19195231 1.37550314853686 18.67915775
17 19218048 2.7846254985318 18.74269459
17 19245806 2.36150299012897 18.8082452
17 19315457 0.941129344876599 18.87379582
17 19461407 0.588305584104145 18.95965906
17 19486397 3.44219287715086 19.04567942
17 19509217 3.76951796669588 19.13169977
17 19581434 1.43178199039007 19.23509877
17 19622410 2.61789584146818 19.34236964
17 19661267 2.922953393211 19.45594688
17 19786181 1.06096034071441 19.58847569
17 19961407 0.7096658030201 19.71282761
17 19994141 2.22247204741248 19.78557801
17 20021889 2.62182499639614 19.85832841
17 20140903 0.694354445695464 19.94096632
17 20177540 2.25725086661026 20.02366522
17 20198373 3.96961071377142 20.10636411
17 20250310 1.39004178138899 20.17855874
17 20279742 2.45292878499592 20.25075337
17 20319856 1.53316797128185 20.31225483
17 20429914 0.558809900234422 20.3737563
17 20466166 1.73864062672404 20.43678546
17 20556748 0.695824777549623 20.49981463
17 20577806 2.99312375344287 20.5628438
17 20625888 1.24511875545942 20.62271162
17 20682264 0.822353483751951 20.66907264
17 20718145 1.39005323151529 20.71894912
17 20740534 2.2277234356157 20.7688256
17 20793776 0.936788625521205 20.81870208
17 21041506 0.201614661122997 20.86864805
17 21154523 0.391099569091376 20.91284898
17 21178737 2.22408936978607 20.96670312
17 21213619 1.53455650478757 21.02023148
17 21349506 0.393918476381111 21.07375984
17 21388687 1.64677522268446 21.13828213
17 21433656 1.59930396495363 21.2102012
17 21573140 0.52429741045568 21.2833323
17 21587674 5.62784505297922 21.3651274
17 21658460 1.15541632526206 21.44691469
17 21693083 2.362224532825 21.52870197
17 21719223 2.13389058913542 21.58448183
17 21788850 1.10598905596967 21.66148853
17 22041316 0.303766051666363 21.73817917
17 22081471 2.08313286016685 21.82182732
17 22104392 3.64941320186728 21.90547547
17 22196315 1.0242637859948 21.9996289
17 22266342 1.43125937138532 22.09985567
17 22396100 0.772413261610074 22.20008244
17 22502475 0.882588954171563 22.29396788
17 22537395 1.7942067583047 22.3566216
17 22558343 2.99091560053466 22.41927531
17 22650436 0.680330752608776 22.48192903
17 22962786 0.164629742276293 22.53335111
17 22998749 1.4298612462809 22.5847732
17 23043010 1.08663609046339 22.63286878
17 23106971 0.821419302387392 22.68540755
17 23265033 0.330321013273273 22.73761876
17 23291308 1.99530352045671 22.79004531
17 23332276 1.27989162272994 22.84247991
17 23369293 1.41650052678499 22.8949145
17 24018808 0.0790665342601787 22.9462694
17 24079505 0.846086297510585 22.9976243
17 24115311 1.33856336926772 23.04555286
17 24159740 1.0793850863175 23.09350886
17 24212388 1.05790723294332 23.14920558
17 24328037 0.481641864607563 23.20490703
17 24409489 0.748848401512547 23.26590227
17 24434754 2.42790817336236 23.32724338
17 24485459 1.20976432304506 23.38858449
17 24523000 1.6339761860366 23.4499256
17 24547291 2.76140545881191 23.51700291
17 24564857 3.82022088124787 23.58410893
17 24619419 1.22990359590924 23.65121496
17 24684161 1.30227055080164 23.73552653
17 24804523 0.711483690865888 23.82116211
17 24825791 4.02617077299229 23.90679075
17 24913539 0.975846742945708 23.99241939
17 25016349 0.772190448399961 24.07180834
17 25073037 1.40596951735817 24.15150992
17 25200987 0.622912075029308 24.2312115
17 25229484 2.79684177281819 24.31091308
17 25251827 3.49492010920646 24.38900004
17 25320212 1.16364846091979 24.46857619
17 25427517 0.819951540002796 24.55656114
17 25590852 0.40702176508403 24.62304203
17 25619746 2.30085484875753 24.68952291
17 25645239 2.61188953830463 24.75610782
17 25776770 0.506229710106363 24.82269272
17 25897305 0.561723980586552 24.89040009
17 25977762 0.84251339224679 24.95818618
17 25997818 3.33016055045872 25.02497588
17 26022250 2.73784381139489 25.09186687
17 26099078 0.826538501587963 25.15536822
17 26135183 1.82834787425564 25.22138068
17 26292050 0.510210560538545 25.30141591
17 26314514 3.55221688034188 25.38121292
17 26440318 0.633750914120378 25.46094133
17 26535067 0.84478991862711 25.54098436
17 26566646 2.4823173628044 25.61937344
17 26603052 1.63276383013789 25.67881585
17 26678194 0.664029437598147 25.72871235
17 26708389 1.87296903460838 25.78526664
17 26778898 0.802086258491824 25.84182092
17 26883751 0.539367495446005 25.89837521
17 26915562 1.73653138851341 25.95361601
17 27043000 0.434440276840503 26.00898024
17 27075560 1.70037469287469 26.06434448
17 27100624 2.20891318225343 26.11970872
17 27207378 0.515875751728272 26.1747805
17 27285137 0.763169536645276 26.2341238
17 27306023 2.83196878291679 26.29327231
17 27335687 1.99394889428263 26.35242083
17 27393358 1.20193684867611 26.42173768
17 27535448 0.486958265887818 26.49092955
17 27561861 2.42910309317382 26.55508947
17 27587562 2.25570211275826 26.61306332
17 27656476 1.00540673883391 26.68234991
17 27752440 0.722046809220124 26.75164042
17 27817126 1.07118232693318 26.82093093
17 27837317 3.22576395423704 26.88606236
17 27887755 1.29131607121615 26.9511938
17 27921241 2.55168129964761 27.03663941
17 27956888 2.37284764496311 27.12122428
17 28015501 1.30231518605088 27.19755692
17 28059789 1.7405075867052 27.2746405
17 28083470 3.25709218360711 27.35177174
17 28148532 1.10536872521595 27.42368924
17 28196339 1.16942288786161 27.47959584
17 28234462 1.63289877501771 27.54184681
17 28254674 2.57579160894518 27.59390874
17 28276580 2.37660458321921 27.64597068
17 28334332 0.724658886272337 27.68782117
17 28397814 0.65743990422482 27.72955677
17 28503696 0.397505713907935 27.77164544
17 28599062 0.508879474865256 27.82017519
17 28637922 1.29795676788471 27.87061376
17 28709448 0.747065402790594 27.92404832
17 28946786 0.193435522335235 27.96995797
17 29018531 0.639262666387902 28.01582187
17 29056641 1.20346103384938 28.06168578
17 29101808 0.954832067660017 28.10481268
17 29190534 0.472385771927056 28.14672554
17 29215232 1.70145760790347 28.18874818
17 29252141 1.1382020645371 28.23075813
17 29348965 0.433878996942907 28.27276807
17 29469741 0.348207425316288 28.31482319
17 29514431 0.648845379279481 28.3438201
17 29524233 2.64794939808202 28.36977529
17 29582177 0.47186248791937 28.39711691
17 29652601 0.387268544814268 28.42438991
17 29762505 0.248261209783083 28.45167485
17 29808252 0.596430367018602 28.47895978
17 29890267 0.36159604950314 28.50861607
17 29923252 0.89908443231772 28.53827235
17 29949936 1.11138884724929 28.56792864
17 29993817 0.784168546751441 28.6023387
17 30025926 1.0794138715002 28.63699762
17 30066912 0.848806909676475 28.6717868
17 30095378 1.22213166584698 28.70657598
17 30127374 0.96753344168021 28.7375332
17 30306098 0.203168572771424 28.77384432
17 30396438 0.397640026566305 28.8097671
17 30431496 0.967359803753779 28.84368082
17 30487913 0.614288246450538 28.87833711
17 30521783 1.14479185119575 28.91711117
17 30542756 2.06779669098365 28.96047907
17 30566646 1.81531603181247 29.00384697
17 30594067 1.58155793005361 29.04721487
17 30667519 0.590425039481566 29.09058277
17 30716214 0.927815997535681 29.13576272
17 30774964 0.769021276595745 29.18094268
17 30798193 1.94498256489733 29.22612263
17 30845853 0.938113722198909 29.27083315
17 30883464 0.973034484592273 29.30742992
17 30925948 0.944974578664909 29.3475762
17 30957015 1.29051726912801 29.38766867
17 31007492 0.721984270063593 29.42411223
17 31040363 1.10474582458702 29.46042635
17 31062695 1.62610155830199 29.49674048
17 31170793 0.335936835094081 29.53305461
17 31247040 0.476269230264797 29.56936874
17 31284971 0.697922543565949 29.59584161
17 31333768 0.656519868024674 29.62787778
17 31401368 0.461807692307692 29.65909598
17 31548442 0.212261854576608 29.69031418
17 31576989 1.09357200406347 29.72153238
17 31620341 0.720109798855877 29.75275058
17 31665453 0.711019241000177 29.78482612
17 31705802 0.796572405759746 29.81696702
17 31735811 1.07104202072712 29.84910791
17 31840890 0.332006395188382 29.88399477
17 31877178 0.954646164021164 29.91863696
17 31986086 0.318086825577552 29.95327915
17 32030137 0.78641120519398 29.98792133
17 32120758 0.383195947959082 30.02264697
17 32236369 0.317225869510687 30.05932176
17 32280188 0.834268239804651 30.09587855
17 32314614 1.10542322663103 30.1339338
17 32366239 0.737148668280872 30.17198906
17 32403842 1.01202829561471 30.21004432
17 32429584 1.93414653096108 30.25983315
17 32457614 1.77626828398145 30.30962199
17 32489547 1.80871825384399 30.36737979
17 32522083 1.76899127120728 30.42493568
17 32550404 2.03226934077187 30.48249157
17 32581905 1.78825751563442 30.53882343
17 32602592 2.6308502924542 30.59324781
17 32662719 0.906175262361335 30.64773336
17 32737127 0.73234329641974 30.70222561
17 32777788 1.32022330980546 30.75590724
17 32812968 1.04057418988061 30.79251467
17 32849877 1.10148202335474 30.83316927
17 32889380 1.03848062172493 30.87419241
17 32918946 1.51965771494284 30.91912259
17 32956112 1.2089059893451 30.96405277
17 32976232 2.65589960238569 31.01748942
17 33039443 0.834209235734287 31.07022058
17 33065821 1.51396239290318 31.11015589
17 33099147 1.19322450939207 31.14992129
17 33131575 1.23042740841248 31.18982163
17 33194083 0.687875151980547 31.23281932
17 33274983 0.461248454882571 31.27013428
17 33351903 0.65526911076443 31.32053758
17 33394326 1.18811258043986 31.37094089
17 33433050 1.47032847846297 31.42787787
17 33463604 1.29341166459383 31.46739678
17 33487976 1.6214877728541 31.50691568
17 33534690 0.845975510553581 31.54643458
17 33562176 1.4790293240195 31.58708716
17 33585301 1.75819675675676 31.62774545
17 33618200 1.16193197361622 31.66597184
17 33714773 0.51931078044588 31.71612326
17 33765195 0.994797905676094 31.766283
17 33921232 0.30676442125906 31.81414959
17 33982893 0.960921814437002 31.87340096
17 34015241 1.83168665759862 31.93265233
17 34035563 2.91562838303317 31.9919037
17 34102580 0.686307951713744 32.037898
17 34169704 0.685213932423574 32.0838923
17 34196158 1.71501096242534 32.1292612
17 34228544 1.40088000988081 32.17463009
17 34263272 1.11384761575674 32.2133118
17 34291517 1.36950610727562 32.25199352
17 34356508 0.595408595036236 32.29068967
17 34596477 0.170480353712355 32.33159964
17 34651540 0.742967146722845 32.3725096
17 34776062 0.288433369203835 32.40842594
17 34831565 0.604270039457327 32.44196477
17 34852551 1.59815114838464 32.47550359
17 34902455 0.782658704713049 32.51456142
17 34984608 0.580233223375896 32.56222931
17 35036343 0.921385908959119 32.6098972
17 35062323 1.834792147806 32.65756509
17 35480774 0.113850128210949 32.70520578
17 35573989 0.511084052995762 32.75284647
17 35594781 2.29129953828396 32.80048715
17 35617651 1.65959772627897 32.83844211
17 35685333 0.657272243728022 32.88292759
17 35755305 0.643784656719831 32.92797453
17 35778610 1.93292855610384 32.97302148
17 35799086 1.78374682555187 33.00954547
17 35827456 1.57935142756433 33.05435163
17 35886985 0.752838112516589 33.09916735
17 36066970 0.248996860849515 33.14398306
17 36119264 0.857496079856198 33.18882491
17 36317694 0.245149422970317 33.2374699
17 36370648 1.00997091815538 33.2909519
17 36403303 1.6329474812433 33.34427577
17 36434167 1.72770541731467 33.39759963
17 36474778 1.31477185984093 33.45099386
17 36520470 1.40029764510199 33.51497627
17 36874346 0.192560953554352 33.58311899
17 36937384 0.947676004949396 33.64285858
17 36984760 1.25629010469436 33.70237661
17 37096974 0.530397276632149 33.76189464
17 37164261 0.884912390209104 33.82143772
17 37263698 0.702307994006255 33.89127317
17 37332357 0.854757570019954 33.94996
17 37366170 1.71402123443646 34.00791616
17 37409588 1.35017273941683 34.06653796
17 37433291 2.47318061004936 34.12515976
17 37465171 1.83882685069009 34.18378156
17 37504063 1.50729713051527 34.24240336
17 37538529 2.0215951952649 34.31207961
17 38058826 0.133916397749747 34.38175587
17 38838094 0.105135717108877 34.46368475
17 38895764 1.38071787757933 34.54331079
17 38930483 2.32518793744059 34.62403903
17 38959187 2.55722895763657 34.69744177
17 39068599 0.580482031221438 34.76095344
17 39113262 1.34045854510445 34.82082232
17 39137153 2.50591854673308 34.88069119
17 39184080 0.901314808106207 34.92298719
17 39220916 1.14822456292757 34.9652832
17 39276948 0.749891133637921 35.0073011
17 39402744 0.334016184934338 35.049319
17 39425142 1.87596660416109 35.09133691
17 39481329 0.747822450032926 35.13335481
17 39516840 1.18323618033849 35.17537271
17 39581884 0.645991943914888 35.21739061
17 39618403 1.15057641227854 35.25940852
17 39639307 1.6950966322235 35.29484279
17 39685293 1.11217109555082 35.34598709
17 39793014 0.482065706779551 35.39791573
17 39821925 2.07133271073294 35.45779999
17 39843444 2.42756168966959 35.51003864
17 39954504 0.524737979470556 35.56831608
17 40060385 0.552483448399618 35.62681362
17 40113609 1.09908124154517 35.68531115
17 40136748 2.26141579152081 35.73763807
17 40208784 0.729220112166139 35.79016818
17 40244289 1.75268272074356 35.85239722
17 40279234 1.57994849048505 35.90760854
17 40302643 2.3480669827844 35.96257447
17 40326998 2.25686306713201 36.0175404
17 40371968 1.22227929730932 36.07250634
17 40404043 1.72832735775526 36.12794245
17 40427796 2.33434513535132 36.18339012
17 40451611 2.32826789838337 36.2388378
17 40478574 2.05643659830138 36.29428547
17 40500534 2.80337431693989 36.35584757
17 40542828 1.36036080767958 36.41338267
17 40580874 1.72796877464122 36.47912494
17 40613407 2.02078812282913 36.5448672
17 40656102 1.5222086895421 36.60985789
17 40677106 3.09420586554942 36.67484858
17 40712162 1.86520424463715 36.74023518
17 40736473 2.00172761301468 36.78889922
17 40773265 1.32835398999783 36.837772
17 40827993 0.975063952638503 36.89113529
17 40884242 0.951136909100606 36.9446358
17 40970735 0.618552946481218 36.99813631
17 40996859 1.57830730362885 37.03936802
17 41077664 0.665133345708805 37.09311411
17 41113416 1.50330331170284 37.1468602
17 41133085 2.79168742691545 37.20176986
17 41160898 1.61288246503434 37.24662896
17 41206960 0.861295645000217 37.28630194
17 41242496 1.0707761143629 37.324353
17 41339264 0.460482804232804 37.36891304
17 41405917 0.66853705009527 37.41347308
17 41493843 0.506828469394718 37.45803643
17 41526359 1.4880335834666 37.50642134
17 41591744 1.01831765695496 37.57300406
17 41608822 2.08638599367607 37.60863539
17 41685957 0.500018149996759 37.64720432
17 41712693 1.44258303411131 37.68577324
17 41735777 1.67080661930341 37.72434217
17 41807946 0.534424753010295 37.7629111
17 41833900 1.48604839331124 37.80148002
17 41861252 1.42755557180462 37.84052654
17 41916986 0.699930024760469 37.87953647
17 42018421 0.384649282791936 37.91855337
17 42076127 0.676132464561744 37.95757027
17 42109879 1.26508355060441 38.00026941
17 42143393 1.27406755385809 38.04296855
17 42254151 0.38601274851478 38.08572259
17 42322179 0.62898071382372 38.12851092
17 42346462 1.53572046287526 38.16580279
17 42408320 0.755438261825471 38.21253271
17 42432832 1.90640910574413 38.25926262
17 42455348 2.09453277669213 38.3064231
17 42480080 1.90686155587902 38.35358359
17 42506929 2.31877537338448 38.41584037
17 42642176 0.460544781030263 38.47812764
17 42715046 0.873510360916701 38.5417803
17 42736277 2.79374499552541 38.60109429
17 42782500 1.28321398438007 38.66040829
17 42821258 1.47235925486351 38.71747401
17 42848200 1.66688441838022 38.76238323
17 42972189 0.362203098661978 38.80729245
17 43080329 0.415071203994822 38.85217824
17 43133674 0.824497141250352 38.89616099
17 43176848 1.01965071570853 38.94018339
17 43218847 1.04817733755566 38.9842058
17 43253090 1.29585316707064 39.02857972
17 43283637 1.45107211837496 39.07290557
17 43325577 0.899997615641392 39.11065144
17 43332795 5.22941257966196 39.14839731
17 43388401 0.678809840664676 39.18614317
17 43422315 1.11298873621513 39.22388904
17 43471283 0.770827887600065 39.26163491
17 43493467 1.70149206635413 39.29938077
17 43540846 0.796679963696997 39.33712664
17 43594706 0.705841069439287 39.37514327
17 43623767 1.70835828085751 39.42478989
17 43678572 0.905877200985312 39.4744365
17 43711265 1.55114244639525 39.52514798
17 43741378 1.89046591173247 39.58207558
17 43766095 2.30317595177408 39.63900318
17 43830013 0.822115835914766 39.69155114
17 43882678 0.705443843159594 39.7287033
17 43915429 1.13438368294098 39.76585545
17 43942864 1.35529797703663 39.8030381
17 43968338 1.4596294260815 39.84022075
17 43998195 1.14057674917105 39.87427496
17 44034331 0.942389860526898 39.90832918
17 44070837 0.932838437517121 39.94238339
17 44110606 0.856300133269632 39.97643761
17 44150664 0.850122322632183 40.01049182
17 44189026 0.887706584641051 40.04454604
17 44261826 0.513065934065934 40.08189726
17 44299413 1.02407747359459 40.12038924
17 44327276 1.98951297419517 40.17582306
17 44367498 1.37819601213266 40.23125687
17 44414983 0.917822470253764 40.27483971
17 44455186 1.08406835310798 40.31842254
17 44505767 1.15795259089381 40.37699294
17 44543822 1.53909867297333 40.43556334
17 44586221 1.48953513054553 40.49871815
17 44690813 0.603118785375555 40.56179952
17 44725907 1.79749814783154 40.6248809
17 44747864 2.14349410210867 40.67194561
17 44778012 1.56112179912432 40.71901033
17 44812935 1.34556309595396 40.76600145
17 44847017 1.35404025585353 40.81214988
17 44911525 0.704759099646555 40.85761244
17 44973991 0.727797521851887 40.903075
17 45036186 0.730914060615805 40.94853421
17 45073957 1.11985650366683 40.99083232
17 45094723 2.0368920350573 41.03313043
17 45146349 0.980126292953163 41.08373048
17 45175375 1.71865224281678 41.13361605
17 45211961 1.55450718854207 41.19048927
17 45302168 0.654746305719068 41.249552
17 45331881 1.98777302864066 41.30861472
17 45388259 0.805890595622406 41.3540492
17 45426066 1.12409077684027 41.39654767
17 45471979 1.01543353734236 41.44316932
17 45492263 2.26982350621179 41.48921044
17 45517219 1.84489100817439 41.53525155
17 45538200 2.19224059863686 41.58124693
17 45561948 1.40833754421425 41.61469211
17 45637897 0.576597453554359 41.65848408
17 45758640 0.372084510075118 41.7034107
17 45794152 1.18863764361343 41.74562162
17 45901126 0.375997906033242 41.78584365
17 45984356 0.483263246425568 41.82606568
17 46150345 0.24231726198724 41.86628772
17 46173779 1.24337714432022 41.89542501
17 46196167 1.71429337144899 41.93380461
17 46229137 1.16407643312102 41.97218421
17 46256070 1.42500278468793 42.01056381
17 46271518 2.48470999482134 42.04894756
17 46313089 0.651812561641529 42.07604404
17 46338051 1.15098149186764 42.10477488
17 46408391 0.405885698038101 42.13332493
17 46438751 1.0263372859025 42.16448455
17 46487068 0.722317196845831 42.19938477
17 46524672 0.928276247207744 42.23429169
17 46563981 0.933096746292198 42.27097077
17 46642455 0.467700129979356 42.30767303
17 46667456 1.45504579816807 42.34405067
17 46701433 1.06610648379786 42.38027379
17 46753803 0.801787282795494 42.42226341
17 46785750 1.31005728237393 42.46411581
17 46806395 2.08660692661661 42.50719383
17 46836856 1.49262992022586 42.5526608
17 46895925 0.7697269295231 42.59812776
17 46923719 1.52452687630424 42.64050042
17 46968760 0.927381718878355 42.68227063
17 47001334 1.28231718548536 42.72404084
17 47045584 0.945794350282486 42.76589224
17 47081637 0.971089784483954 42.8009029
17 47107250 1.39965642447195 42.83675229
17 47158285 0.702447340060743 42.87260169
17 47192942 0.987382058458609 42.90682142
17 47258216 0.523906915464044 42.94101895
17 47269733 2.94807675609968 42.97497197
17 47324781 0.619166908879523 43.00905587
17 47391108 0.513876701795649 43.04313977
17 47472753 0.414909669912426 43.07701506
17 47516137 0.770307025631569 43.11043404
17 47564128 0.698449709320498 43.14395332
17 47616129 0.644589527124478 43.17747259
17 47665916 0.673254062305421 43.21099187
17 47697987 1.04515917807365 43.24451114
17 47740843 0.78213785700952 43.27803041
17 47767294 1.26722241125099 43.31154969
17 47790500 1.0451693527536 43.33580393
17 47856402 0.519266486601317 43.37002465
17 47884497 1.30019220501869 43.40655356
17 47953494 0.622640114787599 43.44951383
17 48038945 0.521894419023768 43.49411018
17 48064460 2.14334313149128 43.54879762
17 48154304 0.641606562486087 43.60644212
17 48200300 1.33728150273937 43.66795168
17 48308515 0.568026613685718 43.72942068
17 48504180 0.315698770858355 43.79119192
17 48550804 1.20192819148936 43.84723057
17 48675243 0.478438431681386 43.90676701
17 48716277 1.44211629380514 43.96594278
17 48764336 1.48419858923407 44.03727183
17 48800954 1.97627669452182 44.10963913
17 49020096 0.329604092323699 44.18186922
17 49136744 0.61767111309238 44.25391927
17 49167877 2.11721967044615 44.31983471
17 49224250 1.32342433434446 44.39444015
17 49308495 0.894987239598789 44.46983833
17 49397490 0.738662846227316 44.53557559
17 49434995 2.0776989734702 44.61349971
17 49513286 1.05087047042444 44.69577339
17 49629580 0.780382478889711 44.78652716
17 49681546 1.7464072662895 44.87728093
17 49702117 3.85325458169267 44.95654622
17 49791177 0.904901190208848 45.03713671
17 50007078 0.383584605907337 45.119953
17 50066425 1.39545891114968 45.20276929
17 50114545 1.55757896924356 45.27772003
17 50156251 1.17672037596509 45.32679634
17 50206433 1.19851341118329 45.38694015
17 50321814 0.597936402007263 45.45593061
17 50485602 0.421208513444208 45.52491947
17 50522879 1.57809104809936 45.58374598
17 50554214 1.88983564704005 45.64296399
17 50707074 0.38714117493131 45.70214236
17 50767503 0.98585281901074 45.76171649
17 50813827 1.30694456437268 45.82225939
17 50844921 1.94709268669197 45.8828023
17 50928493 0.724440003829034 45.9433452
17 50949999 3.45896494001674 46.0177337
17 50978652 3.42430461033749 46.11585034
17 51087795 1.2480507224467 46.25206633
17 51129922 2.42156099413678 46.35407943
17 51172318 1.33124351353901 46.41051881
17 51204585 1.77945269160443 46.46793637
17 51277993 0.831962456408021 46.52900907
17 51301874 2.55737615677735 46.59008177
17 51369492 0.90320181016889 46.65115447
17 51448737 0.757100132500473 46.71115085
17 51474573 2.32220157919183 46.77114722
17 51506463 1.88135465663217 46.83114359
17 51548359 1.43203169753676 46.89113997
17 51604982 1.09494198470586 46.95313883
17 51679001 0.837607911482187 47.01513769
17 51720958 1.43261672664871 47.07524604
17 51736676 3.82416974169742 47.13535439
17 51778669 1.85481389755435 47.21324357
17 51805499 2.90306373462542 47.29113275
17 51927186 0.623206258680056 47.36696888
17 51959750 2.3288324530156 47.442805
17 52065647 0.716130768577014 47.51864112
17 52161664 0.73961277690409 47.58965648
17 52209885 1.49933638871031 47.66195594
17 52314601 0.454181786928454 47.70951602
17 52363531 1.05620273860617 47.76119604
17 52403902 1.29544970399544 47.81349461
17 52535678 0.361952859397766 47.86119134
17 52557256 2.21043192140143 47.90888806
17 52588133 1.54473232503158 47.95658478
17 52610220 2.14870738443428 48.00404329
17 52696346 0.550596800037155 48.05146403
17 52802021 0.448597113792288 48.09886952
17 52831120 1.62911096601258 48.14627501
17 52859237 1.68578084432905 48.19367416
17 53002648 0.326453340399272 48.24049115
17 53042354 0.975290888026998 48.27921602
17 53069851 1.40833181801651 48.31794089
17 53095347 1.60577345465955 48.35888172
17 53122468 1.4263633346853 48.39756607
17 53173609 1.08365108230187 48.45298511
17 53227226 0.990281067571852 48.50608098
17 53247625 2.57439090151478 48.55859595
17 53275351 1.80926927793407 48.60875976
17 53313252 1.3235481913406 48.65892358
17 53389144 0.815305961102619 48.72079882
17 53409644 2.89679024390244 48.780183
17 53464349 0.659305365140298 48.81625031
17 53491841 1.21284373635967 48.84959381
17 53514419 1.47681371246346 48.88293731
17 53532316 1.8341286249092 48.9157627
17 53567893 0.922657896955899 48.94858808
17 53605075 1.02504975525792 48.98670145
17 53636498 1.21291410750088 49.02481482
17 53667990 1.20650958973708 49.06281025
17 53732232 0.591441735935992 49.10080568
17 53774891 0.647338193581659 49.12842044
17 53829648 0.504315429990686 49.15603521
17 53879834 0.514316741720799 49.18184668
17 53913491 0.777024096027572 49.20799902
17 53934355 1.28214148773006 49.23474958
17 53987189 0.569574516409888 49.26484243
17 54062683 0.367846451373619 49.29261261
17 54096860 0.778868829914855 49.31923199
17 54163192 0.40130555388048 49.34585138
17 54264980 0.261518057138366 49.37247076
17 54267012 13.0865649606299 49.3990627
17 54310765 0.60777318126757 49.42565464
17 54339792 0.962004340786165 49.45357873
17 54377751 0.747988619299771 49.48197165
17 54410689 0.834097395105957 49.50944513
17 54482037 0.385063351460447 49.53691861
17 54520855 0.70775155855531 49.56439209
17 54576440 0.670072861383467 49.60163809
17 54694923 0.344605555227332 49.64246796
17 54716438 2.02750639089008 49.68608975
17 54765150 0.948324848086714 49.73228459
17 54798284 1.60598780708638 49.78549742
17 54821719 2.25625773415831 49.83837282
17 54862080 1.3100616932187 49.89124823
17 54883974 2.06864894491642 49.93653925
17 54925511 0.824541974625033 49.97078821
17 54956158 1.4234998531667 50.01441425
17 54981646 1.73797080979284 50.05871165
17 55004048 1.97738594768324 50.10300905
17 55037222 1.33528064146621 50.14730564
17 55081372 0.830434881087203 50.18396938
17 55103116 1.68615250183959 50.22063312
17 55324818 0.165112628663702 50.25723896
17 55351850 1.37073468481799 50.29429263
17 55389491 0.984397332695731 50.3313463
17 55484850 0.423813169181724 50.37176067
17 55550228 0.618165132001591 50.41217504
17 55665541 0.301523679030118 50.44694469
17 55729693 0.81538845242549 50.49925354
17 55767778 1.36931075226467 50.55140371
17 55794477 2.31965616689764 50.61333623
17 55846306 1.16096779795095 50.673508
17 55892881 0.785028448738594 50.71007067
17 55916308 1.56070773039655 50.74663334
17 56009167 0.404297914041719 50.78417606
17 56036283 1.46405074494763 50.82387525
17 56072424 1.09845328020807 50.86357443
17 56125832 0.646968618933493 50.89812772
17 56157323 1.06321806230352 50.93160956
17 56189934 1.20692097758425 50.97096851
17 56222649 1.20308421213511 51.01032746
17 56248737 1.50869748543392 51.0496864
17 56349225 0.391677613247353 51.08904535
17 56431831 0.47646538992325 51.1284043
17 56479267 0.748254490260562 51.16389845
17 56566136 0.539820879715434 51.21079215
17 56650944 0.544434487312518 51.25696453
17 56710101 0.934869922409859 51.31226858
17 56748517 1.07873281965848 51.35370923
17 56787411 1.33911400215972 51.40579277
17 56834673 1.10201641911049 51.45787631
17 56865054 1.63313254994898 51.50749253
17 56943444 0.633312922566654 51.55713791
17 56987958 0.945192523700409 51.59921219
17 57067440 0.357454518004076 51.62762335
17 57163880 0.32647449191207 51.65910851
17 57194642 1.02467329822508 51.6906295
17 57238836 0.833400461601122 51.72746078
17 57286345 0.781544549453788 51.76459118
17 57311860 1.46186948853616 51.80189074
17 57375842 0.566373355006095 51.83812845
17 57413077 0.955842621189741 51.87371928
17 57469943 0.774359019449232 51.91775398
17 57495561 2.59655320477789 51.98427247
17 57524995 2.27710470884012 52.05129679
17 57562662 1.32378474526774 52.10115984
17 57610601 1.08272596424623 52.15306466
17 57652704 1.26112391041018 52.20616176
17 57676485 2.23512047432824 52.25931517
17 57716043 1.34368269376612 52.31246857
17 57761041 1.29570869816436 52.37077282
17 57791221 1.90243538767396 52.42818837
17 57815533 2.05052648897664 52.47804079
17 57839956 2.46345248331491 52.53820569
17 57937352 0.61773481457144 52.59837058
17 57978418 1.47689085861783 52.65902063
17 58028755 1.14790313288436 52.71680261
17 58062018 1.54967982442955 52.76834962
17 58110775 1.05722255265911 52.81989662
17 58139161 1.90701754385965 52.87402923
17 58162890 2.27476505541742 52.92800712
17 58306641 0.375495822637756 52.98198502
17 58329557 2.3675423285041 53.03623958
17 58357669 1.92553713716562 53.0903703
17 58425068 0.803212213831066 53.14450602
17 58456632 1.76050247116969 53.2000745
17 58491133 2.50389843772644 53.28646154
17 58594190 0.839289907526903 53.37295627
17 58623706 2.94335614581922 53.45983233
17 58673568 1.23576671613654 53.52145015
17 58717654 1.67378079208819 53.59524043
17 58796978 0.930239271847108 53.66903071
17 58824595 2.67191584893363 53.74282099
17 58989148 0.458923264844761 53.81833822
17 59009987 2.13944527088632 53.86292212
17 59031477 2.11581200558399 53.90839092
17 59051987 2.33506582155046 53.95628317
17 59093210 1.3675812046673 54.01265895
17 59142751 0.794309763630125 54.05200986
17 59227106 0.613708730958449 54.10377928
17 59264917 1.36872867684007 54.15553233
17 59299324 1.56429214985323 54.20935494
17 59335631 1.48243038532514 54.26317755
17 59367351 1.69680327868852 54.31700016
17 59418774 1.14205511152597 54.37572805
17 59459575 1.4335114335433 54.43421672
17 59486956 1.78256820422921 54.48302518
17 59530888 1.11100109259765 54.53183363
17 59560283 1.5762714747406 54.57816817
17 59627772 0.709690468076279 54.62606452
17 59657126 1.63167881719697 54.67396086
17 59692547 1.41464667852404 54.72406903
17 59716428 2.09880658263892 54.77419065
17 59751075 1.44663607238722 54.82431227
17 59810232 0.98460875297936 54.88255876
17 59839482 1.25693333333333 54.91932403
17 59866706 1.50546209227152 54.9603087
17 59899411 1.28473322122 55.0023259
17 59932413 1.27317132295012 55.0443431
17 59953298 2.94094326071343 55.10576473
17 59992564 1.56678042072022 55.16728593
17 60028586 1.86256454388985 55.23437924
17 60048838 3.32657021528738 55.30174893
17 60067549 4.12110523221634 55.37885895
17 60109941 2.32295008492168 55.47733349
17 60170346 1.26780895621223 55.55391545
17 60191253 3.65731573157316 55.63037893
17 60241720 1.21009174311927 55.69144863
17 60307222 0.933421880247931 55.75258962
17 60328735 2.84204899363176 55.81373061
17 60395994 0.921198649994796 55.87568952
17 60434232 1.8191903342225 55.94525172
17 60492777 1.19393458023742 56.01515059
17 60551228 1.19585464748251 56.08504947
17 60623427 1.49076302995886 56.19268106
17 60709963 1.23826153277249 56.29983525
17 60745048 2.48851075958387 56.38714469
17 60781502 2.39505678389203 56.47445414
17 60795229 6.23639542507467 56.56006111
17 60869755 0.968771972197622 56.63225981
17 60983050 0.507912087912088 56.68980373
17 61011085 2.05354378455502 56.7473748
17 61053513 1.54074903365702 56.81274574
17 61094324 1.60179608438901 56.87811667
17 61121962 2.36525435993921 56.94348761
17 61143676 2.32516809431703 56.99397636
17 61176350 1.60257085144151 57.04633876
17 61208206 1.64372174786539 57.09870117
17 61241091 1.67794739242816 57.15388043
17 61267011 2.13068287037037 57.2091077
17 61287914 2.54217576424437 57.26224677
17 61322569 1.92341364882412 57.32890269
17 61351505 2.32204520320708 57.39609338
17 61409891 1.14619600589182 57.46301515
17 61478240 0.882153359961375 57.5233095
17 61499579 2.82554477716856 57.58360384
17 61579984 0.803326907530626 57.64819538
17 61664121 0.767694355634263 57.71278693
17 61736121 0.897104166666667 57.77737847
17 61773472 1.59468287328318 57.8369415
17 61863915 0.658581648109859 57.89650559
17 61886512 2.63592954817011 57.95606968
17 61910650 2.46778109205402 58.01563696
17 61995793 0.921571943671235 58.09410235
17 62022939 2.8904958373241 58.17256775
17 62057557 2.26660696747357 58.25103315
17 62132170 1.03522040395105 58.32827406
17 62176985 1.72355015061921 58.40551497
17 62266186 0.865919664577751 58.48275587
17 62325169 1.20620348235932 58.55390138
17 62385783 1.17467416768403 58.62510304
17 62414020 1.51157346743634 58.66778529
17 62444817 1.37354612462253 58.71008637
17 62502690 0.670153612219861 58.74887014
17 62532800 1.66499501826636 58.79900314
17 62559692 1.99059199762011 58.85253417
17 62591773 1.64428789626259 58.9052846
17 62627915 1.13475457915998 58.94629687
17 62652366 1.67732608073289 58.98730915
17 62699773 0.865110637669542 59.02832142
17 62731132 1.30783188239421 59.06933369
17 62761000 1.37311838757198 59.11034597
17 62794522 1.22344430523238 59.15135824
17 62820495 1.57930543256459 59.19237755
17 62897895 0.64143669250646 59.24202478
17 62937635 1.24930045294414 59.291672
17 62967008 1.47113675824737 59.33488368
17 63005583 1.27991186001296 59.38425627
17 63069712 0.769895055279203 59.43362886
17 63142176 0.766591686906602 59.48917916
17 63174254 1.73172579337864 59.54472946
17 63195569 3.46583157400891 59.61860363
17 63268093 1.01987893662787 59.69256928
17 63295649 2.43229786616345 59.75959372
17 63320732 2.69668699916278 59.82723467
17 63345591 2.7421577698218 59.89540193
17 63390808 1.50755910387686 59.9635692
17 63412356 3.12395581956562 60.03088424
17 63447843 1.89689181953955 60.09819928
17 63518156 0.732077994112042 60.14967392
17 63550402 1.56776034236805 60.20022789
17 63579816 1.71870537839124 60.25078187
17 63612425 1.71851329387592 60.30682083
17 63638557 1.88645339047911 60.35611759
17 63670448 1.69041422344862 60.4100266
17 63702565 1.53351807453996 60.45927859
17 63734585 1.53816364772017 60.50853057
17 63801977 0.842769171415005 60.56532643
17 63839661 1.29676785903832 60.61419388
17 63860049 2.35576319403571 60.66222314
17 63908576 1.19299977332207 60.72011579
17 63950062 1.42409487537965 60.77919577
17 63980425 1.94445542271844 60.83823526
17 64011119 1.88184009904216 60.89599646
17 64047627 1.58215185712721 60.95375767
17 64109516 1.05426327780381 61.01900502
17 64145866 1.83416231086657 61.08567686
17 64199132 1.24150865467653 61.15180704
17 64221802 2.91707984119982 61.21793722
17 64250200 2.33030142967815 61.28411314
17 64297196 1.42254021618861 61.35096686
17 64318575 3.13393049253941 61.41796716
17 64376834 1.16170377109116 61.48564689
17 64399963 3.05977776816983 61.5564165
17 64434522 2.22520616915999 61.63331741
17 64477583 1.78525347762476 61.71019218
17 64503704 2.71100646989013 61.78100636
17 64543414 1.60325862503148 61.84467172
17 64582646 1.85561276508972 61.91747111
17 64619251 1.98878295314848 61.99027049
17 64673392 1.34175763284756 62.06291455
17 64725259 1.39878728285808 62.1354655
17 64746391 3.43322449365891 62.20801644
17 64770897 2.9605361952175 62.28056739
17 64880442 0.662293121548222 62.35311833
17 64908699 2.58746505290724 62.42623238
17 64941889 2.42770714070503 62.506808
17 64965089 3.47261206896552 62.5873726
17 64994584 2.88749957619936 62.67253935
17 65019617 2.4852874206048 62.73475354
17 65057314 1.82484282568905 62.80354463
17 65093397 1.94253803730289 62.87363726
17 65123532 1.91521486643438 62.93135223
17 65186378 0.975008751551411 62.99262766
17 65229479 1.42571866081993 63.05407757
17 65253010 3.25573073817517 63.13068813
17 65293792 2.16517336079643 63.21898827
17 65353576 1.47698548106517 63.30728841
17 65374516 3.58457497612225 63.38234939
17 65408783 2.19047480082879 63.45741038
17 65439957 2.40780778854173 63.53247136
17 65506935 1.04778882618173 63.60265017
17 65531361 2.87311880782772 63.67282897
17 65563876 2.15835153006305 63.74300777
17 65596908 2.12457011382901 63.81318657
17 65628100 1.85758527827648 63.87112835
17 65655991 2.0765013803736 63.92904403
17 65687144 1.8005970532533 63.98513803
17 65721324 1.63319777647747 64.04096074
17 65746912 2.18110051586681 64.09677078
17 65772410 2.46880539650169 64.15972042
17 65802981 2.05932746720748 64.22267616
17 65837169 1.83405288405288 64.28537878
17 65887943 1.22351597274195 64.34750154
17 65931547 1.51829877992845 64.41370549
17 65966205 1.91020543597438 64.47990943
17 65997525 2.67288314176245 64.56362416
17 66101241 1.19031200586216 64.68707861
17 66137692 3.41982661655373 64.8117347
17 66165602 4.46635972769617 64.93639078
17 66213347 2.71100010472301 65.06582745
17 66235451 5.63545512124502 65.19039358
17 66260382 4.67668364686535 65.30698795
17 66289889 3.98020130816416 65.4244317
17 66309374 6.02739543238389 65.54187546
17 66336320 4.44018036072144 65.66152056
17 66403813 1.68067651460151 65.77495448
17 66445449 2.14364252089538 65.86420719
17 66473136 3.5746668111388 65.963179
17 66527930 1.18197247873855 66.027944
17 66556066 2.30185527438158 66.09270901
17 66581559 2.54050131408622 66.15747401
17 66606822 3.79787436171476 66.25341971
17 66632254 5.21015256369928 66.38592431
17 66695254 1.14746825396825 66.45821484
17 66719667 2.96181133002908 66.53052151
17 66747387 2.60846681096681 66.60282818
17 66772792 2.84616020468412 66.67513485
17 66796829 2.85163705953322 66.74367967
17 66826816 2.49608163537533 66.81852965
17 66853437 2.81169001915781 66.89337963
17 66880740 2.4 66.9589068
17 66953068 0.838227242561663 67.0195341
17 67009749 1.01347894356133 67.07697913
17 67054977 1.2702197753604 67.13442867
17 67132830 0.764105429463219 67.19391659
17 67203528 0.850635095759428 67.25405479
17 67239268 1.68265808617795 67.31419298
17 67314770 0.776927763502954 67.37285255
17 67444803 0.44458329808587 67.43066304
17 67509543 0.879508804448563 67.48760244
17 67573898 0.884770414109238 67.54454184
17 67604252 1.86946366212031 67.60128757
17 67708118 0.54779523616968 67.65818492
17 67854554 0.38854721516567 67.71508226
17 67997705 0.397463517544411 67.77197961
17 68037062 2.32053256091674 67.86330884
17 68224661 0.486466345769434 67.95456945
17 68274420 1.81481340059085 68.04487277
17 68308036 1.80985245121371 68.10571277
17 68325865 5.29165965561725 68.20005772
17 68497258 0.672388020514257 68.31530028
17 68562960 1.68984810203647 68.42632666
17 68591921 4.25541590414696 68.54956774
17 68618815 4.56876626756897 68.6724401
17 68640565 4.27132413793104 68.76534142
17 68678589 2.48102251209762 68.85967984
17 68711344 2.88054037551519 68.95403198
17 68782241 1.31475379776295 69.04724408
17 68825904 2.13480750292009 69.14045618
17 68860946 2.6600108441299 69.23366827
17 68907367 2.45289631847655 69.34753419
17 68930133 5.08870684353861 69.46338373
17 68968899 3.57556621781974 69.6019941
17 69014407 2.37386833084293 69.71002414
17 69041923 3.39487570867859 69.80343758
17 69080218 2.4734952343648 69.89816004
17 69109897 3.68732774015297 70.00759624
17 69135228 4.44121037463977 70.12009652
17 69167714 3.09876562211414 70.22076302
17 69201487 2.98067983300269 70.32142951
17 69230601 3.45766641478327 70.42209601
17 69287108 1.64321411506539 70.51494911
17 69351312 1.46112235997757 70.60875906
17 69432330 1.21481399195241 70.70718083
17 69458316 3.78749326560456 70.8056026
17 69568435 0.620581371062215 70.87394035
17 69608553 2.01232613789321 70.95467082
17 69632669 2.62134682368552 71.01788726
17 69657079 2.58893486276116 71.08108312
17 69717120 1.05254576039706 71.14427898
17 69740253 2.71628841914149 71.20711483
17 69766219 2.39957636909805 71.26942221
17 69792168 2.40114840648965 71.33172958
17 69823676 1.96990288180779 71.3937973
17 69857723 1.65799336211707 71.45024704
17 69901913 1.27743154559855 71.50669678
17 69935490 1.76279000506299 71.56588603
17 69960740 2.34412673267327 71.62507528
17 69981185 3.07197847884568 71.68788185
17 70028737 1.28378196500673 71.74892829
17 70077166 1.24399843069235 71.80917391
17 70098513 2.80931746849674 71.86914437
17 70123759 2.37563970529985 71.92911973
17 70181326 1.13706116351382 71.99457689
17 70226156 1.46897390140531 72.06043103
17 70280594 1.16772475109299 72.12399959
17 70311117 2.44880909478098 72.19874461
17 70345109 2.35945222405272 72.27894716
17 70378197 3.11809115087041 72.38211858
17 70434930 1.8185429996651 72.48529
17 70460264 4.57954527512434 72.60130821
17 70482197 5.83316007842065 72.72924692
17 70590385 1.18255906385181 72.85718563
17 70621442 3.55422610039605 72.96756925
17 70917760 0.453252249272741 73.10187601
17 70967958 2.72480576915415 73.23865582
17 71035591 2.02238256472432 73.37543564
17 71097027 2.22635588254444 73.51221399
17 71202737 1.28140478668054 73.64767125
17 71225679 5.90194403277831 73.78307362
17 71276966 2.64365823698013 73.91865896
17 71310435 3.93215512862649 74.0502643
17 71333851 5.62031516911514 74.18186964
17 71368482 3.75089659553579 74.31176697
17 71483760 0.883959645378997 74.41366809
17 71505929 4.33059226848302 74.50967302
17 71528977 4.16543300937175 74.60567796
17 71576960 1.88645145155576 74.69619555
17 71644239 1.34519538043074 74.78669897
17 71695918 1.61230480465953 74.87002125
17 71702921 11.8980865343424 74.95334354
17 71729438 3.20781008409699 75.03840501
17 71763240 2.51646352286847 75.12346648
17 71789925 3.18761476484917 75.20852795
17 71821119 2.72685452330576 75.29358942
17 71885069 1.6897419859265 75.40164846
17 71931712 2.46008833051047 75.51639435
17 71958140 4.37714545179355 75.63207358
17 71978725 5.05201360213748 75.73606932
17 72049948 0.969303455344482 75.80510603
17 72076929 2.40341721952485 75.86995264
17 72132216 1.50878144952701 75.95336869
17 72162571 2.74801515401087 76.03678474
17 72242321 1.2935460815047 76.13994502
17 72264234 6.55523661753297 76.28358988
17 72299724 3.43343477035785 76.40544247
17 72332655 2.66384257993987 76.49316551
17 72351070 4.77474341569373 76.58109243
17 72400135 1.6999205136044 76.66449901
17 72445462 1.6693714563064 76.7401666
17 72466595 3.56612880329343 76.81552959
17 72517390 1.48366965252485 76.89089259
17 72582624 1.11365392280099 76.96354073
17 72610972 2.19701213489488 77.02582161
17 72650868 1.6036695408061 77.08980164
17 72708941 1.10171680471131 77.15378166
17 72733715 2.94537821910067 77.22675048
17 72803799 1.14951486787284 77.30731304
17 72884519 1.00462710604559 77.38840652
17 72912770 2.1213125199108 77.44833575
17 72935338 0.695298652959943 77.46402725
17 72953445 0 77.46402725
17 72986398 0 77.46402725
