Chromosome Position(bp) Rate(cM/Mb) Map(cM)
9 0 0 0
9 64186 0.00401040237987399 0
9 534463 0.0417748355832468 0.00188643
9 580687 0.0655056142992765 0.00381778
9 611234 0.0610948191593353 0.00581911
9 646016 0.0966250378116763 0.00794383
9 669157 0.0622351474864977 0.01018012
9 705262 0.0400277896536982 0.01242685
9 761398 0.0221811689438838 0.01467357
9 842052 0.0309762094400388 0.01646264
9 899806 0.0504252083199452 0.0182517
9 946489 0.0723550746910924 0.02060535
9 979023 0.0905349794238683 0.02295899
9 1005024 0.0347520557450138 0.02531263
9 1072761 0.0700871701866261 0.02766627
9 1106947 0.0771543741148273 0.03006245
9 1152842 0.0290505451591996 0.03360305
9 1274733 0.119816554953337 0.03714365
9 1305914 0.0307930721609751 0.0408798
9 1430455 0.0388991082496901 0.04471506
9 1530483 0.116378552593027 0.04860636
9 1564613 0.126237699641335 0.05257829
9 1597234 0.135930021455686 0.05669601
9 1627529 0.127979612766883 0.06081373
9 1659706 0.117181314330958 0.06493145
9 1703911 0.113191879902978 0.07011122
9 1749674 0.178780580555203 0.07529099
9 1789119 0.295149206880676 0.08234259
9 1813012 0.335260387290844 0.08939418
9 1834288 0.252468764379004 0.09652701
9 1862541 0.187928956881647 0.10365984
9 1900715 0.33568247821878 0.11083418
9 1926540 0.219668558686398 0.11950269
9 1966004 0.152795403271292 0.1281712
9 2022740 1.03828557669155 0.13683971
9 2031046 0.135554856963219 0.14546362
9 2094666 0.06247104806022 0.15408753
9 2232826 0.133263807658159 0.16271844
9 2303783 0.139611624117328 0.17217474
9 2377423 0.354685056163799 0.18245623
9 2405555 0.790967070154887 0.19243385
9 2428604 1.07020839448195 0.21066443
9 2445639 0.297377982164181 0.22889501
9 2524357 0.416375692166614 0.25230425
9 2581063 1.1953734585845 0.2759154
9 2613744 0.522258763134676 0.31498126
9 2688546 0.492441002949852 0.35404713
9 2704818 0.650642081000988 0.36206021
9 2716966 0.155399357658085 0.36996416
9 2792938 0.293580093455793 0.3817702
9 2836381 0.509734957919859 0.39452448
9 2860264 0.3081280732365 0.40669826
9 2904395 0.275834146544028 0.42029665
9 2952558 0.672309506600221 0.43358152
9 2978845 0.300524445948232 0.45125495
9 3037955 0.410969282336195 0.46901933
9 3081513 0.354005576759547 0.48692012
9 3132080 0.18936369875485 0.50482091
9 3203477 0.265231715352515 0.51834042
9 3271772 0.103728385937639 0.53645445
9 3428730 0.54237978810106 0.55273495
9 3458178 0.173425599868971 0.56870687
9 3580288 0.813639376864435 0.58988389
9 3604424 0.225245168320239 0.60952232
9 3691609 0.129792764995991 0.62916075
9 3897414 0.339916522447317 0.65587275
9 3975998 0.36300676103416 0.68258475
9 4054980 0.230213927282331 0.71125621
9 4123134 1.2540882714964 0.72694661
9 4134508 0.429199299428307 0.74121052
9 4164769 0.298402340234023 0.75419872
9 4209209 0.596965877374628 0.76745975
9 4231423 0.159369785020124 0.78072078
9 4312919 0.27029473326922 0.79370899
9 4365950 0.394519571001454 0.80804334
9 4402407 0.207833721855414 0.82242622
9 4474046 0.428036678080204 0.83731486
9 4508508 0.44614826240813 0.85206563
9 4541571 0.424272308887694 0.86681639
9 4575033 0.312936716115238 0.88101309
9 4620400 0.247607157719517 0.89520978
9 4678072 0.282010074358359 0.90948944
9 4719762 0.249009848565075 0.92124672
9 4766977 0.0684410222695186 0.933004
9 4946460 0.529437117489872 0.94528848
9 4969662 0.363916456821212 0.95757296
9 5003417 0.179735167166581 0.96985745
9 5071762 0.43188462288053 0.98214193
9 5107679 0.512406547279004 0.99765369
9 5147940 0.92994951316264 1.01828352
9 5170124 0.582029683112716 1.03891335
9 5207519 1.26876469524326 1.06067882
9 5229635 0.333111733700556 1.08873873
9 5313871 0.467639745444839 1.11679865
9 5385054 0.257374146609246 1.15008638
9 5514391 1.52368746280954 1.18337411
9 5536238 1.49535061318 1.21666183
9 5558499 0.469420275548912 1.24994956
9 5629412 0.1828631013013 1.28323729
9 5795323 1.41704810836058 1.31357656
9 5816733 1.13026305984052 1.34391582
9 5843571 1.1737365144426 1.37425027
9 5869432 0.408659477361767 1.4046042
9 5943709 0.86060300494101 1.43495813
9 5993294 0.335950962726321 1.47763076
9 6120381 1.51303046676919 1.52032613
9 6144440 0.984505975880158 1.55672784
9 6181422 1.06602930422772 1.5931367
9 6218345 1.51780115655264 1.63249775
9 6247051 1.59419710299476 1.67606728
9 6269557 0.376013435255965 1.71194638
9 6390433 1.16344135565453 1.757397
9 6429499 2.13394995070191 1.80284762
9 6450798 0.26202733787235 1.84829823
9 6624257 0.615611671518516 1.89374885
9 6698112 1.80680915302717 1.93921528
9 6723284 0.999872294234085 1.98469666
9 6754606 1.21199189160354 2.01601496
9 6782725 1.5837572544243 2.0500948
9 6810639 0.594387688788375 2.09430397
9 6887577 0.218002316790054 2.14003486
9 7097350 0.189645134422156 2.18576575
9 7456331 1.62293544402251 2.25384508
9 7500045 0.953034891507501 2.3247904
9 7600098 0.547680798004987 2.42014464
9 7780548 0.440217104607611 2.51897344
9 7951157 2.86655069582505 2.59407876
9 7979325 1.45161988599466 2.67482361
9 8034761 3.40045880710154 2.75529594
9 8054813 1.78895447986357 2.82348212
9 8092928 2.627591522158 2.8916683
9 8118878 2.29928894634777 2.95985448
9 8146724 0.929595266136214 3.02387999
9 8216350 3.23151430425882 3.08860367
9 8236379 2.99648148148148 3.15332736
9 8257979 1.2529219695002 3.21805105
9 8311881 2.54158512720157 3.28558629
9 8338453 1.00247892174326 3.35312153
9 8405821 2.47689463955638 3.42065677
9 8435576 3.23288151949818 3.49435663
9 8458373 1.53200304884007 3.5680565
9 8509540 3.39813165326961 3.6464449
9 8532555 1.11440744382223 3.72465248
9 8602734 1.72930907075559 3.80286005
9 8646038 1.65420479302832 3.8777457
9 8691938 2.74221997325333 3.95367324
9 8719605 3.62741249591102 4.02954205
9 8741004 1.84115995813113 4.10716537
9 8783040 4.50724498146633 4.18456062
9 8803813 0.600718690759005 4.27818976
9 8970505 0.539482561065719 4.37832448
9 9157271 4.12111111111111 4.47908124
9 9180671 3.04383137011779 4.57551512
9 9212931 1.09401527538244 4.67370961
9 9302225 2.63350319501739 4.77139908
9 9339314 0.394942507208546 4.86907284
9 9595607 2.5084127050728 4.97029334
9 9643273 2.97957913086789 5.08985884
9 9683428 0.537184470356967 5.20950367
9 9907258 2.3652705137784 5.32974174
9 9952764 0.960778649921507 5.43737538
9 10112014 5.51182663878272 5.59037903
9 10139748 3.14709018214127 5.74324409
9 10184768 3.82665766374072 5.88492562
9 10221793 2.29241568668083 6.02660714
9 10260399 1.38850241795754 6.11510832
9 10337737 0.704065179203482 6.22249258
9 10490301 2.76735306844503 6.32990778
9 10529588 1.42463406821442 6.43862838
9 10601391 4.95698248330591 6.54092174
9 10622057 0.687288243621311 6.64336315
9 10771108 0.606012742470762 6.74580455
9 10940149 1.15428875022608 6.84824595
9 11028613 0.684325030750307 6.95035908
9 11158693 0.413105320162332 7.03937638
9 11465225 2.50626284686536 7.16600671
9 11496361 0.764569289857344 7.24404194
9 11598425 2.1233466530372 7.32207716
9 11630708 3.08774774774775 7.39062489
9 11652908 1.44428954650107 7.45917261
9 11700251 1.96836317577293 7.52755002
9 11734989 0.948183813637329 7.59592742
9 11805604 3.07404177186137 7.66288354
9 11827389 1.39194177173192 7.72985187
9 11875613 1.57629626150667 7.79697721
9 11918197 0.849672788952038 7.86410255
9 11997198 1.89196426054849 7.93122788
9 12032677 1.47450346616765 7.99835322
9 12079703 0.596418384053201 8.06769279
9 12198197 0.768549834158012 8.13836469
9 12290152 3.58293631502188 8.20903659
9 12310722 2.74911410347271 8.28273795
9 12337531 1.52706419084572 8.35643932
9 12384438 2.38399488615609 8.42806944
9 12417290 1.04707262137993 8.50638823
9 12492323 1.38925498648482 8.58495314
9 12548926 1.07715609408411 8.66358885
9 12621882 3.39313471502591 8.74217421
9 12645042 1.75844707988364 8.82075956
9 12689732 0.34068051791629 8.89934492
9 12922202 0.523239143504602 8.97854313
9 13073563 0.630607532446851 9.05774133
9 13199153 0.895525759920478 9.13693953
9 13287682 1.08476169714146 9.21621909
9 13361076 1.44913786751161 9.29583395
9 13415360 0.4371755759949 9.37449938
9 13591056 2.67771523869085 9.45130914
9 13619838 1.44079530780839 9.52837963
9 13684115 3.82505318483294 9.62098982
9 13708088 1.4546925566343 9.71268739
9 13771124 2.22824955770632 9.80438495
9 13809560 1.23347386172007 9.89002968
9 13880720 2.17515426362352 9.97780325
9 13921073 2.94682065399852 10.06557681
9 13950859 2.75027037048481 10.15335038
9 13983222 4.01824107183271 10.24235738
9 14005315 2.66699798198849 10.33113285
9 14038516 3.57231613345705 10.4196797
9 14063303 2.0465202598206 10.50822654
9 14095633 1.75728888189967 10.57439098
9 14127428 3.48137802607076 10.6302639
9 14149982 1.73269926736693 10.70878245
9 14195298 2.67448200654308 10.787301
9 14224642 1.38784941388638 10.86578091
9 14277874 3.0226372869685 10.93965895
9 14301110 3.13334820432746 11.00989266
9 14323525 0.656153364661478 11.08012636
9 14430564 1.71515787931329 11.15036007
9 14471513 1.03364723467862 11.22059378
9 14538413 3.10575972683979 11.28974438
9 14560671 2.73217922606925 11.35887252
9 14587185 3.14223128307452 11.43131331
9 14610239 0.725665401143979 11.5037541
9 14710066 2.62776041942488 11.57619489
9 14728949 2.9304039408867 11.62581509
9 14754324 3.01134442733181 11.70017429
9 14780945 2.12891120113329 11.78033964
9 14821182 1.04670353462247 11.86600098
9 14902011 0.779754519080562 11.95060508
9 15014036 1.98934183557276 12.03795661
9 15057946 2.00541806327196 12.12530814
9 15101504 2.94242848426115 12.21265967
9 15129365 2.95190850887053 12.29463831
9 15149826 0.991523470057279 12.35503726
9 15206217 2.33310321021747 12.41095073
9 15229393 2.13628283626309 12.46502271
9 15254708 0.62246893695352 12.51910313
9 15341628 0.835908290331551 12.57320783
9 15406354 2.16058364159474 12.62731252
9 15430684 1.54603652240611 12.67987978
9 15464581 0.560468001368925 12.73228622
9 15558085 1.96579151964595 12.78469265
9 15591527 2.52198772064467 12.85043309
9 15617587 7.20599567709802 12.91615605
9 15628228 1.86350907686365 12.99283476
9 15669652 1.13808421279345 13.07002895
9 15743940 3.83115823817292 13.15457452
9 15766008 3.31515555729923 13.23912009
9 15791497 2.67540712993238 13.32362019
9 15822998 3.58919977854436 13.40789851
9 15846479 3.73108187379536 13.49217684
9 15870345 1.81893575732816 13.58122289
9 15919300 3.59750723347429 13.67026894
9 15941765 2.09267550405291 13.75108712
9 15975938 4.84603478773585 13.82259971
9 15989506 7.21131573951016 13.88835062
9 16000040 2.58115946945283 13.96431463
9 16029519 1.52830264776463 14.04040487
9 16079108 1.40825726914023 14.11619173
9 16138159 1.12692185929994 14.1993505
9 16210810 0.375099467057179 14.28122282
9 16360357 4.57690184387766 14.33731797
9 16369414 1.19283753558357 14.37877122
9 16408758 1.03887105700055 14.42570251
9 16453933 0.430966876957125 14.4726338
9 16562830 1.38990198990199 14.5195651
9 16596500 1.40690857709768 14.56636285
9 16629763 1.93490373900012 14.61316061
9 16655786 1.59261133603239 14.66351298
9 16687402 1.31470929353033 14.71386536
9 16727064 3.73722194760257 14.76600912
9 16747294 1.39187746235134 14.841613
9 16801612 2.23642616458818 14.91721689
9 16830399 2.4305775623699 14.98159659
9 16862586 0.498647131801264 15.05982954
9 17031856 1.5424509338109 15.14423547
9 17086578 0.997320083954892 15.2286414
9 17170909 0.374400705131344 15.31274686
9 17395548 0.735244548844276 15.39685231
9 17510065 0.89486871700444 15.4810508
9 17595872 1.67501613423685 15.55783679
9 17645456 0.8392683912692 15.64089098
9 17744416 1.14396295071121 15.72394518
9 17789761 1.60136982664791 15.77581802
9 17827430 0.79286549861332 15.8361401
9 17903511 0.36531334027761 15.89646218
9 18068635 1.69634420697413 15.95678426
9 18104195 1.33505964632716 16.01710634
9 18149378 1.23053080956744 16.07742842
9 18200677 0.177019055644657 16.14055376
9 18568547 1.57993108747924 16.20567405
9 18608888 1.95290083060659 16.26940967
9 18640672 0.692439697715815 16.3314808
9 18734491 1.00961191154633 16.39644528
9 18784325 1.73361306418689 16.44675801
9 18819597 1.32163376978698 16.50790609
9 18870767 3.42184224013418 16.57553373
9 18892230 0.482523685005847 16.64897631
9 19044436 1.51329976967449 16.72241889
9 19093497 0.751179314694135 16.79666291
9 19212422 2.28265535568275 16.8859969
9 19251558 3.83935018050542 16.97533089
9 19274826 0.610267445434983 17.06466488
9 19421211 1.80628530794453 17.15399887
9 19471837 1.02080798383586 17.24544347
9 19561418 1.23010868106803 17.33688808
9 19635948 2.32216774193548 17.42856767
9 19655323 1.12966453982985 17.47355938
9 19696699 0.421476777330651 17.52030041
9 19792123 0.471699662225558 17.56051912
9 19877387 1.08594340641538 17.60073784
9 19914423 0.558131167051855 17.64095655
9 19986682 0.69651724137931 17.68128674
9 20044682 0.949781351389477 17.72168451
9 20087216 2.31339280508425 17.76208229
9 20104367 0.453697625461213 17.80175904
9 20192721 0.717592983047989 17.84184455
9 20263863 1.37164776517678 17.89289554
9 20308833 2.09045310711641 17.95457883
9 20338539 1.08480639363429 18.01667799
9 20395846 0.926798504437137 18.07884536
9 20484642 0.555817456082884 18.16114158
9 20632705 1.5425380138915 18.24343779
9 20685975 5.18751204470996 18.32560852
9 20701542 1.94112273109749 18.4063628
9 20743137 1.38434991974318 18.4871037
9 20780517 2.23733419142622 18.53885029
9 20808486 0.667635031176613 18.60142588
9 20907278 0.671497338720347 18.66738328
9 21005539 2.61232084883997 18.73336569
9 21030797 1.30121768008223 18.79934809
9 21081385 0.855666237548276 18.86517441
9 21161394 1.18233654693854 18.93363509
9 21231720 0.753478729279267 19.01678424
9 21342177 1.70021041449613 19.10001162
9 21391128 1.79224459999141 19.183239
9 21437702 1.8392365318938 19.2667115
9 21474010 1.49457263713883 19.33349059
9 21518691 1.56602105081529 19.40026967
9 21565055 1.73265720081136 19.47287709
9 21606960 1.59116284082336 19.54548451
9 21653355 0.567873366217986 19.61930653
9 21796887 2.09126684636119 19.70081479
9 21833987 1.09314493338716 19.77840069
9 21895912 3.04794520547945 19.84609392
9 21917520 2.97806918381189 19.91195434
9 21939635 3.24225865209472 19.97781477
9 21959948 1.14025519832407 20.0436752
9 22017707 2.60873009585677 20.10953563
9 22042953 1.07014607672684 20.17539606
9 22104496 1.94314183186427 20.24125649
9 22133199 0.776278538219786 20.29703036
9 22210201 0.744701747742844 20.35680563
9 22294710 1.55945687917683 20.41973961
9 22332418 1.36664751178026 20.47854356
9 22375923 1.67727375310314 20.53799912
9 22411371 2.43303187789009 20.59745468
9 22435808 1.21133590041359 20.65691024
9 22484891 1.72281141157594 20.71636579
9 22510444 1.34556704526191 20.76038874
9 22545838 1.59694981251803 20.80801362
9 22573574 2.15671859785784 20.8523065
9 22594114 1.58527769825365 20.89660513
9 22622058 1.55336561925142 20.94090376
9 22648695 0.943474097044874 20.98228057
9 22692551 1.06449370702281 21.02365738
9 22732834 1.2297251055093 21.06653849
9 22767902 1.35969226888637 21.10966214
9 22799618 0.547515965618374 21.1527858
9 22878381 1.16262266796075 21.19590945
9 22915473 0.366669301140068 21.23903311
9 23016695 1.1930931744312 21.27614782
9 23053615 0.806029449460283 21.32019648
9 23123837 0.723985485025043 21.37679772
9 23202101 1.17291182469288 21.43345982
9 23244267 1.94965900579493 21.48291646
9 23269634 1.85828249648053 21.53237311
9 23295206 1.0816928910383 21.57989357
9 23339249 2.23680748428592 21.62753439
9 23359772 1.21251580618257 21.67344011
9 23396941 0.927515949783906 21.71850774
9 23445531 0.702036930522224 21.76357537
9 23495950 1.36395514623714 21.79897101
9 23521901 1.019176504463 21.83436665
9 23556631 1.66825722273998 21.86976229
9 23583456 1.40474113762382 21.91451313
9 23615558 2.17812377594986 21.95960785
9 23635982 1.22227717331575 22.00409353
9 23672378 0.328839017755503 22.04857921
9 23807660 0.420336800015379 22.09306489
9 23911698 0.4125367065733 22.13679618
9 24000238 0.376902573813175 22.17332249
9 24097409 0.9156 22.20994697
9 24137409 1.42511381765827 22.24657145
9 24163108 1.55140424450375 22.28319593
9 24186715 0.357715636384947 22.31982042
9 24289098 0.78410550655134 22.3564449
9 24335806 0.832344719438195 22.39306938
9 24379807 0.322686943267223 22.42969386
9 24493304 0.396801664174738 22.46631834
9 24585602 0.499959046604963 22.50294283
9 24658856 1.21697862737289 22.53956731
9 24688988 0.659247806702143 22.57623773
9 24744612 1.41081871345029 22.61290815
9 24770604 0.359136583550428 22.64957857
9 24872710 0.222334052821769 22.68624899
9 25037642 0.759134665148535 22.72291941
9 25085947 1.55341862238414 22.75958983
9 25109553 1.35463093210928 22.79626025
9 25136567 1.61241523213354 22.83285379
9 25159571 1.81175206369365 22.86994563
9 25180044 0.520509493749844 22.90703748
9 25260202 0.711776579399271 22.94876093
9 25326588 1.22357449893832 22.99601291
9 25365206 2.30781094527363 23.04326489
9 25385306 0.751768534238823 23.08965156
9 25470122 1.0779913267975 23.15341385
9 25529385 0.412070925791081 23.21729872
9 25685943 0.546572456683231 23.28181201
9 25785154 0.785053494129399 23.33603841
9 25854227 2.2970479704797 23.3902648
9 25878075 2.39881774911715 23.44504496
9 25904127 1.88740901815107 23.50753887
9 25937238 1.8857573928787 23.57003279
9 25970378 1.695364418782 23.6325267
9 26007094 1.99326381839993 23.69477338
9 26028768 1.29043462502643 23.7379754
9 26061877 0.543949246989661 23.78070034
9 26149990 0.284825018615041 23.82862946
9 26317865 1.35904448289334 23.87644465
9 26353699 0.506202352941177 23.92514439
9 26459949 0.896992164734831 23.97892839
9 26521721 0.498613536921332 24.03433741
9 26632795 0.971154520586379 24.08972063
9 26689823 0.652758547860981 24.14510385
9 26775049 0.876384316073032 24.20073585
9 26838528 1.27520657051547 24.25636786
9 26898919 2.27463119440029 24.33337924
9 26934778 1.25811620245583 24.41494529
9 27001558 1.01108919336781 24.49896237
9 27095343 1.4364594852529 24.59378708
9 27161356 1.85734977214117 24.6886118
9 27217970 3.54177295918367 24.79376361
9 27249330 1.63671955795881 24.90483366
9 27317016 3.30213606618101 25.01561714
9 27349412 4.30521571152608 25.12259288
9 27374260 1.90327143803606 25.22956862
9 27430107 0.726492744103943 25.33586059
9 27576264 3.71426314126198 25.44204259
9 27595250 1.9215585443038 25.51256173
9 27620530 1.62840698106201 25.56113845
9 27647460 1.69548784289277 25.60499129
9 27673124 1.58299055030573 25.64850394
9 27700109 1.51785058014385 25.6912206
9 27738203 1.4366697290989 25.74904112
9 27778476 1.50451722190853 25.80690052
9 27820980 3.13363061694517 25.87084823
9 27841387 1.18946814805075 25.93479595
9 27887020 1.00607146585018 25.98907514
9 27944502 0.702795803262781 26.04690602
9 28026947 1.33478854024557 26.10484755
9 28074592 0.725599051549212 26.16844389
9 28162314 0.417220562229404 26.23209508
9 28260708 2.11579262554538 26.2731469
9 28284086 2.72852939802923 26.32260963
9 28305499 2.66554392353209 26.3810354
9 28327469 2.529580456718 26.43959759
9 28355714 0.525091989002113 26.51104544
9 28478283 1.25781738586617 26.57540569
9 28529451 1.10201583498281 26.63976594
9 28567847 1.4683642519574 26.68207859
9 28596201 2.07243971492727 26.72371243
9 28616687 2.08005487237274 26.76616888
9 28637098 1.27671859024478 26.80862533
9 28670352 2.07913809990206 26.85108179
9 28690772 2.0093592512599 26.89353824
9 28712996 0.355146188424074 26.93819385
9 28842247 1.41550629046049 26.98409668
9 28874995 1.18169308394068 27.03045132
9 28914237 0.137330925479706 27.07682301
9 29298535 2.40786173560126 27.12959902
9 29320464 0.972234095604474 27.1824015
9 29376612 2.02099144792862 27.23699052
9 29403623 0.711769802155974 27.29157954
9 29474032 1.51340822612792 27.34169444
9 29507146 2.02317211258492 27.39180934
9 29531874 0.563676738336543 27.44183839
9 29626893 0.413419879808066 27.49539805
9 29755687 1.29426349052017 27.54864427
9 29796827 0.951806335613264 27.6018905
9 29850776 1.79902209236457 27.65323932
9 29884317 0.445896914834657 27.71358023
9 30019642 0.340348126254992 27.77392114
9 30196934 1.80797003745318 27.83426205
9 30230309 2.33616845891566 27.89460297
9 30256998 0.494849124589279 27.95695311
9 30382996 2.42512640995721 28.01930325
9 30408706 0.720765230731053 28.08165339
9 30497359 0.920181572491243 28.14555183
9 30573582 0.882774130176291 28.21569119
9 30650954 0.935913070883405 28.28399307
9 30723933 0.390915906892624 28.35229495
9 30898656 1.74293476655937 28.42059683
9 30932519 1.41137651531454 28.4796179
9 30974342 2.41878380593345 28.53864635
9 30998746 0.927956595758222 28.59767481
9 31061597 2.37539200912312 28.65599818
9 31086150 1.18225492580881 28.71432156
9 31135482 0.630580272675179 28.77264494
9 31227973 1.81297573028335 28.83096832
9 31253066 1.05333449416681 28.87646139
9 31310496 2.72454172859524 28.93695414
9 31332699 1.81627934906623 28.99744689
9 31366005 2.13939032099459 29.05793963
9 31394479 3.18800648298217 29.11885661
9 31417308 3.36065719360568 29.19163553
9 31439828 0.924210148089213 29.26731784
9 31517754 1.88530766010883 29.33933815
9 31555978 1.46843003412969 29.41140232
9 31588794 2.22030802645868 29.4595901
9 31609052 1.83923542964417 29.50456887
9 31632490 1.14867015814336 29.54767688
9 31671442 0.824117733736094 29.5924197
9 31725734 5.91134892323953 29.63716252
9 31733303 2.08650438351054 29.68190534
9 31754747 2.11863924950251 29.72664816
9 31775853 0.294075866785921 29.7713637
9 31927909 1.4644318208383 29.81607924
9 31970686 1.50890382838961 29.87872289
9 32009658 1.91204541714662 29.93752752
9 32033966 1.74087408740874 29.98400576
9 32063963 0.588289140924395 30.03622679
9 32128416 1.10926803580832 30.07414354
9 32162598 1.6181717309662 30.11206029
9 32186030 1.64000865051903 30.14997704
9 32209150 1.45124960895408 30.18789379
9 32237919 1.15216673090689 30.22964489
9 32274241 1.4475660840676 30.27149341
9 32301933 0.639096911726028 30.31157918
9 32374174 0.56620641700606 30.35774857
9 32454710 0.402708720178117 30.40334882
9 32568343 1.21032029410987 30.4491102
9 32606152 0.641782253201128 30.49487158
9 32677455 1.08181315644002 30.54063296
9 32720871 1.96256959314775 30.58760046
9 32744221 1.7259049353979 30.63342678
9 32773864 2.55559110542313 30.68458812
9 32792617 2.4752152864059 30.73251307
9 32815958 2.18160100417055 30.7902869
9 32840655 1.05569055623981 30.8441661
9 32900737 1.12457005070742 30.90759452
9 32957139 1.03721873364731 30.97102294
9 33018291 2.61200227994463 31.03445136
9 33042853 3.1124183520894 31.09860764
9 33068267 2.33238711966646 31.17770699
9 33102086 1.01867420867072 31.2565857
9 33179519 0.219818456185365 31.3354644
9 33612913 2.86836904715775 31.43073277
9 33638720 2.43851416107604 31.50475716
9 33668979 1.81844304431498 31.57854443
9 33706912 2.11758581312555 31.64752378
9 33736686 2.13172517768684 31.71057253
9 33759901 0.978040622424742 31.76006051
9 33821788 2.24476911246914 31.82058807
9 33846497 1.85326372471763 31.8760538
9 33876953 0.641353998591005 31.93249707
9 33964959 2.08635830007044 31.98894034
9 33986254 1.62644744655582 32.03336944
9 34013198 1.26843759914626 32.07719262
9 34047869 0.269645635874947 32.12117067
9 34217525 2.08365362875876 32.166918
9 34239640 0.759495277749568 32.21299838
9 34279028 1.37730684326711 32.24291359
9 34301678 1.38298532606286 32.27410915
9 34324235 0.206769610379273 32.30530472
9 34474997 1.15186786387318 32.33647755
9 34502060 0.865990583122057 32.36765037
9 34529670 0.929771348576762 32.39156044
9 34555386 0.78645370343819 32.41547051
9 34590259 0.58495073156166 32.4428964
9 34637145 1.05008040431886 32.47032229
9 34663263 1.10803167420814 32.49774818
9 34688015 0.513753893496454 32.52517407
9 34741309 0.710653438603781 32.55255387
9 34779813 0.355232363757941 32.57991715
9 34857579 1.29251288269172 32.60754184
9 34887270 1.94811919386771 32.64591823
9 34906969 1.36491677336748 32.68429462
9 34935085 0.476823000720014 32.722671
9 35015639 1.21353383458647 32.7610815
9 35054209 1.28059917219631 32.8078879
9 35099872 1.6551130465605 32.8663639
9 35139369 0.974319994038304 32.93173607
9 35206464 1.04981532037899 32.99710824
9 35268734 0.476236060973649 33.06248041
9 35405580 1.66008160314017 33.12765172
9 35444304 1.51710009399629 33.19193689
9 35485795 1.62359228175884 33.25488285
9 35513677 2.60609389178089 33.30015181
9 35534616 2.75214013558316 33.35472038
9 35554825 1.02686061572183 33.41033841
9 35605010 0.913672970771876 33.46187101
9 35671316 1.29405328624079 33.52245338
9 35723412 0.228641204420823 33.58986808
9 35971963 0.478998110134729 33.64669731
9 36086786 2.4915645212357 33.7016972
9 36108895 2.08418122162198 33.7567831
9 36139068 1.72413225859516 33.81966942
9 36175542 1.08912242391156 33.88255575
9 36234158 0.755009086517448 33.9463956
9 36321100 0.38430509288261 34.01203734
9 36491907 0.558276885850055 34.07767908
9 36617540 0.527539807300324 34.14781756
9 36750493 2.22061104954884 34.21795605
9 36782078 2.81938530292171 34.28809453
9 36805797 1.87616152844116 34.35496763
9 36828827 0.857489310102751 34.39817556
9 36891503 1.80150602409639 34.45191934
9 36918063 0.700201582363291 34.49976701
9 37003884 0.759560841720037 34.55985888
9 37085859 1.44070369924087 34.62212371
9 37127354 0.839455662604666 34.68190537
9 37195547 1.2197174695843 34.73915047
9 37242480 1.83539796529025 34.79639557
9 37275900 0.582559561749556 34.85773431
9 37391998 1.20714642678661 34.92536851
9 37448026 1.26369062096578 34.9930027
9 37501475 1.3491917438675 35.06054595
9 37549294 0.684538315732467 35.12506324
9 37645312 1.05173577539814 35.19079139
9 37700129 0.66424301179512 35.24844453
9 37786775 0.455515232329967 35.30599861
9 37918764 2.38731689226775 35.36612197
9 37945729 3.08837075417386 35.43049589
9 37966573 2.91153895085026 35.4948698
9 37990154 0.585386025493456 35.56352655
9 38107439 1.2010951331304 35.63218331
9 38164601 0.687121477551429 35.70084007
9 38264496 2.57804580740361 35.76948043
9 38295670 3.40941249913297 35.84984794
9 38324504 4.17427740721738 35.94815528
9 38347892 0.881268203828778 36.04578314
9 38458789 1.78417555133635 36.14351306
9 38513565 1.14476298015599 36.24124298
9 38561388 2.41692994879617 36.29598881
9 38588925 2.5421227986673 36.36254397
9 38620440 1.34073383360715 36.44265919
9 38688003 4.52997709391495 36.53324319
9 38708085 0.724113243868874 36.62421408
9 38833796 0.277081066940601 36.71524312
9 39147253 1.39993534831097 36.80209619
9 39209123 0.949850792118313 36.88871053
9 39300271 1.37184587715952 36.97528727
9 39336969 0.219961786516936 37.02563099
9 39610171 2.00614717049358 37.08572475
9 39637826 3.02970729576234 37.1412051
9 39656138 1.89889447924154 37.19668546
9 39685355 1.35591563408852 37.25216582
9 39726272 0.990368403713106 37.30764618
9 39777873 0.698244611046867 37.35875011
9 39854836 0.854818960993528 37.41248886
9 39917723 0.894880228579023 37.46624625
9 39977921 0.445697928944267 37.52011576
9 40084823 2.29442357700087 37.56776169
9 40105589 1.77584793142005 37.61540761
9 40132419 0.564131708876496 37.66305353
9 40216878 0.659387195881425 37.71069946
9 40289136 0.409614938230212 37.75834538
9 40405455 1.06559696342305 37.8059913
9 40434435 0.646822055306679 37.83687244
9 40493813 0.684323996864087 37.87527894
9 40549937 1.07332197424653 37.91368544
9 40585738 0.729357023583932 37.95211145
9 40639037 0.49517845662992 37.99098561
9 40723035 0.123514707905013 38.03257988
9 41057481 0.178676782269436 38.07388839
9 41288675 0.335515468522835 38.1151969
9 41411796 0.488579973052023 38.15650541
9 41503083 0.293336485794223 38.20110636
9 41655345 0.2068697198755 38.24577075
9 41871249 0.298297743755036 38.29043514
9 42030097 1.05730096394145 38.33781926
9 42074913 0.620879840695907 38.38520338
9 42151245 0.84086796068273 38.43259589
9 42207607 0.53500855582382 38.47998839
9 42292929 1.62670495333812 38.52563669
9 42320789 2.07891319548497 38.57095713
9 42350822 2.46375325392443 38.63339324
9 42376176 0.354305117361437 38.69585942
9 42554940 0.697628567337453 38.75919687
9 42645729 1.46555753522919 38.82253432
9 42688946 0.526331233137985 38.88587177
9 42811633 1.22452730097382 38.95044619
9 42864415 0.341895759165904 39.01507932
9 43053458 0.814986876030754 39.07971244
9 43096509 1.67108474089669 39.1147982
9 43117408 0.916375849492273 39.14972258
9 43155519 0.668153418644578 39.18464696
9 43212018 1.03436426116838 39.22239709
9 43248393 0.361085054654747 39.26002258
9 43352867 1.56722366448499 39.29774682
9 43380216 0.734403874338877 39.34060854
9 43442988 1.59832580387988 39.38670865
9 43458040 0.362505415609333 39.41076712
9 43522668 0.579567438861055 39.43419538
9 43562986 0.0995825019432491 39.45756224
9 43812568 0.198117488618565 39.48241644
9 43949194 1.16321176672974 39.50948484
9 43972446 0.155583801119067 39.53653197
9 44193523 0.549474946522331 39.57092818
9 44255231 0.883399357201585 39.60483548
9 44295368 0.689316981595523 39.64029218
9 44352365 0.659012378811768 39.67958154
9 44411983 2.00249745158002 39.71887091
9 44431603 0.472405694994863 39.75816028
9 44526985 0.595756895696876 39.80321911
9 44603627 1.33826842613454 39.84887933
9 44637804 0.635061022173472 39.89461779
9 44709827 0.77464893242065 39.94035674
9 44763734 0.243811158597819 39.98211572
9 44935010 0.1839633488405 40.0238747
9 45104609 1.94302682242381 40.05507449
9 45135255 0.215454499507215 40.08627428
9 45293539 0.205239465100324 40.1487229
9 45459701 0.94528369875544 40.18282552
9 45495778 1.17260942818829 40.21692813
9 45524861 0.201571051978296 40.25103074
9 45694047 0.562988031366075 40.28513336
9 45754622 0.514406985204948 40.31923597
9 45837082 0.436973411779176 40.36165405
9 45934644 0.82256904627704 40.40428622
9 45986095 0.901523058898711 40.44660861
9 46033040 1.39873107237466 40.488931
9 46063617 0.528944232758508 40.53170044
9 46139988 0.199720183465469 40.5720961
9 46360847 0.165312485946003 40.61620573
9 46627675 1.00876968195666 40.66031536
9 46662796 0.448405382984607 40.69574456
9 46749588 0.421033841093993 40.73466292
9 46842020 0.153108033676922 40.77358019
9 47096200 0.150985774893936 40.81249746
9 47376690 0.309846570727599 40.85484723
9 47513235 0.925655275018597 40.89715564
9 47558941 1.37528810502054 40.93946405
9 47588878 2.14763294718599 40.98063556
9 47610804 0.478206940024604 41.02772474
9 47709161 0.455621541642175 41.07475935
9 47807835 0.16951298226595 41.11971732
9 48088256 1.00612599626929 41.16725194
9 48135432 1.54989320517955 41.21471733
9 48165396 0.667556279308213 41.26115862
9 48231717 0.599303194251353 41.30543157
9 48291418 1.88581701569409 41.3412104
9 48311999 1.60738838731053 41.38002268
9 48336145 0.786607486674368 41.41883496
9 48385486 1.7267031062525 41.45764724
9 48407989 1.16339478094326 41.49650297
9 48441405 0.630899051984582 41.53537906
9 48498999 0.188882409200121 41.57171476
9 48713344 0.7195275904455 41.61220096
9 48773546 2.09543704816449 41.65551808
9 48794848 1.70905122903745 41.7001554
9 48820966 0.833464037642841 41.74479273
9 48874522 1.10946104276509 41.78943006
9 48908662 0.969307128390906 41.8273069
9 48943719 0.963687150837989 41.86128826
9 48980951 1.50735521491364 41.89716832
9 49003588 1.21232876712329 41.93129009
9 49032496 1.24490774023484 41.96633633
9 49061707 0.296194183650103 42.00270166
9 49170882 1.49843912591051 42.03503851
9 49192024 0.993598151271001 42.06671873
9 49224046 1.34489935480034 42.09853536
9 49257679 0.420087801473154 42.14376814
9 49366561 0.77098592446341 42.18950766
9 49429365 1.89257977972324 42.23792849
9 49457693 1.56957257970338 42.29154099
9 49491945 2.80065113949411 42.34530244
9 49511910 2.32267691612028 42.4012172
9 49534025 1.56600690705188 42.45258335
9 49560954 1.18020471405766 42.49475465
9 49603550 0.734727580757677 42.54502695
9 49673791 1.80605656537301 42.59663513
9 49702289 0.948551885935202 42.64810451
9 49762816 0.824449519541518 42.70551742
9 49832437 2.02465608465609 42.76291633
9 49860787 1.00182227462751 42.82031524
9 49916761 0.754112490149724 42.87639084
9 49957369 1.52177600399102 42.90701404
9 49977414 1.83599075678798 42.93751851
9 49994724 1.82202801486503 42.96929984
9 50019211 1.29907850227458 43.01391596
9 50053503 1.35043368909812 43.05846433
9 50084516 0.994764155314614 43.10034538
9 50127680 1.46558079123811 43.14328365
9 50156167 0.794191408462099 43.18503345
9 50193250 0.973458055133205 43.21448478
9 50223504 1.32150589898811 43.2439361
9 50246135 0.465814485507417 43.27384329
9 50288536 0.758866279069767 43.29359408
9 50316056 0.254566622038535 43.31447842
9 50401951 0.425897430903177 43.33634426
9 50453292 1.04535288270378 43.35821009
9 50477436 0.840798968173737 43.3834495
9 50506123 0.675870481259703 43.40756975
9 50542195 0.97123735160545 43.43195003
9 50567297 1.15964762461234 43.45633031
9 50589546 0.417435120537479 43.48213177
9 50650274 0.827493686868687 43.50748204
9 50681954 0.698898930923245 43.53369746
9 50719463 0.897700113623007 43.55991287
9 50744986 1.21641489981622 43.58282439
9 50767295 0.909365158296038 43.6099615
9 50797460 0.366278757977154 43.6373921
9 50853401 0.417498675577652 43.65788246
9 50902479 0.304437382297552 43.67837281
9 50970447 0.389316287664517 43.69906494
9 51023481 0.697981812650012 43.71971159
9 51053062 0.309531662269129 43.74035825
9 51119766 0.716138878290729 43.7610049
9 51148597 0.705778576659344 43.78165155
9 51178639 0.520617369269754 43.80285461
9 51217708 0.558780299444458 43.82319415
9 51257849 0.977256883931684 43.84562368
9 51280801 0.761276090276599 43.86805321
9 51310266 0.150602246765712 43.89048385
9 51458212 0.679899587591895 43.9127653
9 51486097 0.32051260433353 43.93172466
9 51545402 0.43670449846069 43.95073249
9 51588928 0.167999787879056 43.96974032
9 51702071 0.305428219621108 43.98874816
9 51769478 0.304070847021854 44.00933586
9 51839488 0.285714285714286 44.03062408
9 51912603 0.51615932002372 44.05151458
9 51953075 0.401668974003999 44.07240507
9 52005083 0.348075600559653 44.09329556
9 52089421 1.0084853481741 44.12265189
9 52118530 0.13833781760853 44.15200822
9 52319603 0.361637583145473 44.17982424
9 52391465 0.797104560929976 44.20581229
9 52424068 0.500194099378882 44.23180035
9 52465284 0.575519131178038 44.25241618
9 52505062 1.0201871657754 44.2753088
9 52527502 0.431251766035603 44.29820142
9 52580587 1.08856029466716 44.32109404
9 52599320 0.959533220402786 44.34148612
9 52620572 0.839156097950068 44.36187819
9 52645646 0.829267331415284 44.38291969
9 52671019 0.747552423862597 44.40396119
9 52700538 0.640231167567877 44.42602788
9 52735491 0.792251901645144 44.44840593
9 52763756 0.684424475823706 44.47079914
9 52796474 0.453339230429014 44.49319236
9 52850738 0.353437289688847 44.51779212
9 52920575 0.793359475443559 44.54247491
9 52951687 0.879841643483843 44.5671577
9 52979725 0.694065610025802 44.59182717
9 53014994 0.917072679009442 44.6163059
9 53044755 0.769358703312192 44.64359896
9 53080230 0.7624807934069 44.67089203
9 53116025 0.93318972886108 44.6981851
9 53145272 0.575219187320857 44.72547816
9 53192720 0.369627723020905 44.75277123
9 53272365 0.468729941999557 44.78220979
9 53358054 1.35376992820789 44.82237458
9 53387723 1.86449726116424 44.86253937
9 53409265 1.51058071791017 44.90270417
9 53435870 0.402752901827681 44.94289269
9 53536927 0.826814058956916 44.98359355
9 53586319 0.76306841534955 45.02443172
9 53639845 2.07878664495114 45.06527545
9 53659493 0.519597491317567 45.10611918
9 53738100 1.07952953614378 45.14696291
9 53775935 1.02969797811728 45.18780665
9 53815601 1.94439683899838 45.22865038
9 53836607 0.738489778470668 45.26949411
9 53876376 1.33186703550859 45.29886345
9 53898427 0.451012948060469 45.3282328
9 53973110 0.870564154458269 45.36191575
9 54016591 1.22196344816432 45.39976862
9 54047506 1.03109917320687 45.43754519
9 54071333 0.806751387383837 45.46211319
9 54101786 1.29787550141138 45.48668119
9 54121979 0.678888536546694 45.51288941
9 54172435 1.66096106289095 45.54714381
9 54193058 0.701394434547577 45.58139822
9 54241895 0.526050925114544 45.61565262
9 54281836 1.12033962622142 45.63666344
9 54302918 0.129954662499725 45.66028264
9 54484666 0.623314473058009 45.68390184
9 54522488 0.975676233739418 45.70747657
9 54546703 0.518205816261972 45.73110278
9 54592540 1.07315293060858 45.75485567
9 54628164 0.810352502278653 45.79308562
9 54675341 1.22328864670733 45.83131556
9 54707640 0.683780602636535 45.87082638
9 54750120 0.377314690809093 45.89987299
9 54806121 0.277223825767515 45.92100301
9 54882341 0.618160686613422 45.94213302
9 54915897 0.718074495568854 45.96287609
9 54946476 0.706825116428457 45.98483395
9 54977611 0.903489662542645 46.00684116
9 55001940 0.49928744316511 46.02882229
9 55046147 0.63000570450656 46.05089469
9 55081207 0.639805347159864 46.07298224
9 55115730 0.180851676609751 46.0950698
9 55237255 0.985560538116592 46.11704822
9 55259555 0.637597911227154 46.13902665
9 55294025 0.34530275286304 46.16100507
9 55358467 0.650441361916772 46.18325697
9 55390187 0.149031274731072 46.20388913
9 55526655 0.567826159725515 46.22422735
9 55562504 0.387666876154564 46.24458364
9 55615013 0.661660978384528 46.26493993
9 55645778 0.63507316007862 46.28529622
9 55677831 0.763402350307778 46.30565251
9 55704636 0.300731879372171 46.32611549
9 55772680 0.203121563319516 46.34657847
9 55890890 1.03739537997991 46.37058926
9 55920760 0.228523163984966 46.40157655
9 56039155 0.399633688812738 46.4286325
9 56106857 1.05025828251835 46.45568846
9 56132604 0.784183510715425 46.48272925
9 56167087 0.746617703904136 46.50977005
9 56203305 0.553298778880787 46.53681084
9 56260220 0.617337437023387 46.56830223
9 56311231 0.735874187970276 46.59979362
9 56354025 0.536358163556288 46.631285
9 56417147 0.818647061879773 46.66514078
9 56455641 0.543821777048614 46.69665349
9 56513546 1.11091512029916 46.72814346
9 56541892 0.30958984375 46.75963344
9 56644292 0.6872463099631 46.7913358
9 56687652 0.527641621735173 46.82113438
9 56744776 0.635864700617139 46.85127551
9 56787230 1.74023484303858 46.87827027
9 56808095 1.21968424588512 46.91458069
9 56837865 0.625850222995196 46.95089112
9 56895938 0.623825559858562 46.98723565
9 56955328 0.906486261652516 47.02428513
9 56996199 1.31708369283865 47.06133461
9 57019379 0.820570767856205 47.09186432
9 57057433 1.65743376924191 47.12309028
9 57078156 0.559341052494633 47.15743719
9 57139648 0.60749914000688 47.19183211
9 57203602 1.03003791192768 47.23068384
9 57241321 1.10678805400917 47.26953556
9 57273834 0.296973557886425 47.30552093
9 57385285 0.559614421632449 47.33861862
9 57425225 0.242395576233435 47.36096943
9 57541506 0.843740645393043 47.38915513
9 57574912 0.70191254108975 47.41734083
9 57615068 0.739552161799608 47.44552653
9 57663523 1.18930791943731 47.48136191
9 57705180 1.11308790248493 47.53090464
9 57749809 1.77157337838439 47.58058039
9 57772302 1.92771978659244 47.62042878
9 57793857 0.912228320526894 47.66198044
9 57839407 0.869787113389883 47.7035321
9 57881730 0.576785032455136 47.74034369
9 57934110 0.512911057161775 47.7705556
9 57993013 0.446878060019584 47.80076751
9 58062457 0.361860256762673 47.83180014
9 58160680 0.4517929097126 47.8673432
9 58239351 0.495517851914846 47.90288625
9 58311080 0.748384818331014 47.93842931
9 58359217 0.292964779168395 47.97445396
9 58482184 1.23032000273215 48.01047862
9 58511465 0.778387884709331 48.04650327
9 58562640 0.958723116983316 48.0863372
9 58604116 0.637969702098849 48.1261016
9 58651380 1.13223959480291 48.15625416
9 58678626 1.23238255033557 48.18710345
9 58703658 1.26192424118465 48.21795275
9 58728104 0.617128110746579 48.24880205
9 58778092 1.46525415492273 48.27965134
9 58798670 1.32856490640694 48.30980329
9 58824954 1.68426068470054 48.3447229
9 58852236 1.65782781187481 48.39067326
9 58881727 1.3343144806338 48.43956391
9 58918079 0.975235947548651 48.48806913
9 58942025 0.906356689969111 48.51142217
9 58972780 1.24269983504971 48.53929669
9 58995211 0.493135902062768 48.56717121
9 59051737 0.628098242451555 48.59504574
9 59096117 0.550581617086194 48.62292026
9 59159045 1.91757859132511 48.65756705
9 59179149 0.818604164486764 48.69611829
9 59226934 0.672995555555556 48.73523563
9 59283184 1.67509043159407 48.7730916
9 59303365 0.660060529141853 48.80689653
9 59354580 1.12208814609279 48.84070146
9 59385574 1.72262122938234 48.87547902
9 59405763 0.839797395079595 48.91025658
9 59447223 1.28878431953759 48.94507415
9 59474212 0.485857160816304 48.97985762
9 59545803 1.67140637506474 49.01464109
9 59567042 1.33792677001899 49.05014016
9 59589683 0.991847025310239 49.08043202
9 59620224 0.953773050538108 49.11072388
9 59652002 0.295531312561183 49.1410328
9 59765391 1.26754797174823 49.17454278
9 59797389 0.521469269002303 49.21510159
9 59879879 1.43024338342865 49.25811756
9 59909955 0.93073637803954 49.30113354
9 59938989 1.22342448388265 49.32815646
9 59961077 1.26671303138312 49.35517938
9 59984083 1.1299290450157 49.38432145
9 60009874 0.444712156258031 49.41346352
9 60072130 0.306114374142721 49.44114928
9 60185862 1.25896949063768 49.47596418
9 60216410 1.24045284479422 49.51442297
9 60247414 1.6174194633695 49.55288177
9 60271192 0.672924832026876 49.59134057
9 60328344 1.35545374449339 49.62979936
9 60356719 0.693056039941996 49.66826043
9 60411198 1.15000309157237 49.70601756
9 60459717 0.945841095141251 49.7618144
9 60518230 1.02391400545763 49.81715856
9 60572466 0.833791270663484 49.87269182
9 60639069 1.32531560469112 49.92822509
9 60665843 1.61275185121405 49.96370933
9 60689071 1.31904929577465 50.00117046
9 60717471 0.990281574037919 50.03863159
9 60740520 0.77459846949578 50.06145686
9 60773581 0.963390575983959 50.08706549
9 60804502 1.29666028874587 50.11685497
9 60827498 0.29562286224161 50.14667327
9 60928363 0.533380846877276 50.17649157
9 60992906 0.234310278471765 50.21091779
9 61146207 0.317718652703085 50.2468375
9 61259263 0.461971249073433 50.2827572
9 61341556 0.531847623844098 50.32077444
9 61413037 1.05678095654073 50.35879169
9 61435932 0.997870150154414 50.38298624
9 61464103 0.641657247534786 50.41109761
9 61515417 0.366222874748351 50.44402367
9 61605324 0.763235975892443 50.47694974
9 61648464 0.75956725956726 50.5098758
9 61700412 0.239805034580837 50.54933411
9 61864954 0.252627738160775 50.58879242
9 62021172 0.708356786370971 50.62825705
9 62074470 1.28426572212383 50.66601135
9 62103267 0.985021238542365 50.70299484
9 62143524 0.522450110864745 50.74264932
9 62230116 0.130255670997193 50.78788906
9 62571414 0.811844138940861 50.83234532
9 62596000 0.376098182549795 50.85230532
9 62685466 0.680335301348057 50.88595337
9 62735093 0.350245017967984 50.9197168
9 62796313 0.910494733750157 50.94115864
9 62820144 0.966632512139707 50.96285687
9 62842591 0.705866152575048 50.9845551
9 62875270 0.482276138797064 51.00762233
9 62923369 1.08444404283197 51.03081966
9 62945502 1.34781311279734 51.05482121
9 62968960 0.303342379102321 51.08643862
9 63071402 0.295783361888445 51.11751408
9 63176462 0.839595062797748 51.14858955
9 63213406 1.45338883951541 51.17960768
9 63234785 0.58811977445071 51.21067945
9 63286215 1.20410031847134 51.24092603
9 63311335 1.25797895097116 51.27117261
9 63334709 0.953077083395361 51.30057638
9 63368296 0.786475293225001 51.33258735
9 63399927 0.382668745174026 51.35746389
9 63468566 1.40053050397878 51.38372949
9 63487416 0.540389671968619 51.41012947
9 63533814 0.248321283549569 51.43520201
9 63634784 0.894569715998287 51.46027454
9 63662812 0.911622883153956 51.48534708
9 63688735 0.236350725594327 51.50897943
9 63788722 0.894372327139235 51.53261177
9 63815145 0.141246970751254 51.55624412
9 63981853 1.02753534648281 51.57979098
9 64004769 0.22239352294116 51.60333829
9 64110496 0.541983296082814 51.6268515
9 64153001 0.994823750855578 51.64988861
9 64176377 1.16455506034353 51.67314399
9 64196346 0.730241259505819 51.69639937
9 64237505 1.41222833690887 51.72645569
9 64258947 1.07811443016342 51.75673631
9 64287034 51.4922048997773 51.78701692
9 64287483 0.543317142617871 51.81013675
9 64335247 0.791301436571707 51.83608807
9 64368103 1.08037786554827 51.86208682
9 64392662 0.652153534954857 51.88861933
9 64433200 0.716916151426402 51.91505593
9 64470076 1.00242635997477 51.94149254
9 64490683 0.721729978460936 51.96214971
9 64531539 0.916514224437015 51.99163657
9 64563245 1.26741549146056 52.02069511
9 64591467 1.07664223084663 52.05646414
9 64626252 1.85159929356358 52.09391517
9 64646636 0.863585402127903 52.13165829
9 64690341 1.1986798035964 52.16940142
9 64721094 1.12806781320766 52.20626409
9 64753772 1.01658519553073 52.24312676
9 64776684 0.682409308692676 52.26641907
9 64819053 0.363160208503423 52.29533227
9 64898668 0.103264191406899 52.32424547
9 65181709 0.418240450729284 52.35347299
9 65235666 0.809313739811271 52.37603998
9 65269895 0.358733943233722 52.4037418
9 65344552 0.340404088311319 52.43052372
9 65428890 1.41459875199536 52.459233
9 65449563 0.396695560167664 52.4884771
9 65523282 0.586255892104017 52.5177212
9 65567621 0.152889043461575 52.54371495
9 65734389 1.11866797760014 52.56921156
9 65757782 0.401997736064982 52.59538072
9 65838173 0.19189136230576 52.62769744
9 66006586 1.21761375264343 52.66001415
9 66035904 0.563455222937982 52.69571261
9 66099240 1.05946599412218 52.73139994
9 66147217 0.42733905719509 52.78223023
9 66269745 2.21876196109816 52.83459139
9 66298484 1.63808677098151 52.89835687
9 66326604 0.510934817990199 52.94441996
9 66439043 0.29808405498348 53.00186901
9 66646669 1.27050274054154 53.0637594
9 66695382 1.3958149000177 53.1256498
9 66740590 0.261421824509073 53.18875159
9 66981970 0.122284307625557 53.25185338
9 67645751 2.63049300664617 53.33302365
9 67675994 2.81510705626104 53.41257748
9 67700327 0.412951872613742 53.48107745
9 67856953 0.462230575724658 53.54575604
9 67996881 0.520742092457421 53.61043464
9 68095521 1.6004524204494 53.66180071
9 68128676 0.529417633619013 53.71486368
9 68228905 1.67465126554314 53.76792665
9 68260591 1.13703689815509 53.82098962
9 68313927 2.50733865299541 53.88163479
9 68338114 0.361342593931263 53.94227997
9 68511033 2.77336689165999 54.00476317
9 68537256 0.469976994856153 54.07748963
9 68692004 2.73983493601878 54.15021774
9 68718418 3.28708872248695 54.22258789
9 68740453 0.666859612179519 54.29501842
9 68840654 0.839815802481983 54.36183878
9 68917528 3.58991143627262 54.42639922
9 68930513 0.975417956656347 54.47301421
9 68978963 0.424530317870181 54.52027327
9 69091273 0.328442414598359 54.5679519
9 69236440 1.374930443696 54.61563053
9 69270585 0.6335268605634 54.66257795
9 69342754 0.358909906478778 54.70829912
9 69460909 1.08074288399238 54.75070568
9 69501346 3.40517375720742 54.79440738
9 69514180 0.724489795918367 54.83810908
9 69572294 1.53046165030898 54.88021246
9 69599804 1.59005249442955 54.92231584
9 69626283 1.35312603873931 54.96441922
9 69659376 1.12033677869806 55.00919827
9 69703203 0.263607291677883 55.05829885
9 69888949 1.66566879847598 55.10726301
9 69918345 0.822214524039601 55.15622718
9 69973192 0.722670579603815 55.20132302
9 70035890 0.591325237844815 55.24663254
9 70119558 0.876594613749114 55.29610733
9 70175998 0.22065021340429 55.34558212
9 70399986 1.09622854561879 55.39500462
9 70444266 1.65844584843334 55.44354607
9 70475447 1.94173213320187 55.49525832
9 70506888 0.255293712818075 55.55630812
9 70788779 0.562966964640647 55.62827347
9 70886886 1.6932937263892 55.68350418
9 70917857 2.23761573580236 55.73594669
9 70941294 1.66718615820107 55.78838919
9 70972735 0.767133600740512 55.84080723
9 71053760 1.15998275926689 55.90296404
9 71107122 0.634029171958864 55.96486262
9 71204750 0.654891131847902 56.02676119
9 71299268 2.62206125301817 56.08865976
9 71322875 0.394178672667232 56.15055833
9 71493970 2.55260865019343 56.21800029
9 71522663 1.1785747994337 56.29124223
9 71565043 0.696769402153732 56.34119013
9 71659298 2.58844703462461 56.40686384
9 71682634 2.73428157274869 56.46726814
9 71704710 2.08166362037452 56.52763046
9 71733707 0.779324648565116 56.58799278
9 71807476 0.15182525702545 56.64548311
9 72186135 1.53369590919839 56.70297345
9 72219967 1.28688280785247 56.75486123
9 72260311 0.692085037197615 56.80677932
9 72341499 2.05384165509175 56.86296859
9 72368857 1.1510712768325 56.91915786
9 72418284 0.981929894202723 56.97605168
9 72476225 2.02385784699499 57.0329455
9 72500368 1.86711419635365 57.08180735
9 72526586 0.254845511101856 57.13075908
9 72718671 1.58569531275307 57.1797108
9 72749542 0.30691672677727 57.22866253
9 72874312 0.779462764975067 57.26695623
9 72923043 0.736607409471861 57.30493989
9 72973276 1.08509287626618 57.34194221
9 73009507 0.863863226080493 57.38125577
9 73056592 0.344345197892746 57.42193061
9 73175040 0.84234169259618 57.46271765
9 73223569 1.0669043115573 57.50359564
9 73264807 1.72143443940422 57.54759312
9 73292804 2.16447923502391 57.59578836
9 73314138 1.40338560661318 57.64196551
9 73347042 1.36174041297935 57.68814266
9 73380942 0.631525104688118 57.73430545
9 73454255 0.797653504238164 57.78060465
9 73512299 0.637437766840187 57.82690386
9 73582800 1.09357108199903 57.87184408
9 73624020 0.580190387500647 57.91692071
9 73701336 1.83085653825807 57.9617784
9 73722129 1.51403568587339 57.99984728
9 73748526 0.53761820847738 58.03981352
9 73822865 1.55958791852025 58.07977976
9 73848491 0.424189051644024 58.11974601
9 73961476 0.427420742831572 58.167673
9 74077680 1.48180548408439 58.21734086
9 74104886 0.909731618166764 58.25765454
9 74154405 1.29401195999035 58.3027036
9 74191696 0.219746303910419 58.35095837
9 74477471 0.552329866877437 58.4137561
9 74590074 0.552204404439395 58.47595003
9 74681618 0.792741898343593 58.52650109
9 74746759 2.09170146349374 58.57814141
9 74771426 2.01611900877806 58.62973766
9 74797172 0.526531779824185 58.68164423
9 74888063 1.41634851578916 58.72950161
9 74921852 0.293817585311279 58.77735898
9 75060843 1.40626829688307 58.81819676
9 75089878 0.866293255256402 58.85902819
9 75137011 0.259396734341901 58.89985962
9 75297040 1.35647224312212 58.94137076
9 75327609 1.28431328173328 58.98283712
9 75393888 0.760130672283909 59.06796003
9 75505924 0.69485937632764 59.15312193
9 75564769 1.25878151648555 59.19401134
9 75597252 1.40647148440087 59.23490075
9 75627446 0.441706624507244 59.27736728
9 75723589 1.35253837824065 59.31983382
9 75754987 0.556838669922633 59.36230035
9 75842621 1.6857358734956 59.41109815
9 75879679 2.50913584605879 59.47356804
9 75902337 0.572878925120773 59.53041995
9 76008321 1.35154746852839 59.59113559
9 76044703 1.72152353575278 59.64030759
9 76069750 0.64136546184739 59.68342656
9 76136980 0.601058376970604 59.72654553
9 76209166 1.07426264757191 59.76993402
9 76258464 0.862847646512537 59.82289291
9 76319841 0.912334194659776 59.87585179
9 76377891 1.36423585172973 59.92881266
9 76416712 0.415540388171445 59.98177354
9 76549746 0.267574053196113 60.03705474
9 76708517 0.437337618297353 60.07953734
9 76804356 1.80617054140758 60.12145104
9 76829605 3.29223216863991 60.16705517
9 76843457 0.262784754630778 60.2126593
9 77016808 0.457845118515495 60.25821357
9 77117259 0.236545132427161 60.30420443
9 77251597 1.40261755946139 60.33598167
9 77275436 0.414161343900835 60.36941898
9 77365145 0.209682152693124 60.40657302
9 77542337 0.157338866773948 60.44372706
9 77778477 0.291984732824427 60.48088111
9 77945633 0.995025585614972 60.52968768
9 77994684 0.301728942368588 60.57849425
9 78152584 0.805756061447344 60.62613711
9 78217420 0.346434658054762 60.67837938
9 78368219 0.185521759974431 60.73062165
9 78649814 0.543838463822627 60.78286392
9 78750844 0.518613607188704 60.83780821
9 78856788 0.627482672113754 60.8927525
9 78957637 2.37621568848335 60.95603339
9 78984268 0.297920323826439 61.01931428
9 79226373 0.556251349600518 61.09144229
9 79356041 0.311490978157645 61.16357031
9 79536104 0.907790758932722 61.21965878
9 79600642 1.69526422177303 61.27824593
9 79635272 0.308980958095178 61.33695319
9 79825274 2.03366179713341 61.39566046
9 79854298 0.835568497176995 61.45468525
9 79927447 1.35029289804515 61.51580649
9 79973026 0.791833737411414 61.57735155
9 80058818 1.03977050854585 61.64528419
9 80125400 2.41547747810614 61.71451457
9 80154061 1.3174384838759 61.78374495
9 80206405 2.43441466854725 61.85270521
9 80236183 1.37681379624706 61.92519692
9 80288835 1.67633371898702 61.99768863
9 80327730 3.1397230356877 62.06288925
9 80347877 2.19897781795424 62.12614539
9 80376639 1.48213451051675 62.18939251
9 80415149 0.865183186551667 62.24646956
9 80481120 2.48041999008607 62.30354662
9 80503311 0.639047206791237 62.35858926
9 80586477 1.25018825301205 62.4117362
9 80628973 1.72476706814271 62.46486432
9 80659776 1.22978916670651 62.51799244
9 80701610 1.40767725097869 62.56943921
9 80738394 1.62697165839251 62.62121902
9 80770220 2.22041166380789 62.67299884
9 80793540 0.678717017734726 62.72477865
9 80869831 0.904138292299633 62.77655847
9 80927101 2.39589117157135 62.82833828
9 80948713 1.99755570179562 62.8801181
9 80969987 1.47171805635249 62.92261451
9 81003100 1.84510828411328 62.97134719
9 81029512 1.25615921847551 63.02007987
9 81076190 1.29174744448361 63.07871469
9 81121582 1.15339004358029 63.1373495
9 81169310 1.85545255351424 63.19239859
9 81198975 2.38506346722309 63.2474403
9 81221979 1.83664178355036 63.30230662
9 81251852 1.11170697156734 63.35717293
9 81301267 0.871667426899665 63.41210746
9 81364844 2.24180443833623 63.46752574
9 81389583 0.475018084116978 63.52298574
9 81505707 1.06711236821805 63.57814637
9 81548486 1.72153712712599 63.62379643
9 81575003 1.78499289294531 63.66944649
9 81601737 2.14211967500112 63.71716642
9 81624014 0.905174014782899 63.76488635
9 81677860 1.86343477595963 63.81362633
9 81704016 1.37633072600457 63.86236632
9 81739429 2.85768591114279 63.9111063
9 81768892 3.00328749690693 63.99530197
9 81797181 2.72903605015674 64.08026176
9 81822701 2.30756621516694 64.14990708
9 81845883 2.78306731436502 64.20340153
9 81867498 0.424096605597392 64.2635577
9 82009850 13.6339205058717 64.32392891
9 82014278 2.98054801283634 64.38430013
9 82034533 3.40073544106479 64.44467134
9 82059552 1.41273275129414 64.52975465
9 82137210 2.9477672094148 64.63946488
9 82174428 1.66446445275959 64.7491751
9 82208636 1.18960965003106 64.80611313
9 82247268 0.967814973126243 64.85207038
9 82294526 0.811884248348337 64.89780707
9 82346292 0.737127466685444 64.93983553
9 82403099 1.48789969530347 64.98170938
9 82431652 1.39254516846617 65.02419362
9 82468514 0.758420774514984 65.07552597
9 82534749 2.1966940703166 65.12576034
9 82557617 1.89913424823258 65.1759947
9 82584068 2.27932301828577 65.22622907
9 82606107 2.13782224251733 65.27646344
9 82630196 0.427295005092728 65.32796162
9 82729357 0.831063032217122 65.37033226
9 82797116 0.241207738295043 65.4266443
9 83032465 0.67682201775551 65.48341261
9 83119086 0.51175356360367 65.54203912
9 83233647 0.447494399402603 65.60066562
9 83383631 0.610113482792454 65.66778256
9 83491665 2.28219218050963 65.73369513
9 83512229 2.63228107251354 65.78062622
9 83534942 0.562642926379387 65.840413
9 83641203 1.24191672481973 65.90019978
9 83688492 0.316814255018905 65.95892864
9 83891873 0.38768848126846 66.02336227
9 84059131 0.607171134487049 66.08820672
9 84182905 2.33273252742472 66.16335899
9 84215084 1.22140738567843 66.23842429
9 84276446 1.41881344067203 66.31337273
9 84333586 2.04054870375031 66.39444379
9 84373316 2.1503673642609 66.47551485
9 84411017 2.49361060880048 66.55658591
9 84444197 4.01115043389732 66.63932369
9 84464824 0.932808340727595 66.72206148
9 84554984 1.3709227835102 66.80616327
9 84616331 1.38491939335057 66.89026507
9 84677058 0.746046511627907 66.97436687
9 84789933 0.8472865708251 67.05857689
9 84907349 0.581242834212337 67.15806221
9 85081789 4.80713066565523 67.25945442
9 85102881 1.79757113731052 67.36084664
9 85159286 4.78733722496632 67.46223885
9 85181556 4.29300793531966 67.5688533
9 85201593 2.07219352061134 67.65487236
9 85238757 1.25779476374802 67.73188306
9 85299984 1.44498217677517 67.80889376
9 85338417 1.21775389177168 67.86442914
9 85386981 1.6750079795723 67.92356848
9 85418311 2.54784677380201 67.97604673
9 85438908 1.26575770615813 68.02852497
9 85483061 1.94200394013756 68.08441157
9 85511994 1.96888691128149 68.14059942
9 85541210 1.61591903456897 68.1981221
9 85582808 1.73365337714682 68.26534155
9 85621761 2.34742801230081 68.33287279
9 85650377 1.75125052105044 68.40004691
9 85688761 2.44506124865845 68.46726651
9 85715782 2.81198188189044 68.53333482
9 85739184 1.82141364538711 68.59914111
9 85777468 0.796596069967175 68.66887197
9 85866424 2.32364860448395 68.73973353
9 85897022 0.904395743602736 68.81083291
9 85975962 1.74142010391004 68.88222554
9 86016959 1.73996883521621 68.95361816
9 86042629 2.02112833340778 68.9982827
9 86065016 1.28257575757576 69.04352969
9 86107256 3.6027397260274 69.09770604
9 86122221 1.63106942973831 69.15162144
9 86155276 0.717603684182505 69.20553684
9 86230408 1.19963190184049 69.25945224
9 86271158 1.6370509783561 69.30833774
9 86301975 2.03742478941035 69.35878634
9 86326905 2.31292734068739 69.40957949
9 86348843 1.43133991537377 69.46032029
9 86384293 1.38598743512701 69.51106108
9 86420903 1.31656302996043 69.56180188
9 86459821 0.568281195417806 69.61303987
9 86542838 1.35352173289342 69.66021674
9 86577693 1.61434888599127 69.70739362
9 86612971 0.677415517836115 69.76434479
9 86697042 1.29319348359741 69.82129596
9 86741852 0.262278164758918 69.87924365
9 86962793 1.74246435232537 69.93719134
9 86996035 1.48284778045159 69.99511385
9 87035097 0.24140791042455 70.05303635
9 87343753 2.85073107532852 70.12754862
9 87365365 0.948794948794949 70.18915855
9 87430300 2.1723506430083 70.25076847
9 87454872 1.56357577731566 70.3041471
9 87494785 1.03921788544938 70.36655411
9 87548281 0.972232594960343 70.42214797
9 87615230 0.755051852539266 70.48723836
9 87701436 1.78188894370443 70.55232874
9 87737922 2.63442395732706 70.61734293
9 87761731 2.76665641881506 70.68006628
9 87784500 2.25223055263426 70.74305987
9 87813977 1.4525544251176 70.8094493
9 87859682 2.30752449877073 70.87583872
9 87888561 0.347181194417093 70.94247788
9 88080504 2.03031503260009 71.00911704
9 88113326 1.42307199863429 71.0757562
9 88160188 1.39495196610776 71.14244442
9 88210465 1.5071723414445 71.21257844
9 88254314 3.01550764336838 71.27866686
9 88276948 0.500699953336444 71.34692009
9 88414100 2.45082084225553 71.41559178
9 88442120 2.49625590694293 71.48426347
9 88469630 1.09186885871466 71.55293515
9 88532524 2.40246291631682 71.62160684
9 88561108 1.48022993445794 71.69027853
9 88598336 0.613343230954811 71.74538468
9 88684552 1.77935741634759 71.7982648
9 88714587 2.97931962113994 71.85170783
9 88732430 1.23952429619994 71.90486766
9 88775482 1.62966338558756 71.95823122
9 88808398 1.90864731100345 72.01187288
9 88837089 1.35979554545903 72.06663406
9 88877587 1.31285242986499 72.12170284
9 88920326 0.73873070782331 72.1778126
9 88995486 1.26326447033127 72.23333557
9 89039438 2.98397220354181 72.28885853
9 89057282 1.7653600976536 72.34210446
9 89086774 1.47766362036669 72.39416798
9 89122008 1.33077729212995 72.4462315
9 89161131 1.21045289686599 72.49829501
9 89204143 0.906532943306867 72.55035853
9 89261575 0.581857195543088 72.60242205
9 89351054 2.39092590087043 72.65448557
9 89373227 2.44723205964585 72.70749909
9 89400052 0.536388668731156 72.77314625
9 89522439 2.16632860040568 72.83879342
9 89551033 2.33486618921975 72.90073716
9 89577563 1.12672572166542 72.96268089
9 89632540 1.94627203317938 73.02462463
9 89664367 1.41470474280375 73.08656837
9 89708244 1.53202359503418 73.14864167
9 89748761 0.469837112840231 73.21071498
9 89880877 1.96679233427584 73.27278829
9 89912707 2.0952173767529 73.3353916
9 89942586 1.65493814105953 73.39799491
9 89980414 1.74289373312175 73.46059822
9 90016333 1.79388743943347 73.52320152
9 90051212 2.80329565685422 73.58577085
9 90075365 1.99024103468548 73.65347836
9 90109385 3.41015373968066 73.72118587
9 90129614 6.0448596263363 73.79016976
9 90139623 2.40145580845403 73.85067249
9 90166687 1.68515339720982 73.91566581
9 90198728 1.92385495498727 73.96966022
9 90226609 2.01968892261001 74.02329922
9 90252969 0.837654461830365 74.07653854
9 90336242 0.731604956405871 74.14629287
9 90431553 0.853227286631998 74.21602275
9 90513278 3.18126402393418 74.28575263
9 90540018 2.69531317681712 74.37081986
9 90574647 3.2470254339046 74.46415572
9 90611291 0.86200479616307 74.58313947
9 90715541 1.88269078216722 74.67300308
9 90747056 1.02225106078943 74.73233624
9 90815637 2.33060736012766 74.80244325
9 90845718 1.46719657088162 74.87255025
9 90893777 2.03556581986143 74.94306181
9 90928417 3.06121385777546 75.01357337
9 90951451 1.41193432118542 75.08408493
9 91001391 1.54265435913794 75.15459649
9 91051550 2.59623638164411 75.23197482
9 91081840 2.23804007514089 75.31061504
9 91113780 2.70686878588433 75.38209826
9 91142344 0.724184439012054 75.45941746
9 91249111 1.0839086914869 75.53673666
9 91309653 1.13980861907569 75.60235894
9 91367339 2.27661507402423 75.66810952
9 91397059 2.02492967019812 75.73577063
9 91430473 0.82974007379261 75.80343173
9 91503109 0.491172405897602 75.86370106
9 91625396 0.642244605547358 75.9237646
9 91718918 1.20075166926552 75.98382815
9 91768940 1.5140912528359 76.04389169
9 91808610 0.960823160989327 76.10395523
9 91871198 1.02924967582223 76.16409128
9 91939062 0.718478251593688 76.23393979
9 92056243 2.02586495669235 76.31813139
9 92098037 1.79133981148172 76.40280058
9 92146096 2.18453708648802 76.48889087
9 92177927 0.755099880682037 76.55842723
9 92281851 1.70276717557252 76.63690007
9 92327963 0.542697922662341 76.71541839
9 92480851 3.11983455536755 76.79839046
9 92507446 0.566253548809784 76.88136252
9 92653974 1.84587359768966 76.96433459
9 92698989 4.04852855193919 77.04742666
9 92719513 2.9013872906278 77.13051872
9 92750797 0.788749531230468 77.22128598
9 92870792 0.885916468539978 77.31593247
9 92977626 1.79716491440005 77.41057897
9 93030605 2.18824426585323 77.50579078
9 93081746 0.848779266877517 77.61770009
9 93213593 2.80827314510834 77.7296094
9 93253191 2.2306427023991 77.84081146
9 93303043 1.21693168014533 77.95201351
9 93394422 0.249056804607761 78.06321556
9 93563528 1.73143166776329 78.1053326
9 93589365 1.99686946492565 78.15006742
9 93613642 1.9195107599193 78.19854563
9 93637434 0.670024503130956 78.24421491
9 93699875 1.76345087809196 78.28605191
9 93721342 2.12119130562779 78.32390779
9 93741723 2.22838915470494 78.36714
9 93766803 0.715174559281023 78.42302827
9 93836235 1.50671416826528 78.47268451
9 93876374 3.17482487794523 78.53316227
9 93899929 0.922101287655753 78.60794548
9 93967183 2.0092988595127 78.66996047
9 93998047 2.12408490450288 78.73197547
9 94022498 2.75825730594721 78.78391132
9 94042995 0.459919666199207 78.8404477
9 94158513 1.69991041146733 78.89357677
9 94189767 1.26513248704546 78.94670585
9 94233960 2.53043675039602 79.00261576
9 94256055 1.81011378826905 79.05852567
9 94286726 1.82478352138546 79.11404382
9 94317214 1.81685836345711 79.16967765
9 94347644 0.529430857055578 79.22496457
9 94452398 0.913282613707473 79.28042472
9 94513124 2.72253743440979 79.33588486
9 94536565 4.00395256916996 79.39970345
9 94552504 1.77994386323042 79.46352204
9 94591694 1.21676923735953 79.5332778
9 94661727 2.73224166053667 79.61849194
9 94692994 2.26555104800541 79.70392067
9 94740322 2.79649000775837 79.81114477
9 94777701 1.10750888179683 79.91567491
9 94860736 1.1116367954284 80.00763714
9 94914634 2.42491258205018 80.06755234
9 94947236 1.23047904098271 80.14660913
9 95011385 1.01913144565308 80.22554315
9 95071600 1.55217056819431 80.28691024
9 95117095 2.05189597559204 80.35752609
9 95151510 0.712659454222509 80.42814194
9 95250598 3.15882269970379 80.49875779
9 95271867 1.29388541165142 80.56594275
9 95323792 0.392324492250914 80.63312771
9 95495038 1.79447649673697 80.70031143
9 95537330 2.40324266126223 80.77620372
9 95568909 3.00110335990888 80.85209602
9 95597005 1.64684839521963 80.9364154
9 95647043 0.93539855598085 81.01882034
9 95736654 3.12235133287765 81.10264268
9 95764451 0.800045611189945 81.18943463
9 95882843 1.76065356975065 81.2841532
9 95940312 3.79212399881341 81.38533606
9 95967280 0.772169659042936 81.48760225
9 96047818 1.65227318131225 81.54979174
9 96082857 0.91004377775337 81.60768549
9 96146588 1.50997136162458 81.66568355
9 96184998 2.38699474394158 81.7236816
9 96206497 1.38028959236961 81.77499943
9 96252838 1.67086359124393 81.83896362
9 96291120 2.284754964995 81.90292782
9 96319116 1.15631790347007 81.96689201
9 96349490 1.23857602924537 82.00201391
9 96383957 0.960460903269296 82.04470363
9 96431429 1.41354199488849 82.09029858
9 96459992 1.59379246227562 82.13067395
9 96487958 0.652652422177197 82.17524628
9 96553106 1.52649529690529 82.21776552
9 96580960 1.71364662260197 82.26028476
9 96605772 0.929703224701298 82.30280401
9 96652474 2.53409145205218 82.34622312
9 96673403 2.09639642770268 82.3992587
9 96702180 0.666577839956475 82.45958668
9 96792243 1.10495727621462 82.51962091
9 96852982 1.62979625485809 82.58673536
9 96895437 2.22137588750259 82.65592854
9 96924451 0.786862274427616 82.72037997
9 97006520 5.31742346061232 82.78495656
9 97029776 2.1666097877278 82.84953315
9 97059078 4.48326649149495 82.97210415
9 97073540 1.68191639031253 83.03694125
9 97113344 2.68978251949118 83.10388831
9 97142588 1.98960379829732 83.1825488
9 97191452 1.27792163632559 83.27976844
9 97267916 2.77608216316584 83.37748355
9 97302384 3.82408855733365 83.47316999
9 97327317 2.273202650167 83.56851627
9 97363843 2.62329735764793 83.65154709
9 97390713 2.63940661848612 83.72203534
9 97419632 1.64975450081833 83.79836394
9 97467290 0.786035630736009 83.87698805
9 97567316 1.51915579776703 83.95561216
9 97616309 1.31152453289748 84.03004009
9 97678715 1.15706688109244 84.11188689
9 97749602 2.62352379298367 84.19390782
9 97772634 1.63237817634752 84.25433254
9 97815175 1.11460122305507 84.32377577
9 97877478 3.33459783913565 84.393219
9 97898303 1.67569807924591 84.46266223
9 97940526 0.263561241014367 84.53341563
9 98228903 0.496811798302234 84.60942017
9 98382281 2.5026274303731 84.68561979
9 98412729 1.15272260776828 84.76181941
9 98477428 1.76847626664158 84.83639939
9 98519942 1.53823438670722 84.911584
9 98565320 1.19934247218716 84.98138647
9 98633454 3.65194851626743 85.06310203
9 98655830 3.33548308094208 85.14481759
9 98680329 3.67763693452727 85.22653314
9 98706126 0.853739970202301 85.32140513
9 98817544 0.990947067954287 85.41652696
9 98913535 0.747138985979657 85.51164878
9 99040850 2.31179237066713 85.60677061
9 99086778 1.84410170904544 85.71294644
9 99144354 3.93903298823704 85.81912228
9 99171303 1.7843743140334 85.92527565
9 99230526 4.02953184020756 86.03095162
9 99256735 3.40838439213157 86.13656146
9 99287745 1.32493384968546 86.24225591
9 99344812 2.43808452867447 86.31786587
9 99381273 2.99433670842629 86.40676065
9 99416235 1.46821311866261 86.51144867
9 99487538 2.53059485638691 86.61613669
9 99532137 5.39751791812978 86.72899874
9 99552926 2.35505603828233 86.8412082
9 99600572 1.98399336439362 86.95341767
9 99657236 0.960016134292237 87.06583891
9 99773758 1.69104743624897 87.17770233
9 99846698 4.83896360759494 87.30104736
9 99871978 2.42112323200442 87.42337595
9 99922671 2.54279907871562 87.54611019
9 99959576 2.34224404825451 87.63995181
9 100006411 0.889460967145591 87.7496506
9 100129743 3.28619926199262 87.85934939
9 100156843 2.00448525448525 87.94840502
9 100208791 2.25416149490759 88.05253434
9 100267604 1.92331955806696 88.1851082
9 100326889 2.70820138602047 88.2991323
9 100370467 5.4359060725628 88.41715045
9 100391249 2.66201976747352 88.53011913
9 100427976 5.5921784957888 88.62788685
9 100448279 2.75414162146313 88.74142526
9 100489205 5.81013457707817 88.8541413
9 100509788 0.537334075763835 88.97373114
9 100732480 2.15216625572385 89.0933908
9 100783582 2.75022993362997 89.20337074
9 100823811 0.5305281833657 89.31400993
9 101032356 1.62527367570347 89.42464912
9 101100411 1.34835072819163 89.53525711
9 101167289 4.39312399277238 89.62543188
9 101187766 2.21965061192262 89.71538985
9 101228294 3.25098901098901 89.80534782
9 101251044 3.38257489137892 89.87930809
9 101272909 2.94929761515845 89.95326837
9 101303519 3.66319654601945 90.04354668
9 101328302 1.15906568459288 90.1343319
9 101407590 1.39993297382933 90.22623226
9 101473236 3.29501027845263 90.31813262
9 101499991 4.31977655821247 90.4062902
9 101520399 1.07039937538447 90.49444777
9 101604931 3.81029182633596 90.58493119
9 101628678 3.28384263627785 90.67541461
9 101656232 3.13044577399511 90.76589802
9 101691833 2.15364607815487 90.8773452
9 101755655 4.0850689890352 91.01479543
9 101793777 7.0454248975028 91.17052663
9 101815241 4.8935301010229 91.32174929
9 101846818 5.25161084755364 91.4762723
9 101875064 2.67005712179842 91.62460959
9 101929334 1.50388448952062 91.76951315
9 101969365 1.59611589988576 91.82971558
9 102007881 2.04219583677764 91.89119165
9 102034495 1.63316509184811 91.94554314
9 102068573 6.82626538987688 92.00119846
9 102076614 1.62588862559242 92.05608869
9 102110374 2.10105263157895 92.11097892
9 102136499 1.8857358801704 92.16586915
9 102165607 0.992382334270427 92.22075938
9 102220742 1.99315738025415 92.27547422
9 102242225 1.16830532713622 92.3182928
9 102286977 2.1109496124031 92.37057652
9 102311745 2.21563311871682 92.42286024
9 102338304 0.924774184651452 92.48170514
9 102410819 3.01730027059398 92.54876547
9 102433362 1.03187293303802 92.61678494
9 102499280 2.88307392171 92.68480442
9 102522859 0.824549117628046 92.75278491
9 102615677 0.90406484927839 92.82931796
9 102683650 2.75712671649574 92.89076946
9 102706662 1.26046864829681 92.95421615
9 102752752 0.924343675417661 93.01231104
9 102815602 1.51557445476364 93.07040592
9 102853934 1.30219891063143 93.12850081
9 102898547 1.05771506599909 93.18659569
9 102953472 2.18731174698795 93.24469058
9 102980032 2.75869630973987 93.30278546
9 103006480 0.821774613263645 93.37574744
9 103096787 0.885647566649566 93.44995984
9 103153314 0.608582057056123 93.50002314
9 103233691 1.63742339461764 93.54893962
9 103263715 1.13189690440475 93.59810182
9 103300380 1.91037562143252 93.63960242
9 103322104 1.11188023852216 93.68110301
9 103346085 0.431864168206211 93.70776732
9 103380186 0.310179237136418 93.72249395
9 103427665 0.238981749021616 93.73722058
9 103455006 0.167568537942708 93.74375493
9 103493999 0.0640662063149017 93.75028929
9 103588854 0.0847736625514403 93.75636621
9 103660539 0.239837398373984 93.76244313
9 103685877 0.0969918874291047 93.76852006
9 103741593 0 93.77392415
9 103771813 0 93.77392415
9 103878229 0 93.77392415
9 104003359 0 93.77392415
