Chromosome Position(bp) Rate(cM/Mb) Map(cM)
14 0 0 0
14 279949 0.02179551701444 0
14 305780 0.0739499918287302 0.00056265
14 330256 0.0743324033479474 0.00237283
14 465742 0.389133385431662 0.01244378
14 490055 0.425443563608909 0.02190521
14 511247 0.155298459791327 0.03092137
14 609870 0.12598879367172 0.04623779
14 731230 0.613254682010122 0.06152825
14 762253 0.391483233902489 0.08055364
14 810863 0.495311894614491 0.09958318
14 862483 0.566110789795 0.1251507
14 924727 0.499368124193527 0.16038778
14 999900 1.63725105678302 0.19792638
14 1022847 1.24901960784314 0.23549659
14 1044777 0.806626876856783 0.26288724
14 1082140 0.665612584123895 0.29302557
14 1119139 0.374800443964665 0.31765251
14 1184910 0.315495148507518 0.34230331
14 1265916 0.477645807480943 0.36786031
14 1322326 0.878596225896264 0.39480463
14 1351419 0.561298516366155 0.42036536
14 1403386 0.80588460068781 0.44953485
14 1440024 0.904180064308682 0.47906104
14 1472679 0.735387862796834 0.50858723
14 1520054 0.624811652435962 0.54342583
14 1567838 0.580103086857384 0.57328205
14 1620027 0.83745718521548 0.6035567
14 1659149 1.56026332066802 0.63631929
14 1681783 1.66715470961445 0.67163417
14 1702273 0.607483283539622 0.70579374
14 1758505 0.963758421910345 0.73995331
14 1799618 0.924668898268083 0.77957608
14 1833973 1.55721538761961 0.8113432
14 1854457 1.24540350576437 0.84324102
14 1877790 0.595483514006435 0.87230023
14 1926589 0.753233624510744 0.90135944
14 1965168 1.69073405535499 0.93041865
14 1985112 0.431080770115824 0.96413903
14 2063334 1.32839583989915 0.9978594
14 2088718 0.925799734999054 1.03157977
14 2120416 1.75570998378504 1.0609257
14 2142001 1.20820453943301 1.09882291
14 2187293 0.575404232116268 1.15354529
14 2282659 1.17269530268777 1.20841896
14 2330431 0.196435004949439 1.26444139
14 2616322 2.52216933867735 1.3205999
14 2640274 1.13980991075963 1.38101129
14 2695406 1.43230463485392 1.44385085
14 2739183 1.6708418836447 1.50655334
14 2776706 1.66026693501404 1.56924864
14 2814468 1.42593058062747 1.63194395
14 2858231 2.10951792336218 1.69434701
14 2890591 1.56936768635998 1.76261085
14 2929132 2.0425 1.82309581
14 2966732 3.55173179396092 1.89989386
14 2989252 3.09356637034805 1.97987867
14 3015800 1.91999202710783 2.06200618
14 3040885 1.66845046270289 2.11016907
14 3074708 1.74478206831526 2.16660157
14 3098041 1.92672708228972 2.20731267
14 3120000 1.42874440449108 2.24962211
14 3147254 0.639417949108639 2.2885613
14 3212884 1.14765000373608 2.33052614
14 3239650 0.479000086597581 2.3612441
14 3308936 1.16001029714622 2.3944324
14 3336128 1.55354058721934 2.42597524
14 3358130 0.667323949161477 2.46015645
14 3409351 1.30770503739988 2.49433765
14 3439565 1.74529381585698 2.5338488
14 3464904 1.43504598677649 2.57807234
14 3491977 1.8022452103725 2.61692324
14 3513534 1.91240095279763 2.65577413
14 3534105 1.92512845608025 2.69511414
14 3554540 2.19270147414928 2.73445414
14 3578079 1.14730922266433 2.78606855
14 3623066 0.651696454731907 2.83768295
14 3708391 1.82120826069465 2.89328899
14 3738219 1.08470372299526 2.94761221
14 3778536 1.11049519586105 2.99134426
14 3819126 2.16060660606606 3.03641974
14 3841348 1.46992402174239 3.08443258
14 3874647 1.52259588487599 3.13337921
14 3906821 2.05814628482972 3.18236732
14 3927493 2.12326579498952 3.22491312
14 3947531 1.63255439161966 3.26745892
14 3973592 1.08525315289224 3.31000472
14 4011573 1.18083883941396 3.35122325
14 4046383 3.07000224366166 3.39232869
14 4059754 0.935375978020665 3.43337771
14 4093240 0.863788107835727 3.46469976
14 4124992 1.12419887091936 3.49212712
14 4161659 1.63403553764426 3.53334834
14 4188954 2.75028033737994 3.57794891
14 4209465 1.64617135520019 3.63436035
14 4243733 3.0767972235994 3.6907718
14 4263903 1.64582173071313 3.75283075
14 4301610 2.66560908034677 3.8148897
14 4323988 0.870690410159101 3.87454106
14 4392498 1.28947443956486 3.93419242
14 4427337 1.43625760331097 3.97911621
14 4459231 0.678284861248101 4.02492446
14 4534257 1.48424238642037 4.07581362
14 4566305 2.36863858181456 4.12338095
14 4586387 2.16335562549174 4.17094829
14 4606723 0.317720253787989 4.21494242
14 4744791 1.65138867217975 4.25880907
14 4770427 0.79771141501535 4.30114432
14 4806257 1.79243674687125 4.32972673
14 4832066 1.76940141518455 4.37598767
14 4858211 2.24753437302628 4.42224862
14 4878794 2.13934198331789 4.46850956
14 4900374 1.84463886225631 4.51467632
14 4925406 1.95928571428571 4.5608511
14 4949206 2.97804335742079 4.6074822
14 4963598 0.546168920242994 4.65034219
14 5014628 0.885679730469087 4.67821306
14 5049355 0.865638456559061 4.70897002
14 5084886 1.56959838779329 4.73972699
14 5105727 1.8466275517626 4.77243865
14 5126350 2.59996405248337 4.81052196
14 5143041 1.32717597406569 4.85391801
14 5175739 0.928646178160306 4.89731406
14 5222562 1.01032808139407 4.94079629
14 5268069 1.48581308169597 4.98677306
14 5299013 2.05158062516603 5.03274984
14 5321599 2.20034189657629 5.07908673
14 5342658 1.04839585501606 5.12542363
14 5386856 1.20724112961622 5.17176052
14 5428286 1.49215726217152 5.22177613
14 5457740 1.26070477079843 5.26572569
14 5494149 1.39750342517887 5.31162662
14 5526994 1.16867039638138 5.35752756
14 5560598 1.73261638185032 5.39679908
14 5587750 1.77250292001055 5.4438434
14 5614291 1.62450360855002 5.49088772
14 5643250 1.92790650816039 5.53793204
14 5668065 2.50138153889383 5.58577342
14 5689418 0.889816682747127 5.63918501
14 5746423 15.4787915776625 5.68990881
14 5749700 2.2085878962536 5.74063261
14 5767050 1.75876665145039 5.77895175
14 5791147 1.37783989339227 5.82133264
14 5821914 4.91978903417207 5.86372489
14 5831015 2.13924544877739 5.90849972
14 5851504 1.68715827842423 5.95233086
14 5880036 1.66926370463957 6.00046869
14 5922777 2.77134878525551 6.07181502
14 5958587 2.79455570091577 6.17105725
14 5998335 3.36283185840708 6.28213556
14 6029184 2.76727982898314 6.38587564
14 6067075 1.98085060910451 6.49073072
14 6090470 1.99758610284926 6.53707232
14 6113669 1.64691593995142 6.58341392
14 6138782 0.768917624521073 6.62477264
14 6193070 0.744083690528978 6.66651604
14 6253961 2.1313136028382 6.71182391
14 6275383 1.57718024300812 6.75748084
14 6303201 1.92618272227475 6.80135462
14 6331758 1.98772985844688 6.85636027
14 6361994 2.11542521109771 6.91646165
14 6388522 1.00157058718544 6.9725799
14 6444552 1.76148675107688 7.02869816
14 6475196 1.70200214515552 7.08267696
14 6503166 2.12760882528324 7.13028181
14 6526644 1.98671598456827 7.18023412
14 6551787 1.82263242375602 7.23018643
14 6574215 1.26781041000291 7.27106453
14 6608605 1.16641522289274 7.31466499
14 6649701 1.53603358220912 7.36259987
14 6680908 2.13353219863134 7.41053476
14 6709403 2.24908438459546 7.47133014
14 6736434 2.21770367729728 7.53212553
14 6772901 1.08205036017412 7.61299806
14 6850780 2.45275821596244 7.69726723
14 6888268 69.7521613832853 7.78921656
14 6889656 4.25882048851936 7.88603257
14 6912869 1.57924493890206 7.98489237
14 6962216 0.959125019958486 8.06282327
14 7024846 2.34292142053672 8.12289375
14 7049738 2.39797639123103 8.18121356
14 7074051 1.54369359454105 8.23951575
14 7105852 1.99707702888583 8.28860633
14 7134932 1.8018926511903 8.34668093
14 7168747 1.79018779764579 8.40761146
14 7202134 2.69333503466463 8.46738075
14 7225645 0.725490645371951 8.53070391
14 7312928 1.2138555995041 8.59402708
14 7346806 1.11413222512227 8.63515055
14 7386269 1.50324808533917 8.67911802
14 7415517 1.68348403764532 8.72308548
14 7442612 2.51960591133005 8.76869961
14 7462912 1.49853509902731 8.81984784
14 7497044 2.71109010712035 8.87099606
14 7519262 1.21299689878771 8.93123137
14 7568920 2.97976707461508 8.99146667
14 7589184 1.60228207509619 9.05184899
14 7626869 1.52278717469741 9.1122313
14 7665948 2.06657959386759 9.17174025
14 7698105 1.96903260252945 9.23819531
14 7728072 1.97337881676198 9.29720108
14 7757973 0.666711862874705 9.35620684
14 7846476 1.46837653593671 9.41521261
14 7894004 3.1849126430846 9.48500164
14 7917242 1.36272040302267 9.55901241
14 7950987 1.91504798640768 9.60499725
14 7972764 1.26545196661393 9.64670142
14 8009426 0.646988162866938 9.69309507
14 8089344 1.04435916615174 9.74480151
14 8150842 2.29193960836515 9.80902786
14 8179389 1.80765299074458 9.87445593
14 8215584 2.27220580566661 9.939884
14 8244349 2.97245450073783 10.00524386
14 8266712 2.60986351545807 10.07171675
14 8289645 2.53995500782473 10.13156849
14 8310093 1.40660016923511 10.18350512
14 8349092 2.42287475077035 10.23836074
14 8371160 2.44064386317907 10.29182827
14 8393525 2.36353002339485 10.34641364
14 8416607 2.17523669604962 10.40096857
14 8441111 1.12263569983285 10.45427008
14 8486579 1.45633070554661 10.50531449
14 8521970 1.71737127648685 10.55685522
14 8551277 1.77974847820041 10.60718585
14 8583640 2.3766911870763 10.66478363
14 8618305 3.55386275356064 10.74717186
14 8641475 1.87984841220921 10.82951461
14 8685278 0.995305361109947 10.91185737
14 8756849 1.81535719590079 10.98309235
14 8790514 1.91908876669285 11.04420613
14 8822339 4.9806162503908 11.1052809
14 8851126 5.32676799583782 11.24865752
14 8878035 1.26508481160171 11.39199551
14 8908927 1.82772329711105 11.43107646
14 8931565 1.59215759152574 11.47245214
14 8958470 1.20562884322279 11.51528926
14 8996524 1.17436711290859 11.56116777
14 9035591 1.67508552296383 11.60704628
14 9063069 1.11642547857794 11.65307477
14 9098173 2.16545130448874 11.69226554
14 9116686 16.4215174628663 11.73235418
14 9119177 2.03516981132075 11.77326062
14 9139052 0.92586344252308 11.81370993
14 9181730 1.38920371984888 11.85322397
14 9209258 1.07086096501258 11.89146608
14 9244242 0.84430444844433 11.92892948
14 9283132 0.785518468641785 11.96176471
14 9324716 0.89662070829954 11.99443017
14 9361706 0.783206854345165 12.02759625
14 9402556 1.39957120736888 12.05958978
14 9427743 1.42954725972994 12.09484057
14 9452923 1.32146371463715 12.13083642
14 9485443 1.38155209608769 12.17381088
14 9519745 0.921910508580832 12.22120136
14 9570789 1.8743993993994 12.268259
14 9597429 0.949539040451552 12.3181926
14 9650579 2.4247370016018 12.36866014
14 9673678 2.42222030013407 12.42466948
14 9696801 1.32416613047178 12.48067882
14 9744980 0.686980186334541 12.54447623
14 9817001 1.64284293387138 12.59395334
14 9852190 0.784406844054872 12.65176365
14 9925889 2.4089056920815 12.70957396
14 9949694 2.80027333073018 12.76691837
14 9970182 1.39208502171645 12.82429008
14 10011395 1.93070498559393 12.8816618
14 10038814 2.28018029510567 12.93460019
14 10062331 2.22686877076412 12.98822289
14 10086411 2.44574686431015 13.0418456
14 10108336 1.21184659540329 13.0954683
14 10152585 0.947922006752815 13.14909101
14 10209154 0.958781425824371 13.20271371
14 10265318 1.53036632847358 13.25656318
14 10300505 1.40529739381829 13.31041264
14 10347547 3.27365689274509 13.37652033
14 10373364 3.4977537437604 13.46103642
14 10397404 1.42277495769882 13.54512282
14 10456504 1.63264275867425 13.62920922
14 10508007 4.1243115656963 13.71329561
14 10528343 2.23592528464243 13.79716805
14 10566461 3.16105618821174 13.88239735
14 10590434 2.63440549331406 13.95817713
14 10618104 2.83303903520307 14.03107093
14 10644721 1.90645080946451 14.10647804
14 10684871 1.26767265509695 14.18302249
14 10724169 1.53759017651573 14.23283959
14 10756744 1.50319388777555 14.28292664
14 10788680 1.54462710788118 14.33093239
14 10817026 2.03063418129703 14.37471616
14 10839354 1.66938549803 14.42005617
14 10868288 1.87058036065832 14.46835833
14 10893686 2.44852592662812 14.51586744
14 10914784 2.45214242039415 14.56752675
14 10936045 2.19922290388548 14.61966146
14 10960495 2.1347491459851 14.67343281
14 10984792 1.80781572312629 14.72530119
14 11010970 0.709545441309222 14.77262609
14 11079652 2.04674042434003 14.82135915
14 11108214 2.1789481531179 14.87981817
14 11135043 2.84652091347324 14.93827718
14 11155580 2.81188687371393 14.9967362
14 11176477 1.37449044297491 15.05549632
14 11198555 1.50749811198619 15.08584192
14 11217093 0.342161783454122 15.11378781
14 11304160 0.989491752490999 15.14357851
14 11328046 0.516252515530668 15.1672137
14 11373762 0.659113403135907 15.19081479
14 11412156 1.23828067235175 15.21612123
14 11432443 0.599745361092118 15.24124213
14 11474856 1.74483126583967 15.26667914
14 11489850 1.20736741822801 15.29284099
14 11511893 1.07306284933049 15.31945531
14 11536762 1.30179085673146 15.34614121
14 11558986 1.41383028598218 15.3750721
14 11580316 0.336969854864797 15.40522916
14 11672437 0.980370682392586 15.43627143
14 11708047 0.546507862257565 15.47118268
14 11763629 1.27947432711343 15.50155844
14 11787370 0.917482179533647 15.5319342
14 11820478 0.428772300839164 15.56230996
14 11909376 1.32987928267392 15.60042726
14 11938038 0.406026971175355 15.63854456
14 12031916 1.89891553079296 15.67666186
14 12052018 1.82138317405019 15.71483372
14 12073259 1.31781390287036 15.75352127
14 12102663 0.487980943628933 15.79227043
14 12185365 1.09363326295274 15.83262736
14 12222307 1.55382977160902 15.87302868
14 12249541 2.02897439175082 15.91534531
14 12273010 1.09738077702081 15.96296366
14 12316458 1.31881171686997 16.0106431
14 12352611 2.37883550366712 16.05832254
14 12372654 2.32512435384765 16.10600197
14 12393160 1.05991019028988 16.15368141
14 12438144 1.86508182734817 16.20136085
14 12463930 1.92435158501441 16.24945423
14 12486138 0.396223983504092 16.29218994
14 12563733 0.15657008481048 16.32293472
14 12811226 2.20110358898266 16.36168464
14 12832792 1.04465626689629 16.40915361
14 12882729 0.640408858603066 16.46132091
14 12970779 0.77315855865738 16.51770861
14 13043711 0.92926347009392 16.57409631
14 13104401 0.465827949676981 16.6304932
14 13245569 0.585089818760955 16.69625319
14 13357962 1.7783107599699 16.76201319
14 13400490 0.159011632454078 16.83764101
14 13975863 2.64519522306788 16.92913171
14 14008185 2.56578748145232 17.01462998
14 14041208 1.97859009477032 17.0993598
14 14072969 1.81797471238182 17.1622018
14 14108085 2.32907697920467 17.22604186
14 14135495 2.22462552243815 17.28988192
14 14168274 1.52230734565119 17.36280336
14 14234844 1.35639169198835 17.46414375
14 14314815 2.87176244302163 17.57261604
14 14352768 2.90170627260423 17.68160755
14 14397837 2.50670432056214 17.81238445
14 14442808 2.66232593767953 17.92511388
14 14479361 2.69924832884919 18.02242943
14 14515414 4.62996912847305 18.11974499
14 14536469 2.84277351801468 18.21722941
14 14560727 1.53016059537799 18.28618907
14 14611787 1.99594902956183 18.36431948
14 14650790 4.64737900259893 18.44216733
14 14671183 1.4026405118808 18.53694167
14 14737761 1.24493414387031 18.63032625
14 14812773 1.34007043331802 18.72371083
14 14858490 1.34861080726318 18.78497438
14 14904200 1.42358876030039 18.84661901
14 14948009 0.411166401273885 18.90898523
14 15098729 1.12325640375349 18.97095659
14 15153931 1.62152643559679 19.03296261
14 15200497 0.611118754906642 19.10847023
14 15324054 3.52841121495327 19.18397784
14 15345454 1.74141786743516 19.25948546
14 15388829 2.15399093164514 19.33501935
14 15423896 2.83880028410925 19.41055323
14 15454870 3.25916453537937 19.49848254
14 15481849 1.96575927353009 19.58641184
14 15529862 2.24701315217027 19.68079357
14 15559743 0.653078494309892 19.74793634
14 15662553 1.48335045368944 19.81507911
14 15709281 2.19461852648645 19.88439297
14 15741354 1.05415939816834 19.95478117
14 15814730 0.979251408739784 20.03213108
14 15895121 1.83925535287167 20.11085375
14 15929822 2.69243019035627 20.17467793
14 15956824 1.84772851409437 20.24737918
14 15998933 2.9868607546447 20.32518511
14 16025038 1.35735771662964 20.40315677
14 16083548 0.677367015301665 20.48257559
14 16203731 2.07594904458599 20.56398358
14 16242981 2.00926359358447 20.64546432
14 16283570 0.646909976441099 20.72701826
14 16409637 0.797728209051851 20.80857219
14 16494592 0.76437630347782 20.87634324
14 16583297 2.13738609185311 20.94414694
14 16616328 3.4558715551422 21.01474707
14 16636757 2.06856138294755 21.0853472
14 16670887 2.13971813911199 21.15594734
14 16703882 2.16298376266634 21.22654747
14 16736646 0.559739039088848 21.29741586
14 16863255 1.76878151050766 21.36828426
14 16903321 1.95352427157703 21.43915265
14 16939598 1.71522486683298 21.51002105
14 16969260 1.67720608385859 21.56089757
14 16998452 0.769669218151996 21.60985846
14 17071612 0.748752739310859 21.66616778
14 17157400 1.02223870874349 21.73040157
14 17212664 2.02619756939519 21.78689455
14 17233811 1.29501786557001 21.82974211
14 17278310 0.611440030557678 21.88736917
14 17372558 1.87598213412447 21.94499624
14 17403231 0.704064625229631 22.00253795
14 17485428 1.23714798164497 22.06041027
14 17528359 1.41633880466107 22.11352231
14 17568264 1.50747771683236 22.17004088
14 17614936 1.03719588956876 22.24039768
14 17683250 3.06118955926401 22.31125279
14 17706620 1.29232206821367 22.38279255
14 17770830 2.11427384167879 22.4657727
14 17799708 1.81746379991224 22.52682889
14 17831614 1.40466766162698 22.58481723
14 17877847 1.53209859668307 22.64975874
14 17921743 2.71552942927301 22.71701212
14 17948621 1.03480640267676 22.78999989
14 18019154 3.16712356078353 22.86298766
14 18039217 1.00226340574206 22.92652919
14 18105047 1.50619976694852 22.99250833
14 18138516 0.719438536792854 23.04291915
14 18209046 1.78477361965322 23.09366069
14 18237825 1.12681092124814 23.14502441
14 18280897 0.808947388299279 23.19355855
14 18333851 0.852192707243952 23.23639567
14 18391223 0.459728720002693 23.28528771
14 18480356 1.35699533644237 23.32626435
14 18510376 0.711683566757565 23.36700119
14 18548147 0.779630337794774 23.3938826
14 18587372 1.45756605284227 23.42446332
14 18607356 0.521446503926072 23.45359148
14 18663519 0.576541459957477 23.48287724
14 18714315 1.22086043021511 23.51216301
14 18738303 0.39720602197206 23.54144877
14 18812033 0.543783956535634 23.57073453
14 18880871 0.940650608393345 23.60816769
14 18929195 0.815243085354653 23.65362357
14 18995612 1.85162423178227 23.70776917
14 19025226 0.507003207452896 23.7626034
14 19149312 0.918477166124716 23.82551532
14 19218814 0.795893840761142 23.88935092
14 19308679 2.32966352887528 23.96087424
14 19339380 0.826718797842523 24.03239757
14 19424294 2.4345680778032 24.10259793
14 19452262 1.75467078984667 24.17068753
14 19491067 2.40258712765537 24.23877714
14 19516346 0.899588053553038 24.29951239
14 19561012 0.42222055304583 24.33969381
14 19654205 0.721958786511308 24.37904139
14 19710934 1.83194469877312 24.4199971
14 19732778 1.14623701959105 24.46001403
14 19770142 0.728144738250722 24.5028418
14 19816847 1.59518282066164 24.53684977
14 19840969 0.463071370807131 24.57532914
14 19923818 1.74090888455078 24.61369457
14 19945845 0.860203234706925 24.65204181
14 19990424 0.234610881943721 24.69038905
14 20153575 1.37643844423015 24.72866602
14 20184685 0.960419258141479 24.77148691
14 20233724 0.935406413716463 24.81858517
14 20284116 0.733329178611492 24.8657224
14 20348300 0.8080620793847 24.91278991
14 20406548 0.817436609934005 24.95985742
14 20464128 1.03519158395141 25.00692492
14 20509565 1.6759675660943 25.05396048
14 20538917 1.3981120809758 25.10315395
14 20574088 1.23071106293953 25.1523266
14 20613761 1.11416047797197 25.20115241
14 20649579 1.68797056086625 25.24105948
14 20673221 0.996927304521609 25.28096655
14 20713251 1.39670581789542 25.32087362
14 20742454 0.341235059760956 25.36166132
14 20893054 1.33380051389862 25.41305149
14 20931583 1.89524800554977 25.46444167
14 20954647 1.31873171026036 25.50815388
14 20987794 1.27310324741517 25.55186609
14 21022129 0.354390971591646 25.59557829
14 21145473 2.45631318563132 25.6392905
14 21168718 1.09570140088275 25.69638724
14 21220828 1.2482949895426 25.75348399
14 21264816 2.06684985131931 25.80839442
14 21291383 1.67625226957172 25.86330485
14 21328835 1.08171167593328 25.926084
14 21399339 1.62691072160059 26.00234853
14 21445722 3.42879861868412 26.07780929
14 21467730 0.591192387795077 26.15327005
14 21596891 0.765881505531247 26.22962907
14 21689908 1.89944448917156 26.30086913
14 21727171 1.90046451682195 26.37164781
14 21764414 3.13139848692651 26.44242648
14 21787017 2.38004567238107 26.51320515
14 21818108 0.771474002556614 26.58720301
14 21914329 0.299767396782322 26.66143482
14 22161961 1.39083739334069 26.73566664
14 22199112 1.52668225249034 26.78733776
14 22238464 1.04287217254077 26.84741547
14 22291692 0.551126013865603 26.90292497
14 22402037 0.614689687143132 26.96373849
14 22490480 1.39274807040924 27.01810377
14 22526498 0.646582927564959 27.06826743
14 22619326 1.15799120234604 27.12828842
14 22671158 1.5303544785718 27.18830941
14 22710032 1.7427551397267 27.24780025
14 22750647 2.46004305564616 27.31858268
14 22781305 0.876813616071429 27.39400309
14 22867321 1.54787070292458 27.4694235
14 22916046 1.07690550304138 27.54484391
14 22986080 0.169514001424978 27.62026432
14 23430999 0.723898670232524 27.69568473
14 23498304 1.17501406865504 27.74440627
14 23539175 0.387343109278834 27.79242985
14 23675496 1.05570891342615 27.84523312
14 23725488 1.68747883508297 27.89800985
14 23749112 1.48466908191217 27.93787483
14 23783063 1.20675125688293 27.98828061
14 23824833 0.411476612710733 28.03868638
14 23937950 1.87597936174279 28.08523134
14 23964115 0.883888858876704 28.13431623
14 24019648 1.08416649360667 28.18340111
14 24053355 0.868206246197526 28.219945
14 24092803 0.478857914681274 28.2541942
14 24172762 1.22571391315687 28.29248315
14 24203438 0.507353933342329 28.33008283
14 24277548 1.87680942397924 28.3676825
14 24297582 1.74688719568853 28.40528217
14 24319106 1.19269989516821 28.44288184
14 24350585 1.48645973552934 28.48042695
14 24375843 1.83477495968333 28.51797205
14 24396306 0.42733243037139 28.55551716
14 24484165 1.33123073106772 28.59306226
14 24512384 1.90797886100743 28.63062849
14 24539443 1.26847006216064 28.68225689
14 24580144 0.239413105596045 28.73388529
14 24767026 2.22349276784571 28.77862763
14 24790463 1.48150390681314 28.83073968
14 24825146 1.50082587151178 28.88212317
14 24859655 0.91520979020979 28.93391494
14 24914567 2.13886143931257 28.98417062
14 24937842 0.781840834760941 29.03395236
14 25002052 1.58357575969998 29.08415438
14 25030583 0.729785565353788 29.12933581
14 25082860 1.19577056778679 29.1674864
14 25117380 0.774339899117987 29.20876416
14 25152867 0.803675834403922 29.23624354
14 25191008 1.21910720731561 29.26689702
14 25215941 1.17085244230909 29.2972935
14 25243415 1.51527728717768 29.32946114
14 25266063 1.11552506036869 29.36377917
14 25300021 0.751499492479469 29.40166023
14 25354206 0.568677759105079 29.44237993
14 25432157 1.09948973242066 29.4867089
14 25472332 0.784662463761447 29.53088074
14 25515794 0.966431802098397 29.56498362
14 25548295 0.602644124440949 29.59639359
14 25588989 0.980054798936256 29.62091721
14 25613807 1.03585259711742 29.64524031
14 25638854 0.666925425658542 29.67118531
14 25677500 1.32300305543431 29.69695947
14 25698119 0.926438771094764 29.72423885
14 25725851 1.22682620963528 29.74993052
14 25744989 0.165137430212529 29.77340953
14 25894192 0.844350776189987 29.79804873
14 25923373 1.02104377104377 29.82268794
14 25953073 0.986312627522104 29.85301295
14 25988361 1.22368530710893 29.88781749
14 26012359 0.897162515637439 29.91718386
14 26047531 1.49372781065089 29.94873865
14 26068656 271.12037037037 29.98029344
14 26068764 0.621686447302964 30.00957423
14 26125048 0.852050845236535 30.04456508
14 26163203 1.12208821502412 30.07707553
14 26192223 1.59427172582619 30.10963865
14 26212648 1.40230390003417 30.14220177
14 26233135 0.741818672544477 30.17093094
14 26277596 0.769563164108619 30.2039128
14 26319946 1.55734819595189 30.23650397
14 26340400 1.09328665568369 30.2683575
14 26369536 1.35589324479632 30.30021103
14 26393029 1.19500300120048 30.33206457
14 26419685 0.604945305378304 30.3639181
14 26472341 0.743665317613936 30.39577163
14 26517805 0.802634685301478 30.4295814
14 26560163 1.31459596478608 30.46357969
14 26589356 0.805604299188419 30.50195621
14 26644064 0.926993942453306 30.54602911
14 26691608 0.647015669933682 30.59010202
14 26759764 0.906375127581063 30.63419976
14 26810712 0.565387205387205 30.68037745
14 26892387 0.943758120733392 30.72655515
14 26940874 1.81293095728486 30.77231499
14 26963208 0.363437986733185 30.81280468
14 27089689 0.334816778714137 30.85877317
14 27226982 0.448980787826104 30.90474167
14 27329365 0.972312117943186 30.95071016
14 27376642 0.960468031759298 30.99667866
14 27424502 1.86153617590254 31.04264715
14 27444695 1.38299566768603 31.08023764
14 27476087 0.217572236967299 31.12365252
14 27675777 1.70822844556325 31.16709989
14 27701201 0.729844207311531 31.21052988
14 27756210 0.862735849056604 31.25067777
14 27802850 0.765458786051539 31.2909158
14 27855587 0.416229313811414 31.33128402
14 27952572 1.04003710001546 31.37165225
14 27991386 2.00631711939356 31.41202047
14 28007216 1.22566459556842 31.44378039
14 28042463 1.95523874179679 31.48698123
14 28064558 0.676951282573609 31.53018206
14 28128375 0.728507936507937 31.57338289
14 28167750 0.63694591842204 31.60206815
14 28205064 0.52382231960148 31.62583547
14 28253443 0.614176438145937 31.6511774
14 28295146 0.213307440719542 31.67679004
14 28422338 0.547662319150453 31.70392118
14 28478462 0.642319145209319 31.73465846
14 28529843 0.703277557983376 31.76766113
14 28584945 1.21899968543567 31.80641272
14 28616735 1.71998151998152 31.84516432
14 28638380 1.20314045499505 31.88239372
14 28670732 1.09855497855046 31.92131758
14 28706164 0.998417781844523 31.96024144
14 28758622 1.19260845844531 32.01261638
14 28808111 1.08353510895884 32.07163774
14 28861801 1.35526775523514 32.12981236
14 28904732 0.421254378428392 32.18799522
14 29010649 1.46709717097171 32.2326137
14 29039917 1.24265582490142 32.27555226
14 29072630 0.740954741811421 32.3162034
14 29127493 0.225926365122166 32.35685454
14 29321450 0.948676771454342 32.40067442
14 29366907 0.917039594254784 32.44379854
14 29413833 1.04299667951235 32.48683158
14 29455092 0.899162775389299 32.52986461
14 29503705 2.03044813877846 32.57357602
14 29525841 1.97970363718006 32.61852188
14 29548111 1.73423018262876 32.66260942
14 29573682 1.18935376513184 32.70695563
14 29628368 1.3932480774586 32.7719964
14 29675051 1.49702852160345 32.83703717
14 29718632 2.28727618930623 32.90227884
14 29751193 1.11374407582938 32.97675477
14 29818291 1.37381689115399 33.05148433
14 29862243 1.31485573780697 33.11186672
14 29894372 0.477065186480309 33.15411145
14 29989315 1.94637101972412 33.1994058
14 30012586 0.970669193628446 33.24470014
14 30056908 1.23206350179288 33.28772231
14 30089537 1.12954880480967 33.32792345
14 30124134 1.15408015594081 33.36700272
14 30157993 0.355553336329289 33.4060783
14 30278155 1.14544456641054 33.44880184
14 30307307 0.798466798440088 33.48219366
14 30344745 0.757129831315536 33.51208651
14 30384227 1.0626355266432 33.54197936
14 30412358 0.649833699267407 33.57187221
14 30458359 1.38249722325065 33.60176506
14 30479967 1.40291490362012 33.63163842
14 30501237 0.857200310246761 33.66147875
14 30536048 1.2640829015544 33.69131908
14 30560173 1.46123622424533 33.72181482
14 30581043 0.433411563900149 33.75231057
14 30651348 0.822007607434784 33.78278152
14 30688417 0.264652237354086 33.81325246
14 30803553 0.889058509232892 33.84372341
14 30837616 0.273961697469717 33.87400693
14 30948157 0.445864373840582 33.90429045
14 31016079 0.703297724105899 33.93457397
14 31059139 0.205947930120318 33.96485748
14 31206249 0.344469875539462 33.99515465
14 31294068 0.79139306736429 34.02540602
14 31332293 1.25841341153958 34.0556574
14 31356332 0.167410105095499 34.08590877
14 31579843 0.55406233299008 34.12332702
14 31656560 0.367154084222972 34.16583319
14 31771588 0.506731138414283 34.20806581
14 31854932 0.494554370056427 34.25029843
14 31936098 0.85674343158389 34.29043897
14 31982951 0.741224263687563 34.33057951
14 32037106 0.800531087276726 34.37072005
14 32085309 0.918849685838569 34.40930789
14 32126689 0.30740995270243 34.44732977
14 32250374 1.18544615576479 34.48535164
14 32282448 0.644418852778295 34.52337352
14 32341495 0.672362306292298 34.56142457
14 32398088 0.243506639224964 34.59947561
14 32554055 0.556224370240187 34.63745416
14 32622335 0.609869287343032 34.67543271
14 32684609 1.16082503966537 34.71341126
14 32712341 0.926601807610385 34.74560316
14 32747083 0.346541794499166 34.77779506
14 32839978 0.720565851911541 34.80998697
14 32884654 0.484597644345606 34.84217887
14 32957500 0.66579279907961 34.87748015
14 33010521 0.779323133982383 34.91278142
14 33055818 1.00037234702743 34.9480827
14 33096103 0.8468334536805 34.98838299
14 33143189 0.343330028878066 35.02825742
14 33259194 0.567914892522222 35.06808531
14 33336931 1.05234553775744 35.11223379
14 33378883 1.49601589276748 35.15638227
14 33424690 2.14861192817324 35.22491027
14 33460387 2.15313570265566 35.3016096
14 33496009 1.37584085242255 35.37830893
14 33551756 5.63076387680529 35.45500827
14 33568997 1.19468373123308 35.5520886
14 33650257 2.02153942451076 35.64916894
14 33704576 0.80471945743561 35.75897669
14 33779627 0.842141223715768 35.81937142
14 33851343 1.47889220823743 35.87976616
14 33892181 2.68822746923844 35.94016089
14 33916237 2.1849511774842 36.00482875
14 33945834 1.6598343512089 36.06949662
14 33981693 0.390826918811903 36.12901683
14 34166560 2.80868648951233 36.20126824
14 34196929 1.75455724201053 36.28656527
14 34249373 2.1008136808716 36.37858085
14 34292879 0.616912131970787 36.46997857
14 34441033 1.86915620270768 36.56137629
14 34489931 2.36476067270375 36.65277401
14 34528581 0.458590480777915 36.74417174
14 34727883 0.308270676691729 36.83556946
14 35022744 1.01671340648586 36.9264665
14 35075875 0.942238849292095 36.98048537
14 35137889 0.475983116347964 37.03891735
14 35227680 2.10644589000591 37.08165677
14 35251354 1.87374783524059 37.13152516
14 35280803 0.35380813269276 37.18670547
14 35425257 0.488172391445236 37.23781481
14 35505493 0.721676646706587 37.27698425
14 35559768 1.09562956127842 37.31615368
14 35595531 0.344575330961169 37.35533648
14 35731272 2.60945812807882 37.40210905
14 35751572 0.832231248819195 37.45508057
14 35815088 0.513914210473007 37.50794028
14 35894072 1.19290563376142 37.54853141
14 35928099 0.788006445225292 37.58912254
14 35979610 0.681560212237222 37.62971366
14 36039166 0.967547279362973 37.67030479
14 36087390 1.09556458240391 37.7169637
14 36129979 1.27385404679708 37.7636226
14 36171691 0.985569343201083 37.81675756
14 36225604 0.718700968457502 37.86989252
14 36299536 2.33048245614035 37.92302748
14 36322336 1.58736370425691 37.97616244
14 36355811 1.70094734924394 38.02929948
14 36388745 0.73482730101217 38.08531845
14 36464918 1.36879172474507 38.14129239
14 36505811 1.04388206113277 38.19726633
14 36559432 2.50219043361645 38.25324028
14 36581802 0.38119578483222 38.30921422
14 36734204 0.898994872983229 38.36730903
14 36803250 0.704307901598458 38.42938113
14 36891460 0.757776317687217 38.49150848
14 36953861 0.556142311084975 38.53879459
14 37038886 1.40268755005784 38.58608069
14 37072597 1.17902914673784 38.63336679
14 37110440 0.79070674133409 38.6779849
14 37166868 1.17897619228721 38.722603
14 37206309 1.7185940791662 38.76910347
14 37233366 1.21845412291272 38.81560393
14 37262411 1.04206403960878 38.85099367
14 37311693 1.97451007263259 38.90234858
14 37340881 0.927936015669632 38.95998063
14 37377640 1.03676578292076 38.99409093
14 37411775 1.23853853153216 39.0294814
14 37440349 0.775144559313124 39.06487187
14 37486005 1.44934065033991 39.10026235
14 37510423 0.92240727708708 39.13565282
14 37548790 1.25971874539832 39.1710433
14 37575954 1.15468196389404 39.20526267
14 37605589 1.25546668623422 39.23948205
14 37632845 0.988792085385147 39.27370143
14 37677724 1.30431302801245 39.31807733
14 37711459 1.50918439836271 39.3620788
14 37741020 0.416455491454144 39.40669184
14 37852302 1.21532214912971 39.45303575
14 37884073 1.20094180149722 39.49164806
14 37925483 0.71091110570556 39.54137887
14 37999481 2.46086915844131 39.59398449
14 38020858 0.456890103938308 39.64659011
14 38137177 1.0361870966484 39.69973473
14 38188466 0.9968674969988 39.75287935
14 38241778 1.60041557502936 39.80602397
14 38274985 1.22700301766521 39.85916859
14 38304478 1.40154803240741 39.89535648
14 38332126 1.63796183516037 39.93410684
14 38356756 1.4091163115613 39.97444937
14 38385386 0.675890021239697 40.0147919
14 38436705 0.778428600282771 40.04947814
14 38481264 1.14558425259264 40.08416438
14 38511542 0.910202582134985 40.11885061
14 38549650 0.581212457120602 40.15353685
14 38616407 1.11651463267244 40.19233651
14 38651158 1.47187132506354 40.23113617
14 38677519 1.23289425089253 40.26993583
14 38718134 0.959860689547825 40.32001015
14 38769530 0.775115482512648 40.3693428
14 38833176 1.52252947348929 40.41867546
14 38865578 1.39056289990698 40.46800812
14 38901055 0.866320206471549 40.51734077
14 38958012 1.46275160821747 40.56668353
14 38991745 1.22804272230502 40.61602629
14 39032005 1.85539169464037 40.66546765
14 39058518 0.629741931136716 40.71466012
14 39147564 1.16214555200847 40.77073627
14 39206141 2.19695991738204 40.83881169
14 39237127 1.3096447922938 40.9068871
14 39278652 0.582384948274346 40.96127037
14 39381019 0.512491340306703 41.02088702
14 39497940 0.84857152415362 41.08080809
14 39557724 1.13598907250661 41.13153933
14 39602382 0.676624503642149 41.18227057
14 39640409 0.983629374337222 41.20800075
14 39670585 1.19699310448773 41.23768281
14 39697124 0.151784605093411 41.26944947
14 39906414 0.710059978189749 41.30121613
14 39950430 0.360533578656854 41.33246986
14 40037390 0.538482654496792 41.36382174
14 40095676 0.579312636125365 41.39520754
14 40149854 0.83826036246187 41.42659333
14 40194438 0.229855060826274 41.46396587
14 40368787 0.945540460720614 41.50404053
14 40411112 0.613914435867959 41.54406034
14 40459824 0.864952974438867 41.57396542
14 40494486 0.45227919229853 41.60394645
14 40565849 0.896360306741444 41.63622207
14 40600797 0.586821081778892 41.66754804
14 40654246 0.653178949998959 41.69891352
14 40702265 0.938790781203233 41.73027899
14 40735675 0.423239370099991 41.76164446
14 40809782 0.441520548702915 41.79300994
14 40882098 0.116751034371172 41.82493868
14 41098413 0.74176019601644 41.85019372
14 41149021 0.777358725159044 41.88773296
14 41197278 0.393926163723917 41.92524547
14 41275153 0.46591133453822 41.95592282
14 41340996 1.14880097645032 41.98660018
14 41368852 0.31557289758641 42.01860113
14 41486229 0.387431105347375 42.05564193
14 41581846 0.224988923349579 42.09268736
14 41739836 0.920442182839095 42.12823339
14 41768331 0.526850981370273 42.15446139
14 41820452 0.537650602409638 42.18192097
14 41870252 1.30588983243268 42.20869643
14 41892273 0.547700219026759 42.23745344
14 41944778 1.41781705278242 42.26621046
14 41965713 0.604743083003953 42.29589223
14 42014795 0.366605370547635 42.32557401
14 42094191 0.846327138144662 42.35468124
14 42131478 1.07905138339921 42.3862379
14 42164621 1.34634642171441 42.42200044
14 42191184 0.37986157061684 42.45776299
14 42286395 0.410904239893278 42.4939295
14 42372600 0.621013692385911 42.52935184
14 42429639 0.517394696936237 42.56477419
14 42497562 0.310837518811989 42.5999172
14 42607864 1.27966259843989 42.63420346
14 42634657 0.317063697566028 42.66848973
14 42742793 0.81695757025859 42.70277599
14 42784674 1.9390658380268 42.7369908
14 42805270 1.90718505812845 42.77692788
14 42826258 2.89442970822281 42.8169559
14 42846993 2.46461740774225 42.8769721
14 42871327 2.53264429416018 42.93694626
14 42894838 1.33261924776961 42.99649153
14 42931715 1.00371171581464 43.04563457
14 42975630 1.12334535185699 43.08971293
14 43015291 0.478301656691495 43.13426622
14 43121889 0.295092024539877 43.18525265
14 43294669 0.342344157064969 43.23623909
14 43443601 0.474063467564225 43.28722553
14 43551152 0.383120258552498 43.33821197
14 43683891 0.793662823510441 43.38906664
14 43745906 1.21883512456045 43.4382859
14 43786288 0.617319085473477 43.48750515
14 43859375 0.481397309091685 43.53262306
14 43953098 0.357169433427538 43.57774096
14 44079419 1.84079566519321 43.62285886
14 44107471 1.48466116557891 43.67449699
14 44142252 0.308649575919141 43.72613513
14 44309555 0.555403821546468 43.77777326
14 44402554 0.262384687284106 43.82942503
14 44599410 1.39573594184884 43.88107681
14 44636417 0.995221579961464 43.93272858
14 44688317 0.621850054781656 43.98438036
14 44771374 1.93095003339588 44.03602898
14 44802815 1.92488902980342 44.09673983
14 44834355 2.69359776387595 44.15745068
14 44856894 1.9006157746989 44.21816153
14 44878980 0.86416354694267 44.26013861
14 44933472 0.871360478864913 44.30722895
14 44987600 0.510769933347106 44.35439388
14 45079569 1.43189227066386 44.40136911
14 45112392 1.33322932032225 44.44836791
14 45147644 1.30869044635647 44.4953667
14 45183557 0.67554475938596 44.54236549
14 45253129 1.81763721552878 44.58936429
14 45283009 0.53377608741819 44.64367553
14 45386603 1.13041700735895 44.69897171
14 45435523 2.3158184202733 44.75427168
14 45459160 1.05367186244577 44.80901097
14 45496498 1.16770239210011 44.84835305
14 45531739 0.586789645938709 44.88950398
14 45615764 0.767176790911651 44.93880867
14 45669019 1.06239288774636 44.97966428
14 45706363 0.590535416350675 45.0193384
14 45772293 0.563043509201406 45.05827216
14 45842554 2.3621284869648 45.0978326
14 45867755 1.97290305891483 45.15736029
14 45898681 0.8566187948798 45.21837415
14 45962741 1.90165975103734 45.27324912
14 45991661 1.14183743955791 45.32824504
14 46030748 0.932610528851946 45.37287558
14 46072253 1.2954484605087 45.41158352
14 46102133 0.832680807124726 45.45029146
14 46148619 0.726874648283624 45.4889994
14 46205483 3.70829526328444 45.53033258
14 46226278 0.772495918563334 45.57121728
14 46278343 0.770914657481822 45.64766586
14 46330603 0.793126081508443 45.6879541
14 46380880 1.05255482194469 45.72783059
14 46418593 0.997956029712349 45.7675252
14 46458711 0.566494437462179 45.8075612
14 46523160 0.779492158642379 45.84407109
14 46570537 1.36914338348173 45.88100122
14 46603107 0.566404579064225 45.92559404
14 46701293 1.96026074965526 45.98120735
14 46733201 0.56849184350434 46.04375518
14 46843236 1.48168164185538 46.10630966
14 46873397 0.987573531971179 46.15099863
14 46930855 1.99010977448883 46.20774215
14 46959368 0.54032523104024 46.26448567
14 47035437 0.876468706685148 46.30558722
14 47082332 0.834203416685287 46.34668878
14 47131561 0.549310469362368 46.38775548
14 47206322 1.58547867121432 46.42882217
14 47227725 0.543744902199172 46.46275576
14 47292704 2.46683443024906 46.49808782
14 47308202 0.754551744588317 46.53631858
14 47358787 0.198609504001094 46.57448743
14 47563606 1.1843454866463 46.61516655
14 47599289 1.46023318759109 46.65742798
14 47628107 0.82654384035198 46.6995086
14 47679019 0.964077069348668 46.74158922
14 47722668 1.96534466477809 46.78366985
14 47743848 0.874923709960034 46.82529546
14 47794641 2.10645682956652 46.86973569
14 47819994 0.250316607097628 46.9231406
14 48033192 1.04342470574434 46.97650777
14 48084338 1.18050573688315 47.02987494
14 48129223 1.51234678624813 47.08286153
14 48162673 1.39133460936141 47.13345003
14 48202902 0.875811214988431 47.18942225
14 48256063 0.683520845189628 47.23598168
14 48324592 0.472441935715827 47.28282297
14 48435848 0.630496845236667 47.33538519
14 48519214 0.615130101506123 47.38794741
14 48586008 1.1152757942389 47.42903473
14 48623119 1.35079689680917 47.47042422
14 48653926 0.693122931363044 47.51203803
14 48713748 0.410299036197035 47.55350245
14 48814806 2.04175694307662 47.59496686
14 48835114 2.95850472685285 47.63643127
14 48848971 1.22050760273585 47.67742694
14 48884353 0.249523635228386 47.7206114
14 49070135 0.382341539857314 47.76696839
14 49191380 0.658498353394596 47.81332537
14 49260917 0.843044035336166 47.85911547
14 49320233 2.23210605019601 47.9091217
14 49344976 2.13456035882762 47.96435074
14 49370838 1.82420196946666 48.01955482
14 49401100 0.473038390638775 48.0747589
14 49525870 1.99749461985674 48.13378015
14 49557003 1.48568013387521 48.19596767
14 49598833 0.845477797126687 48.25811369
14 49672337 0.790428958535712 48.3202597
14 49750573 1.43164886455435 48.38209989
14 49783996 1.47447061771708 48.42995038
14 49815920 0.506128636862138 48.47702174
14 49908926 0.772997112470183 48.52409461
14 49964683 0.93441944547296 48.56719491
14 50010596 1.0120544455191 48.61009706
14 50052987 1.71483345315121 48.65299921
14 50078025 0.379957876851737 48.69593546
14 50191027 1.59958274346174 48.73887171
14 50217869 0.879332181922856 48.78180796
14 50269979 0.954732861934161 48.8276299
14 50316790 1.44710804373053 48.87232156
14 50349536 1.22508105304111 48.91970809
14 50388091 0.239846473790446 48.96694116
14 50584279 0.464317629536725 49.01399655
14 50711849 0.815543870275032 49.0732292
14 50784495 1.39673188863174 49.13247481
14 50827272 0.989176176214126 49.19222245
14 50880026 1.75976777028087 49.24440557
14 50918264 3.32332905518807 49.31169594
14 50938522 2.61655654877575 49.37902042
14 50964252 1.08182285640828 49.44634489
14 51026484 0.421550953198859 49.51366937
14 51096931 0.550608263481937 49.54336599
14 51150855 1.17297710537963 49.57305696
14 51175708 0.629754986482747 49.60220892
14 51222685 0.67081516951641 49.63179272
14 51266958 1.04834386367988 49.66149199
14 51287850 1.32634730538922 49.68339367
14 51304884 0.713637223378097 49.70598665
14 51336606 1.04875401170474 49.72862453
14 51357794 0.966436327739388 49.75084566
14 51381093 0.343744860274218 49.7733625
14 51447974 0.420129153627697 49.79635226
14 51503257 0.990025871459695 49.81957812
14 51532633 0.850397188672002 49.84866066
14 51566496 1.02607145260042 49.87745731
14 51596222 0.785217794253939 49.90795843
14 51635066 0.919120084375471 49.93845956
14 51668251 0.668588338448049 49.96896068
14 51713871 1.06182767624021 49.99946181
14 51742596 0.636458485487136 50.02996294
14 51790519 0.473162483323508 50.06046406
14 51854981 0.212978560490046 50.09096519
14 52011701 0.405495802728227 50.12434362
14 52087941 0.482313942676962 50.15525874
14 52137415 0.77980482347091 50.17912055
14 52169591 0.38093702233877 50.20421166
14 52240902 0.683208255159475 50.23137703
14 52272882 0.376175500023239 50.25322607
14 52337429 0.310969165553684 50.27750744
14 52423534 0.252817888511972 50.30428321
14 52544103 0.419532873639154 50.33476565
14 52616760 0.432470548013504 50.3652481
14 52686959 1.09853090172239 50.39560731
14 52714595 0.437144096372057 50.42596653
14 52786068 0.370895854231083 50.45721055
14 52882769 0.366619305114026 50.4930768
14 52980598 1.11322862995841 50.52894305
14 53012816 0.78258782456906 50.56480931
14 53058646 0.265528111171952 50.60067556
14 53193788 0.856138189471523 50.63656
14 53232749 1.10027708140916 50.66991635
14 53263065 1.18245949874154 50.70327271
14 53291274 0.434380776340111 50.73662906
14 53332390 0.727139461172742 50.75448878
14 53357630 0.542904726657502 50.77284184
14 53395458 0.124883824789678 50.79337871
14 53561156 0.473564525298465 50.81407176
14 53606890 1.05929203539823 50.83573025
14 53627230 0.854101539313838 50.85727629
14 53652501 0.906468800915936 50.87886001
14 53675210 0.948688657242134 50.89944526
14 53696219 0.96031399912778 50.91937624
14 53716856 0.587339221148717 50.93919453
14 53750598 0.882990813524008 50.95901281
14 53771716 0.828350584158856 50.97765967
14 53794227 0.239024265186571 50.99630653
14 53872240 0.89409869804483 51.01495338
14 53894591 0.895496640639187 51.03493775
14 53916619 0.24379271563284 51.05466383
14 53997532 0.913798547521314 51.07438991
14 54019701 0.899448323420395 51.09464808
14 54042903 0.991852406817756 51.11551682
14 54064259 0.278535515969387 51.13669881
14 54140436 0.460726469136862 51.15791726
14 54187045 0.67104892478167 51.17939081
14 54218992 0.722668189299029 51.20082876
14 54248765 0.911810823409755 51.22234456
14 54272362 1.0330963569908 51.24386036
14 54297259 0.686624546309988 51.26958143
14 54334454 0.842843470512524 51.29512062
14 54364755 0.330687556648971 51.3206598
14 54441985 0.65086895851833 51.34619899
14 54481400 1.2979079139158 51.37185337
14 54504726 0.327034239840956 51.40212838
14 54597279 0.740359196577004 51.4323964
14 54633972 0.847694321873636 51.45956287
14 54675218 1.81440996150373 51.4945267
14 54696259 0.473414501629952 51.5327035
14 54777243 1.30605643752091 51.57104256
14 54804140 1.02636826284932 51.60617202
14 54837741 0.431896455258675 51.64065948
14 54918170 0.533230792893947 51.67539645
14 54983185 1.05675791013839 51.71006442
14 55015991 0.384977568515969 51.74473239
14 55106043 0.889995905554797 51.77940036
14 55150005 1.55949946271968 51.81852668
14 55178854 1.6773544105585 51.86351673
14 55205676 1.80807998699398 51.90850679
14 55230280 1.6834178460607 51.95299257
14 55256706 2.32053479602331 51.99747836
14 55277125 1.53100520044763 52.04486118
14 55307507 2.25516338601765 52.09137593
14 55328133 2.21065770523284 52.13789068
14 55348963 1.4711821086262 52.18393825
14 55380263 0.976229010722233 52.22998582
14 55419807 0.872515994845477 52.26859021
14 55464040 2.40448674371176 52.30718467
14 55483163 1.20598355255131 52.35316577
14 55524142 0.925633148508917 52.4025856
14 55577526 0.90983448300072 52.45200007
14 55634499 1.00728037219443 52.5038358
14 55685870 1.34826220624251 52.5555807
14 55724252 1.16665158166267 52.60732973
14 55768446 0.182282108472854 52.658889
14 56051798 0.703206334672838 52.71053921
14 56110775 0.591721318670295 52.75201233
14 56190522 0.737492419648272 52.79920014
14 56256482 1.35849530831099 52.84784544
14 56292290 1.03317253543575 52.89649075
14 56339347 0.625002211802176 52.94510878
14 56395862 0.779813165961174 52.9804304
14 56436968 0.412160103974169 53.0124859
14 56535454 0.156229508784125 53.05307837
14 56814537 1.3585768091564 53.09667967
14 56841884 1.74056985206678 53.13383283
14 56862907 1.08148367075514 53.17042457
14 56896742 1.27872518870562 53.20701632
14 56925358 0.590536440513847 53.24360806
14 56987322 0.429425022891085 53.2801998
14 57072508 0.661453059453204 53.31678114
14 57127812 0.884859344203548 53.35336248
14 57155717 0.536413632197317 53.37805415
14 57203721 0.708098733756206 53.4038039
14 57245814 0.479129779001902 53.43361032
14 57306810 0.730084668608886 53.4628353
14 57350746 0.894406647334374 53.49491181
14 57386610 0.889291726013207 53.52698833
14 57425225 1.30287577823896 53.56132813
14 57458955 1.45984115907354 53.60527365
14 57489048 0.494782965503092 53.64920482
14 57557286 1.15924611973392 53.68296829
14 57579836 0.835947695011851 53.70910949
14 57617385 0.728198584850945 53.74049892
14 57660490 0.27518060357405 53.77188835
14 57773583 0.818693604819404 53.80300933
14 57811596 0.148540798094104 53.83413032
14 58021471 0.547196364684538 53.86530565
14 58080448 1.1165236645447 53.89757754
14 58109352 0.54911067961165 53.92984942
14 58173727 0.969288985165483 53.96519839
14 58210196 1.0886590321389 54.00054736
14 58242680 0.185370039028576 54.0359111
14 58433822 2.70820754054623 54.07134305
14 58448065 0.522827390173916 54.10991646
14 58522296 0.683143075199324 54.14872619
14 58583879 0.524054813427318 54.19079664
14 58665027 0.679893841529705 54.23332302
14 58727575 0.494379188190263 54.27584941
14 58818754 1.22714573767704 54.32092624
14 58859917 1.54271141923465 54.37143919
14 58892660 0.737186509501482 54.42195214
14 58961123 0.655114226375909 54.47242216
14 59038163 0.664336073144781 54.52289218
14 59123692 2.5550858890188 54.57971205
14 59145930 2.5672073374599 54.63653192
14 59168063 1.12811960212044 54.6933518
14 59218430 1.04660158408547 54.75017167
14 59272720 0.875413682606945 54.80699154
14 59329829 1.74051256776737 54.85698547
14 59358235 0.209891229972942 54.90642632
14 59710446 1.3181017020493 54.98035268
14 59748459 1.41956463316313 55.03045797
14 59785669 0.874406131536692 55.08328007
14 59846078 0.939496429913566 55.13610218
14 59901959 1.58657531765913 55.18860189
14 59935092 0.984537678523048 55.24117033
14 59986766 1.00071161714997 55.29204488
14 60037355 1.18257373377587 55.34267008
14 60074414 1.37629836603292 55.38649523
14 60107340 0.609717045867363 55.43181104
14 60181663 0.731768790372386 55.47712685
14 60241574 0.764006761584441 55.52096754
14 60298957 1.6586946355802 55.56480824
14 60328895 1.18650954896384 55.61446616
14 60370732 0.482975333412015 55.66410628
14 60472408 1.01869061942497 55.71321375
14 60520614 0.901570082786183 55.76232121
14 60573159 1.10055723831765 55.80969435
14 60616408 1.29998910022345 55.85729234
14 60653106 0.823244176013805 55.90499954
14 60711056 0.791074579099252 55.95270673
14 60784173 1.33761158133296 56.01054795
14 60827415 1.11119435959503 56.06838916
14 60879468 0.62945200265353 56.12623038
14 60971421 1.58245844269466 56.18411057
14 61007997 2.44149092281246 56.24199076
14 61031848 1.36643052173271 56.30022291
14 61058950 1.22920730869625 56.33725578
14 61095345 0.622815135360592 56.38199291
14 61172066 0.81228848868255 56.42977623
14 61230869 1.71191022698291 56.47754136
14 61250474 2.84586624856781 56.51110363
14 61267057 0.775991547464239 56.55829694
14 61328577 0.640119320039229 56.6060359
14 61377521 1.2212489804603 56.63736561
14 61405720 0.318652034716953 56.67180371
14 61513794 1.17823042647995 56.70624181
14 61543643 0.733956633345159 56.74141061
14 61591560 0.737232410316359 56.7765794
14 61646308 0.912610379923486 56.81694114
14 61687869 1.31821065989848 56.85487042
14 61713085 1.63998784036132 56.8881102
14 61736112 1.29581717736678 56.92587429
14 61765255 1.73083377832024 56.96363839
14 61791473 1.50708954105339 57.00901721
14 61824832 1.59669069774828 57.05929223
14 61856319 0.447651745235266 57.10956725
14 61969914 0.367586483928729 57.16041874
14 62116791 1.56293856508664 57.2144084
14 62151706 0.452314117950178 57.2689783
14 62299192 2.67962390357796 57.33568839
14 62330886 2.88785785476166 57.4206161
14 62359983 2.69471013078274 57.50464402
14 62395844 2.1052765481097 57.60127879
14 62435150 2.27585258525853 57.68402838
14 62471510 1.15329832386159 57.76677797
14 62527114 1.31647543922553 57.83090585
14 62582894 3.08860261227411 57.90433845
14 62610839 0.64519199551371 57.99064939
14 62746363 2.21959841628959 58.07808868
14 62781723 0.690677500823542 58.15657326
14 62909221 1.9669445806768 58.24463366
14 62939806 3.57039467335714 58.30479312
14 62960532 1.74223266745006 58.37879308
14 63003082 1.01139497220561 58.45292517
14 63071621 1.65900438186912 58.52224552
14 63113384 1.45714868032202 58.59153098
14 63142823 0.594877035669546 58.6344284
14 63233825 1.76034564234119 58.68856294
14 63263451 1.4362258953168 58.74071457
14 63299751 2.36318079915601 58.79284914
14 63322500 2.17685031058422 58.84660958
14 63347131 1.07326153969334 58.90022767
14 63397089 0.154860138345343 58.95384576
14 63743324 0.294598901098901 59.00746385
14 63925324 17.2307251361422 59.06108081
14 63928813 0.942998260869565 59.12119871
14 64000688 1.19150693985459 59.18897708
14 64061208 2.76721223297987 59.26108743
14 64087236 1.30672195395059 59.33311193
14 64144392 0.581842881240262 59.40779909
14 64299714 3.17951901248581 59.49817169
14 64327906 1.1810343696277 59.58780891
14 64404107 0.560091391974569 59.67780536
14 64575238 1.36737702156334 59.77365425
14 64622726 1.04890762880729 59.83858827
14 64678934 1.86225709763244 59.89754525
14 64708627 1.25459161501338 59.95284127
14 64752348 0.480327359370144 60.00769291
14 64848878 0.691835489534435 60.0540586
14 64929189 0.417038071202277 60.10962039
14 65078173 0.376733450057857 60.1717527
14 65243234 0.729614945706521 60.23393672
14 65328235 2.35237445000759 60.29595509
14 65354599 1.67824863343616 60.35797347
14 65391553 0.876179138935483 60.41999184
14 65446996 0.287475864490082 60.46856952
14 65629300 1.48804894360092 60.52097794
14 65669673 1.44666249277596 60.58105494
14 65711201 1.17519342649793 60.64113195
14 65761220 1.04542215042524 60.69991384
14 65824361 0.723636729983697 60.76592267
14 65933547 1.01555837850755 60.84493347
14 66013054 2.42693116922152 60.92567754
14 66046324 1.99441768556255 61.00642162
14 66086809 0.867960679773409 61.0871657
14 66158833 0.753641056482734 61.14967922
14 66258598 2.64352442345479 61.22486646
14 66287607 3.2185478420392 61.30155198
14 66308321 1.54537988643296 61.36822124
14 66350939 1.13783284208423 61.4340825
14 66390973 1.35020968356843 61.47963445
14 66430318 1.41686669867179 61.53275858
14 66467812 1.0453019842443 61.58588271
14 66525315 1.43833456516383 61.64599059
14 66565905 0.856723773762028 61.70437246
14 66634081 1.63055191089026 61.76278086
14 66669902 0.756519753842322 61.82118927
14 66766263 1.47413716617869 61.8940882
14 66811347 0.551713832692739 61.96054829
14 66931808 2.18252274145348 62.02700839
14 66962259 2.28069934864587 62.09346848
14 66991429 1.04748976387197 62.15999679
14 67059570 0.962005341102209 62.23137422
14 67133712 1.1256776076726 62.30269938
14 67200860 3.1769256225697 62.3782862
14 67225034 0.896111150898804 62.45508561
14 67294849 1.97668246445498 62.51764724
14 67326499 1.56785204119991 62.58020887
14 67366402 0.752719441267369 62.64277049
14 67448588 2.56225149105368 62.70463318
14 67472732 1.71603328710125 62.76649587
14 67508782 0.693261351246791 62.82835855
14 67622514 2.06597840897181 62.90720456
14 67660678 0.86607876430958 62.98605057
14 67751963 0.586146306744464 63.06511042
14 67886844 3.75322204784325 63.14417028
14 67907871 3.84453227931489 63.22308959
14 67928364 0.891691093573844 63.30187565
14 68017064 1.6599838264034 63.38096843
14 68046742 2.64047966792221 63.43023382
14 68072760 2.73071959921057 63.49893423
14 68099108 2.72023763894212 63.57088315
14 68125198 2.17473615493418 63.64185454
14 68152771 1.86240954126161 63.70181817
14 68184968 2.99805009749513 63.7617818
14 68204969 2.50120964378076 63.82174543
14 68228943 2.99520279110336 63.88170905
14 68249580 0.566839967357119 63.94352127
14 68358639 1.15786659117004 64.00534032
14 68422218 0.478584064014714 64.07895614
14 68578807 0.676250023974376 64.15389727
14 68683085 1.03294140923094 64.22441496
14 68753847 2.46867743297446 64.29750777
14 68791743 1.89801176709272 64.39106094
14 68841033 2.05164586942696 64.48461411
14 68886632 3.65843462104204 64.57816728
14 68912466 1.63866724361748 64.67267952
14 68970241 2.84050405040504 64.76735354
14 69003571 1.06465313827277 64.86202757
14 69092569 1.96210648026489 64.95677972
14 69130623 0.800135616206137 65.03144539
14 69230906 0.883367726860799 65.11168521
14 69322493 3.04642427161088 65.19258992
14 69343258 0.548393470529227 65.25584881
14 69474846 2.10445238369636 65.32801049
14 69500877 1.35920774115513 65.38279155
14 69533947 0.419987122959437 65.42774025
14 69656646 0.738016469745793 65.47927223
14 69726471 0.838218549725105 65.53080422
14 69787949 0.98177577150912 65.5823362
14 69847540 1.13456422091868 65.6408411
14 69909934 2.39614664687278 65.7116316
14 69940920 0.608801534979829 65.7858784
14 70062876 0.804461326593926 65.86012521
14 70128955 1.26194723500141 65.91328327
14 70171559 0.570778170490625 65.9670469
14 70271717 1.0477862258511 66.02421463
14 70321564 0.935768803525997 66.0764438
14 70377378 2.26921968293185 66.12867297
14 70401663 1.44919219156929 66.18378095
14 70445052 0.565367525028106 66.2466595
14 70557126 2.679876501438 66.3100226
14 70580770 1.14296355233533 66.37338569
14 70639841 1.8638835970071 66.44090175
14 70676060 2.10525510594355 66.50840933
14 70702206 2.5136542149968 66.56345364
14 70724104 2.51126824817518 66.61849795
14 70746024 0.622622346676726 66.67354461
14 70814947 1.62063327484447 66.71645762
14 70840023 0.78553178698462 66.75709705
14 70899906 1.76424258335521 66.8041366
14 70926569 1.25587355830842 66.85117615
14 70964025 0.4876026197611 66.89821569
14 71084494 2.08582785184143 66.95695669
14 71112923 2.22773967288414 67.01625459
14 71145144 0.941883504572951 67.08803413
14 71221353 0.390886185299834 67.15981367
14 71429718 1.12891725975213 67.241261
14 71507419 1.30563879885022 67.32897917
14 71572823 3.64751029576937 67.4143735
14 71594191 3.55442130574838 67.49231311
14 71616232 2.11452064743723 67.57065648
14 71654784 1.91957276749608 67.65217592
14 71696822 4.04956663055255 67.7328706
14 71718974 2.04766143943025 67.82257636
14 71762783 2.21515704332154 67.91228213
14 71808280 1.7927814145439 68.01306522
14 71864496 2.62852746335611 68.11384831
14 71902838 0.562031909613594 68.2146314
14 72082157 1.26541642575228 68.31541449
14 72161715 3.20091077001465 68.41608831
14 72193117 2.58707152249029 68.51660343
14 72225820 1.59538760347721 68.60120826
14 72278851 0.989380421696045 68.68581309
14 72376030 2.21354933726068 68.78195989
14 72419486 1.55527171013274 68.87815216
14 72481335 0.683037844845394 68.97434444
14 72621724 2.68429303250007 69.07023511
14 72657447 2.15222816399287 69.16612579
14 72702327 2.31624753056757 69.26271763
14 72739785 4.76615056059797 69.34948
14 72764134 5.38694703616024 69.46553144
14 72785677 4.32825326847066 69.58158289
14 72811989 0.96748481972005 69.69546805
14 72944727 0.698636694991785 69.82389051
14 73128545 4.93474708171206 69.95231297
14 73154245 4.47426353854295 70.0791358
14 73182590 2.51693788139571 70.20595863
14 73208154 2.33582168386211 70.27030191
14 73236553 0.274434370880525 70.33663644
14 73496750 1.76383838897506 70.40804374
14 73536079 0.574007877403767 70.47741389
14 73656931 1.34359868293628 70.54678403
14 73708561 2.61818805337324 70.61615418
14 73740637 3.10475508126249 70.70013522
14 73767156 1.44780456986417 70.78247057
14 73814641 1.22403435925973 70.85121986
14 73884724 0.676767289912909 70.93700369
14 74015277 2.92830627487813 71.02535749
14 74037636 1.20188706953521 71.09083181
14 74092112 1.3934309406582 71.15630613
14 74138420 2.45349439859666 71.2208331
14 74163503 2.33534456587735 71.28237442
14 74189855 1.00565405670398 71.34391575
14 74251050 1.78049415576901 71.40545707
14 74285614 0.351153660271622 71.46699839
14 74469767 0.532571009467929 71.53166451
14 74589751 0.83623251004568 71.59556483
14 74666152 1.67320948217888 71.65945423
14 74713736 1.70549754954187 71.73907231
14 74760666 2.80956894130862 71.81911114
14 74789154 2.45608403851765 71.89914996
14 74816570 3.01686539420592 71.96648612
14 74838627 1.36622982423758 72.03302901
14 74887386 2.12452059100912 72.09964474
14 74919196 3.2841412911084 72.16722571
14 74939721 1.46209260946925 72.23463274
14 74985807 0.689894844601694 72.30201458
14 75097166 1.3895903025071 72.37884105
14 75152768 1.00932642487047 72.45610512
14 75229968 2.10288544258179 72.53402552
14 75272977 0.881963249969547 72.62446845
14 75379698 2.31899575410744 72.71859271
14 75417617 5.85715606081612 72.80652627
14 75439256 4.36291707349921 72.93326919
14 75468957 3.09175154271561 73.06285245
14 75515790 3.47522566242842 73.20764834
14 75557002 1.97078757365349 73.35086972
14 75629300 2.46255577830951 73.4933538
14 75660226 2.10903534070854 73.56951039
14 75706688 3.80012376237624 73.66750035
14 75732544 1.9502590262202 73.7657561
14 75782925 0.660419608634255 73.86401184
14 75931635 1.69612973421066 73.96222287
14 75989538 0.648077760620818 74.06043389
14 76141080 0.864501229981425 74.15864491
14 76240675 1.01343190459934 74.2447445
14 76325622 0.719293950596127 74.33083287
14 76448163 3.95348732899753 74.41897617
14 76470458 3.34554496792073 74.50711946
14 76496799 1.32581440205744 74.59524457
14 76571455 1.30754699533679 74.69422497
14 76647154 0.645017126080574 74.79320536
14 76800429 2.18747234268519 74.89207058
14 76845625 0.996841300498954 74.9909358
14 76945033 2.56401366176775 75.09002957
14 76983681 3.29270642963948 75.18912333
14 77013776 4.5581881533101 75.28821709
14 77033866 0.352851242640921 75.37979072
14 77353709 3.18174874826738 75.49264779
14 77389060 1.0079243007789 75.60512573
14 77470329 1.13284041388711 75.68703894
14 77567167 4.7999124917961 75.7967409
14 77590022 5.39367717193569 75.90644285
14 77610361 3.12616748456546 76.01614481
14 77648263 1.52196358175333 76.13463233
14 77722841 422.800947867299 76.24813719
14 77723052 1.23115226511845 76.33734818
14 77817440 2.18491469499437 76.45355406
14 77867144 0.513747952716656 76.56215333
14 78091832 5.10110919616421 76.67758678
14 78114461 1.90647089912136 76.79302023
14 78175009 4.55206847360913 76.90845368
14 78189730 1.57195922310691 76.9754644
14 78249764 3.53944755999861 77.06983554
14 78278473 2.92288090914416 77.17145002
14 78312615 2.34248252159789 77.27124349
14 78355096 3.08239138408189 77.37075457
14 78385087 1.83189611735744 77.46319819
14 78454550 3.8463992116387 77.59044727
14 78493111 5.05785828813155 77.73876782
14 78522424 1.6101764647015 77.88702857
14 78612357 8.16564107737315 78.03183622
14 78632183 4.67908483498684 78.19372842
14 78666756 8.40810473238655 78.35549866
14 78688373 2.74707359768628 78.53725656
14 78754068 2.25580639233259 78.71772598
14 78824809 2.065672179784 78.87730378
14 78896940 3.78131661760227 79.02630294
14 78936344 2.92628009494744 79.1753021
14 78995324 3.71757205014432 79.3478942
14 79041750 3.70326086956522 79.52048631
14 79091430 1.00394993158395 79.70446391
14 79239787 2.43558399248639 79.85340735
14 79307930 2.12935878685244 80.01937528
14 79385876 1.65335152958052 80.18534989
14 79486263 12.1365900810469 80.3513245
14 79499712 34.6545293072824 80.51454994
14 79503090 0.831180833121549 80.63161304
14 79676222 1.01607524684448 80.77551708
14 79845053 3.85095981876714 80.94706224
14 79886988 2.68435343785453 81.1085519
14 79940757 3.71684014748589 81.25288698
14 79971404 4.21562203638245 81.36679653
14 80006201 3.83135267845483 81.51348788
14 80044488 0.92421827254456 81.66017922
14 80203207 7.92821158690176 81.80687057
14 80221469 5.86295654633525 81.95165564
14 80249752 7.11743497295905 82.11747735
14 80273050 2.89745775460061 82.28329907
14 80312936 2.19930697034599 82.3988673
14 80370365 1.20328462301486 82.52517138
14 80468154 1.85139436811318 82.64283971
14 80541664 4.31336153453432 82.77893566
14 80569086 2.53481087343646 82.89721663
14 80615695 3.38743247085584 83.01536166
14 80650865 2.65697272463703 83.1344973
14 80695704 2.04939951689178 83.25363295
14 80754490 0.660983712827162 83.37410935
14 80877900 0.418263368751089 83.45568118
14 81015684 2.11532814564675 83.51331099
14 81042928 0.747618016457341 83.5709408
14 81126052 0.286684380047597 83.63308616
14 81335310 1.84003796228264 83.69307751
14 81367974 2.01768382957723 83.75318068
14 81392290 1.99934664543264 83.80224245
14 81416779 0.413179161555668 83.85120418
14 81472215 0.260542541400794 83.87410876
14 81565148 0.553430382072006 83.89832219
14 81608700 0.98472034971606 83.92242529
14 81633177 0.352367586216979 83.94652838
14 81701580 0.685947662985932 83.97063148
14 81734635 0.566079937761354 83.99330547
14 81765484 0.392488706088598 84.0107685
14 81809977 0.206802221616949 84.02823152
14 81894420 0.0793271826372809 84.04569455
14 81977771 0.110779470289557 84.05230679
14 82006919 0.066374773885874 84.05553599
14 82055567 0.0871266290709911 84.05876519
14 82092628 0.0931946527135245 84.06199439
14 82123971 0.0607099804630669 84.06491538
14 82172085 0 84.06783638
14 82213343 0 84.06783638
14 82235212 0 84.06783638
