Chromosome Position(bp) Rate(cM/Mb) Map(cM)
8 0 0 0
8 568381 0.00191625111599852 0
8 614304 0.083485124468731 8.752e-05
8 643950 0.0708008064933051 0.00256232
8 682636 0.149970324555649 0.00530125
8 714649 0.195431374803572 0.01010247
8 740740 0.102166044017731 0.015201
8 792401 0.197823777484467 0.02047866
8 823464 0.185475838338716 0.0266241
8 856595 0.124748776873262 0.03276954
8 905854 0.121811327736534 0.03891497
8 949093 0.22416581545795 0.04418205
8 972589 0.36166277258567 0.04944913
8 993133 0.231509611506923 0.05687897
8 1030328 0.161593604563879 0.06549032
8 1083616 0.32164493121251 0.07410167
8 1117125 0.305698159230791 0.08487981
8 1152382 0.479645535930317 0.09565794
8 1185446 0.369735737647978 0.11151692
8 1219995 0.183938495992134 0.12429066
8 1293226 0.319752803845274 0.13776066
8 1341285 0.389730728616684 0.1531273
8 1379165 0.242281588928072 0.16788989
8 1439281 0.150340414079088 0.18245523
8 1539600 0.137744548068158 0.19753707
8 1653688 0.451947082962665 0.21325243
8 1688535 186.988095238095 0.22900126
8 1688619 1.0576205702105 0.24470871
8 1703631 0.465137399660163 0.260586
8 1737765 0.208980929177518 0.27646329
8 1832989 0.899760365329837 0.29636325
8 1855106 0.782171212954956 0.31626321
8 1880548 0.880591089545655 0.33616317
8 1903218 0.779499359119355 0.35612616
8 1929744 0.289418209818104 0.37680299
8 2008965 0.316152339979592 0.39973115
8 2081487 0.261999385084892 0.42265932
8 2169304 0.0563499727931841 0.44566776
8 2577290 0.11963921995167 0.4686577
8 2772201 1.15144183290539 0.49197659
8 2792453 0.796713246096553 0.51529548
8 2821722 0.0854782910499563 0.53861437
8 3178994 0.891760383307267 0.5691534
8 3219275 0.226652324187064 0.60507409
8 3389399 0.621104646529051 0.64363297
8 3452134 0.46107501317087 0.68259811
8 3526161 0.450829423480504 0.71673017
8 3600972 1.09216022797189 0.7504567
8 3631853 1.050652627644 0.78418323
8 3663954 0.427653156496134 0.81790977
8 3747496 0.499053604795069 0.85363724
8 3829914 0.375580960920571 0.8947686
8 3896829 1.26983300628729 0.91990057
8 3921800 1.13672181584152 0.95160923
8 3953653 1.24573707370737 0.98781683
8 3982741 0.57506506697137 1.02405302
8 4045753 0.360629670853872 1.06028921
8 4146377 1.56205801397417 1.09657703
8 4169992 1.77287250798794 1.13346551
8 4192213 1.47464730756277 1.17286095
8 4218936 0.395520212327459 1.21226826
8 4318405 0.565580689931465 1.2516104
8 4388296 1.002252786341 1.29113963
8 4422032 1.04030662710188 1.32495175
8 4454384 0.694353324668358 1.35860791
8 4502855 1.05097231326279 1.39226408
8 4534892 0.613934321608956 1.42593384
8 4589735 0.681027508090615 1.4596036
8 4639175 1.32548618219038 1.49327336
8 4664577 0.784620337579911 1.52694312
8 4708063 0.332919242787658 1.56106312
8 4812710 1.2398661874088 1.5959023
8 4840809 1.19916669536173 1.63074149
8 4869850 0.313653269454175 1.66556639
8 4980893 0.777936610752496 1.7003957
8 5025664 1.47831069609508 1.73522501
8 5049224 0.693540768281348 1.77005432
8 5114851 1.39628690952395 1.81556885
8 5147600 2.69027827972533 1.86129625
8 5164202 1.49919441460795 1.90596023
8 5193994 1.59704444124838 1.95062421
8 5221806 1.83699595513115 1.99504135
8 5245787 1.28632204206133 2.03909405
8 5270703 1.25532720575579 2.0711439
8 5299752 1.1063907264672 2.10760975
8 5332706 0.530000734412103 2.14406992
8 5414404 0.527215381815976 2.18737039
8 5496839 1.01592743685444 2.23083119
8 5542923 1.01258460008217 2.27764918
8 5589170 1.61515740066359 2.32447854
8 5613884 1.79422848768232 2.36439504
8 5642542 1.44091382855855 2.41581395
8 5678041 1.14721919302072 2.46696515
8 5703717 0.672536499384748 2.49642121
8 5763855 0.529246270609788 2.53686636
8 5840275 0.633862334491501 2.57731151
8 5904169 1.03721156554921 2.61781156
8 5943216 0.275586003089529 2.65831161
8 6092106 0.991601821977605 2.69934316
8 6134258 1.74762713971899 2.74114105
8 6158385 1.34746900166177 2.783306
8 6189677 0.321211418245751 2.82547094
8 6353485 0.691500965948667 2.87808825
8 6429576 1.29801370098799 2.93070556
8 6458625 1.20333193697032 2.96841201
8 6489658 1.28383814075016 3.00575541
8 6518745 0.439587992937022 3.04309882
8 6603695 0.919282731515598 3.08044222
8 6644405 0.566764967021816 3.11786642
8 6707477 0.535958451923359 3.15361315
8 6775639 1.16887438407884 3.1901453
8 6806893 1.51427979274611 3.22667745
8 6831018 1.39927619445314 3.2632096
8 6859755 1.65056235120269 3.30342013
8 6884117 0.135291267689036 3.34363067
8 7181335 1.37019116093638 3.3838412
8 7210682 0.858119979919679 3.42405174
8 7258490 0.443520481185572 3.46507716
8 7368884 0.417529921282884 3.51403942
8 7505576 1.38416578108395 3.57111289
8 7546980 1.89623796446415 3.62842247
8 7577203 1.52781065088757 3.68573205
8 7618608 1.52879255425045 3.74899073
8 7658792 0.557664786279484 3.81042422
8 7790857 1.28809290611445 3.8840724
8 7848033 0.987108943089431 3.95772058
8 7924908 0.532317397034812 4.03360434
8 8077411 1.86552377252198 4.11478442
8 8118593 3.33590968302215 4.19161029
8 8141623 2.32533077890199 4.26843617
8 8175029 2.40638412869996 4.34611631
8 8206482 1.98404373747619 4.42180418
8 8246905 2.41860025697226 4.50200538
8 8273367 1.77288088642659 4.56600617
8 8309467 0.815764608616057 4.63000696
8 8377201 0.55548833474497 4.68526216
8 8468112 1.75550443641144 4.7357625
8 8498542 2.16634900036498 4.78918209
8 8523201 0.560098976681765 4.84260167
8 8618577 1.34606662299048 4.89602126
8 8658263 1.66695787831513 4.94944084
8 8690313 0.654967047200599 5.00286662
8 8769062 1.75830252757491 5.05444434
8 8802335 1.66939649022685 5.11294861
8 8837380 0.445809298107917 5.17145288
8 8968611 0.620117642080318 5.22995716
8 9063135 1.47522516934223 5.2885731
8 9103438 1.05886958997722 5.34802948
8 9159630 1.77292759706191 5.4075298
8 9197750 1.49498971398235 5.47511356
8 9242957 1.74667252474608 5.54269731
8 9281650 2.90640692640693 5.61028107
8 9304750 1.69766089599577 5.67741857
8 9342585 3.34946879872367 5.74164936
8 9370164 2.59706485984987 5.83402441
8 9405733 3.08934535138435 5.92639946
8 9433580 1.57725183823529 6.01242827
8 9477100 2.44695565378583 6.08107006
8 9505152 1.81118235309639 6.14971185
8 9543051 0.486989189495132 6.21835364
8 9684395 2.16456333595594 6.28718642
8 9716170 2.08241592063876 6.35596507
8 9749234 1.90179388360551 6.42481808
8 9785301 0.40795321221602 6.49341051
8 9954063 1.06782547230433 6.56225779
8 10016311 0.712104817715308 6.62872785
8 10109654 0.926634921853999 6.6951979
8 10161736 0.485303443465026 6.74345916
8 10287888 0.686978760000453 6.80468103
8 10376259 0.788071146546142 6.8653898
8 10455026 0.466995681677977 6.92746424
8 10587948 1.64591398419685 6.98953868
8 10625662 0.948244385756572 7.05161312
8 10682081 2.60394011800848 7.10511177
8 10702588 1.5660349683173 7.15851096
8 10736676 2.44290212426272 7.2118944
8 10759225 0.997392674138587 7.26697964
8 10814454 1.42654429771359 7.32206488
8 10858147 0.873409562244269 7.3843952
8 10929511 1.35140163731084 7.44672552
8 10977883 1.01380063695247 7.51209551
8 11042880 1.19630250393621 7.57798951
8 11101947 2.24066561014263 7.64865159
8 11133497 0.967608811828276 7.71934417
8 11200861 0.875977135040063 7.78452598
8 11282733 1.11376912378303 7.85624447
8 11343848 0.694849134550018 7.92431226
8 11439463 2.2267488608952 7.99075031
8 11469311 2.90853354600738 8.0572142
8 11489373 1.43096172355075 8.11556485
8 11529894 1.91603997459808 8.17354883
8 11559813 1.16121007863906 8.23087474
8 11609661 2.60386864597391 8.28875912
8 11631891 0.527331658947595 8.3466435
8 11762088 2.70896051698321 8.41530052
8 11787466 2.23055278529705 8.48404849
8 11815542 3.29427539200715 8.54667354
8 11842391 3.54220504769955 8.63512111
8 11867234 0.585385764061722 8.72311985
8 12017909 1.3525423252941 8.81132262
8 12089143 1.36867124531729 8.90766932
8 12159615 0.374079288164332 9.0041222
8 12416753 0.939484531874949 9.10031184
8 12514761 3.83926884564519 9.19238897
8 12535933 0.382350190330998 9.27367438
8 12749771 1.41584844234333 9.35543521
8 12807518 0.443004984828782 9.43719604
8 12992078 1.89826356365732 9.51895687
8 13033715 0.99791039578099 9.59799461
8 13114113 0.568170402876176 9.67822448
8 13265425 1.05183780911901 9.76419524
8 13348241 1.52460568909705 9.85130463
8 13406317 0.531591527046153 9.93984774
8 13576600 2.6306621131496 10.03036868
8 13614373 0.751887891765917 10.12973717
8 13746531 0.654737394269228 10.22910566
8 13899041 0.97160266950382 10.32896
8 14002431 1.97989632812346 10.42941378
8 14053168 3.8601536191305 10.52986756
8 14079597 4.40699669966997 10.63188806
8 14102322 0.430204081632653 10.7320369
8 14371822 2.01842470506593 10.84797733
8 14429462 3.41237914364641 10.96431949
8 14464214 1.93987828419985 11.08290633
8 14525340 1.03324743393754 11.20148294
8 14639815 0.789663020336245 11.31976374
8 14789646 3.86621218576907 11.43807988
8 14820157 1.71813507726816 11.55604234
8 14888814 2.06298378261885 11.67400481
8 14944495 2.35423861207038 11.78887341
8 14993143 0.3360789952462 11.90340234
8 15333923 2.57154725284595 12.01793127
8 15378460 1.06554047563503 12.1324602
8 15451331 3.37409387459224 12.2101068
8 15473403 3.12557183027658 12.28458011
8 15497230 2.08720866011267 12.35905342
8 15533442 2.65134879152489 12.43463501
8 15561949 2.61185983827493 12.5102166
8 15590887 0.857285228104028 12.5857982
8 15685208 5.50432813956585 12.66665793
8 15700226 1.26664422444264 12.74932188
8 15765579 2.10950397576676 12.83210077
8 15805194 2.30272711680293 12.91566894
8 15840176 0.980838606659176 12.99622307
8 15924721 1.94451952651692 13.07914815
8 15967637 0.483933847417524 13.16259901
8 16130775 0.882905612128408 13.24154675
8 16218371 1.31021830856724 13.31888528
8 16278332 0.647768405603516 13.39744716
8 16399613 1.86373608064203 13.47600903
8 16435624 8.40282210650092 13.54312379
8 16441577 0.432092884787139 13.59314561
8 16592732 3.10844339622642 13.65845865
8 16613932 1.43714633934012 13.72435801
8 16659880 1.47828262610088 13.79039187
8 16699848 1.44891496465043 13.8494759
8 16740584 1.03930200207779 13.9084986
8 16797375 0.451575822168088 13.96752131
8 16928735 2.57163001638782 14.02684044
8 16954974 3.08778936469196 14.09431719
8 16982016 1.58297791678514 14.17781734
8 17034771 3.84588649780994 14.2613272
8 17055775 0.874391690676222 14.34210603
8 17138381 0.434507982723149 14.41433615
8 17304615 0.919465511014807 14.48656628
8 17376609 1.10205233793836 14.55276197
8 17436833 1.69835176085176 14.61913157
8 17475905 1.57105507931321 14.6854898
8 17515684 1.72387044093631 14.74798461
8 17552424 1.63356632534626 14.81131955
8 17591195 0.763164236655019 14.87465449
8 17674185 1.09360430983873 14.93798942
8 17732099 2.43253582515443 15.00132436
8 17763990 1.10689056001823 15.07890018
8 17834202 1.08633870066541 15.15661718
8 17912950 0.809424474463015 15.24216402
8 18030877 3.47787352125018 15.3376166
8 18058265 2.7152097377255 15.43286865
8 18094906 2.03273120564684 15.53235658
8 18147608 0.80721702307217 15.63948532
8 18280322 0.738954514596063 15.74661406
8 18427622 4.30862131206721 15.85546196
8 18458093 1.85449823427875 15.98675029
8 18521240 3.98683071829025 16.10385599
8 18547817 2.73830886027749 16.20981393
8 18589836 2.41778564955927 16.32487482
8 18638392 3.02369546180395 16.44227241
8 18677218 1.49067021801912 16.55967
8 18744047 3.77101473197706 16.65929008
8 18768280 2.34723291307233 16.75067281
8 18805955 2.46017667336972 16.83910475
8 18833803 3.03114778471603 16.90761582
8 18860707 2.1202194316616 16.98916631
8 18899170 1.80450873957873 17.07071679
8 18937673 1.252408477842 17.14019536
8 18992687 2.56830804786223 17.20909573
8 19019514 0.918031011110767 17.2779961
8 19084136 0.998838090426875 17.33732108
8 19143521 1.75824045529998 17.39663704
8 19177257 2.57559704732957 17.45595301
8 19200287 0.474942149554411 17.51526898
8 19325178 1.12127627400575 17.57458495
8 19378082 1.8304122438904 17.63390454
8 19410490 0.756767790166611 17.69322412
8 19488876 2.16488449326667 17.75254371
8 19516277 1.39805914801764 17.81186329
8 19570480 1.33253275729756 17.88764261
8 19640846 1.68221764840406 17.98140806
8 19702064 1.00538904617788 18.08439051
8 19804494 2.86325374342371 18.18737295
8 19829204 2.82072644887817 18.25812353
8 19856570 2.36696853415196 18.33531554
8 19889145 1.44912689173457 18.41241949
8 19936390 2.84947271509876 18.48088355
8 19960286 1.34005468888321 18.54897503
8 20011119 1.37463592730853 18.61709378
8 20059873 1.50777295327229 18.68411267
8 20104322 1.25764681701826 18.75113155
8 20157841 0.668341459055298 18.81843924
8 20258550 1.20222705370784 18.88574693
8 20326622 1.48222338941916 18.96758465
8 20381835 1.84552142842085 19.04942237
8 20429272 1.90997295218244 19.13696811
8 20469571 2.94915848527349 19.21393785
8 20498091 3.04118306396211 19.29804794
8 20525748 1.72990420658059 19.38215802
8 20554560 1.51792737583463 19.43200029
8 20598292 2.0614338889788 19.49838223
8 20629187 1.0101249233761 19.56206981
8 20676496 1.14365399088052 19.60985823
8 20721674 0.674420122436726 19.66152637
8 20798285 0.691686216622295 19.71319451
8 20874159 2.47306912963574 19.76567562
8 20895380 0.520066989059775 19.81815621
8 20996292 1.56189355136322 19.8706368
8 21027725 1.7805726712577 19.91973187
8 21055315 1.07374442541821 19.96885786
8 21108458 1.52169255490091 20.02591985
8 21145798 1.29576638529479 20.0827396
8 21176481 1.60633523593743 20.12249716
8 21199432 1.2948822095857 20.15936376
8 21227745 4.41518072289157 20.19602573
8 21236045 1.44502905607036 20.23267179
8 21261513 0.849072856689486 20.26947403
8 21305627 0.477462777891087 20.30693031
8 21384075 0.316177774026084 20.34438659
8 21502540 0.759302863812916 20.38184287
8 21552229 0.863546910755149 20.41957197
8 21595929 2.0963835342481 20.45730911
8 21613930 0.490391550747038 20.49504624
8 21691570 0.532397082755711 20.53312072
8 21774525 0.702001030976147 20.57728533
8 21838542 1.77665652593307 20.62222531
8 21865496 2.06369316957552 20.67011349
8 21888701 2.10309822017139 20.71800167
8 21911456 0.554015573121596 20.76585746
8 21996089 0.8381992302873 20.81274501
8 22051954 1.1599493790352 20.85957112
8 22098575 2.00520744115934 20.9136496
8 22127764 1.05548843164482 20.97217932
8 22183217 4.31448663853727 21.03070903
8 22197437 1.34219543147208 21.09206113
8 22260477 3.25452925452925 21.17667316
8 22287413 1.05344591726025 21.26433686
8 22329811 1.1155303030303 21.30900089
8 22378915 0.890847904016387 21.36377817
8 22447260 0.843457056916742 21.42466366
8 22515746 0.357176339513176 21.48242852
8 22662945 0.903352724615687 21.53500464
8 22734111 0.588619164098443 21.59929286
8 22847354 0.276212100975023 21.66594939
8 23116886 2.77986910210891 21.74039745
8 23140263 0.851686035435321 21.8053822
8 23213749 0.59505662123745 21.86796926
8 23319628 1.7526914624308 21.93097324
8 23355575 0.702658757302892 21.99397722
8 23444752 1.13423005097663 22.05663827
8 23484378 1.0660379476816 22.10158317
8 23528913 0.779713905631559 22.14905908
8 23589802 1.30222411106389 22.19653499
8 23625097 1.01800704334537 22.24249726
8 23670246 0.917772621809745 22.28845954
8 23702571 1.83308160359039 22.31812702
8 23725744 0.486316381005901 22.36060487
8 23814719 0.640259240626202 22.40387527
8 23882301 1.7503337243639 22.44714566
8 23907022 1.1964275839186 22.49041606
8 23943188 0.786915401301518 22.53368646
8 24000813 1.49794907800894 22.57903205
8 24027874 0.924040481191522 22.61956806
8 24054059 1.16502893540995 22.64376394
8 24079806 0.99060560308673 22.67375966
8 24109611 0.976162137142101 22.703285
8 24139857 0.843113738256375 22.73281033
8 24174876 0.593706012467323 22.76233567
8 24224606 1.29431584474686 22.79186101
8 24247459 0.382310744613476 22.82143984
8 24324828 0.831788778877888 22.85101868
8 24362703 0.962486385166797 22.88252229
8 24402182 0.373652271254345 22.92052077
8 24504020 0.369584009168698 22.9585723
8 24606979 1.04846664646075 22.99662383
8 24643272 0.395173071460455 23.03467536
8 24741844 1.35063709296838 23.07362843
8 24769391 0.464793483421204 23.11083402
8 24849433 1.06117535352165 23.14803729
8 24878922 1.15694962686567 23.17933001
8 24904650 0.702293318233296 23.20909642
8 24947034 0.485315844474073 23.23886283
8 25002536 1.17414236519768 23.26579835
8 25025477 0.45912592895616 23.29273387
8 25084145 0.723347157843376 23.31966938
8 25121036 0.302118611558654 23.3463539
8 25212275 1.19058989708751 23.37391923
8 25242009 1.23955090762827 23.4093207
8 25270600 0.636219849742981 23.44476114
8 25326238 0.774268340697318 23.48015927
8 25371956 1.63501154734411 23.51555739
8 25393606 1.40809101396237 23.55095552
8 25418745 0.869291117960213 23.58635365
8 25461573 1.67944785276074 23.62358382
8 25483741 0.611424199173055 23.66081398
8 25551702 0.414887359567084 23.70236716
8 25653708 0.591331442384272 23.74468858
8 25725277 1.47521397379913 23.78700999
8 25753902 0.86514595171183 23.82923843
8 25802651 1.57421582938726 23.87141303
8 25830738 1.84380256988439 23.91562826
8 25858677 0.680417253127425 23.96714262
8 25934698 1.6626819259297 24.01886832
8 25973931 1.33939633810573 24.08409984
8 26032043 3.34630266552021 24.16193499
8 26055303 2.43642142239817 24.23977014
8 26091172 3.8917090355899 24.32716168
8 26116151 1.01617510122516 24.42437312
8 26211730 1.7554701854017 24.52149797
8 26259626 1.80468240099375 24.60557829
8 26307123 0.822023399862354 24.69129512
8 26416098 2.42054714784633 24.78087551
8 26440150 1.62894634902189 24.83909498
8 26481454 1.18963169899394 24.90637725
8 26538011 1.76140168721609 24.97365953
8 26576536 0.896302424286023 25.04151795
8 26632140 1.15874361079478 25.09135635
8 26669899 1.56893608951261 25.1351093
8 26696264 0.617155843961663 25.17647471
8 26763145 1.1016010283978 25.21775097
8 26805930 1.33580622095102 25.26488294
8 26828306 1.0489338731444 25.2947734
8 26865356 1.7560865644725 25.33363659
8 26887536 1.0012853470437 25.37258616
8 26926436 1.01986979166667 25.41153574
8 26964836 0.779208117787505 25.450699
8 27015096 0.512138078812585 25.48986226
8 27091632 0.768223483195111 25.52905962
8 27142034 1.93223214731274 25.56777949
8 27162073 0.414441221488435 25.60649936
8 27255500 1.43311262752517 25.64521924
8 27285102 1.47970994282527 25.68764199
8 27313786 0.635836570277658 25.73008585
8 27383296 0.539001089804531 25.77428318
8 27469550 1.26982013731172 25.82077395
8 27507857 1.13970758280443 25.8694172
8 27546774 1.30082445794091 25.91377106
8 27580857 0.479185503548559 25.95810744
8 27661594 0.794987969077971 25.99679532
8 27700660 0.255588004497909 26.02785258
8 27824273 0.904587052310473 26.05944646
8 27859677 0.61917828537526 26.09147278
8 27927097 0.565608207132389 26.13321733
8 28008977 1.12801684881603 26.179529
8 28044113 0.992219839409506 26.21916296
8 28084215 0.906749840051184 26.25895346
8 28127979 0.44565119625832 26.2986365
8 28216923 1.15297129061346 26.3382743
8 28251302 1.97661614965664 26.37791211
8 28268194 0.527419710674777 26.41130061
8 28331652 1.31792324332986 26.44476922
8 28356614 1.15568190319443 26.47766761
8 28383348 1.09354758786678 26.50856396
8 28411601 0.321635661416421 26.53946031
8 28507660 1.0878107175551 26.57035666
8 28536062 1.02371790618988 26.60125301
8 28566208 0.533762557392895 26.63211364
8 28624142 1.09160547867834 26.66303637
8 28652470 1.39207595722969 26.69395909
8 28675009 0.369358858015355 26.72533538
8 28744432 6.78155197657394 26.75097696
8 28747847 0.842150353394731 26.77413556
8 28780530 0.697894084855993 26.80166
8 28819278 0.665826374665196 26.82870237
8 28857360 0.468674933454522 26.85405842
8 28903569 1.00604576176598 26.87571539
8 28935823 1.177056416882 26.90816462
8 28972975 0.956440885621773 26.95189445
8 29018683 0.351779263699946 26.99561129
8 29148793 0.253593076471305 27.04138164
8 29329279 1.00763930167536 27.08715199
8 29374702 1.18752891584846 27.13292234
8 29413608 0.362189663146837 27.17912407
8 29541171 0.939916349402113 27.22532579
8 29578469 0.535702680258518 27.26038239
8 29661558 1.81906637321904 27.30489364
8 29687457 1.56523472540616 27.35200582
8 29717556 1.07372883287372 27.399118
8 29761433 2.86883449031787 27.44623017
8 29777855 0.535011015467079 27.49334235
8 29865913 0.929939475989488 27.54045453
8 29916141 1.51983201119925 27.5871638
8 29946143 1.58690053595044 27.63276208
8 29974877 0.762470110195141 27.67836037
8 30034680 1.21696637057365 27.72395866
8 30076221 0.982337872455171 27.7745131
8 30135557 1.3228632381644 27.83280079
8 30179619 1.9569923302989 27.89108848
8 30207521 2.52527401378162 27.9456929
8 30229144 1.59072722993646 28.00029732
8 30263136 1.03824465760836 28.05436924
8 30311195 1.30320204763895 28.10426667
8 30349483 1.61166113436282 28.15416409
8 30384128 1.48361897170187 28.20999973
8 30421763 0.895232140566885 28.26583537
8 30484139 1.9587834993686 28.32167674
8 30512647 1.73592071137458 28.37751811
8 30545035 0.464050777090882 28.43374076
8 30666192 1.67799697446822 28.48996341
8 30698583 1.46483836777954 28.54431523
8 30736323 0.51125140291807 28.59959814
8 30843243 1.98745636998255 28.65426121
8 30870747 0.307656403767749 28.70892428
8 31048572 2.40253128419851 28.76363283
8 31069589 0.420299988346735 28.81412721
8 31189727 0.663818263087319 28.86462159
8 31265793 0.672315554511278 28.91511598
8 31333889 0.745692448655776 28.96089793
8 31423383 4.35439236297329 29.02763339
8 31442029 1.11289906726321 29.10882559
8 31507964 2.09522990482743 29.18220469
8 31542848 0.776658838514509 29.2552951
8 31643340 0.805773371795393 29.33334308
8 31692566 0.913637333712741 29.3730076
8 31734737 0.892373676450878 29.41153694
8 31779503 1.02427036112667 29.45148512
8 31818769 1.51552490767955 29.49170437
8 31845307 0.586736904826391 29.53192361
8 31919151 0.991283060309326 29.57525056
8 31962859 1.18071796734861 29.61857751
8 32006900 1.77376244374744 29.67057717
8 32036232 1.4677687815612 29.72260497
8 32071679 1.91150271730392 29.77463277
8 32102776 2.61703158729459 29.83407451
8 32125475 0.827755226023804 29.8934784
8 32197901 1.4080862238757 29.95342904
8 32234457 1.27838907493585 30.00490294
8 32280443 0.729000416245466 30.06369099
8 32364528 0.417642037018707 30.12498887
8 32526176 0.619802361396304 30.19249979
8 32619680 1.45638215302114 30.25045413
8 32662197 0.44312296447908 30.31237522
8 32806816 1.66021608507997 30.37645898
8 32842265 0.444378166552149 30.43531242
8 32974704 0.46137147458903 30.49416587
8 33088946 1.4668416320381 30.54687385
8 33130097 1.5504679144385 30.60723591
8 33168993 1.72433807971636 30.66754289
8 33203967 0.90612128318451 30.72784988
8 33270489 0.220784204283821 30.78812701
8 33585815 1.72483175622587 30.85774597
8 33615088 2.31885869765048 30.90823705
8 33642285 2.6230562530285 30.97130346
8 33664986 2.58258543320677 31.03084958
8 33688162 1.62298488851943 31.09070318
8 33721845 0.577772399162834 31.14537033
8 33792082 0.933500977926795 31.18595142
8 33852925 2.176970522843 31.24274839
8 33880811 0.607105618421486 31.30345515
8 33971922 0.679596116316561 31.35876895
8 34054421 0.611013633540034 31.4148349
8 34146180 1.46869597107979 31.47090085
8 34184354 0.640839766522312 31.5269668
8 34269330 0.872592108487869 31.58142285
8 34330535 1.33082102776137 31.63482938
8 34372860 1.50543038564319 31.69115634
8 34413649 2.43961582728103 31.75256134
8 34438846 2.55416129970499 31.81403207
8 34462913 2.51843589527738 31.8755028
8 34486671 2.28352797496374 31.9353355
8 34512873 0.538981226832476 31.9951682
8 34579777 0.998666553181831 32.0312287
8 34615024 0.32684053558944 32.066429
8 34728021 1.69219330855019 32.10336059
8 34748196 1.37469546857236 32.13750084
8 34772824 1.04265975206905 32.17135717
8 34800977 1.30167572867457 32.20071134
8 34823415 1.32595339776729 32.2299188
8 34850109 0.426394410312011 32.26531366
8 34933119 1.13430970388412 32.30070852
8 34964323 0.502985454751259 32.33610338
8 35034999 0.485928041398164 32.37165273
8 35116935 0.673659379839378 32.41146742
8 35172469 0.99173375114809 32.44887884
8 35209487 1.15823605706874 32.48559043
8 35243411 1.23305779909137 32.52488211
8 35275107 1.41431615442956 32.56396479
8 35302796 0.636760822597423 32.60312588
8 35365281 0.487829029832038 32.64291355
8 35445061 1.79083197978704 32.68183266
8 35467225 0.392940920293369 32.721525
8 35568258 1.24976389850784 32.76122537
8 35600024 1.31757990109854 32.80092573
8 35630155 1.00717964330111 32.8406261
8 35669572 0.258822564439067 32.88032646
8 35864640 0.534382926262391 32.9308143
8 35963599 1.56656749721086 32.9836967
8 35995867 1.39594609521706 33.03424687
8 36032079 0.785132952286282 33.08479704
8 36096463 0.352264989786518 33.1353472
8 36246265 1.35672249886827 33.18811708
8 36292654 0.420310444619837 33.25105366
8 36444694 2.59874518166161 33.31495765
8 36469080 2.73016177811915 33.37833028
8 36489911 1.84915212234928 33.43520249
8 36518158 0.750562002551795 33.48743518
8 36583994 0.69531568801272 33.53684949
8 36655061 1.159354324058 33.5862638
8 36697683 0.559203304475754 33.63567811
8 36786048 1.59051113686108 33.68509243
8 36817116 1.45062235791451 33.73450674
8 36851180 1.84178167728714 33.78392105
8 36882409 2.05802714803497 33.84143764
8 36910551 2.136843270366 33.8993547
8 36937655 2.64996339007871 33.95727177
8 36959507 1.35174704013861 34.01517873
8 36994137 1.23822245734691 34.0619896
8 37031942 0.993442275042445 34.10880046
8 37079062 0.762978175476342 34.15561133
8 37140415 0.725977047146402 34.20242219
8 37204895 0.802148485094631 34.24923306
8 37254139 0.837303252885624 34.28873448
8 37311319 0.644857859531772 34.33661138
8 37387863 2.25783082295304 34.38597099
8 37407050 1.99478326139989 34.42929189
8 37433695 2.16395244686915 34.48244327
8 37458257 1.18326506989582 34.53559465
8 37503181 0.970478694271004 34.58875123
8 37557955 2.47899081285268 34.6419078
8 37579398 1.4777631246668 34.69506437
8 37615037 1.09838767835986 34.74773067
8 37653863 1.46250962702167 34.79037642
8 37690219 1.07294604248919 34.84354702
8 37738090 1.13257558840606 34.89491029
8 37782872 0.94625 34.94562898
8 37836472 0.338734275270518 34.99634767
8 37960401 1.17826270031952 35.03832651
8 38000774 0.278352718666018 35.08589673
8 38187943 1.3590002524615 35.13799565
8 38227553 1.293151079828 35.19182547
8 38269180 0.728870474178785 35.24565529
8 38343034 0.159653051474979 35.29948512
8 38677954 0.562750425111897 35.35295651
8 38729117 0.54028898480015 35.38174868
8 38782407 0.820885832451669 35.41054085
8 38823995 1.03425128614267 35.44467995
8 38860344 1.08518898799974 35.48227368
8 38891510 1.44029469380802 35.51609441
8 38914992 0.320751465012065 35.54991515
8 39019428 0.661587491285728 35.5834129
8 39059592 0.217556654752019 35.60998535
8 39225774 0.630958071828401 35.64613978
8 39290623 1.02108704332202 35.68705669
8 39330695 0.474097676843752 35.72797359
8 39417000 0.535247563607823 35.7688905
8 39493445 0.828308014667365 35.80980741
8 39541170 0.984332113449222 35.84933796
8 39584890 1.16435417741454 35.89237287
8 39621719 1.15141297366731 35.93525487
8 39659087 2.11708770933863 35.97828037
8 39680225 1.21361879777721 36.02303147
8 39715676 1.77210097197992 36.06605565
8 39743763 2.0815711168419 36.1158286
8 39768968 0.615801815539986 36.16829451
8 39838479 0.833537018615887 36.21109917
8 39908849 0.847985427419005 36.26975494
8 39978020 2.15296856810244 36.32841071
8 40003790 1.97368514759819 36.38389247
8 40031873 2.07218718209563 36.4393194
8 40056448 0.575007871345879 36.49024336
8 40139026 1.44778485837119 36.53772612
8 40171823 0.82595352915388 36.58520887
8 40219724 0.584718344191818 36.62477273
8 40287413 0.843757994371962 36.66435175
8 40334321 1.05582470332015 36.70393077
8 40356820 0.423855627635874 36.72768557
8 40428191 0.486335373788982 36.75793651
8 40490432 1.08624599546453 36.7882061
8 40518213 1.29885885885886 36.81838287
8 40543188 0.27747225360537 36.85082224
8 40663564 0.769882298638357 36.88422363
8 40706894 1.36408183265956 36.917583
8 40731383 1.17867637928894 36.95098785
8 40755544 0.726090614721705 36.97946589
8 40794765 0.742632119621048 37.00794392
8 40838570 0.205846682500379 37.0404754
8 40996882 0.545482535664192 37.07306382
8 41055344 0.243043647255184 37.10495421
8 41186555 1.43449801372337 37.13684461
8 41208707 0.948516848267556 37.16862119
8 41244408 0.391725093412822 37.20248383
8 41339684 0.975509030554902 37.23980562
8 41377943 0.589046717171717 37.27712741
8 41441303 0.863631105249763 37.3144492
8 41484524 0.981273841174431 37.35177578
8 41519128 0.399216665019274 37.38573212
8 41600064 0.470696455515261 37.4180435
8 41675618 1.00991083091952 37.45360698
8 41710832 1.45440045804024 37.48917047
8 41735284 0.648640268480858 37.52473395
8 41790111 1.07490598290598 37.56029744
8 41819361 1.31542206301093 37.59173835
8 41841135 0.201346265395044 37.62038
8 41989397 1.14213566974021 37.65023239
8 42015534 0.334632139708982 37.68008478
8 42093811 0.869510373443984 37.70627927
8 42123936 0.860993327416757 37.73247375
8 42154359 1.0487668161435 37.75866823
8 42179335 1.0291499251556 37.78486272
8 42204721 0.490734595946705 37.81098899
8 42263488 1.4146828035643 37.83982802
8 42286045 0.598119417019276 37.87173874
8 42349855 1.88483381895402 37.90990491
8 42370104 0.8674016822005 37.94807107
8 42414094 1.12190173767311 37.98622783
8 42448105 0.66749302065885 38.02438459
8 42492880 0.822910695861516 38.05427158
8 42527772 1.13773427903475 38.0829845
8 42553009 1.06712008027651 38.11169742
8 42579916 0.269155777198673 38.14041035
8 42686594 1.04736530491415 38.16912327
8 42720374 1.24720514253773 38.20450374
8 42756154 0.359340323566305 38.2491286
8 42880518 1.13180952380952 38.29381759
8 42919893 1.1465041990829 38.33838277
8 42958711 0.226423735773171 38.38288732
8 43148669 0.659556523339263 38.42589825
8 43213881 0.317151552399499 38.46890918
8 43348930 0.274396357389633 38.51174027
8 43505521 1.18881061148109 38.55470778
8 43541859 0.581111546093929 38.59790688
8 43615936 1.05033427841367 38.64095422
8 43644505 0.277503421743795 38.67096136
8 43752637 0.289054146477734 38.7009685
8 43856448 0.261969199608884 38.73097565
8 43970992 1.10411140583554 38.76098279
8 43998136 0.323821460600102 38.79095307
8 44090687 0.798518597463498 38.82092335
8 44128219 0.530273541172724 38.85089363
8 44184737 0.580914375611534 38.88086391
8 44236860 0.349069654838487 38.91114254
8 44323602 0.865160516394379 38.94142117
8 44358614 0.821625587651838 38.97171205
8 44395413 1.27390760471035 39.00194682
8 44418596 0.464459914528624 39.03147982
8 44484817 0.255703213254676 39.06223688
8 44612289 0.852971949578995 39.09483207
8 44652431 0.413791436547549 39.12907193
8 44735178 1.31869824764106 39.16331178
8 44761143 1.55184916606236 39.19755164
8 44783207 1.25601221162985 39.2317915
8 44817928 1.47904532369284 39.27540168
8 44847802 1.2774849158463 39.31958618
8 44879292 1.00242374727669 39.35981373
8 44916012 1.20393144501864 39.39662293
8 44946586 1.98448692408765 39.43343214
8 44970179 0.59247073710851 39.48025257
8 45049204 2.17352728380488 39.527073
8 45075465 0.298706871739051 39.58415175
8 45266552 0.561965730057117 39.6412305
8 45344813 1.87861875387578 39.68521058
8 45375452 1.64876066639577 39.74276964
8 45412367 2.55441306081336 39.80363335
8 45436194 2.96331252117516 39.86449707
8 45456855 0.896371989860583 39.92572245
8 45519975 1.62730989370401 39.98230156
8 45544435 0.968218684289577 40.02210517
8 45577725 1.09657765102411 40.05433705
8 45608581 1.23785206303456 40.08817326
8 45640500 1.24446868183235 40.12768467
8 45672590 0.629174294552112 40.16761953
8 45735954 1.31136003172086 40.20748612
8 45756130 0.732908587257618 40.23394412
8 45792230 0.433661835242314 40.26040213
8 45868536 0.410710909434676 40.29349311
8 45953160 0.869869185594879 40.32824928
8 45985343 1.0317448865481 40.35624437
8 46013064 0.44114447191805 40.38484582
8 46083839 0.323909908601425 40.41606754
8 46180230 0.351789630215245 40.44728926
8 46286481 0.152596898908331 40.48466718
8 46531427 0.871037076840408 40.52204509
8 46581674 1.54212325147105 40.56581195
8 46610055 1.11613629661403 40.60957881
8 46647356 0.725054097281024 40.6512118
8 46700501 0.914790590935169 40.68974444
8 46744076 0.821727403382356 40.72960611
8 46794869 0.813129657553705 40.77134363
8 46840628 0.804895982007699 40.80855194
8 46886870 0.892357691550128 40.84577218
8 46927486 0.860391691394659 40.88201586
8 46969611 0.778057113388771 40.91825954
8 47016150 1.55221193415638 40.95446912
8 47039478 1.52993891387528 40.9906787
8 47069272 0.989794367359347 41.03626133
8 47115325 1.16554737438304 41.08184396
8 47140043 0.790042206166392 41.110654
8 47181980 1.13242176074876 41.14378642
8 47209332 0.924707427752568 41.1747603
8 47242828 1.80274798596352 41.20573418
8 47263061 0.948203125 41.24220896
8 47301461 1.02092372687828 41.27862007
8 47336493 0.809138488469714 41.31438497
8 47392476 1.48452268015881 41.35968265
8 47420937 1.91902278342026 41.40193317
8 47442795 1.3817342226783 41.44387907
8 47468132 1.4289713761645 41.47888787
8 47488849 0.27788430808565 41.50849151
8 47595235 0.291126276502506 41.53805419
8 47696782 0.391380852967492 41.56761687
8 47763842 0.64800551221793 41.59386308
8 47804479 1.12193771036598 41.62019568
8 47827950 0.303835556426603 41.64652828
8 47914691 0.734777517564403 41.67288324
8 47950559 0.548046330761713 41.69923819
8 47998648 0.930253079665384 41.72559315
8 48026979 0.148275839680035 41.7519481
8 48180996 0.224837798190428 41.77478468
8 48282567 0.605247214392962 41.79762126
8 48320530 0.55324427480916 41.82059829
8 48362450 0.287527894867344 41.84378986
8 48443110 0.498699064616708 41.86698143
8 48489615 0.318300348604211 41.89017301
8 48562477 0.321446098478652 41.91336458
8 48611381 0.21608597761472 41.9290846
8 48734855 0.536159554730983 41.95576562
8 48788755 0.419980306409105 41.98466474
8 48857813 0.75596027677195 42.0136674
8 48885706 0.454190847683379 42.03475303
8 48938261 0.595669759695456 42.058623
8 48980291 0.785871064843848 42.08365918
8 49012183 0.573156787413099 42.10872256
8 49055911 0.76559500228554 42.13378594
8 49088726 0.418569209144041 42.15890906
8 49156311 0.436936241196095 42.18719793
8 49221055 1.28743845100144 42.2154868
8 49248066 1.1890121465486 42.25026175
8 49278445 1.52486491050321 42.2863823
8 49302133 1.65533201961413 42.32250285
8 49323954 1.06229579612285 42.35862341
8 49360682 0.651308760683761 42.39763907
8 49420586 0.484008581668465 42.43665473
8 49501223 1.23705229793978 42.47568421
8 49532773 0.461438454198473 42.51471369
8 49616613 0.690740608484502 42.55340047
8 49672621 0.998657683471437 42.59208725
8 49711360 0.421593434398997 42.63077403
8 49802258 1.04650591223136 42.66909578
8 49838877 0.710744816743638 42.70741752
8 49879585 1.84706546275395 42.73635072
8 49906165 1.48304294621526 42.78544584
8 49940487 1.06477523441809 42.83634725
8 49969495 1.12055295091009 42.86723466
8 49998503 0.463339055544241 42.89974003
8 50067241 0.588867333233846 42.93158897
8 50120849 0.750613071756051 42.96315682
8 50158365 0.844683210339158 42.99131662
8 50184518 1.03929183323815 43.01340721
8 50210783 1.10685962796477 43.04070441
8 50238146 1.51976599893636 43.07099092
8 50260710 0.640796825334149 43.10528296
8 50311361 1.21895929933024 43.1377402
8 50336594 1.98239527113853 43.16849803
8 50359940 2.27431715464728 43.2147795
8 50380296 1.52768291081046 43.2610758
8 50410748 0.996040388041972 43.30759686
8 50446105 0.942261427425822 43.34281381
8 50477280 0.738479520529209 43.3721893
8 50517491 0.418532058492688 43.40188392
8 50588611 0.878366991137585 43.43165002
8 50623026 0.356777211575294 43.46187934
8 50709175 1.51953369622814 43.49261508
8 50729934 1.42048553672822 43.52415893
8 50752301 0.950931732398133 43.55593086
8 50785948 0.889716923419165 43.58792713
8 50821910 1.30121061492824 43.61992341
8 50846856 0.619371088383453 43.65238293
8 50899264 0.768472906403941 43.68484245
8 50941488 0.693480993935808 43.71729012
8 50995576 0.764252602472349 43.75479952
8 51044760 0.757789716039908 43.7923883
8 51083850 0.40243076752317 43.82201063
8 51173945 0.812054143040059 43.85826808
8 51217681 0.624797691928788 43.89378411
8 51274525 0.847925973197192 43.92930013
8 51305865 0.729394024586603 43.95587416
8 51344992 0.986355662400104 43.98441288
8 51375774 0.909641080951525 44.01477525
8 51409152 1.2498869940415 44.04513762
8 51433487 1.01718114036668 44.07555316
8 51461250 0.31243974132863 44.10379277
8 51546300 0.921969328984803 44.13036597
8 51575122 0.848824067595931 44.15693917
8 51612284 1.45963028702541 44.18848322
8 51635383 1.34347809567233 44.22219964
8 51661702 0.574403954546825 44.25755854
8 51728056 0.344508263978432 44.29567254
8 51838959 0.674880327839895 44.33387978
8 51895572 1.56553984839172 44.37208702
8 51919977 0.845676580657869 44.41029426
8 51970747 1.74009078382103 44.45322931
8 51995421 1.82000949134993 44.49616436
8 52018600 0.623710997272304 44.53835041
8 52063693 0.36298877182097 44.56647502
8 52147500 0.80665359260922 44.59689581
8 52189823 0.407773252272374 44.63103575
8 52273546 0.421465819231603 44.66517568
8 52361183 0.772428792504914 44.70211142
8 52409001 0.884903825033732 44.73904717
8 52440870 0.560250193773996 44.76724843
8 52496347 0.96427070197562 44.79832952
8 52524895 0.219371323220037 44.82585758
8 52655614 0.893781161568522 44.854534
8 52685298 0.727714081957321 44.88106458
8 52721756 1.18004099605223 44.90759516
8 52748100 0.796041175868073 44.93868193
8 52787152 0.59509567155861 44.9697687
8 52840982 0.661631793982914 45.00180264
8 52889444 0.740730498905404 45.03386689
8 52932839 0.573142378871013 45.06601072
8 52986604 0.326139154160982 45.09682542
8 53059904 0.719250460265819 45.12073095
8 53099555 1.27738959061184 45.14924974
8 53121881 1.17120566351224 45.17776852
8 53149567 0.555867932937909 45.21019497
8 53207901 0.194713120980402 45.24262141
8 53346130 0.790451804741059 45.2695369
8 53370344 0.632847253609915 45.28867705
8 53412381 0.486912043104704 45.31527993
8 53467317 0.260940206806762 45.34202909
8 53560254 0.641902233040143 45.36628055
8 53614485 0.751968746787293 45.40109137
8 53663120 0.845868297095798 45.43766369
8 53695177 1.06315870156747 45.46477956
8 53721270 0.319233264404168 45.49252012
8 53819922 1.26909631534536 45.52401278
8 53844809 1.36355394378966 45.55559698
8 53867972 0.363607059392377 45.58718118
8 53954835 0.282352941176471 45.61876539
8 54066695 0.410740573537205 45.65034959
8 54117642 0.260480047780806 45.67127546
8 54198009 0.827399657902064 45.6922097
8 54223148 0.997603297862142 45.71300968
8 54244010 0.211610410736072 45.73382207
8 54342370 0.19346743010113 45.75463586
8 54449954 0.461937946646544 45.77544965
8 54495012 0.348824347651209 45.79626344
8 54554681 0.380302861596704 45.81707724
8 54608567 0.7863474156786 45.83757056
8 54634628 0.549819333762313 45.85806388
8 54675034 0.576633986928105 45.88027951
8 54717874 0.94062550904056 45.90498232
8 54742430 0.969497536945813 45.92808001
8 54767805 0.799403063399915 45.95268063
8 54798294 0.91325459857619 45.97705404
8 54822595 0.858864393563479 45.99924706
8 54850809 1.06397365532382 46.02347862
8 54873584 0.545667447306792 46.04771018
8 54917992 1.06557196789209 46.07194174
8 54945275 0.810233828488615 46.10101328
8 54981156 1.25127002735444 46.13008483
8 55004187 1.0048467519788 46.1589031
8 55032866 0.646114524012376 46.18772138
8 55077468 0.264267593890259 46.21653965
8 55190206 1.08648837615801 46.24633256
8 55218811 0.437030921645152 46.27741198
8 55298755 1.41903854551229 46.31234961
8 55323946 0.680040330251493 46.34809612
8 55376512 0.4040127599491 46.38384263
8 55433879 0.846743771504373 46.40702001
8 55458002 0.56016574431992 46.42744606
8 55493961 1.06012711155712 46.44758899
8 55517877 0.871986603920663 46.47294344
8 55552514 0.455151527070346 46.50314594
8 55603363 0.907400286643129 46.52628997
8 55631970 0.605693993017937 46.5522481
8 55665198 0.629808557882734 46.57237458
8 55698524 0.55578947368421 46.59336371
8 55733674 0.497440758293839 46.6128993
8 55775874 0.327344442030318 46.63389161
8 55835707 0.871355125844076 46.6534773
8 55861771 0.820816192799155 46.67618811
8 55889240 0.311942282134042 46.69873508
8 55952444 0.635610432315677 46.71845073
8 55983463 0.560186867376071 46.73816637
8 56021993 0.649415234763522 46.75975013
8 56051150 0.738107549120993 46.77868527
8 56082094 0.470352359013736 46.80152519
8 56128978 0.422759863502166 46.82357697
8 56181140 0.288227528787463 46.84562875
8 56257649 0.555479986901433 46.86768053
8 56297348 0.299949672873679 46.88973231
8 56370867 0.172087070219701 46.91178409
8 56479469 0.258377760853008 46.93047341
8 56558249 0.356174685312181 46.95082891
8 56614098 0.370925635861863 46.9707214
8 56667726 0.636625613228584 46.99061389
8 56696875 0.835787956582444 47.00917102
8 56719078 0.411195850458252 47.02772815
8 56764577 0.435721272532489 47.0464369
8 56807515 0.179890662671522 47.06514566
8 56908304 0.566436168563366 47.08327673
8 56940553 0.347440699126092 47.10154422
8 57004633 0.750602123545575 47.12380787
8 57034112 0.467317367679614 47.14593511
8 57083802 0.509750968912344 47.16915577
8 57132310 0.862258953168044 47.19388228
8 57160987 0.75845040181584 47.2186088
8 57193589 1.07999706432791 47.24333531
8 57220840 0.679514527399779 47.27276679
8 57261625 0.538669361892359 47.30048041
8 57313074 0.664110613213199 47.32819402
8 57354805 0.424383306060652 47.35590764
8 57420194 0.999961474746696 47.38365792
8 57446151 0.78757321250967 47.40961383
8 57482347 0.357087877603704 47.43812076
8 57566794 1.04274006708392 47.4682762
8 57595713 1.03907515247579 47.49843163
8 57624734 0.862532536254684 47.52858707
8 57659695 0.6829052860443 47.55874251
8 57703849 0.862177633861455 47.58889508
8 57738437 0.101293997950466 47.61871612
8 58010694 0.713730871805494 47.64629423
8 58049315 0.506300051428991 47.67385967
8 58103759 0.484740424299471 47.7014251
8 58159003 0.286476887362667 47.72820387
8 58252480 1.0054308333652 47.75498264
8 58278627 0.255869026086632 47.78127187
8 58385885 0.176959766976151 47.80871538
8 58523210 0.403356183710392 47.83301671
8 58583457 0.950627909706193 47.85731804
8 58609018 0.576024084961123 47.88161736
8 58651202 0.866505804095474 47.90591667
8 58681870 0.474104412819448 47.93249052
8 58734852 0.393024784078107 47.95760972
8 58798764 0.654656574438705 47.98272892
8 58837870 0.384006052245116 48.00833023
8 58905283 0.602583798882682 48.03421676
8 58948243 0.905560634365436 48.06010329
8 58973402 0.298681270643093 48.08288583
8 59055754 0.536814097531187 48.1074825
8 59101606 0.790681346736876 48.13209677
8 59132941 0.195088951822315 48.1568729
8 59251938 0.335734015937062 48.18008802
8 59321085 0.311655657941232 48.20330313
8 59394663 0.628349865731353 48.22623452
8 59431157 0.358168158318104 48.24916592
8 59495180 0.481127127001112 48.27209731
8 59542841 0.930271415763306 48.29502871
8 59567379 1.27120343041711 48.31785544
8 59585336 0.560667612941119 48.34068216
8 59626198 0.313616819298637 48.36359182
8 59697830 0.45628248862898 48.38605644
8 59747078 0.32951483471987 48.40852712
8 59814993 0.432177241619302 48.43090622
8 59858098 1.09038988010951 48.44953533
8 59879284 0.777680525164114 48.4726359
8 59908989 0.707837970339502 48.49573647
8 59941625 0.467201558162183 48.51883705
8 60010424 0.796697899350159 48.55098018
8 60063360 0.290889710535958 48.59315385
8 60213465 0.592386438830719 48.6368182
8 60290538 0.818059667023577 48.68247567
8 60338169 0.66517946862816 48.7214406
8 60387927 0.669173935077752 48.75453903
8 60425418 1.12936408977556 48.77962722
8 60447874 0.450779094302873 48.80498825
8 60497162 0.273247496423462 48.82720584
8 60577547 0.579383292448102 48.84917078
8 60615458 0.921543947975666 48.87113573
8 60639293 0.802491688283219 48.89310067
8 60666664 0.480174377847879 48.91506561
8 60712312 1.04590351672472 48.93698501
8 60733269 0.44052978535252 48.9589044
8 60783025 0.473133894859134 48.98082379
8 60831227 0.450044400592008 49.00362983
8 60881902 0.509575298183034 49.02643586
8 60926757 0.911933457817009 49.04929261
8 60956212 0.644942599329145 49.07615383
8 60998546 0.535622798591098 49.10345671
8 61048514 0.842749376760449 49.13022028
8 61079401 1.02225779999219 49.15625021
8 61105010 0.876343186154722 49.18242918
8 61134883 0.326144714161666 49.20860815
8 61212042 1.05222445224954 49.23377294
8 61235958 0.58673350431336 49.25893773
8 61278848 0.48423098385576 49.28410252
8 61330817 0.708893208259388 49.30926731
8 61366316 0.997423701942133 49.3344321
8 61391546 0.73113687207647 49.35959689
8 61425965 0.942085953878407 49.38476168
8 61452677 0.334321926826349 49.40992647
8 61527868 0.403836267831898 49.43506398
8 61590116 0.668350526427736 49.46020148
8 61627728 0.994294092007766 49.48533899
8 61652965 1.07736894079258 49.51043233
8 61676256 0.0749580453140416 49.53552567
8 62011737 0.466718027734977 49.56067241
8 62057167 0.722591418737007 49.5818759
8 62086510 0.735361289094716 49.60307938
8 62118036 0.501593499190736 49.62626273
8 62177967 1.00332533424751 49.65632355
8 62207137 0.585222955408918 49.68559074
8 62257147 0.754809924175994 49.71485794
8 62295921 0.392835091675391 49.74412513
8 62370423 1.1832415609289 49.77339233
8 62391308 0.727574433541055 49.79810456
8 62433191 0.629971884561316 49.82857805
8 62481563 0.506362126245847 49.85905155
8 62541763 0.187353644370417 49.88953445
8 62704466 0.518856188544844 49.92001736
8 62763147 1.18071121107535 49.95046471
8 62788934 0.2733391421865 49.98091207
8 62901406 1.19240626108899 50.01165518
8 62926769 0.443112274354336 50.04189821
8 62978731 0.528507920065605 50.06492336
8 63025069 1.09497606585246 50.08941296
8 63047422 0.32281294100579 50.11388916
8 63123243 0.573907334458826 50.13836536
8 63165891 0.78888674015342 50.16284156
8 63196917 1.39195264925161 50.18731776
8 63214488 0.243351077060843 50.21177612
8 63314993 0.562015771202612 50.23623449
8 63358490 0.364464008803962 50.26068015
8 63418463 0.854949400953821 50.28253809
8 63444254 0.738761855268286 50.30458782
8 63475042 0.793003735089763 50.3273326
8 63499941 0.956597450387699 50.3470775
8 63530377 1.20273949995874 50.37619221
8 63554615 1.29980381665775 50.40534405
8 63577043 0.981934884261276 50.4344959
8 63611474 1.71263931705004 50.46830476
8 63632559 1.28212389380531 50.5044159
8 63660809 0.657087914081492 50.54063617
8 63715931 1.06388735505246 50.57685644
8 63752151 1.08923877095288 50.61539009
8 63787528 1.79153033560811 50.65392374
8 63808922 0.493718699601053 50.69225195
8 63879608 1.13588301462317 50.72715088
8 63910723 0.575105058127051 50.76249342
8 63975925 0.980647523406036 50.79999155
8 64014163 1.43394234300404 50.83748968
8 64035947 0.837520444003539 50.8687266
8 64073244 1.49009688350117 50.89996353
8 64094197 0.862581500718311 50.93118529
8 64130393 0.418748106142591 50.96240706
8 64222797 0.543590881213054 51.00110151
8 64299430 0.843139636083956 51.04275885
8 64348837 1.12162089391492 51.08441619
8 64385977 0.449384021230231 51.12607353
8 64478675 1.02539257391944 51.16773087
8 64516757 1.04669445291586 51.20677973
8 64546268 0.969624647428943 51.23766835
8 64573922 0.419703255748541 51.26448263
8 64645027 0.157382724965218 51.29432565
8 64833345 0.692476635514019 51.32396406
8 64876145 0.18251119143355 51.35360246
8 65038546 0.422005808986844 51.38324262
8 65108782 0.763753141580564 51.41288278
8 65148173 1.1625525210084 51.44296778
8 65171021 0.976831421006178 51.46952947
8 65198213 0.424482620854974 51.49609117
8 65260788 0.296400191479177 51.52265286
8 65365238 0.698556933483653 51.55361142
8 65409588 0.495934048343205 51.5845927
8 65472058 1.10689894663734 51.61557399
8 65506614 0.942270165976014 51.6538241
8 65552223 1.52830703159617 51.69680012
8 65581562 0.266750921866305 51.74163862
8 65773835 0.580974388600039 51.79292736
8 65862116 0.206759627672226 51.84421609
8 66110177 0.69845702469114 51.89550482
8 66166756 0.582844163888971 51.93502278
8 66234558 1.41062750897951 51.97454074
8 66262956 1.1212528339911 52.01459969
8 66298683 1.18272807794508 52.05465863
8 66332553 0.718842848755493 52.09471757
8 66388760 0.805618713630583 52.13512153
8 66440658 0.829224652087475 52.17693175
8 66490958 0.219232509195334 52.21864225
8 66643481 1.34445740018495 52.25208035
8 66668352 1.3763325787199 52.28551844
8 66692647 0.302075993278768 52.31895654
8 66803341 0.869490232496435 52.35239463
8 66833492 0.222894273484754 52.37861094
8 66969229 0.744720129966032 52.4088661
8 67009855 1.28498619664472 52.43912127
8 67033400 0.771267834064013 52.46937643
8 67072861 0.935109226656835 52.49981119
8 67105408 0.655037003473796 52.53024595
8 67145134 0.421253569818127 52.55626766
8 67211664 0.66652397260274 52.58429334
8 67253712 0.384528840349048 52.61231901
8 67326596 1.14112377850163 52.64034468
8 67351156 0.250151736941697 52.66837036
8 67463192 0.555728193529354 52.69639603
8 67514037 0.501412429378531 52.72465194
8 67572801 0.40282912935119 52.75411665
8 67645827 1.15321764551554 52.78353397
8 67672508 0.472923910033537 52.81430325
8 67737510 0.973987706735948 52.8450446
8 67769072 0.406516741100922 52.87578594
8 67844754 0.468734874861434 52.90655209
8 67908803 0.801271479491408 52.93657416
8 67946397 0.507181373784206 52.96669752
8 68005926 0.232518203049869 52.99688909
8 68136948 1.22682702619887 53.02735404
8 68163056 1.06150773839241 53.05938442
8 68193101 1.75905224787363 53.09127698
8 68217791 1.03232630553113 53.13470848
8 68259862 0.705995095690408 53.17813997
8 68330820 0.724460452551776 53.22823607
8 68399674 0.216914523346743 53.27811845
8 68620904 1.92598224815344 53.32610628
8 68653126 1.49057280573927 53.3881652
8 68697731 2.19643203412837 53.45465258
8 68728673 1.38299993895118 53.52261498
8 68777814 6.81988058381247 53.59057738
8 68786858 1.15507180544394 53.6522567
8 68844096 1.29988728272262 53.71837058
8 68894665 2.07016338133767 53.78410495
8 68926676 2.71341919401745 53.85037315
8 68950746 1.48814439856134 53.91568496
8 68980774 1.11759703881553 53.96037073
8 69020758 1.87365766352099 54.0050565
8 69045342 0.681299629433563 54.05111872
8 69120902 1.49441983063205 54.10259749
8 69156564 2.40586855393424 54.15589187
8 69181715 1.45947901591896 54.21640224
8 69223175 0.304940735365264 54.27691261
8 69421607 0.694934087035319 54.33742298
8 69514305 0.763142600517779 54.40184174
8 69590013 1.18561080215879 54.45961794
8 69638744 17.4611948632049 54.51739414
8 69640535 0.62419587894143 54.54866738
8 69691056 0.580395822473082 54.58020234
8 69746687 0.198349555079897 54.61249033
8 69895253 0.86582441363982 54.64195815
8 69929447 0.294628925785157 54.67156426
8 70029427 1.12435589144624 54.70102119
8 70055626 1.26024642765466 54.73047811
8 70079000 1.05388436594453 54.75993504
8 70107988 0.787858469156179 54.79048458
8 70146764 0.560753551964213 54.82103412
8 70210250 1.23541300818396 54.8566343
8 70240431 1.24192027657011 54.89392037
8 70278613 0.395533601759993 54.94133889
8 70399068 1.5522125655145 54.98898245
8 70429214 1.23257065948856 55.03577512
8 70466364 1.20605946556266 55.08156535
8 70498248 0.626582587867234 55.12001934
8 70559619 0.475605957363964 55.15847334
8 70662349 0.746805453656151 55.20733278
8 70727773 0.789959579628133 55.25619222
8 70789623 2.10583111727753 55.30505166
8 70815570 1.4132722666147 55.35969169
8 70866880 2.47944368026899 55.43220684
8 70893052 2.64117349519474 55.49709857
8 70922707 2.79894140998309 55.57542213
8 70949913 1.3002249598286 55.65157036
8 70996588 1.16365807403245 55.71225863
8 71053536 0.351860061870702 55.77852652
8 71256540 0.696462638196152 55.84995601
8 71343554 0.429510197985727 55.91055826
8 71497555 1.66657125757852 55.97670344
8 71535986 0.995614186552474 56.04075147
8 71593900 1.33232286903355 56.09841157
8 71632826 1.87804114490161 56.15027321
8 71655186 1.6999429549344 56.19226653
8 71679728 1.70132941848136 56.23398702
8 71704250 0.722970293615627 56.27570751
8 71762251 0.433156350714817 56.31764084
8 71859059 1.71217916225059 56.35957417
8 71880760 1.44362421322558 56.3967298
8 71906498 0.897740312472416 56.43388543
8 71951814 0.635925821684336 56.47456715
8 72015768 1.11823510078878 56.5152375
8 72052280 0.688001540733132 56.55606669
8 72114588 0.819637055234171 56.5989342
8 72165064 0.30760177646188 56.64030594
8 72300164 1.28114252961406 56.68186301
8 72331568 1.24118213741881 56.72209636
8 72363747 0.888136197522061 56.76203603
8 72408623 0.988819442715207 56.80189177
8 72448782 1.97228568590444 56.841602
8 72468916 0.85421730806462 56.88131223
8 72515403 0.420390982220861 56.92102247
8 72603540 0.452820042774213 56.95807489
8 72685365 1.20341021649922 56.99512732
8 72713633 1.12627411338556 57.02914578
8 72749246 0.477505684591483 57.06925602
8 72833245 1.42936544696619 57.10936625
8 72861312 1.49811419395795 57.14948428
8 72888091 2.51776076314799 57.1896023
8 72904025 1.62903225806452 57.22972033
8 72930313 0.503456383729132 57.27254396
8 73015373 1.19669908178684 57.3153676
8 73041184 0.889896687199884 57.34625534
8 73082418 1.21899790616061 57.38294914
8 73116327 1.29914825407801 57.42428431
8 73148144 0.524614095663654 57.46561949
8 73226920 0.297741186700982 57.50694639
8 73369517 1.15000406294862 57.54940375
8 73406436 0.947915190052854 57.59186111
8 73455817 1.05732941414051 57.63867052
8 73500384 0.301951838419049 57.68579242
8 73656442 2.30233835171372 57.73291432
8 73678295 1.89917711007096 57.78322725
8 73704787 1.87560111835974 57.83354018
8 73731612 2.27580975809758 57.88385311
8 73756002 1.79129957724207 57.93935997
8 73786989 1.92477231946372 57.99486682
8 73816526 0.875750947348963 58.051719
8 73881444 2.16163807715777 58.10857118
8 73910942 0.455800506972619 58.17233531
8 74054145 1.36620015967689 58.23760765
8 74096731 0.608093585673385 58.29578848
8 74218630 0.78780023869909 58.36991416
8 74325878 2.88131295344087 58.45440444
8 74354272 1.63193800503378 58.53621658
8 74384468 1.08309499101471 58.58549444
8 74463486 2.22340343181525 58.67107835
8 74502241 1.00130843765471 58.75724664
8 74558797 1.3149994244273 58.81387628
8 74602232 0.65667946587197 58.87099338
8 74689477 1.07511940946591 58.9282854
8 74742446 1.30604538251458 58.98523378
8 74772105 1.23764451355554 59.02396951
8 74801687 1.11341283501352 59.06058104
8 74834223 0.454266638058336 59.09680744
8 74913454 0.327548151336698 59.13279928
8 75022641 0.718975534246024 59.16856279
8 75072384 0.702914225036379 59.2043263
8 75123238 1.18828731554322 59.24007194
8 75142687 0.679215893728325 59.26318334
8 75176713 0.230676115077402 59.28629474
8 75289889 0.54394116176348 59.3124015
8 75337885 0.882321187584346 59.33850826
8 75367525 0.745185835528241 59.36466049
8 75401695 0.786809258361609 59.39012324
8 75434703 0.464966332672489 59.41609459
8 75490692 0.818058213314533 59.44212727
8 75530408 1.00417246175243 59.47461731
8 75562763 0.355821146841884 59.50710736
8 75617400 0.49576657199507 59.52654839
8 75654722 0.544151920586966 59.54505132
8 75689477 0.782113018068074 59.5639635
8 75713774 0.88777798897548 59.58296662
8 75740079 0.929667775417785 59.60631981
8 75765032 1.02378651943869 59.62951797
8 75786767 0.551298653700491 59.65177037
8 75827694 0.60023942537909 59.67433365
8 75865284 0.487181069958848 59.69689692
8 75913884 0.811775566724792 59.72057356
8 75943131 0.447056080708745 59.74431516
8 75990313 0.343429158110883 59.76540813
8 76056545 0.647941888619855 59.78815451
8 76091650 0.278707331063352 59.81090088
8 76173589 0.776812933025404 59.8337382
8 76206064 0.801442322965975 59.85896528
8 76237541 0.873639438695201 59.88419235
8 76267400 1.10888520267109 59.91027845
8 76290911 0.7016210739615 59.93634921
8 76328417 0.16502627511592 59.96266469
8 76490167 0.763473993551885 59.989358
8 76525216 0.401662095902934 60.01611683
8 76585381 0.532701421800948 60.04028254
8 76630746 0.955555555555556 60.06444825
8 76656036 0.51942221354675 60.08861397
8 76702143 0.863990759457118 60.11256306
8 76729847 0.535983528152916 60.13649934
8 76791528 0.405639194611109 60.16955947
8 76873029 0.451456399889736 60.2026196
8 76927444 0.378169067764311 60.22718586
8 76993039 0.371647598313956 60.25199223
8 77036217 0.34444491328748 60.26803891
8 77083615 0.377540873667414 60.28436475
8 77126858 0.319940505313424 60.30069058
8 77177955 0.717804610318332 60.31703831
8 77200730 0.381323138607861 60.33338603
8 77243628 0.370717344753747 60.34974424
8 77299668 0.457740272330675 60.37051905
8 77345054 0.49168702416811 60.39129385
8 77387217 0.659211896771207 60.41202501
8 77421781 0.721729490022173 60.43481001
8 77453351 0.564236541033134 60.457595
8 77493733 0.570399819968494 60.48038
8 77533726 0.977168558577854 60.50319248
8 77557071 0.875431729219433 60.52600495
8 77583129 0.0921592708703662 60.54881743
8 77830657 0.226865434149155 60.57162991
8 77931210 0.766583775791384 60.59444238
8 77960968 0.31358856278782 60.61725486
8 78033713 0.500757326308857 60.64006734
8 78079268 0.588772744870306 60.66287982
8 78118013 0.656649395509499 60.68569229
8 78152753 1.17809621289662 60.70850477
8 78177178 1.03854593089897 60.73728023
8 78207713 1.27409762947055 60.76899236
8 78231927 0.70233255798787 60.7998437
8 78277928 0.841354166666667 60.83215155
8 78316328 0.953319563293007 60.8644594
8 78350218 0.801906227506267 60.89676726
8 78390507 0.778489595510872 60.92907511
8 78433277 0.227150605768743 60.96237099
8 78551639 0.89062630888225 60.9892566
8 78587452 1.2152380952381 61.02115307
8 78614227 0.982872677843226 61.05369059
8 78647332 0.33028301133642 61.0862281
8 78747540 1.28432285603415 61.11932548
8 78773310 1.0424607049485 61.15242285
8 78805057 1.14384958352055 61.18551755
8 78833990 0.489052067449332 61.21861226
8 78901537 0.259041775835056 61.25164628
8 79053443 0.319385448780465 61.29099579
8 79269796 0.601244367104712 61.36009628
8 79391625 0.567514212914432 61.43334518
8 79522316 1.59434651762683 61.50751433
8 79568836 1.51260349961251 61.58168347
8 79617870 0.642386923421406 61.65585262
8 79707190 2.27762781835503 61.71323036
8 79732382 1.28704201379557 61.7706081
8 79777034 2.13354278452415 61.82807679
8 79805362 1.46771338996764 61.88851565
8 79844914 0.720512788814578 61.94656642
8 79925805 0.72032756664776 62.00484911
8 80010429 0.746677530085883 62.06580592
8 80085298 0.696159497895445 62.12170918
8 80165600 1.99089148676755 62.17761244
8 80193486 1.73683461428978 62.2331309
8 80228616 2.33152841781874 62.2941463
8 80254656 0.786152690733931 62.35485895
8 80331884 1.89556339567267 62.4155716
8 80363913 2.18345465276412 62.47628425
8 80394411 0.730595536244129 62.54287524
8 80493834 0.839619479153422 62.61551313
8 80580347 1.52817248379023 62.68815101
8 80631088 2.73744969286168 62.76569251
8 80659414 1.45904811040887 62.843234
8 80713685 3.00873926590166 62.92241792
8 80740003 1.42907411480097 63.00160184
8 80771832 1.13755637015744 63.04708786
8 80809751 1.92323975431169 63.09022282
8 80838568 2.15826161454885 63.14564509
8 80864247 0.937261839956451 63.20106736
8 80923031 0.758749277823491 63.25616363
8 80980150 0.652259302343148 63.2995023
8 81046343 1.274899036968 63.34267681
8 81078533 1.51681023399331 63.38371551
8 81109645 0.984191592147189 63.43090622
8 81158290 0.760051391623724 63.47878223
8 81229897 0.84354996202669 63.53320726
8 81294416 0.339447653024312 63.5876323
8 81454750 0.733304771595352 63.64205733
8 81529442 2.32035585681 63.69682973
8 81553047 0.71886739413764 63.75160212
8 81631309 2.98654072242267 63.80786257
8 81655976 0.831932395379152 63.88153158
8 81744964 1.68297009151807 63.95556384
8 81797959 1.22331915203084 64.04475277
8 81852961 2.46975939960268 64.11203807
8 81880143 0.950076155017769 64.17917107
8 81951051 0.939283027602569 64.24653873
8 82020175 1.38114093650721 64.31146553
8 82063613 2.15446479862131 64.3714595
8 82094947 2.20328082766334 64.43896763
8 82116405 1.26410633451547 64.48624599
8 82151088 0.702871250621223 64.53008931
8 82213465 0.757502711823551 64.57393262
8 82271544 0.271657231295565 64.61792811
8 82467968 1.40639082343302 64.67128817
8 82507024 0.27133798532152 64.72621625
8 82717400 1.45005842605294 64.7832995
8 82756766 0.500555366863417 64.84038275
8 82865703 0.555867268240012 64.89491132
8 82969431 1.06087132056082 64.95257033
8 83023923 2.062078127244 65.01037977
8 83051775 1.69164265129683 65.0678123
8 83085781 1.20425380476878 65.1253385
8 83133550 0.949791543650581 65.1828647
8 83189437 1.87565371024735 65.23594605
8 83217737 1.69961494031575 65.2890274
8 83243707 1.34197804870633 65.33316634
8 83276598 1.32673992673993 65.37730528
8 83316183 1.23926944949149 65.42982446
8 83358562 3.4776145607772 65.48234364
8 83375649 0.592267011871431 65.54176574
8 83475300 0.252886322270409 65.6007853
8 83697815 1.98271798900236 65.65705595
8 83720729 1.42341391660271 65.70248817
8 83752001 1.16132164905547 65.74700099
8 83795250 1.22538739121206 65.79722741
8 83842360 1.87418584099761 65.85495513
8 83872913 2.26708369625465 65.91221671
8 83898171 1.11078736290719 65.96947829
8 83928716 1.01357508720108 66.00340692
8 83960539 0.358401906310199 66.03566213
8 84050346 1.08934917250482 66.06784913
8 84079893 0.74333156278146 66.10003613
8 84123194 1.39380076955964 66.13222313
8 84146584 0.53482146908035 66.1648245
8 84212707 0.375079546900853 66.20018803
8 84306991 0.729605941819682 66.23555155
8 84355461 1.50632641758616 66.27091508
8 84378934 1.52602302617395 66.30627279
8 84402125 0.755212223384051 66.34166234
8 84448986 1.63768425550096 66.37705189
8 84472391 1.15603885135135 66.41538183
8 84505543 0.331695969071389 66.4537073
8 84625044 0.888217856826829 66.49334523
8 84670248 1.48671333797603 66.5334966
8 84697531 0.580288737165789 66.5740584
8 84774279 1.02109693258154 66.61859423
8 84811346 1.5705475174352 66.6564435
8 84849774 0.905935050391937 66.71679666
8 84923893 2.57095509622238 66.78394393
8 84951953 1.26043504848432 66.85608522
8 85009188 2.39146721474508 66.9282265
8 85039354 2.73394269643171 67.00036779
8 85067799 1.94862479143119 67.07813456
8 85104957 3.25732151693733 67.15054125
8 85127186 1.31252613571564 67.22294794
8 85179796 1.94814535541313 67.29199946
8 85214277 3.15400507089868 67.35917324
8 85235575 2.06959863364646 67.42634702
8 85256653 1.55800304325773 67.46997042
8 85284255 0.558103229583374 67.51297483
8 85345749 1.15105719934323 67.54729468
8 85375592 0.229679040520527 67.58164598
8 85540348 1.18824970168938 67.61948731
8 85572194 1.20758871585397 67.65732864
8 85603530 1.30572713844501 67.69516997
8 85633318 0.53501423678455 67.73406538
8 85706017 0.407094187957255 67.7729608
8 85801560 0.540803489054768 67.81185621
8 85873098 1.63392178393445 67.8505439
8 85896776 1.26562719483073 67.88923159
8 85932371 1.36235121151291 67.93428161
8 85967740 1.18196485566974 67.9824667
8 85996251 0.850678145752666 68.0161656
8 86042480 1.61119305145854 68.05549118
8 86066888 1.06983323811856 68.09481677
8 86103647 1.41120321527254 68.13414235
8 86131514 1.3010752688172 68.17346793
8 86161553 1.33743164759026 68.21255099
8 86190996 1.14362542621906 68.25192904
8 86227069 1.75142345859769 68.29318294
8 86257804 0.972737808683248 68.34701339
8 86313889 0.245131721843901 68.40156961
8 86460296 0.278785519657454 68.4374584
8 86588746 0.542082954889494 68.4732687
8 86654806 1.63110331212985 68.509079
8 86677601 1.54252782193959 68.54626015
8 86700245 0.913291862384156 68.58118943
8 86739630 0.647991352909386 68.61715991
8 86795140 0.549696050959315 68.6531304
8 86860447 1.42482475223592 68.68902953
8 86885269 0.712836480514263 68.7243967
8 86935049 1.21461577956529 68.75988143
8 86964264 0.653559259600331 68.79536617
8 87018559 0.854920321652775 68.83085091
8 87066188 1.22327034578064 68.87157037
8 87099475 0.332552138622593 68.91228982
8 87221937 0.606587879580771 68.95301433
8 87290730 1.50013584003478 68.9947437
8 87327538 1.95216545872371 69.04996072
8 87355823 1.62240700475995 69.10517775
8 87389857 1.24951593860685 69.16039477
8 87432207 1.10658720200753 69.21331149
8 87480027 2.33833922261484 69.26622821
8 87523043 4.29640886187315 69.31977493
8 87535546 1.26454802259887 69.42053209
8 87578026 1.70230700976043 69.47425049
8 87609582 1.3419770666267 69.52796889
8 87649611 2.40381259229427 69.58168729
8 87671958 1.19834028598836 69.63540569
8 87716785 1.49340498290181 69.68912408
8 87751584 0.744464812534013 69.74109315
8 87821410 0.663545059717698 69.79307585
8 87924562 0.893889331470139 69.86152225
8 88001133 1.93453937808777 69.92996865
8 88028661 1.33962216688049 69.98322218
8 88068414 1.820560987064 70.03647572
8 88091837 1.67809992234015 70.07911854
8 88122741 1.36920477347133 70.13097808
8 88160617 1.76238700468973 70.18283762
8 88190043 2.17085735891861 70.23469716
8 88211201 3.92735220649459 70.28062785
8 88220809 2.0293688278231 70.31836196
8 88244099 1.88240014815729 70.36562636
8 88276497 1.68926929255997 70.42661227
8 88312599 1.76181750508203 70.48759819
8 88347526 1.68946791787739 70.54913325
8 88368519 0.592029281200925 70.58459975
8 88449390 0.973941699383633 70.63247734
8 88498549 1.19152854511971 70.68035492
8 88538731 0.535224808281351 70.72823251
8 88628185 1.22853974884608 70.77611009
8 88666966 2.12163791504359 70.82375396
8 88688530 1.07987176996309 70.86950501
8 88740000 1.67559668777399 70.92508632
8 88772848 0.969156447417317 70.98012623
8 88829359 0.81768524608917 71.03489434
8 88899293 0.847722960151803 71.09207789
8 88966749 2.2259233984475 71.14926144
8 88990195 1.30481192334989 71.20145041
8 89025420 1.08413328642509 71.24741236
8 89065214 1.42987232444611 71.2905548
8 89097170 1.01925050189605 71.33624755
8 89142000 1.89904825235859 71.3819403
8 89166061 2.14829631024096 71.42763305
8 89187309 0.55250665864765 71.47327979
8 89280421 1.90650587645519 71.52472438
8 89316327 0.505141582412838 71.59317908
8 89455292 1.36756489936952 71.66337571
8 89499861 1.84127079274689 71.7243267
8 89533226 1.4491643454039 71.78576075
8 89557638 0.942280817402768 71.8211378
8 89595563 0.717540667013296 71.85687371
8 89649415 0.417347037823963 71.89551427
8 89742134 0.554560406905226 71.93420992
8 89814485 0.806022619980313 71.97433252
8 89864264 0.952887682711994 72.01445512
8 89906270 1.99655826017558 72.05448223
8 89926318 0.271950266671196 72.09450934
8 90073503 1.56594029967529 72.13453646
8 90099064 0.607620493358634 72.17456357
8 90164939 0.59663348778674 72.21459068
8 90234863 1.10300610739497 72.25630963
8 90272686 0.499761055765908 72.29802858
8 90354295 0.575162688495298 72.33881355
8 90437122 0.478757811381959 72.38645234
8 90541937 0.439794567970482 72.43663356
8 90656038 0.478200713639248 72.48681478
8 90752165 0.760034607422056 72.53278322
8 90816891 1.33840615283914 72.58197768
8 90853557 2.0667495854063 72.63105173
8 90877677 0.738642461098194 72.68090203
8 90944769 0.694314032342201 72.73045884
8 90996528 1.42570940400013 72.76639577
8 91026377 1.02087789454106 72.80895191
8 91069389 0.983977591036415 72.85286173
8 91114014 0.92009791614361 72.89677155
8 91161810 0.296984205014213 72.94074896
8 91302171 1.13997717763408 72.98243406
8 91338977 0.894552604853173 73.02439199
8 91385256 1.12433122402977 73.06579092
8 91422077 1.1870519968142 73.10718985
8 91457233 0.658531651156803 73.1489218
8 91511607 1.33822924842097 73.184729
8 91538364 0.349950169034452 73.2205362
8 91640710 1.20369343208588 73.25635179
8 91671359 1.28190953026668 73.29324397
8 91700120 0.786622573074461 73.33011298
8 91746990 1.45866962305987 73.366982
8 91769540 1.12368876487832 73.39987544
8 91797853 0.856231665635008 73.43169088
8 91835010 0.885003755320037 73.46350633
8 91870959 0.613242097147263 73.49532178
8 91922839 1.47305306046856 73.52713723
8 91944437 1.09701441081156 73.55895268
8 91973443 0.746142662852319 73.59077309
8 92016089 0.883005883005883 73.6225935
8 92052125 0.97291016938788 73.65441391
8 92084831 3.70751958835224 73.68623432
8 92093382 0.607954436496826 73.71793781
8 92145529 0.87359302999018 73.74964129
8 92185242 0.829956221143035 73.78433433
8 92227043 1.11281481995421 73.81902737
8 92255869 0.485915874434604 73.8511057
8 92329711 1.23737644078079 73.88698632
8 92357734 1.43896642613317 73.92166148
8 92380877 0.994713103736671 73.95496367
8 92414356 0.938533945833216 73.98826585
8 92449839 1.00057215511761 74.02156803
8 92481299 0.772345041070514 74.05304577
8 92522326 0.748128910400189 74.08473237
8 92564681 1.04309039436434 74.11641897
8 92595059 1.20309059154074 74.14810557
8 92621397 0.323000550447493 74.17979216
8 92719499 1.34093667451988 74.21147876
8 92747513 1.78039378708288 74.24904385
8 92773974 0.989781083415857 74.29615534
8 92821435 0.660898436950435 74.34313162
8 92892514 1.65495860489695 74.39010791
8 92920899 1.82504046363494 74.43708419
8 92940052 1.38655130180554 74.47203964
8 92965363 0.766952949146616 74.50713439
8 93011122 0.651841049945315 74.54222913
8 93068725 0.757301765486274 74.57977688
8 93117720 0.915043636901533 74.6168809
8 93158282 1.61254724768649 74.65399709
8 93181299 0.516235209155047 74.69111328
8 93253303 1.10457030785689 74.72828404
8 93286955 1.15949217044108 74.76545479
8 93319013 1.20607071380921 74.80262555
8 93348993 0.736469677704682 74.83878366
8 93403260 1.45217423026412 74.87874988
8 93430672 1.16155663817498 74.91855638
8 93464951 0.947967565568791 74.95837338
8 93502812 0.670043292493138 74.9942647
8 93573494 0.282047660245658 75.04162444
8 93743405 0.707340113061062 75.089547
8 93811156 2.11204097345429 75.13746955
8 93841029 0.96513243263873 75.20056305
8 93906534 1.64610788965033 75.26378438
8 93946371 2.9808253626117 75.32935993
8 93968640 0.585335743573916 75.39574021
8 94082045 0.202117704367445 75.4621205
8 94316072 0.273138996098612 75.50942123
8 94507286 1.62942626275232 75.56164953
8 94539339 2.05622066526087 75.61387784
8 94568741 2.17996610536184 75.67433439
8 94596474 2.19731772915607 75.73479094
8 94623988 2.02258204810813 75.79524749
8 94653879 1.11715461382018 75.85570405
8 94696165 2.21731987796292 75.90294389
8 94717470 1.34842620524788 75.95018373
8 94752608 0.728425447752994 75.9975643
8 94798113 1.09529788851072 76.03071154
8 94828376 0.343239101717305 76.06385879
8 94923001 1.3552115496954 76.09633751
8 94946967 0.504849690676781 76.12881623
8 95011301 1.35268868896367 76.16129495
8 95040423 1.27100591715976 76.20068756
8 95071688 1.28339694656489 76.24042549
8 95108368 0.634305259140955 76.28750075
8 95179121 1.70362853843731 76.33237942
8 95207700 0.433664971363932 76.3810674
8 95319971 1.53139702653535 76.42975539
8 95351853 0.327142398200948 76.47857979
8 95501265 1.68732913726238 76.52745876
8 95532723 1.63920608325815 76.58053888
8 95571518 1.24795482361025 76.64413186
8 95618091 1.49089202253026 76.70225314
8 95668157 1.75823706567178 76.77689641
8 95712651 2.35941799669785 76.85512756
8 95741723 1.4328588745943 76.92372059
8 95792869 1.56303272337128 76.99700571
8 95843200 1.82111313612786 77.07567432
8 95871732 0.435246111775765 77.12763473
8 96012156 1.88577663517876 77.18875355
8 96045608 0.931367621600491 77.2518365
8 96117236 1.45359511573769 77.31854838
8 96162770 2.29503105590062 77.38473639
8 96193360 0.849353417832056 77.45494132
8 96271231 2.63486267661534 77.52108147
8 96296427 3.0728072205508 77.58746971
8 96318032 2.29311595454388 77.65385796
8 96346983 1.75658799873002 77.7202462
8 96384779 1.62789329148686 77.78663808
8 96425563 0.806011824549902 77.85302995
8 96507934 2.32315569292248 77.91942183
8 96539965 0.81656772267884 77.99383518
8 96631094 1.7277391592188 78.06824853
8 96673388 0.751456679815598 78.14132175
8 96778593 2.59149890071992 78.22037863
8 96801790 1.61018265641051 78.28049341
8 96841701 2.84353982300885 78.3447577
8 96864301 2.81433324577533 78.409022
8 96887143 1.07629587463166 78.47330673
8 96946871 1.65240078141065 78.53759146
8 96985775 1.33832285464463 78.60187619
8 97033809 1.4677945978035 78.66616092
8 97077606 1.25606338927115 78.73044565
8 97141844 1.83036740517617 78.81113278
8 97192306 3.97326496066912 78.90349707
8 97212392 0.929544819232203 78.98330369
8 97298248 1.64111938614308 79.06311031
8 97342558 1.80962572168027 79.13582844
8 97382742 1.02074549055002 79.20854657
8 97456975 1.92764276558453 79.28431919
8 97495202 1.81090022636253 79.35800725
8 97535403 1.84959349593496 79.43080746
8 97574763 0.459570119007311 79.50360767
8 97734249 1.441941990952 79.57690259
8 97785310 2.80082760774516 79.65052988
8 97810926 1.65374331550802 79.72227635
8 97854310 0.377173024094617 79.79402283
8 98045058 3.02620509800622 79.86596762
8 98068832 1.70231644701039 79.93791242
8 98111095 3.89102217414819 80.00985721
8 98129585 1.60939981656712 80.081802
8 98174288 1.95007353510334 80.1537468
8 98200126 3.28526405107277 80.20413264
8 98224875 3.05199844780753 80.28543953
8 98263530 4.44058857252054 80.4034144
8 98289695 1.5312575831109 80.51960251
8 98355631 4.32970634504457 80.62056745
8 98386143 2.05734639730921 80.75267535
8 98434010 1.19076667571581 80.85115483
8 98496631 1.5628804788961 80.92572182
8 98536055 0.651925657053116 80.98733691
8 98632204 0.792719240608967 81.0500191
8 98703735 1.48517548454688 81.10672312
8 98741915 1.19653935429415 81.16342714
8 98789305 2.80810329474622 81.22013116
8 98809519 2.24768353528154 81.27689453
8 98834773 2.32948708404675 81.33365791
8 98861639 0.884929724838099 81.39624237
8 98932361 3.0003160841687 81.45882684
8 98954507 1.71205823703241 81.52527165
8 98996130 2.04168851599371 81.59653279
8 99034270 0.476356518015538 81.67440302
8 99197740 2.78243676522978 81.75227324
8 99225810 2.45577375769888 81.83037671
8 99256821 2.08461428775132 81.90653248
8 99291886 1.46513989169675 81.97962972
8 99336206 2.20196888902912 82.04456457
8 99367899 0.715473656200107 82.11435201
8 99458091 2.12745615191877 82.17888155
8 99488423 1.10709190628666 82.24341108
8 99551509 3.58985273252116 82.31325275
8 99571948 3.53077330253597 82.38662528
8 99592729 1.53221850613155 82.45999782
8 99655519 2.56648451730419 82.55620599
8 99688459 2.63404069676856 82.64074646
8 99720550 1.97459561620971 82.72527557
8 99761291 1.48620596519659 82.80572267
8 99813125 2.44690785503288 82.88275819
8 99844608 1.74839016869218 82.95979372
8 99888712 1.83689463779509 83.03690471
8 99930691 1.25547053077174 83.1140157
8 99992111 0.694237123333303 83.19112669
8 100103184 0.513208125176737 83.26823768
8 100272928 1.37604956859112 83.35535212
8 100342004 1.34347961130585 83.45040425
8 100409615 4.72724434035909 83.54123853
8 100428830 3.00673473821421 83.63207281
8 100456448 2.90523170985896 83.71511279
8 100485234 0.799426075532148 83.79874325
8 100572005 0.740517292873783 83.86810986
8 100638969 2.03232767564427 83.91769803
8 100663066 0.997515021896323 83.96667126
8 100712161 0.670743566214236 84.01564448
8 100785174 1.06114691425451 84.06461771
8 100830949 1.05973470634436 84.11319181
8 100876785 1.66385546299153 84.16176592
8 100905954 0.716597814618095 84.21029877
8 100961871 1.3589551220843 84.25036871
8 100991195 1.22373774330455 84.29021866
8 101025360 2.07790460483486 84.3320276
8 101048401 1.90509729019936 84.37990437
8 101073532 1.09744674695309 84.42778113
8 101128834 1.78165662874563 84.48847189
8 101155732 1.57058092575334 84.53639521
8 101187922 1.79248360219819 84.58695236
8 101216127 1.62960933470861 84.63750951
8 101247151 1.3874038896427 84.68806666
8 101291371 1.86158876241221 84.74941807
8 101324403 1.24009074886564 84.81090984
8 101377737 2.5269934665495 84.87704881
8 101403910 2.35578288252212 84.94318778
8 101431379 1.43581905915374 85.00789892
8 101483396 2.11570470602323 85.08258557
8 101516800 1.24588805641252 85.15325887
8 101573525 2.61045474810522 85.22393217
8 101600441 1.35760978880322 85.29419513
8 101648169 0.922182468694096 85.35899085
8 101701833 0.831455055963691 85.40847877
8 101779830 1.72847395733231 85.47332974
8 101821454 0.857073083566621 85.54527593
8 101905399 1.82042775641509 85.61722278
8 101945188 2.51311498161127 85.68965603
8 101974010 1.59744556945272 85.76208927
8 102019343 1.6309394021986 85.83450581
8 102063371 0.415112555063533 85.90631258
8 102236353 1.02487725508107 85.97811934
8 102306417 1.28854333320326 86.04992611
8 102357671 0.654500162460739 86.11596876
8 102459234 0.703112071731311 86.18244207
8 102518455 0.821150796647285 86.22408083
8 102571427 0.645667798982374 86.26757871
8 102640018 1.01914624324013 86.31186545
8 102683473 0.486509941777436 86.35615219
8 102774503 1.43038434745737 86.40043892
8 102807520 1.2140456492835 86.44766569
8 102861672 2.42291546033584 86.5134082
8 102889304 2.86098903640653 86.58035775
8 102910921 0.800924311126613 86.64220333
8 102991197 0.500646296642372 86.70649796
8 103119621 1.75360529881078 86.7707926
8 103152836 2.70458766716196 86.829039
8 103174372 0.670033360174853 86.8872854
8 103261302 0.930046146230859 86.9455318
8 103323929 0.629462916721426 87.0037782
8 103415237 0.974561994609164 87.06125311
8 103474597 1.04766561628454 87.11910347
8 103529815 0.823675143093089 87.17695384
8 103600049 2.04960169637228 87.23480421
8 103634947 0.664540337711069 87.30633098
8 103749542 1.62643923240938 87.38248368
8 103796442 3.35600455321571 87.45876399
8 103824554 2.94954042393547 87.55310786
8 103856540 0.627946321623615 87.64745173
8 104004309 1.34439263189866 87.74024297
8 104060280 2.59455931854091 87.81549046
8 104089394 2.72651146002527 87.89102879
8 104117099 3.11381343006719 87.96656712
8 104141358 1.91375978846741 88.04210546
8 104180690 7.81316171891219 88.11737701
8 104190324 2.8947885519009 88.19264855
8 104213734 2.33679310344828 88.26041519
8 104242734 2.66862250925415 88.32818182
8 104268128 3.3524784802612 88.39594846
8 104288342 1.23582731836841 88.46371509
8 104353873 3.18804910059446 88.5447004
8 104418638 3.40765017088815 88.64946691
8 104439997 2.88013929009537 88.82395819
8 104465268 3.048913271075 88.8967425
8 104489147 2.25670798147644 88.96954703
8 104518515 2.65808690622515 89.03582184
8 104546177 1.68849333945797 89.10934971
8 104589717 1.70318418696481 89.18286621
8 104633276 1.04881275841701 89.25705495
8 104717926 1.07276997712797 89.34583675
8 104815425 3.5127767327449 89.45043123
8 104849980 3.3037795447119 89.5718156
8 104886704 4.03847818127351 89.69314348
8 104916747 2.99486571879937 89.81447136
8 104957259 3.14157902424774 89.93579924
8 104984643 2.40032908933966 90.02182784
8 105021715 2.67962539147193 90.1108133
8 105054923 2.03568984864658 90.19979877
8 105091460 1.66474860705757 90.27417652
8 105151764 0.417064038560854 90.37456758
8 105384124 2.94064633591261 90.47147625
8 105417079 1.54932796343354 90.56838493
8 105479650 4.35728315930942 90.66532757
8 105508669 1.94723536284067 90.79177146
8 105560882 2.85874736938421 90.89344289
8 105604598 1.67795449050318 91.01841619
8 105679044 2.99274077623383 91.14333346
8 105720784 0.89497778376195 91.26825073
8 105780200 1.32748847804206 91.32142628
8 105817954 1.3817528656831 91.37154388
8 105854420 1.16606186279592 91.42193128
8 105889142 0.817774187032923 91.46241962
8 105938652 0.837099675398515 91.50290795
8 105987019 0.619783853289655 91.54339629
8 106052345 0.253132267987096 91.58388463
8 106212293 0.536648728892188 91.62437297
8 106287739 1.01984886649874 91.66486131
8 106327439 0.323665781984459 91.70534965
8 106452531 1.07732425097121 91.74583799
8 106490113 1.31685422493983 91.78632633
8 106520859 0.728870006660786 91.82681466
8 106576408 0.835320817000206 91.867303
8 106624878 0.888381186705037 91.90779134
8 106670399 0.33660168800253 91.94823096
8 106790541 0.743341359851479 91.98867058
8 106844944 1.00483517530488 92.02911019
8 106886928 0.996038839684732 92.07129763
8 106936156 1.96220148663609 92.12033085
8 106961448 1.25505264733769 92.16995907
8 107001526 1.0185704199739 92.22025865
8 107048267 1.81495312857252 92.26786756
8 107074509 1.88570938999315 92.31549596
8 107097853 0.932052223704526 92.35951626
8 107164566 1.59879821477548 92.42169605
8 107204673 2.12443185355831 92.48581901
8 107236795 1.27151275427833 92.55405998
8 107286347 1.03747695699272 92.61706602
8 107338966 1.19613590654286 92.67165723
8 107385704 0.936557662668364 92.72756192
8 107445396 1.50020255489238 92.78346661
8 107482423 1.60964656479645 92.83901416
8 107516715 1.80410496232788 92.89421237
8 107547507 2.10894346262719 92.94976483
8 107573649 0.477484725618742 93.00489636
8 107699186 1.36520691920298 93.06483871
8 107744856 1.5321423305647 93.12718794
8 107785550 0.690893806044504 93.18953717
8 107881902 2.50687279213739 93.25610626
8 107910493 3.05290791599354 93.32778041
8 107935253 2.2669745681382 93.40337081
8 107968597 0.985553730214608 93.4789612
8 108045295 3.47792039293823 93.5545516
8 108066876 0.492112509834776 93.6296088
8 108219396 3.16485846115476 93.704666
8 108243453 2.83214762116496 93.78080311
8 108270441 0.494420921156966 93.85723743
8 108463394 1.32972792149866 93.95263786
8 108535138 1.39435938759065 94.04803829
8 108603393 2.30520375061103 94.14321023
8 108648399 2.32850587897907 94.24695863
8 108683269 0.95188455008489 94.32815363
8 108771619 2.70786048932847 94.41225274
8 108800434 0.688541794836534 94.49028006
8 108938597 2.17581537898541 94.5854107
8 108982319 2.38935363127088 94.68054135
8 109022126 3.83438674033149 94.77565425
8 109044751 2.56064586592673 94.86240739
8 109078628 2.20916138481352 94.94915391
8 109118229 1.95557299500796 95.03663939
8 109164102 2.76964275028424 95.12634714
8 109197524 2.93166490874804 95.21891453
8 109228811 1.30609836065574 95.31063721
8 109282186 3.3806798894331 95.38035045
8 109302807 0.607697666318356 95.45006369
8 109417647 2.29860676525806 95.51985193
8 109448008 2.06107501476669 95.58964016
8 109481868 3.26351326284548 95.65942839
8 109508823 1.61193264068312 95.74739629
8 109563396 0.387753143734464 95.8353642
8 109782244 3.31447144539942 95.92022351
8 109805165 3.3842077135477 95.99619406
8 109827619 0.961697685301847 96.07218355
8 109883177 2.53852166691094 96.12561363
8 109903646 1.28832957493756 96.17757512
8 109944887 1.13044403310568 96.23070675
8 109991888 1.64368920007435 96.28383839
8 110024166 1.49039271869206 96.33689377
8 110059764 1.64399479424888 96.38994914
8 110092036 1.60968995751604 96.44300452
8 110125225 2.63965610949158 96.4964289
8 110145464 1.31917625561756 96.54985328
8 110185962 1.35404891648714 96.60327766
8 110225417 1.9465 96.65670204
8 110247417 2.87086035699937 96.69952536
8 110264840 0.6005196609033 96.74954462
8 110348356 1.67656785165938 96.79969808
8 110382224 1.42239446231842 96.85647999
8 110423252 3.16610339788089 96.91483776
8 110445148 1.03804290711465 96.98416306
8 110511757 1.59005082679791 97.05330647
8 110555238 1.30113126584747 97.12244395
8 110606508 1.90043302375933 97.18915281
8 110641610 2.10106318956871 97.25586167
8 110666535 1.84248671850262 97.30823058
8 110694958 2.83373251950861 97.36059948
8 110707901 0.645460464952572 97.39727662
8 110764724 0.781945624468989 97.43395375
8 110811804 0.989916373121084 97.4707673
8 110848993 1.12262425043195 97.50758085
8 110888349 1.61501626640348 97.55176246
8 110915706 1.52030361626598 97.59594407
8 110950355 1.82109520846297 97.64862128
8 110979281 0.986728587340243 97.70129849
8 111032252 2.11094674556213 97.75356646
8 111057264 1.2617537352749 97.80636563
8 111104717 1.94911547751159 97.86623916
8 111135355 2.48137710412065 97.9259564
8 111161613 3.37204219329089 97.99111227
8 111182659 2.56990765888104 98.06208066
8 111210274 1.74978004993461 98.13304905
8 111252329 1.83211150615109 98.20663626
8 111284112 1.51866229583621 98.26486579
8 111318888 2.12954348989421 98.31767899
8 111343181 0.764794583327174 98.36941155
8 111410824 1.27097514967604 98.42114412
8 111435210 1.29084837401606 98.45213846
8 111460364 1.03079365079365 98.48460802
8 111491864 0.858108517732646 98.51707758
8 111524854 0.332002335328093 98.54538625
8 111620772 1.27760606912054 98.57723111
8 111645685 1.21084222922919 98.60905987
8 111672008 0.313021871659299 98.64093334
8 111741230 0.836369249768447 98.6626016
8 111767142 0.850017672701567 98.68427368
8 111792605 0.910291458131808 98.7059174
8 111816382 0.287711982576593 98.72756112
8 111891683 0.537485378044025 98.74922582
8 111919894 0.539263105484032 98.76438921
8 111948012 0.144823304680038 98.77955259
8 112052712 0.425361088401149 98.79471598
8 112100415 1.71608592692828 98.81500733
8 112112239 0.532250872176901 98.83529868
8 112150362 0.397180265728045 98.85559004
8 112202069 0.743605617281939 98.87612673
8 112232760 0.552070808283233 98.89894908
8 112262700 0.389890787775785 98.91547857
8 112294473 0.744097084817306 98.92786631
8 112324797 0.437795886689949 98.9504301
8 112376337 0.391122424073364 98.9729939
8 112433695 0.833876221498371 98.99542758
8 112461632 0.219553603967965 99.01872351
8 112574133 0.847510818935615 99.04342357
8 112604404 0.124649178360721 99.06907853
8 112754409 0.0192637372552558 99.08777643
8 112776575 0 99.08820312
8 112818233 0 99.08820312
8 112865068 0 99.08820312
