Chromosome Position(bp) Rate(cM/Mb) Map(cM)
25 0 0 0
25 52724 0.0295160417066909 0
25 109981 0.0497878859297667 0.00169001
25 143925 0.0574670049314444 0.00338002
25 179006 0.0692974013474495 0.00539628
25 208098 0.195311376384295 0.00741254
25 242863 0.167878888388732 0.01420278
25 285072 0.176269619050066 0.02128893
25 324001 0.14340604606721 0.02815082
25 373190 0.276860622462788 0.03520462
25 406445 0.393647217841856 0.04441143
25 428640 0.198261777253336 0.05314835
25 472708 0.296038274299144 0.06188528
25 520364 0.176177667118689 0.07599371
25 610330 0.624149156555194 0.091844
25 637362 0.607824771237121 0.10871605
25 665120 0.722755311857436 0.1255881
25 688464 0.394453642384106 0.14246016
25 758528 0.684181425794139 0.17009693
25 814595 1.43605870020964 0.20845683
25 841307 0.453712136444818 0.24681672
25 925854 1.10479429867185 0.28517662
25 950550 0.925501826070242 0.31246104
25 986967 0.592588969857029 0.34616506
25 1048308 0.695291809710642 0.38251487
25 1089088 0.640666210803946 0.41086858
25 1130036 0.69213040181956 0.43710253
25 1163011 0.938265866644131 0.45992591
25 1186677 0.890499500974288 0.48213105
25 1207718 0.318483942113055 0.50086762
25 1273916 0.688874366933508 0.52195067
25 1304521 0.70852937222745 0.54303371
25 1334277 0.646281650419962 0.56411676
25 1366899 0.461932050757266 0.58519981
25 1405987 0.649825853717122 0.6032559
25 1430966 0.874105865522174 0.61948785
25 1455431 0.655634816152833 0.64087328
25 1488094 0.12128883904804 0.6622883
25 1664656 0.471883125468247 0.68370332
25 1710038 0.834404831482564 0.70511835
25 1735703 0.635113915800077 0.72653337
25 1769456 0.587892707735215 0.74796991
25 1806029 0.739526724908853 0.76947047
25 1835103 0.78046390068605 0.79097102
25 1862652 0.820320243995425 0.81247158
25 1888882 0.733701051766076 0.83398819
25 1918071 0.34397143489814 0.8554039
25 1954199 0.33697520613 0.8678305
25 1988522 0.323180411677654 0.87939604
25 2025687 0.354202300206429 0.89140665
25 2059597 0.490545231774556 0.90341725
25 2084082 0.481431980906921 0.91542785
25 2105032 0.236707797661348 0.92551364
25 2151469 0.473710423336891 0.93650563
25 2179579 0.831676034010664 0.94982173
25 2200396 0.734535426389478 0.96713496
25 2223966 0.751173102587283 0.98444819
25 2247195 1.02538093748604 1.00189715
25 2269574 0.993556879589857 1.02484402
25 2298442 0.261948819786072 1.05352586
25 2409227 0.559343290388781 1.08254577
25 2479395 0.511005198172129 1.12179341
25 2555768 1.4617390318558 1.16082067
25 2582231 1.50250264363765 1.19950274
25 2610601 0.500893066980023 1.24212853
25 2695701 0.581674835603775 1.28475432
25 2753032 1.37986477572559 1.31810266
25 2777288 0.661271907861793 1.35157297
25 2827213 0.722581213134959 1.38458655
25 2884008 0.233478597273741 1.42562519
25 3059780 0.580858846231387 1.46666383
25 3129222 17.6976917349218 1.5069994
25 3130565 1.10142609622818 1.53076738
25 3153074 1.15848308445119 1.55555928
25 3176780 0.317262483108297 1.58302243
25 3266321 0.216092270012246 1.61143009
25 3426373 0.761976238329051 1.64601559
25 3465680 1.40152012761565 1.67596675
25 3486994 0.346260311387818 1.70583834
25 3595733 1.31429087950827 1.74349065
25 3628922 1.83738310443323 1.78711031
25 3654479 1.2168179934446 1.83406841
25 3681022 2.3506310461913 1.8663667
25 3696631 1.07772387305438 1.90305781
25 3736207 1.32853851422878 1.94571011
25 3768325 1.27873175701999 1.98837995
25 3801694 0.767542676236217 2.0310498
25 3857287 0.464555031289647 2.07371965
25 3997589 0.563833284312877 2.13889739
25 4113187 2.30222357832106 2.20407513
25 4139406 0.62459137257084 2.2644368
25 4211293 2.42639896630554 2.30933696
25 4231415 1.07897258254717 2.35816095
25 4285687 1.37295065776478 2.41671934
25 4336313 1.30089837170129 2.48622601
25 4389743 0.903101020990551 2.55573268
25 4468588 2.35548774353643 2.62693757
25 4498409 2.38241079907747 2.69718074
25 4527893 2.87878648374919 2.76742391
25 4549615 3.2808331889832 2.82995666
25 4572707 1.63900272047936 2.90571787
25 4630785 3.63646894155123 3.0009081
25 4651504 3.41240710531086 3.07625249
25 4673572 0.877477777777778 3.1515579
25 4763572 1.42072151546105 3.23053079
25 4806648 3.46739774748073 3.29172997
25 4816770 1.58618963084346 3.32682732
25 4838739 1.52435869326902 3.36167446
25 4861544 0.952545473021034 3.39643715
25 4900908 1.79303749043611 3.43393349
25 4921820 0.602006903748896 3.47142983
25 4984105 1.2716955941255 3.50892616
25 5012567 0.797633214332937 3.54512076
25 5057945 1.17735712165683 3.58131536
25 5088268 1.63969136085978 3.61701663
25 5110041 1.05444526922857 3.65271789
25 5145067 0.898744342239743 3.68965099
25 5186161 0.90950564835377 3.72658408
25 5227589 0.519402012596829 3.76426278
25 5310467 1.46391894212605 3.80731016
25 5339582 1.95011449867541 3.84993223
25 5361853 1.55636257989541 3.89336361
25 5389389 0.701315703344897 3.93621956
25 5450497 0.778400668921744 3.97907551
25 5503119 0.375336667949211 4.0200368
25 5617475 2.33006945784295 4.06295888
25 5638207 1.09005776694648 4.11126575
25 5682523 2.00120139108441 4.15957262
25 5714153 1.37855622638231 4.22287063
25 5760199 2.04751306367331 4.28634795
25 5791201 2.62675996607294 4.34982526
25 5814781 1.30692213650352 4.41176438
25 5862223 1.27211789758978 4.47376716
25 5903547 2.29369345745378 4.52633575
25 5926428 1.26786490795767 4.57881779
25 5967822 1.48340333288172 4.63129983
25 6004727 1.03072694067366 4.68604486
25 6057840 1.91231696055582 4.74078989
25 6080581 0.868300048040629 4.78427782
25 6109723 1.47559070494044 4.80958185
25 6130207 0.95940326932233 4.83980756
25 6161712 1.07849808046443 4.87003327
25 6193751 1.29931489939514 4.90458752
25 6226155 2.05652571318613 4.94669085
25 6246942 1.12761020881671 4.98944012
25 6287887 1.27972913293096 5.03561035
25 6321852 1.49305730876041 5.07907609
25 6349579 1.66973785659214 5.12047414
25 6375519 2.13754866689665 5.16378726
25 6395810 1.50161377084454 5.20716075
25 6425554 2.01935075504114 5.251825
25 6447672 1.59281052744196 5.29648925
25 6475713 0.802313675474681 5.3411535
25 6531382 1.73877350547292 5.38581775
25 6559886 1.96825760052305 5.43538017
25 6590476 0.581203241895262 5.49558943
25 6693132 1.88332096015838 5.5552532
25 6717378 0.932012083112218 5.60091589
25 6766372 0.947414239817598 5.64657859
25 6814617 0.954397394136808 5.69228675
25 6862509 0.800870417834965 5.73799492
25 6920642 0.410501778012042 5.78455197
25 7055343 0.626018929444797 5.83984668
25 7143671 0.425277455180317 5.89514138
25 7273692 1.40212755153854 5.95043609
25 7313080 2.73771636653863 6.00566295
25 7333127 3.2441056402566 6.06054626
25 7345130 2.41699255121043 6.09948479
25 7366610 1.07419668535722 6.1514014
25 7414941 0.97864853037707 6.20331802
25 7469785 0.424017212572113 6.25699128
25 7596669 0.639643497383567 6.31079201
25 7734452 0.517360826192458 6.39892435
25 7905066 2.52060408287167 6.4871931
25 7944597 1.691054426964 6.58683505
25 8003520 5.5631419939577 6.68647699
25 8013450 2.54298145897848 6.74171876
25 8038961 2.28105748583096 6.80659238
25 8067368 0.976167591847943 6.87139032
25 8118349 1.31580514394338 6.92115608
25 8162012 0.91524883706111 6.97860856
25 8224784 2.67507591684186 7.03606104
25 8246189 1.497171145686 7.09332129
25 8270227 0.650629537726312 7.12931055
25 8335513 0.985226137657088 7.1717874
25 8378562 0.831700801424755 7.21420076
25 8432466 1.05507713562054 7.25903226
25 8475896 0.400251532777865 7.30485399
25 8590394 0.46906857727738 7.35068237
25 8688094 1.37932279909707 7.39651075
25 8721319 0.23348594548552 7.44233913
25 8909159 1.12153368939058 7.48619752
25 8952036 1.0448461672171 7.53428533
25 8998060 0.241441984234573 7.58237313
25 9197230 0.590268571709137 7.63046093
25 9278698 0.422435857968389 7.67854874
25 9392391 0.338344692814454 7.72657625
25 9559212 1.2957232386768 7.78301923
25 9602773 1.85149716309731 7.83946221
25 9633264 1.09896826941795 7.89591584
25 9684634 2.07017350794175 7.95236946
25 9711895 2.29373272638595 8.0088049
25 9736499 2.36456194745883 8.06524034
25 9760366 1.52470255098239 8.12167578
25 9800625 1.40367056245435 8.18305876
25 9844433 1.04085455373867 8.24455087
25 9903692 0.91679300811558 8.30623107
25 9970970 1.55608254705081 8.36791126
25 10010608 1.41130008806693 8.42959146
25 10046944 2.11815971744415 8.48087272
25 10068745 1.59342691434816 8.52705089
25 10104436 0.648930829092403 8.58392182
25 10192074 1.10504226173127 8.64079274
25 10243539 1.06128352025678 8.69766367
25 10297126 0.842071753261175 8.75453459
25 10364663 2.61692435118719 8.81140552
25 10386395 0.727636354342381 8.86827645
25 10464647 0.449819089601997 8.92521558
25 10591229 1.72373635016183 8.98215472
25 10624288 1.44926246185148 9.03913932
25 10663608 0.875559334168606 9.09612393
25 10730652 2.85856783715838 9.15482528
25 10755314 0.933401919545768 9.22532377
25 10832103 2.9319800842589 9.29699836
25 10858213 2.98481033557601 9.37355204
25 10882440 3.26631735850761 9.44586463
25 10904579 3.13769779967434 9.51817722
25 10928530 3.20446017397237 9.59332798
25 10951982 2.38143472673671 9.66847873
25 10978440 3.00153117374037 9.73148688
25 10999339 3.11913877977226 9.79421636
25 11019450 2.98575210589651 9.85694584
25 11040225 2.3008797387992 9.9189753
25 11062277 1.98005853658537 9.9697147
25 11087902 2.44925124792013 10.0204541
25 11113745 2.69943809030407 10.08375058
25 11138838 2.51202091952229 10.15148709
25 11164460 3.21124582148381 10.21584988
25 11184503 2.32131135716089 10.28021267
25 11212230 1.44315820054976 10.34457546
25 11256977 0.763830257603352 10.40915294
25 11351968 1.1091607392926 10.48170986
25 11424091 3.26977954780645 10.56170543
25 11455980 2.29535761823269 10.66597527
25 11492793 2.70543975922902 10.75047429
25 11524026 3.30976404538495 10.83497331
25 11549497 0.893979488555297 10.91927669
25 11631500 1.74555022868794 10.99258562
25 11667794 2.81217768931512 11.0559386
25 11689900 1.99974568728013 11.11810439
25 11713493 2.25073943326018 11.16528443
25 11734455 2.15050822735767 11.21246447
25 11756394 1.27923944884453 11.25964451
25 11793262 2.12618339193941 11.30680749
25 11815444 2.12167806206107 11.35397048
25 11847767 3.57219502031462 11.42254987
25 11866965 3.36312587739822 11.49112926
25 11890472 1.06254840977609 11.57018581
25 11974391 3.1151161979203 11.65935384
25 12003049 4.55298507462687 11.74862646
25 12024489 2.89626162857471 11.84624282
25 12059317 3.22292159243402 11.94711378
25 12090615 3.44199140107828 12.04798475
25 12119921 1.89187884108867 12.14885571
25 12142701 1.32564117543962 12.19195233
25 12176935 1.22223697135424 12.23733455
25 12214602 1.70252579416442 12.28337254
25 12241643 2.91317699609157 12.32941053
25 12266717 1.90196391505668 12.40245602
25 12323084 0.968838635492526 12.50966447
25 12401354 2.41634471673106 12.58549544
25 12436815 1.01879987317022 12.6711816
25 12512507 1.41661841884093 12.7482963
25 12566050 0.991472636274616 12.82414625
25 12639578 0.88105435795783 12.89704713
25 12724331 3.46285136145691 12.97171957
25 12747064 0.630284097973393 13.05044025
25 12875752 1.33508571428571 13.13155051
25 12950127 1.32709193697125 13.23084751
25 13024950 1.74035388392237 13.3301445
25 13068128 0.45445425731606 13.40528978
25 13230613 1.21766792047286 13.47913144
25 13277138 1.55260478079108 13.53578352
25 13314454 1.92504388725117 13.59372033
25 13344645 1.82781394471177 13.65183902
25 13376442 1.48966982042865 13.70995771
25 13417874 1.14467802765749 13.77167728
25 13475146 2.56820942900811 13.83723519
25 13500663 1.20058835352373 13.90276829
25 13555392 0.808894503607347 13.96847501
25 13656713 0.911826485320255 14.05043339
25 13761926 0.42265332753371 14.14636989
25 13934351 0.956591506890106 14.21924555
25 13994800 2.62625583252764 14.27707087
25 14018589 2.16103217930894 14.33954735
25 14048080 0.864363100873041 14.40327802
25 14124136 1.63403935330242 14.46901836
25 14164031 11.8442862358525 14.53420803
25 14169509 2.02936944826723 14.59909112
25 14201481 1.52637493538309 14.6639742
25 14245974 1.47945712791914 14.7318875
25 14291878 1.19304686951022 14.7998008
25 14348802 3.1104768844628 14.8677141
25 14373504 0.98745678631556 14.94454891
25 14451315 0.56603704085692 15.02138372
25 14587057 7.67587655517854 15.09821853
25 14593246 14.8678489702517 15.14572483
25 14596742 2.5201287471176 15.19770279
25 14617558 0.424401530657649 15.25016153
25 14741165 2.37596811449794 15.30262027
25 14763244 0.731570749523324 15.355079
25 14837718 0.687545658362093 15.40956165
25 14917112 1.98333215622572 15.46414889
25 14945430 1.08665160872518 15.52031243
25 15008741 3.18180556840255 15.58910927
25 15030363 2.16431245477711 15.6579061
25 15062150 0.798913221739939 15.72670293
25 15153613 0.55146472779323 15.7997741
25 15276571 2.03906296986829 15.86758138
25 15309825 1.12304150518401 15.93538866
25 15370203 1.619518722967 16.00319594
25 15412050 2.36923614752666 16.07096783
25 15440655 1.06302295232978 16.13873972
25 15505790 2.08771044270911 16.20797999
25 15539469 2.85556472854503 16.2782918
25 15564906 1.80237589095911 16.35092847
25 15604891 2.50079811229093 16.42299657
25 15633709 2.22512125773541 16.49506468
25 15663604 1.18652841828788 16.56158488
25 15729090 0.53261815813826 16.63928594
25 15874975 2.08952293874039 16.716987
25 15912161 2.4823231503425 16.79468805
25 15942964 1.34880304342447 16.8711509
25 16007628 2.96602579211421 16.95836984
25 16037327 1.11364382935573 17.0464575
25 16107344 1.79066898853577 17.12443172
25 16148690 2.7446406323839 17.19846878
25 16171967 1.21805950655717 17.26235613
25 16227860 2.58959911676248 17.3304369
25 16254127 1.98335082808491 17.39845771
25 16288423 3.19887405079864 17.46647852
25 16311337 0.867481472148085 17.53977766
25 16398638 1.39744123153734 17.61550963
25 16456322 0.981463640687309 17.69611989
25 16538323 0.848986949061476 17.77660063
25 16596020 1.32409358503682 17.82558508
25 16642053 1.90029019152641 17.88653683
25 16676513 1.55682669390535 17.95202087
25 16720568 1.81282636248416 18.02060663
25 16760018 0.902366282922998 18.09212278
25 16841496 1.12584028787995 18.16564551
25 16906801 2.70792750585624 18.23916866
25 16931134 3.17265006359496 18.30506076
25 16955507 0.75502851117013 18.38238814
25 17057923 2.16994898947504 18.45971552
25 17088897 3.17041632082478 18.5269273
25 17111788 3.11329415297499 18.5995014
25 17135099 0.876843467011643 18.67207549
25 17196939 1.04424170015568 18.72629951
25 17252181 2.43822646772898 18.7839857
25 17275840 1.09066227273578 18.84167189
25 17329247 1.4782383652894 18.89992052
25 17373683 0.771759202265173 18.9656073
25 17471159 4.02413175440342 19.04083486
25 17491257 2.60050840829097 19.12171199
25 17527055 0.510046121555111 19.2148047
25 17746692 3.23066063464562 19.32682987
25 17777859 2.01238570780105 19.42751994
25 17824122 1.54860283406171 19.52061932
25 17884530 3.03835785507811 19.61416732
25 17915319 1.60860266794985 19.70771532
25 17952726 1.57882993030933 19.76788842
25 17985442 0.956105001506478 19.81954148
25 18038546 1.07831007167107 19.87031442
25 18091566 0.321863005957287 19.92748678
25 18303911 2.32417563758617 19.99583297
25 18333358 0.496508311887042 20.064273
25 18477128 0.823326034343667 20.13565571
25 18555221 0.262213747120017 20.19995155
25 18784389 1.62172797262618 20.26004299
25 18825304 1.41968496036922 20.32639556
25 18875139 1.4477622819379 20.39714564
25 18916297 2.6045256666062 20.45673278
25 18938349 2.08922920228438 20.51416822
25 18965840 0.92425412764314 20.57160365
25 19027982 1.07286957821198 20.62903909
25 19081516 2.26077758262813 20.68647452
25 19106568 0.573399882560188 20.74311147
25 19205342 0.908653473030656 20.79974842
25 19269767 0.587705102931513 20.85828844
25 19371728 0.418447937543208 20.91821172
25 19514931 1.56959275544389 20.97813499
25 19553139 0.439308436864777 21.03810649
25 19689410 0.77037822741981 21.09797169
25 19763889 2.39774565057584 21.15534868
25 19784294 0.824174774287034 21.20427457
25 19847095 0.931835772269921 21.25603336
25 19902652 1.17546698904184 21.30780386
25 19953938 0.990090858302214 21.36808858
25 20021956 0.409614789369231 21.4354321
25 20186723 0.962063104369313 21.50292267
25 20256734 2.68975261945133 21.57027743
25 20279735 1.14034246954085 21.63214491
25 20333988 1.98834945455669 21.69401238
25 20366347 1.52127961412966 21.75835372
25 20408641 2.31917961287532 21.82269506
25 20436384 1.64748809340913 21.8870364
25 20475438 1.8105585106383 21.95137774
25 20513038 1.45930348656097 22.01945496
25 20563116 0.946558050970353 22.09253426
25 20642417 1.4902225053911 22.16759767
25 20683225 0.992848232848233 22.22841088
25 20743350 1.87091938707528 22.28810557
25 20773370 0.991337744820936 22.34427098
25 20833516 1.32504145936982 22.40389605
25 20878741 0.947071949069234 22.46382092
25 20942828 1.82278214907802 22.52451565
25 20976126 0.931790966870337 22.58521038
25 21041264 0.796313255534042 22.64590511
25 21117700 2.70002661698163 22.7067717
25 21140242 1.98831003811944 22.76763573
25 21171722 0.353530613529583 22.83022735
25 21346465 2.19264938141616 22.89200442
25 21376857 2.84253420838159 22.95864348
25 21400170 1.86115127728431 23.02491132
25 21429216 1.93434000071564 23.07897028
25 21457163 0.799275523028018 23.13302925
25 21524798 2.01233214579337 23.18708821
25 21553990 0.571842263813577 23.24583258
25 21656896 0.916387865441353 23.3046784
25 21727735 2.07405880736466 23.36959461
25 21756847 1.84535452322738 23.42997446
25 21789567 1.99237586158391 23.49035432
25 21825112 1.13849402972951 23.56117315
25 21886667 2.5562889009566 23.63125301
25 21910606 1.97264907702716 23.69244841
25 21941647 1.51632340593668 23.75368115
25 21982141 0.748404884773512 23.81508268
25 22064110 1.70678369905956 23.87642913
25 22103985 0.941819950826354 23.94448734
25 22180042 2.6881984294775 24.01611979
25 22206530 2.14879898439849 24.08732502
25 22236463 1.00321951219512 24.15164476
25 22308213 3.37941231693579 24.22362537
25 22329517 2.2425118858954 24.29562046
25 22354757 0.818698615483358 24.35222123
25 22420195 1.24059836976658 24.40579512
25 22463379 0.794783924518225 24.45936902
25 22530786 1.3456351307066 24.51294291
25 22570455 1.05276329111506 24.56632328
25 22622802 0.795139262286267 24.62143233
25 22697194 0.935430377102267 24.68058472
25 22773778 1.13555883145497 24.75222415
25 22836865 0.873918311893367 24.82386359
25 22918566 1.20204043839122 24.89526397
25 22977965 1.57992226908129 24.96666435
25 23002151 2.16275003198703 25.00487634
25 23025598 0.349827879991998 25.05558656
25 23170555 1.28483616967234 25.10629677
25 23209925 0.660303339202422 25.15688095
25 23307044 1.27044809330162 25.22100894
25 23359176 2.21755143144871 25.28724041
25 23393931 0.591768896531606 25.36431136
25 23524193 1.96649396249037 25.44139667
25 23570901 0.516822362708171 25.53324739
25 23751702 3.3149299254855 25.62668935
25 23777603 2.94303146637417 25.71254943
25 23806777 1.34943470578117 25.79840951
25 23870726 0.940259900862558 25.88470458
25 23967763 35.1463790446841 25.97594449
25 23970359 1.32079319677283 26.06718441
25 24048322 1.44995294997229 26.1701572
25 24125899 2.19153604354339 26.28263992
25 24173300 1.4914868157375 26.38652072
25 24242663 3.05237069601393 26.48997478
25 24276556 4.35101148168398 26.59342885
25 24300333 1.63853917035137 26.69688291
25 24359587 2.49633134083119 26.79397264
25 24394886 1.80085740334814 26.88209018
25 24446437 1.76314266903418 26.97492615
25 24496560 3.45910020449898 27.06330046
25 24521010 3.31398353942189 27.14787535
25 24546161 1.24287972324118 27.23122549
25 24613223 2.09095466051781 27.31457564
25 24653122 2.29784862623121 27.39800236
25 24691702 1.15176000622552 27.48665299
25 24768804 1.1178158052285 27.57545624
25 24848980 1.78301626688723 27.66507836
25 24899758 3.66698557269144 27.75561607
25 24925889 2.66150043051968 27.85143793
25 24961892 1.50140845070423 27.94725978
25 25029697 2.47599474657068 28.04906324
25 25070813 1.09256476850759 28.1508667
25 25163991 5.08468851035082 28.25267016
25 25184714 1.44594383977972 28.35804006
25 25261708 4.82250837605458 28.46936941
25 25286481 1.35805004273098 28.58883758
25 25370729 3.20128960651146 28.70325066
25 25408570 3.16994956198566 28.82439065
25 25446240 1.73691976721736 28.94380304
25 25518754 1.57140638588645 29.06975357
25 25615342 1.44365305639326 29.22153284
25 25712499 4.95147577501392 29.36179405
25 25739434 3.71101308183754 29.49516248
25 25772304 1.38769764216366 29.61714393
25 25844404 2.08431548285906 29.71719716
25 25889034 1.52179533331152 29.81022056
25 25950148 0.820927406710568 29.90322342
25 26052196 2.96644019710318 29.986997
25 26078984 0.604066894716838 30.06646202
25 26210534 3.90875553369405 30.14592705
25 26230864 0.477310561857409 30.22539208
25 26411675 1.24965960775225 30.31169495
25 26480713 7.5514819881441 30.3979694
25 26491678 1.27426833775747 30.48077139
25 26551200 3.26884454596388 30.55661861
25 26574403 2.05988430515195 30.63246583
25 26611224 2.6687983112408 30.70831305
25 26643437 1.06698912922769 30.79428334
25 26724480 1.6662407904263 30.88075558
25 26771442 0.883282537532453 30.95900571
25 26860032 0.44594047897163 31.03725584
25 27035533 0.400047895955248 31.11551901
25 27198386 2.80301792700228 31.1806678
25 27221647 2.74614382381373 31.24586876
25 27245440 1.73385647674286 31.31120752
25 27289405 0.703934679182204 31.3874364
25 27413837 1.14341779975278 31.4750281
25 27478557 1.44821974747079 31.54903037
25 27529561 1.07714318794555 31.62289556
25 27590020 2.69928707618337 31.68801887
25 27614146 1.18121508379888 31.75314218
25 27654242 1.69389871360108 31.800504
25 27689923 2.54461378142504 31.86094372
25 27712954 1.69672843080486 31.91954847
25 27747494 1.03561049663847 31.97815322
25 27793604 0.267205444491706 32.02590566
25 27969929 1.05805075230182 32.07302098
25 28014459 0.467462406764788 32.12013629
25 28114743 5.61559655007187 32.16701499
25 28123091 1.4203605514316 32.21389369
25 28156096 0.814125032696835 32.26077238
25 28213441 0.265373578241725 32.30745875
25 28385587 0.683192008015912 32.35314173
25 28452454 0.374702669007037 32.39882472
25 28574372 1.32387631495059 32.4445077
25 28608879 1.15268752203919 32.49019069
25 28648581 0.689103382019605 32.53595517
25 28715198 0.653655014229283 32.58186153
25 28785827 2.08687249587556 32.6280289
25 28807042 0.929109567480221 32.67230232
25 28854693 0.729521641616175 32.71657574
25 28914439 0.271616324648374 32.7601615
25 29074908 0.715934286562266 32.80374725
25 29132187 1.07576075550892 32.84475567
25 29170307 1.59120546456571 32.88576408
25 29196073 1.37223695844385 32.9267634
25 29227741 1.19490835902706 32.97021904
25 29274445 0.715230431602048 33.02602596
25 29376970 2.48571892242778 33.09935515
25 29407780 2.73729877021261 33.17594001
25 29435671 0.967688804921765 33.25228643
25 29518243 1.41540236003904 33.33219063
25 29574598 2.00300672557035 33.41195516
25 29612513 2.71898607282231 33.48789914
25 29640444 6.86835473418937 33.56384312
25 29648777 2.28931104819314 33.6210768
25 29681624 2.19043184728204 33.69627384
25 29715988 2.38092101135579 33.77154536
25 29747866 2.51404438555813 33.84744471
25 29778056 3.32176462864896 33.92334406
25 29800905 3.41073113737474 33.99924341
25 29823158 2.068350456621 34.07514276
25 29851190 1.53307584633729 34.1331223
25 29889768 2.37577955039884 34.1922655
25 29917348 2.79924595047477 34.25778929
25 29938832 2.83478059511404 34.31792795
25 29964743 2.30274199583088 34.39137998
25 30002161 2.0435473520154 34.47754401
25 30034884 1.53785604900459 34.54441451
25 30067534 1.5493812540707 34.59462548
25 30101312 0.859757262996942 34.64696088
25 30164096 1.98191577208918 34.70094008
25 30188316 0.897858774506112 34.74894185
25 30228153 1.14730696436018 34.78470948
25 30259326 0.836173590104526 34.82047411
25 30292715 0.863737785642841 34.84839324
25 30331706 2.05346650998825 34.88207119
25 30352130 0.384106853750675 34.92401165
25 30478134 2.29825727717365 34.97241106
25 30499193 1.04937008232137 35.02081048
25 30543167 0.537041253073491 35.06695567
25 30631015 1.13015463917526 35.11413331
25 30672143 1.28100513374764 35.16061387
25 30701751 1.69725841856989 35.1985414
25 30723162 0.917682622164485 35.23488112
25 30763190 0.663066019872685 35.27161416
25 30818643 1.37841407814564 35.30838335
25 30842112 0.677217519322782 35.34073305
25 30893735 1.78561221975856 35.37569309
25 30914030 1.76494082119721 35.41193172
25 30934561 0.759966481617262 35.44816819
25 30982296 0.681444100783186 35.48444499
25 31037583 1.21294919454771 35.52211995
25 31069863 2.36338404605263 35.56127422
25 31089319 2.57198791811165 35.60725601
25 31107197 1.36968582023053 35.6532378
25 31141986 1.91850096920095 35.7008875
25 31165201 1.15578137588689 35.74542545
25 31203678 1.38119402985075 35.78989643
25 31237178 1.06526994359388 35.83616601
25 31280613 1.91927990708479 35.88243559
25 31304721 1.98233215547703 35.92870518
25 31327927 1.83040786907488 35.97470765
25 31351513 1.94040382571732 36.01787936
25 31375038 1.98867299817025 36.06352765
25 31397992 2.93318531880941 36.10917595
25 31412405 1.72120699975353 36.15145196
25 31440806 0.601465794053484 36.20033589
25 31522400 1.65131603165838 36.24941213
25 31549565 2.22675601886324 36.29426998
25 31569710 2.01193039110154 36.33912783
25 31592006 1.80556640625 36.38398568
25 31612486 0.668293211884624 36.42096375
25 31667818 1.24228705566734 36.45794182
25 31697638 1.05280288581143 36.49498721
25 31745874 0.748834693930107 36.54577007
25 31823536 0.339993245897572 36.60392561
25 31968633 2.4503649997517 36.6532578
25 31988770 0.635492295638548 36.70260049
25 32065350 1.35218478390285 36.75126652
25 32098946 1.1954304569543 36.79669498
25 32138950 2.05103791387888 36.8445173
25 32162266 60.247461928934 36.89233963
25 32163054 0.96671125549398 36.93981423
25 32215384 1.57342870703098 36.99040199
25 32244882 2.56609964597185 37.03681457
25 32268044 1.33922173903247 37.09625103
25 32312425 1.90569713729064 37.15568749
25 32344248 1.41629098993392 37.21633287
25 32376634 2.37581095427201 37.26220067
25 32402067 0.387241487595891 37.32262479
25 32558104 1.47159888632416 37.38304891
25 32600127 1.57741119750431 37.44489015
25 32642440 0.832014033548953 37.51163469
25 32733650 2.46923502424104 37.58752292
25 32764383 3.71057578155916 37.66340957
25 32784599 3.69996054059386 37.73842246
25 32804873 1.85618954011691 37.81343534
25 32843535 1.18305118802431 37.88519975
25 32903256 2.64596673360361 37.95585297
25 32929649 2.8260851710402 38.025688
25 32954000 2.93204379873035 38.09450602
25 32977471 1.51963315822278 38.16332405
25 33022395 1.14045049714905 38.23159156
25 33064837 2.08260637350899 38.27999481
25 33092922 2.75294525294525 38.33848506
25 33116010 2.38200142370087 38.40204509
25 33142701 2.79279595870854 38.4656233
25 33165466 0.728837581907442 38.52920152
25 33262832 2.32647915916309 38.60016599
25 33293373 2.57527592242026 38.67121945
25 33321370 3.42672168468981 38.74331925
25 33342454 2.98278424572702 38.81556792
25 33366676 1.64726402188782 38.88781659
25 33410536 2.28704094554664 38.96006527
25 33448440 2.9207884097035 39.04675282
25 33478120 2.35197869101979 39.133442
25 33514912 2.75683737766457 39.21997551
25 33544748 4.55692272958176 39.30222862
25 33562465 2.12449715270884 39.38296387
25 33600747 2.58280669440122 39.46429398
25 33632236 2.59585140997831 39.54562408
25 33654364 1.54218433978619 39.60306533
25 33682052 1.19762122598353 39.6457651
25 33721400 2.00033958740131 39.69288948
25 33744958 1.91164926931106 39.74001386
25 33768908 1.08584125814548 39.78579811
25 33812337 1.75886762895826 39.83295508
25 33839148 2.01482589190344 39.88011205
25 33862553 1.32126227350946 39.92726901
25 33902069 1.63527311450764 39.9794805
25 33933997 1.37354527391428 40.03169199
25 33969227 1.93220554971487 40.08008189
25 34000616 2.25841945830364 40.14073201
25 34023064 2.04926373959632 40.19142901
25 34052741 2.01154280187006 40.25224457
25 34083756 2.44589119232131 40.31463279
25 34109177 2.87856481481481 40.37680975
25 34130777 3.07092408751914 40.43898671
25 34151024 2.65857728616382 40.50116366
25 34171998 1.55648101333191 40.5569242
25 34209577 1.21529639094932 40.61541501
25 34257706 2.30217566478646 40.67390581
25 34287490 0.626605986346928 40.74247349
25 34373185 1.03469582573982 40.79617065
25 34430800 0.562263617071445 40.8557851
25 34536825 2.65507954715476 40.91539956
25 34556876 0.778688763749891 40.96863635
25 34625422 1.55653601477529 41.02201236
25 34649787 1.62684776554265 41.0599377
25 34673126 1.52835808879765 41.09790671
25 34697969 1.18527231039514 41.13587572
25 34731552 1.16052946150034 41.17568032
25 34765851 1.13206341831698 41.21548492
25 34800289 1.42275234720345 41.2544708
25 34827662 1.50443122961826 41.29341575
25 34853727 1.60597949182556 41.33262918
25 34878010 0.941683733965722 41.37162695
25 34915118 1.45322123036468 41.40657091
25 34944020 1.4021744678679 41.4485718
25 34983202 1.21692029920041 41.50351224
25 35037480 1.81030136986301 41.56956391
25 35073980 1.95266184928477 41.63564039
25 35107885 1.18330569375345 41.70184521
25 35162155 2.13773982477542 41.76606364
25 35189206 1.8652217869329 41.82389143
25 35220858 2.32312544917352 41.88292908
25 35245904 1.15743937998772 41.94111406
25 35298032 1.05894334363666 42.00144875
25 35354001 0.940911255754882 42.06071703
25 35416991 0.722205606460208 42.11998549
25 35490549 1.14949691658552 42.17310908
25 35536764 0.865828597116527 42.22623267
25 35599050 1.75141481035521 42.28016208
25 35632270 1.88878039253979 42.3383436
25 35662993 0.542745666735723 42.39637294
25 35749879 2.0327203660537 42.4435298
25 35773045 1.54221523547521 42.49061974
25 35803579 2.14611247835202 42.53770969
25 35825521 2.19013069159574 42.58479963
25 35847022 0.850082119449262 42.63188958
25 35912171 2.35571726456445 42.6872711
25 35935670 2.71981330221704 42.74262781
25 35957095 2.70632488158261 42.80089983
25 35978629 0.795317905484835 42.85917741
25 36067948 3.74013381169398 42.93021458
25 36088574 1.4236099577405 43.00735861
25 36142763 2.96823669107461 43.08450264
25 36173081 1.70597284208527 43.1744936
25 36225736 2.43109511051574 43.26432124
25 36249624 1.90277390361072 43.32239503
25 36281889 1.10887784348583 43.38378756
25 36337015 2.01802515598693 43.44491519
25 36367306 0.836675324675325 43.50604282
25 36444306 2.3633498597179 43.57046703
25 36470325 0.568822887093252 43.63195898
25 36584800 0.629929793600859 43.69707519
25 36689064 0.931498106624686 43.76275382
25 36759573 1.10963000506842 43.82843245
25 36818763 0.394054297285136 43.89411109
25 36985438 1.96032033847084 43.95978972
25 37018528 1.66023393309616 44.02465715
25 37057599 1.82338721011947 44.08952457
25 37093174 2.98953820628629 44.15439199
25 37114872 4.64264242771257 44.21925942
25 37128844 3.05502627419148 44.28412684
25 37152251 0.766717350528851 44.35563614
25 37242352 1.43233400533264 44.424718
25 37273106 0.96804643940998 44.46876753
25 37329782 0.965780070059322 44.52363226
25 37386591 1.79402916748414 44.57849699
25 37417173 1.82749317167411 44.63336173
25 37447195 1.12049423057286 44.68822646
25 37496160 1.46669872565521 44.74309119
25 37533591 1.11261982449385 44.79799136
25 37582934 1.2585422688266 44.85289154
25 37627565 0.9215994498207 44.90906195
25 37688636 2.08671956102625 44.96534513
25 37715608 0.810854031003285 45.0216283
25 37785020 2.06756134969325 45.07791147
25 37811100 3.16485331260929 45.13183349
25 37831688 0.355728074772886 45.19699131
25 38014856 0.677849913302956 45.26214913
25 38114052 1.74585864880303 45.32938951
25 38152566 1.76177749829691 45.39662989
25 38190732 0.556210769739016 45.46387028
25 38311812 1.11738957421409 45.53121676
25 38394741 4.73949652777778 45.62388046
25 38417781 3.42861072902338 45.73307874
25 38450496 1.66330448816049 45.84524566
25 38522374 2.58789781337952 45.96480087
25 38568564 1.40964565768528 46.08433578
25 38653369 1.39217496049935 46.20388079
25 38717292 3.51774843861175 46.29287276
25 38742590 2.65571944380426 46.38186474
25 38768624 2.49181309201028 46.45100338
25 38797023 1.1564671277526 46.52176884
25 38859918 3.43641427492447 46.59450468
25 38881102 1.69513139317757 46.66730193
25 38925016 2.72763914843721 46.74174236
25 38952307 2.58122483577029 46.8161828
25 38975902 2.63590903679009 46.8770863
25 39001099 0.473968700352441 46.94350379
25 39165382 1.62411302043259 47.02136875
25 39212170 2.65584370194324 47.09735768
25 39240782 2.18541313163268 47.17334661
25 39275553 3.00886953078598 47.24933554
25 39300808 2.59352995203592 47.32532448
25 39330205 1.78041346973572 47.40156637
25 39377125 1.56924282415045 47.48510383
25 39449869 3.77778880179912 47.59925707
25 39480106 2.16149222592022 47.71348611
25 39520368 1.47665124920171 47.80051232
25 39572041 1.70960297544363 47.87681497
25 39616673 1.7618277956083 47.95311762
25 39659982 0.950449047719884 48.02942027
25 39740263 2.86707535885167 48.10572292
25 39767015 2.34930164175447 48.18242265
25 39799663 2.33841298723453 48.25912238
25 39834836 2.90334697162788 48.34137167
25 39864654 2.93635595606871 48.42794387
25 39893062 1.93305810183565 48.51136002
25 39935935 1.43890476452162 48.59423611
25 40008723 1.13741671787968 48.69897075
25 40111236 1.7403177352567 48.81557103
25 40185134 2.46731795567616 48.94417741
25 40240409 2.79606920481011 49.0805584
25 40282487 3.56190278354799 49.19821174
25 40306557 6.00751879699248 49.28394688
25 40317729 1.72834503871781 49.35106297
25 40362153 2.29064184512062 49.42784318
25 40396102 2.14248214132025 49.50560822
25 40419340 0.911916623928493 49.55539536
25 40473936 1.09390723529541 49.60518251
25 40519449 1.43589374207675 49.65496965
25 40554157 1.13374129851222 49.70480707
25 40598115 1.08904285347703 49.75464448
25 40644879 2.26303627485176 49.80557297
25 40667815 0.939592247671785 49.85747828
25 40727410 1.84756149702135 49.91347297
25 40762493 3.11909917713296 49.97829052
25 40783274 1.7469275549806 50.04310807
25 40820378 2.71836148041682 50.10792563
25 40848208 0.721494273695228 50.18357779
25 40947574 1.00201562106324 50.25526987
25 41015047 1.89931333034781 50.32287917
25 41041843 1.90079365079365 50.37377365
25 41070067 2.10329519450801 50.42742136
25 41091917 0.497141344626787 50.47337856
25 41148587 0.411709114207913 50.50155119
25 41211017 0.558210667176448 50.52725455
25 41258096 0.955115391604579 50.55353491
25 41285611 3.16044326668273 50.57981526
25 41293913 0.978043458496227 50.60605344
25 41315911 0.560578426263679 50.62756861
25 41354291 0.815858329225285 50.64908379
25 41380662 0.61561281573148 50.67059897
25 41416056 0.602616832749055 50.69238764
25 41452283 0.338203480675471 50.71421876
25 41514225 0.42258038487917 50.73516793
25 41563799 0.681600780868716 50.7561171
25 41594534 0.467195195827956 50.77706627
25 41632501 0.42688679245283 50.79480457
25 41674053 0.468660892021305 50.81254288
25 41711227 0.645785454815034 50.82996463
25 41738205 0.371518744402269 50.84738639
25 41785099 0.829066336727896 50.86480814
25 41806113 0.0744024359516397 50.88222989
25 42040272 0.530269365393395 50.89965164
25 42073127 2.09777242624925 50.91707339
25 42081432 0.366539731964402 50.93449515
25 42128963 0.00704571946639036 50.9519169
25 42167568 0 50.95218867
25 42209916 0 50.95218867
25 42292572 0 50.95218867
