Chromosome Position(bp) Rate(cM/Mb) Map(cM)
22 0 0 0
22 178967 0 0
22 199935 0.0068322132644315 0
22 441438 0.0215197426451512 0.00164974
22 518530 0.109499223971366 0.00330829
22 550101 0.116514337542734 0.00676569
22 593100 0.121661414475384 0.01177549
22 651171 0.0832924781207298 0.01884
22 747038 0.164499637075141 0.02682485
22 810412 0.0877561450863267 0.03725016
22 935634 0.143893369644915 0.04823899
22 1012010 0.29136528627825 0.05922874
22 1049753 0.253598704003703 0.07022566
22 1092963 0.304008877791649 0.08118355
22 1129008 0.301806764349455 0.09214143
22 1165316 0.175452534314385 0.10309931
22 1247133 0.298420308562296 0.11745411
22 1295940 0.369089250418124 0.13201903
22 1335402 0.22079890851209 0.14658395
22 1401367 0.849924759810163 0.16114888
22 1418645 0.593117654186356 0.17583349
22 1443404 0.536693224179519 0.1905181
22 1470766 0.195203693222803 0.20520272
22 1560877 0.187344899937161 0.22279282
22 1654768 0.444600337542447 0.24038292
22 1703947 0.802848446562913 0.26224832
22 1738773 0.979913279699091 0.2902083
22 1777057 0.50619087534427 0.32772345
22 1860567 0.56414710962105 0.36999547
22 1958997 0.518557735689228 0.42552482
22 2067604 0.38287468964611 0.48184341
22 2212197 0.813040535459126 0.53720482
22 2278682 1.68327468626413 0.59126007
22 2310795 2.87083753784057 0.64531533
22 2329624 0.398524309368 0.69937059
22 2466238 1.11387805378772 0.75381466
22 2514948 0.773326358312626 0.80807128
22 2583765 0.888533721555844 0.86128934
22 2646959 1.76799597116868 0.91743941
22 2678730 1.73374818371344 0.97361016
22 2710388 1.2493626513703 1.02849693
22 2754320 2.14838734930327 1.0833837
22 2779868 2.80909230532944 1.13827048
22 2799401 1.35793790275337 1.19314019
22 2848904 1.80401144613428 1.26036248
22 2886646 1.20190821149344 1.32844987
22 2909285 0.741523275977058 1.3556594
22 2946770 0.919144446575868 1.38345564
22 2978048 1.16093839404921 1.41220461
22 3004263 0.570022639250098 1.44263861
22 3057710 0.766119215341941 1.47310498
22 3107821 0.68352490421456 1.51149575
22 3163936 0.68402468167065 1.54985158
22 3220010 0.831856176754736 1.58820741
22 3267624 1.08053251855085 1.62781566
22 3304280 0.849282758324935 1.66742392
22 3350917 1.81688073394495 1.70703217
22 3372717 0.295880177791058 1.74664043
22 3506582 0.929437991317611 1.78624869
22 3549197 0.689674167056153 1.82585694
22 3609105 0.585873911687133 1.8671739
22 3679627 1.9745724294251 1.90849087
22 3703892 0.669600448530112 1.95640416
22 3798423 1.82213810063275 2.01970201
22 3834614 2.08899137415663 2.08564707
22 3869741 0.77989159315549 2.15902659
22 3963831 1.83647420977551 2.2324061
22 4003788 1.09552623301931 2.30578562
22 4070555 0.98494539676555 2.37893026
22 4144818 1.90600896393579 2.4520749
22 4183194 2.49712846347607 2.52521953
22 4212969 3.4260436826099 2.59957167
22 4234671 0.963917313087968 2.6739238
22 4283143 1.34046985991508 2.72064684
22 4333541 1.68006540111267 2.78820391
22 4380635 3.90327035959158 2.86732538
22 4400908 0.875022238035937 2.94645627
22 4490844 1.84619715666495 3.02515217
22 4533470 1.58929724146835 3.10384808
22 4579944 2.75797793021175 3.17770938
22 4606768 1.4090623392949 3.25168892
22 4659271 2.1234393259118 3.32566845
22 4691789 1.31484189362091 3.39471846
22 4746499 1.239916574738 3.4666535
22 4804515 0.622378682477387 3.53858854
22 4923253 3.76487977926685 3.61248882
22 4943549 2.70209169659835 3.68890042
22 4971947 1.86731291464714 3.76563399
22 5001038 2.20577871740662 3.81995575
22 5030837 2.22780301297343 3.88568583
22 5061438 0.950013766519824 3.95385907
22 5134078 1.7717082896654 4.02286825
22 5173199 2.3468967955517 4.09217933
22 5204312 2.12869736689479 4.16519811
22 5238796 3.05253460363113 4.23860394
22 5261048 1.56092272202999 4.30652906
22 5304398 1.23455573800401 4.37419546
22 5359208 2.88849995731239 4.44186187
22 5382634 0.721399357132941 4.50952827
22 5476277 1.84440444307854 4.57708221
22 5499054 1.71042117783403 4.6190918
22 5531843 2.80187441424555 4.67517494
22 5553183 2.07208206265595 4.73496718
22 5582039 2.77071362372567 4.79475941
22 5603619 2.98430884184309 4.85455165
22 5623694 2.54380341880342 4.91446194
22 5647094 1.25796505652621 4.97398689
22 5693798 1.6839070240061 5.0327389
22 5733163 1.34741731069367 5.09902614
22 5786344 2.17943220170737 5.17068291
22 5811529 2.11624458578843 5.22557191
22 5837156 1.22157117542823 5.27980451
22 5879481 1.41083854067182 5.3315074
22 5916128 1.97664105210842 5.38321029
22 5942285 1.64371324113813 5.43491318
22 5973740 4.10928310284534 5.48661607
22 5986322 1.67198369301453 5.53831896
22 6017229 1.13467576052831 5.58999483
22 6054177 1.36706385419654 5.63191902
22 6092530 1.0346521953626 5.68435044
22 6143205 1.22402136716468 5.73678185
22 6179148 0.74376634047957 5.78077735
22 6246083 0.979261157082021 5.83056157
22 6303849 0.895908342404198 5.88712916
22 6375507 1.86817402423784 5.95132814
22 6409916 1.78274484396933 6.01560983
22 6446960 1.82169259627055 6.08164943
22 6483212 1.04178826647316 6.14768903
22 6546603 1.12427647259108 6.21372864
22 6605343 1.93851606666862 6.27976824
22 6639482 1.44752116359632 6.34594774
22 6683071 1.85740359140418 6.40904373
22 6717041 2.83108443708609 6.47213973
22 6741201 2.66566862386748 6.54053865
22 6766918 2.40935893968082 6.60909139
22 6803888 2.19808219178082 6.69816491
22 6844038 3.03820658872123 6.78641758
22 6874059 1.97715251885893 6.87762761
22 6920191 2.9407599073948 6.96883764
22 6949563 3.36124332200097 7.05521318
22 6970153 1.97325578080005 7.12442109
22 7005226 1.10943380954308 7.19362901
22 7079353 3.77578845888996 7.27586757
22 7101136 0.38726834498923 7.35811587
22 7311902 2.28776837266663 7.43973895
22 7347580 0.752014827656161 7.52136203
22 7456026 0.801410130788566 7.60291484
22 7549918 2.8673199690969 7.67816114
22 7574511 1.6203125 7.74867721
22 7618031 1.90976053999036 7.81919328
22 7655365 2.73365504358655 7.89049231
22 7687485 0.562531632594225 7.97829771
22 7843574 2.12316786006055 8.06610312
22 7885192 1.12623845467711 8.15446472
22 7989455 0.820137432387681 8.27188971
22 8134399 5.85475304045669 8.39076334
22 8154544 3.87615634232576 8.50870769
22 8175191 2.64620173521425 8.58873905
22 8205389 1.68410499453153 8.66864872
22 8260249 1.10552729390405 8.76103897
22 8318632 1.58959053765336 8.82558343
22 8364033 1.76540794365095 8.89775222
22 8404921 0.939797937714821 8.96993611
22 8481729 0.943692722019584 9.04212
22 8558220 2.18844519517538 9.11430388
22 8596109 2.67753810384913 9.19722152
22 8627077 1.19747559355323 9.28013915
22 8696321 1.3046511942988 9.36305678
22 8770130 0.62232760879708 9.45935159
22 8926591 1.52569727358195 9.5567214
22 8990411 2.08562073289675 9.65409121
22 9019119 1.83119004407571 9.71396532
22 9057689 2.04051362379378 9.78459385
22 9109400 6.22259435141215 9.89011125
22 9129405 2.14911522775973 10.01459473
22 9187273 0.648161634452624 10.13895998
22 9288885 1.73881666362713 10.20482063
22 9327268 1.49711723254324 10.27156115
22 9369415 0.801146204788589 10.33466052
22 9447935 1.0720762478635 10.39756668
22 9516973 2.18417590202925 10.47158057
22 9556495 0.946098793305641 10.55790368
22 9647736 0.881743048840061 10.64422678
22 9748043 2.48067041108987 10.73267211
22 9781515 1.52536052172316 10.81570513
22 9835950 1.69203683092178 10.89873815
22 9885365 1.53322966778431 10.9823502
22 9947102 1.78852447953572 11.07700747
22 10006376 2.32375285438258 11.18302033
22 10051920 2.26187310354233 11.28885357
22 10081251 1.26382081386071 11.35519689
22 10133889 1.39501686574217 11.4217221
22 10195256 2.21291461351769 11.50732989
22 10236047 1.6841586349826 11.59759642
22 10285746 1.62857476362787 11.68129766
22 10345715 2.89692403523863 11.77896177
22 10379428 1.54385077458109 11.87662588
22 10442688 4.06087919038583 11.97428999
22 10467984 1.40161521127687 12.07701442
22 10528781 2.74499651498556 12.16222851
22 10558910 1.866799153461 12.2449324
22 10597656 2.98771775911768 12.31726366
22 10621593 2.63783564473296 12.38878022
22 10648705 0.572749987987122 12.46029678
22 10773571 1.61362606489034 12.53181334
22 10817707 2.56121687196715 12.60303186
22 10839139 0.451638833295056 12.65792417
22 10961055 1.50805214723926 12.71298635
22 10997567 17.4286215363031 12.76804854
22 11000418 2.01194273710418 12.81773774
22 11026124 0.538307815606233 12.86945671
22 11122201 1.26042708968883 12.92117569
22 11163176 2.10532364651316 12.972822
22 11187539 2.31384823238009 13.02411364
22 11209744 0.3301949846403 13.07549294
22 11365346 1.71658147071598 13.12687225
22 11395277 0.255307536975386 13.17825155
22 11596830 1.39203936893906 13.22970998
22 11631375 0.965506163915994 13.27779817
22 11681181 1.27307865406507 13.32588636
22 11718954 1.70908497507714 13.37397456
22 11752658 2.48672047461369 13.4315774
22 11781650 0.858130126289642 13.50367203
22 11862971 2.62360107251107 13.5734563
22 11897283 0.749252874078993 13.66347758
22 12008710 0.597988986971701 13.74696411
22 12149634 1.20875826555933 13.83123488
22 12219351 2.64429382785779 13.91550565
22 12251220 2.11166650004999 13.99977643
22 12291232 0.411458445540786 14.08426839
22 12430483 4.07987330441369 14.14156472
22 12445006 2.44351135564473 14.20081629
22 12469179 1.10105284677502 14.25988323
22 12518094 1.34992605960348 14.31374159
22 12557991 0.762882801212499 14.36759994
22 12628589 1.97502023397837 14.42145829
22 12655771 2.08777319747997 14.47514344
22 12681485 1.18129878178684 14.52882859
22 12733118 2.05373918313748 14.58982274
22 12762817 3.4965034965035 14.6508169
22 12784839 1.87152819964523 14.72781676
22 12825992 0.983870143802202 14.80483533
22 12904294 3.69049085151302 14.88187475
22 12927030 2.0019803397595 14.96578153
22 12968942 0.875970213525748 15.0496883
22 13064153 1.29754033324517 15.13309056
22 13128430 2.68096049374779 15.21649281
22 13159539 2.77985867470475 15.29989507
22 13179776 0.397097688394168 15.35615105
22 13326211 1.89115912275556 15.41430045
22 13356898 1.81371631736527 15.47233421
22 13388962 0.690676959619952 15.53048917
22 13473162 0.873169605050427 15.58864414
22 13538107 2.60968451944241 15.64535238
22 13559915 1.21363074167271 15.70226426
22 13606809 0.749980185464056 15.75917614
22 13682511 0.781351418823334 15.8159516
22 13754613 0.452070293692826 15.87228842
22 13879233 1.97666748535139 15.92862524
22 13907734 1.37268733219429 15.98496206
22 13948704 1.80665742918828 16.04120103
22 13979737 1.54274371415968 16.09726715
22 14013742 1.74575299986517 16.14972843
22 14043410 1.11292182827851 16.20152109
22 14090230 1.00441109074244 16.25362844
22 14142598 1.34294176219777 16.30622764
22 14181765 6.89317602040816 16.35882684
22 14188037 2.50430475837808 16.40206058
22 14209641 1.86321965529886 16.45616314
22 14258727 0.593532393196228 16.54762066
22 14412818 4.0352331199183 16.63907819
22 14438277 1.44051354817584 16.74181081
22 14511571 1.49790970876054 16.84739215
22 14554388 0.750535924557925 16.91152811
22 14653749 2.07383426888234 16.98610239
22 14689735 1.36644367139417 17.06073123
22 14727105 0.743171976160871 17.11179567
22 14797074 0.316630740564831 17.16379417
22 14961300 0.481416785359168 17.21579268
22 15072933 0.984384277401734 17.26953508
22 15123459 0.590289391405512 17.31927175
22 15178471 0.472680276667544 17.35174467
22 15262037 1.26331275785972 17.39124502
22 15293304 0.731644069052382 17.43074538
22 15347292 0.223590811832765 17.47024573
22 15523954 0.831117021276596 17.50974608
22 15571330 1.13803867163791 17.54912144
22 15605929 0.932570697740514 17.5884968
22 15648151 1.74083854528608 17.62787215
22 15669736 0.568827404833148 17.66544799
22 15744263 0.990143641247226 17.70784095
22 15787078 0.478518429870752 17.75023391
22 15870638 0.810204981265153 17.79021867
22 15916008 1.75300862314034 17.82697743
22 15937114 0.459021884769987 17.86397663
22 16017718 1.24588342256794 17.90097582
22 16047415 1.36823271071109 17.93797501
22 16084302 1.08093636889336 17.988445
22 16130993 1.00881844723828 18.038915
22 16181342 0.562637308987941 18.0897082
22 16263274 0.44963569150337 18.13580601
22 16365797 1.59281499119992 18.18190381
22 16394774 1.41285049589813 18.22805922
22 16427442 0.793545724945412 18.27421463
22 16485605 0.807908417791314 18.32037003
22 16542734 1.75982765851985 18.36652544
22 16568961 1.95596897910751 18.41268084
22 16592558 1.64292139644463 18.45883625
22 16615903 1.25019007124152 18.49718981
22 16651416 1.61710774432668 18.54158801
22 16682174 0.739937111604548 18.59132682
22 16749277 0.414965986394558 18.64097921
22 16869964 1.05773840095874 18.69106004
22 16916692 1.72460362003648 18.74048626
22 16945200 0.845216656253446 18.78965166
22 16999618 1.60395452643325 18.83564701
22 17028294 0.480371142205021 18.88164235
22 17129064 0.369086607741448 18.93004949
22 17258833 0.285900422186636 18.97794568
22 17396213 1.06533709558119 19.01722268
22 17432716 0.751226079430714 19.05611022
22 17484711 1.40538984636419 19.09517017
22 17512504 1.66537780676419 19.13423013
22 17533970 1.27981240826263 19.16997902
22 17561903 1.69867104045757 19.20572791
22 17585681 1.13147522522523 19.24611849
22 17624753 0.347757343108412 19.29032769
22 17751879 1.15700078513478 19.33453688
22 17790089 1.68834227902846 19.37874608
22 17815986 1.74878009759219 19.42246924
22 17840988 1.54799079483094 19.4661924
22 17869233 1.18927522709185 19.50991557
22 17905672 1.31080199956531 19.55325204
22 17937879 0.712409595899995 19.59546857
22 17997196 0.486876370199004 19.63772677
22 18079757 1.50966214082728 19.67792392
22 18111427 0.502826977229783 19.7257354
22 18247438 3.24941529500022 19.79412513
22 18270099 1.67612381231203 19.86775992
22 18307672 1.9398029134533 19.93073691
22 18340348 0.999542250297538 19.99412166
22 18405886 1.73040420863404 20.05962992
22 18443713 0.688204186959366 20.12508585
22 18553769 2.77997235559436 20.20082642
22 18581261 3.47330427676382 20.27725311
22 18603287 1.44078873027233 20.35375595
22 18656385 1.71669500482515 20.43025879
22 18699907 1.54557291666667 20.50497265
22 18739075 2.6823201939481 20.56551012
22 18761349 1.20795181209953 20.62525588
22 18810822 1.63043182868169 20.68501639
22 18847619 1.05465355591127 20.74501142
22 18904468 1.78031374566028 20.80496747
22 18935576 0.461928552959722 20.8603494
22 19055469 1.81029782151481 20.91573133
22 19093982 0.590167264847295 20.98545138
22 19212118 1.16607427183685 21.05517142
22 19274295 1.20832986533051 21.12767447
22 19334368 1.12677939780864 21.20026254
22 19403914 1.84147549100512 21.27862567
22 19452386 0.764944673607019 21.36788521
22 19544024 1.59576731552739 21.43798303
22 19588204 1.51712475383166 21.50848358
22 19634920 1.15895809473468 21.57935771
22 19668973 0.685102246293789 21.61882371
22 19726579 1.08671090387374 21.65828971
22 19760035 0.926320244114306 21.69464719
22 19804932 0.666870684243566 21.73623617
22 19868652 0.674527391975309 21.77872939
22 19930860 0.76018202902625 21.82069065
22 19987774 0.764872270838858 21.863956
22 20044339 0.893351228577328 21.90722135
22 20092769 0.554873979775166 21.9504867
22 20170693 1.22596704203605 21.99372476
22 20208256 1.37666550805237 22.03977547
22 20242780 0.700644422588553 22.0873037
22 20310903 1.27274689110086 22.13503347
22 20347974 2.84057796508128 22.18221532
22 20364584 1.26862691261264 22.22939718
22 20404647 0.816675772085998 22.28022171
22 20466881 1.39190197123069 22.33104625
22 20504421 1.12296415824524 22.38329862
22 20577548 1.66224113586445 22.46541739
22 20628540 1.23356910001164 22.55017882
22 20697252 0.540652883387448 22.63494025
22 20817059 3.82708638360176 22.69971435
22 20830719 1.45311485626737 22.75199233
22 20869228 0.542582541428494 22.80794995
22 20980142 1.52796023433339 22.86813026
22 21013940 2.05181529784984 22.91977274
22 21042310 2.1810136765889 22.97798292
22 21070899 1.58913780360374 23.04033589
22 21110136 1.15883980818387 23.10268885
22 21157473 1.5648078858411 23.15754488
22 21196226 1.63996538388728 23.21818541
22 21233203 0.584189462780734 23.27882594
22 21339398 2.62739285109266 23.34086383
22 21363010 1.5504073574249 23.40290172
22 21403024 0.412558112360301 23.46493961
22 21522835 1.55381545531503 23.51436889
22 21555911 1.32803067595927 23.56576291
22 21594508 1.01939025117833 23.61702051
22 21644791 1.51533816062254 23.66827811
22 21678074 1.41446740059317 23.7187133
22 21717860 1.37161519900558 23.77498935
22 21758889 1.5728654324399 23.83126541
22 21795079 0.777544092686887 23.88818776
22 21849283 2.02401190990731 23.93033366
22 21870106 0.953894802906317 23.97247955
22 21911533 0.885403403171663 24.01199676
22 21954728 1.37996253332373 24.05024171
22 21982486 1.01904812578148 24.08854677
22 22020075 0.906257934950717 24.12685182
22 22063396 0.180824163930047 24.16611134
22 22280513 0.456981334828416 24.20537086
22 22366127 0.445827065955604 24.2444946
22 22453883 2.68563760236735 24.28361833
22 22468414 0.129898520997517 24.32264359
22 22764830 0.423626713555404 24.36114739
22 22856963 1.08095383166699 24.40017714
22 22893070 1.03618552048212 24.4392069
22 22930737 0.256196502651893 24.47823665
22 23083081 1.41653004490698 24.5172664
22 23111139 1.27165649776502 24.55701122
22 23141788 0.675884841605613 24.5959863
22 23199934 0.69945861581232 24.63528609
22 23261443 1.96836367945022 24.67830941
22 23286762 0.717048184970433 24.72814661
22 23356265 1.12761047129896 24.7779838
22 23400462 0.967643729752937 24.827821
22 23451704 2.33950385265927 24.87740495
22 23472988 0.979583014010887 24.92719913
22 23523877 0.896860906292505 24.97704944
22 23579753 1.07510941388484 25.02716247
22 23626365 1.3822750593038 25.07727549
22 23662619 0.723381834978925 25.12738851
22 23731895 0.931397018221977 25.17750153
22 23777170 1.1938113976729 25.21967024
22 23812493 0.59940867933647 25.26183895
22 23882844 1.41552986191981 25.30400765
22 23906888 1.34531538029975 25.33804306
22 23931842 0.708163923846402 25.37161454
22 23978327 1.00338332114119 25.40453395
22 24011135 0.674100012286522 25.43745337
22 24059969 1.59800970873786 25.47037278
22 24080569 0.816246970814456 25.50329219
22 24118533 0.296937323051415 25.53428029
22 24246395 1.33126040710912 25.57224716
22 24275822 0.75964708163661 25.61142239
22 24327392 1.16005330174711 25.65059762
22 24361162 1.16022432038527 25.68977286
22 24392724 1.00191452387264 25.7263914
22 24426675 0.8823774006601 25.76040726
22 24465154 0.37650735492214 25.79436054
22 24557949 1.68611553496453 25.82929873
22 24578670 1.25735055961421 25.86423691
22 24606457 0.835257835472997 25.8991751
22 24648286 0.260641869209077 25.93411329
22 24782332 0.344393186657204 25.96905147
22 24883780 0.965618263224808 26.00398966
22 24919962 1.32125704345195 26.03892785
22 24946405 1.70912826533607 26.07386604
22 24966847 0.538452054372284 26.10880422
22 25031733 0.257159481281334 26.14374241
22 25157196 0.673851695072593 26.17600655
22 25211058 0.808299403201517 26.21230106
22 25264845 0.694626851363658 26.25577718
22 25327434 0.395347420985324 26.29925329
22 25442381 1.0907343412527 26.34469737
22 25488681 1.15960477941176 26.39519867
22 25532201 0.307693245698538 26.4456645
22 25696215 0.298655058540979 26.49613032
22 25862765 2.04182947394398 26.54587133
22 25887078 0.700232738557021 26.59551384
22 25957973 1.01865094903448 26.64515636
22 26006496 1.16875931049159 26.69458433
22 26048787 1.1381597126278 26.74401229
22 26092215 1.00733675715334 26.79344025
22 26141283 1.29780309194467 26.84286821
22 26179382 2.39617155318633 26.89231353
22 26200017 1.23083420281214 26.94175885
22 26240271 0.331717669427131 26.99130492
22 26389642 0.492016364466864 27.04085433
22 26490348 0.956212127060095 27.09040373
22 26542166 1.05230060822652 27.13995313
22 26600368 0.296719290186882 27.20119868
22 26807183 1.14300680984809 27.26256421
22 26866362 1.35936495176849 27.33020623
22 26916122 7.66863852290042 27.39784826
22 26927279 2.4543602983362 27.48340773
22 26962139 2.45428989415106 27.56896721
22 26997000 39.0719572368421 27.65452668
22 26999432 0.581440321159307 27.74954994
22 27162840 3.28431677555394 27.84456183
22 27191769 1.7722258394568 27.93957372
22 27245524 2.73138757635127 28.03483987
22 27280232 2.54825489159175 28.12964106
22 27310488 0.778707975756067 28.20674083
22 27439015 2.97341396622547 28.30682547
22 27474071 1.84976309204806 28.4110611
22 27530422 0.931812953895698 28.51529673
22 27652146 2.27695412239519 28.628721
22 27676428 2.13257359924027 28.68400974
22 27702753 1.62046004842615 28.74015006
22 27739097 0.674911148183071 28.79904416
22 27808032 0.418227294324366 28.84556906
22 27919579 0.633307993049522 28.89222155
22 27993243 0.984895789384862 28.93887403
22 28040647 1.04762103767474 28.98556197
22 28088504 0.596921098689145 29.03569757
22 28172495 0.620724946695096 29.08583317
22 28254570 0.752046384720327 29.13677889
22 28313210 0.479513564078578 29.18087936
22 28404075 0.887007874015748 29.22445056
22 28449795 1.7442939553549 29.26500425
22 28473717 1.07582802089824 29.30673165
22 28515443 1.2058452198673 29.35162134
22 28552670 1.09133785525004 29.39651103
22 28593803 0.86218122626153 29.44140073
22 28669366 0.203504539394324 29.50654974
22 28984386 0.469846422774379 29.57065763
22 29120539 1.00999527037679 29.6346291
22 29183969 1.89517986400526 29.6986929
22 29220441 1.03445346844497 29.76781426
22 29287546 0.96949966202701 29.83723118
22 29360037 1.59921709642914 29.90751114
22 29403976 2.687305669648 29.97777951
22 29430027 0.939893068192477 30.0477864
22 29483332 1.70452148470724 30.0978873
22 29512725 1.3283466779042 30.1479882
22 29541201 0.863220401024932 30.18581469
22 29590375 0.338490412904535 30.2282625
22 29688945 0.643306747986551 30.26162782
22 29740101 0.313209373369528 30.29453719
22 29872348 1.16355794852073 30.33595774
22 29908751 0.301481923516833 30.37831441
22 30069623 0.160965574450436 30.42681453
22 30370998 0.17250195576417 30.47532563
22 30652218 0.462445738485971 30.52383672
22 30746668 1.41742657796528 30.56751434
22 30777483 0.439952703566407 30.61119196
22 30871359 1.26050625190607 30.65249262
22 30904149 1.78340334113573 30.69382432
22 30935336 1.87033608258991 30.74944331
22 30970982 1.52016781813622 30.81611286
22 31014839 1.16829635860232 30.88278241
22 31071905 0.938485692866943 30.94945196
22 31142604 1.32400774250195 31.01580199
22 31192717 0.713586611754992 31.08215202
22 31292028 1.97854527834608 31.15301882
22 31329176 2.03400705806866 31.22651771
22 31363463 1.51641661230702 31.2962575
22 31409453 0.49217009566243 31.36599729
22 31531549 1.18557686791226 31.42608974
22 31583840 1.09072905713284 31.48808444
22 31640900 2.65970085470085 31.55032111
22 31664300 1.04906786232006 31.61255778
22 31723626 0.319054557066872 31.67479445
22 31924040 0.457123981174934 31.7387377
22 32058754 1.85317484201023 31.80031857
22 32091984 2.22574854873205 31.86189945
22 32118168 2.6186109238031 31.9201784
22 32140413 1.04806991988347 31.97842929
22 32181603 1.62585933368588 32.0215996
22 32208077 1.18797279400211 32.06464223
22 32252626 0.312279417840154 32.11756547
22 32422064 1.5020723329359 32.1704778
22 32457290 2.00755304209208 32.22339013
22 32483637 1.01880255372158 32.27628297
22 32535013 1.44583294183971 32.32862493
22 32577585 0.466353373628098 32.3901767
22 32711432 0.628654828980672 32.45259704
22 32814549 1.40320371483931 32.51742172
22 32874417 1.07256312629932 32.60142828
22 32960039 4.08991716397969 32.69326376
22 32982493 0.976195775439043 32.78509924
22 33076846 1.53190996933403 32.87720658
22 33128695 1.78750984584224 32.95663477
22 33173130 3.61596169981738 33.03606295
22 33193391 1.82532326780776 33.10932557
22 33233528 0.98470805027641 33.18258819
22 33306246 2.1011760636458 33.25419453
22 33329374 0.874261326329613 33.30279006
22 33393340 0.765970763731449 33.3587129
22 33465237 0.300121566297243 33.41378413
22 33648676 0.253839025986898 33.4688383
22 33865593 0.839902414295672 33.52390074
22 33928717 0.671112870895098 33.57691853
22 34009535 0.576178394979303 33.63115679
22 34099403 1.81048951048951 33.68293656
22 34128003 2.4627824019025 33.73471633
22 34149028 1.12384425055346 33.7864961
22 34195102 1.84640828359819 33.83827587
22 34222916 0.933565293030336 33.88963143
22 34268901 1.1988578680203 33.93256163
22 34300421 0.0880576188227212 33.9703493
22 34766241 0.421871625304687 34.01136792
22 34863472 0.297528034468252 34.05238654
22 35001338 0.252325710252956 34.09340517
22 35172791 1.06573533397393 34.13666741
22 35213378 1.6416182777335 34.17992202
22 35239727 1.38261147514783 34.22317662
22 35271012 1.84055465646609 34.26643122
22 35298200 1.70499367672694 34.31647251
22 35327457 0.907772379028589 34.36635572
22 35382408 1.26968451749735 34.41623894
22 35412584 0.496040918703585 34.45455315
22 35514249 1.36474191514278 34.50498341
22 35547552 1.01153871806843 34.55043349
22 35592531 0.707644451357026 34.59593115
22 35656826 1.22968845448992 34.64142882
22 35692840 1.21386301369863 34.6857152
22 35729340 0.217306645347668 34.73002108
22 35933227 0.147764700982553 34.77432695
22 36221354 0.372253335313699 34.81690195
22 36335811 0.607514910536779 34.85950905
22 36411261 2.06824479827157 34.90534636
22 36432552 0.625413197635344 34.94938185
22 36505459 0.880726313653885 34.99497927
22 36554749 0.796716349285413 35.03839039
22 36606947 1.32047374103004 35.07997787
22 36638441 1.39901096683038 35.12156534
22 36668167 0.509257671866964 35.16315282
22 36749829 0.647157457681252 35.2047403
22 36812449 0.471917832147474 35.24526495
22 36898322 0.689691985861646 35.28578961
22 36967637 0.429679399444237 35.33359587
22 37088192 0.751777644600658 35.38539562
22 37149931 0.682779922779923 35.43180915
22 37221156 0.745531197301855 35.48044002
22 37286386 0.929153295482597 35.5290709
22 37339049 0.703095812111826 35.57800323
22 37401682 0.615824581521207 35.62204061
22 37473191 1.70487804878049 35.66607799
22 37499021 1.20103092783505 35.71011536
22 37535687 0.786582868944398 35.75415274
22 37591854 2.09506704980843 35.79833234
22 37612734 1.51501446576436 35.84207693
22 37642805 1.81530669219111 35.88763503
22 37667879 1.61573959035888 35.93315203
22 37696050 1.46291457904282 35.97866902
22 37728583 0.54799010756065 36.02626237
22 37830479 0.714704564368478 36.08210015
22 37908584 1.67598402738163 36.1379218
22 37941891 1.85999384888767 36.19374345
22 37971154 1.59578398029788 36.24817212
22 38005262 2.15406750661067 36.30260079
22 38030978 1.85873830365228 36.35799508
22 38060795 1.26939990838296 36.41341689
22 38104455 0.907413574901752 36.46883871
22 38164507 1.48738260514496 36.52333053
22 38201242 0.453183706984498 36.57796955
22 38321809 0.600967391304348 36.63260856
22 38413809 0.665672182502051 36.68789706
22 38507660 1.38881681950347 36.7503707
22 38552370 1.83058691743065 36.81246471
22 38586293 1.94034765538423 36.87456326
22 38617876 2.69127723120169 36.93584564
22 38640644 1.8251273344652 36.99712112
22 38674217 0.946401872196581 37.05839661
22 38735749 2.49652875316024 37.11663036
22 38760668 0.869755476952759 37.17884093
22 38832195 0.93588079245922 37.24105149
22 38885346 1.03893147308841 37.29079497
22 38933225 0.741967721726679 37.34053845
22 39000267 1.26593215151729 37.39028193
22 39042744 1.4370122928915 37.44405498
22 39080164 1.09261626977785 37.49782804
22 39130220 2.31158088235294 37.55251986
22 39155244 2.01385801611559 37.61036466
22 39184036 1.51059417040359 37.66834743
22 39219716 2.63841271212056 37.72224539
22 39242875 2.37145851121633 37.7833483
22 39268641 1.31864692168207 37.84445121
22 39314965 2.02080852190022 37.90553596
22 39345193 1.12944678648029 37.96662071
22 39399277 1.18404733559587 38.02770546
22 39455556 1.25994566965722 38.09434199
22 39511510 1.56649170783345 38.16484079
22 39556854 2.32168144634633 38.23587152
22 39585948 2.04298027419448 38.30341803
22 39620522 1.35159869806625 38.37405214
22 39672752 2.52501082719792 38.44464597
22 39700460 2.69803394387498 38.51460917
22 39736166 1.25605976034108 38.61094474
22 39820369 16.3283351368063 38.71670894
22 39826838 1.58643385465757 38.82233672
22 39889435 1.77162480602333 38.92164282
22 39959031 3.32224177057039 39.04494072
22 39998250 5.58582697419189 39.17523591
22 40021576 2.88929936963935 39.3055311
22 40060284 2.44821140283796 39.41737002
22 40107360 4.47329818023233 39.53262202
22 40132583 3.59927533579768 39.64545187
22 40159906 4.29154874384987 39.7437952
22 40182873 1.78089743887971 39.84235912
22 40225862 0.302037155481058 39.91891769
22 40497908 1.77795920790903 40.00108604
22 40531591 0.79347654606647 40.06097341
22 40607655 1.67706957456612 40.12132793
22 40640210 1.13692189598925 40.17592499
22 40692320 1.85991638690061 40.23516982
22 40723894 1.82812937770445 40.29389529
22 40756017 2.03388715818622 40.35262076
22 40784907 2.02932136073217 40.41137941
22 40813862 0.739311507587005 40.47013805
22 40893340 1.45683444958457 40.5288967
22 40936789 1.47975500280531 40.59219449
22 40979565 1.56217763018441 40.65549227
22 41036177 2.43460099920828 40.74393061
22 41072806 0.419585387887228 40.83310794
22 41285342 0.923195577456623 40.92228526
22 41381938 4.28877759408733 41.01146259
22 41402504 1.98203534031414 41.09966514
22 41433064 1.52980730630269 41.16023567
22 41472920 1.01384760514746 41.22120806
22 41529103 2.11209166079573 41.27816942
22 41556072 2.10181715621097 41.33513077
22 41580891 1.93117873537687 41.38729548
22 41607903 2.2434424957318 41.4394602
22 41633675 1.22803011292346 41.4972785
22 41673525 1.86458759094253 41.54621589
22 41697991 0.565666936428753 41.59183531
22 41780780 1.00999778237729 41.63866661
22 41834892 2.37890659005833 41.6933192
22 41857866 0.773162481366816 41.74797179
22 41927634 2.31186592401034 41.80191406
22 41947742 0.464875398224364 41.84840138
22 42071416 0.329608778407136 41.90589414
22 42245844 0.328966545775006 41.96338689
22 42422862 1.17562426506191 42.02161977
22 42451776 0.684681671519635 42.05561216
22 42502604 0.693744517981022 42.09041299
22 42552768 1.10806508103289 42.12521382
22 42584175 0.721892631928311 42.16001465
22 42632383 0.826941647123741 42.19481547
22 42675877 1.08278893337749 42.23078256
22 42709094 1.62719477337689 42.26674965
22 42731135 1.5850735747643 42.302615
22 42753833 0.917717991589401 42.3385931
22 42793307 1.51353926202777 42.37481915
22 42820598 0.357928303423654 42.41612469
22 42936001 1.03605962933118 42.45743023
22 42975713 0.800325430032543 42.49857417
22 43027337 1.74043536890773 42.53988991
22 43053292 1.80351941263318 42.58506278
22 43078353 1.03762712642623 42.63026123
22 43121912 0.541787920559555 42.67545968
22 43180673 0.759788726649808 42.70729591
22 43229709 1.34307858687815 42.74455293
22 43257449 1.16443317638537 42.78180995
22 43290581 1.38126922801746 42.82039008
22 43318535 1.20946072611385 42.85900179
22 43350541 1.56701182705992 42.89771179
22 43370918 0.879384469416195 42.92964292
22 43404645 0.43097842524448 42.95930199
22 43483997 0.228979471590985 42.99350097
22 43633351 0.387788778877888 43.02769996
22 43721827 1.11649853563293 43.06201016
22 43752557 0.807400959819328 43.09632035
22 43795065 0.50744348667429 43.13064105
22 43886017 0.448265814547538 43.17679417
22 43988976 1.45859933000442 43.22294729
22 44020618 1.49600976124522 43.26910041
22 44050942 1.94270520627841 43.31446515
22 44074260 2.79005547232457 43.3597648
22 44098957 0.581022854215137 43.42867072
22 44218016 1.21361533377396 43.49784636
22 44248276 0.758319817692829 43.53457076
22 44296985 0.806472875881616 43.57150756
22 44342498 0.641337014257758 43.60821219
22 44399730 0.390561821664184 43.64491682
22 44493710 0.626154000775316 43.68162145
22 44563359 4.68203859475507 43.72523196
22 44573464 2.3453130421851 43.77254411
22 44593637 0.627737032665349 43.81985627
22 44669038 1.25530592058782 43.86718822
22 44704423 1.22365095065392 43.91160734
22 44731720 0.468427195798074 43.9450093
22 44800260 0.312693030388113 43.97711511
22 44892862 1.28282828282828 44.00607095
22 44915434 0.731396817378126 44.03502678
22 44955024 0.749149472009897 44.06398261
22 45000290 0.239126449101628 44.09789315
22 45142102 0.703281301000326 44.13180369
22 45194185 0.31677061617114 44.16843277
22 45309786 1.21315222792778 44.20505135
22 45339971 0.631100923755687 44.24166994
22 45397995 0.595949606570065 44.27828852
22 45467766 0.762599955982687 44.31986865
22 45522290 0.78052260099114 44.36144877
22 45575562 0.51675176089144 44.40302889
22 45656061 188.99593495935 44.44462715
22 45656307 0.753496588496507 44.49112017
22 45718010 1.61325392589263 44.5376132
22 45753607 1.33728430710477 44.59504017
22 45796550 1.78538784392974 44.65246714
22 45828715 0.859792950751002 44.70989411
22 45895559 0.692415949960907 44.76736656
22 45978694 0.826075107647027 44.82493009
22 46052082 1.08307428448923 44.88555362
22 46108056 1.45284290426702 44.94617716
22 46136249 0.784936888740283 44.98713755
22 46196064 1.48795715177603 45.03408847
22 46226497 1.58915599227935 45.07937099
22 46254992 1.10729918082895 45.12465351
22 46295887 1.07311149846256 45.16993603
22 46346946 0.827553029293782 45.22472811
22 46414503 0.761900344553406 45.28063513
22 46489963 0.981584392045552 45.33812807
22 46548446 0.931242897844239 45.39553375
22 46609167 1.06731495128878 45.45207971
22 46664801 0.782971597352251 45.51145836
22 46740639 2.71521331565229 45.57083702
22 46762508 1.15272131419564 45.63021567
22 46810720 1.49848575413429 45.68579111
22 46860910 2.5970855347215 45.76100013
22 46889869 4.18398890320024 45.83620914
22 46910055 1.8156708889138 45.92066667
22 46954660 3.15069728977935 46.00165474
22 46981263 1.06007487226185 46.08547324
22 47060331 1.29035687649756 46.16929173
22 47123350 2.02745088261693 46.25060917
22 47163458 1.75803924494516 46.33192661
22 47203667 2.00538091192297 46.4026153
22 47238977 2.38811507200432 46.47342508
22 47268628 0.605819494708384 46.54423486
22 47385511 1.80896178213775 46.61504465
22 47424655 2.22672955974843 46.68585443
22 47456455 1.47101193565127 46.75666422
22 47504630 1.51184554422055 46.82753067
22 47552074 2.68063791388899 46.89925868
22 47579225 1.75984158415842 46.97204027
22 47617100 0.611241024512366 47.03869388
22 47726147 2.08547917774788 47.10534749
22 47758108 1.90961929671607 47.17200111
22 47792518 2.62745644044872 47.23771088
22 47817656 2.35239468204389 47.30376035
22 47848871 0.553998220667401 47.37719013
22 47981505 2.03837591434326 47.45066928
22 48019237 2.73380962536433 47.52758098
22 48047371 1.17016209063844 47.60449373
22 48107831 1.10596875 47.67524138
22 48171831 1.922222523966 47.74602313
22 48208654 1.06801102393036 47.81680489
22 48275055 1.07118240684934 47.88772206
22 48339762 2.92842959144873 47.95703527
22 48363431 0.359140305623586 48.02634849
22 48578205 0.69069884469419 48.10348276
22 48673591 3.24051916446968 48.16936551
22 48698246 4.14703928429071 48.24926064
22 48720825 0.89796739627882 48.34289684
22 48847559 1.00373732921992 48.45669946
22 48961009 4.42699072096906 48.57057309
22 48986766 0.745921264375335 48.68459893
22 49139632 0.402314836222136 48.79862476
22 49420775 1.97708247564155 48.91173312
22 49442636 1.12873436927745 48.95495441
22 49480862 0.160583814626679 48.99810124
22 49768282 0.653469244903316 49.04425641
22 49836856 0.666423759313514 49.0890677
22 49904097 0.752038020498596 49.13387899
22 49963223 1.57508484162896 49.17834447
22 49991511 0.942027147025244 49.22290043
22 50038809 1.43224840302314 49.26745639
22 50081546 1.19193600242071 49.32866611
22 50134423 0.789082894153573 49.39169179
22 50215635 0.379576357015105 49.45577465
22 50354856 0.597648748882276 49.50861986
22 50423075 0.436044148788261 49.54939129
22 50516577 1.61175679949399 49.59016272
22 50541873 0.554386222059362 49.63093415
22 50610098 1.28494276688971 49.66875731
22 50639539 1.39344097210567 49.70658712
22 50669330 7.6391094235416 49.748099
22 50675124 1.24053364724348 49.79236024
22 50710803 0.9293714107528 49.83662147
22 50749286 1.12895384087399 49.8723869
22 50784252 0.799749957925613 49.91186176
22 50825845 1.64432191913329 49.94512566
22 50846521 1.11212358940317 49.97912414
22 50879663 1.11181305201178 50.01598235
22 50912271 0.679732833655706 50.05223679
22 50978447 0.786616383090686 50.09721849
22 51035457 0.243250674677937 50.14206376
22 51231847 0.494073844244493 50.18983619
22 51328537 0.669566359668968 50.23760863
22 51397050 1.09325737857879 50.2834827
22 51437776 1.86121561742329 50.32800643
22 51461698 1.69757511056886 50.37253016
22 51487926 0.790763414073956 50.41705389
22 51544527 0.221914008321775 50.4618123
22 51745686 0.833900587881987 50.50645184
22 51800629 0.63578208259325 50.55226856
22 51872693 0.801913857885872 50.59808528
22 51926720 1.81757478632479 50.64141004
22 51949184 0.705803906836965 50.68224053
22 52002424 0.991149749373434 50.71981777
22 52040728 0.985489194743726 50.75778269
22 52072842 0.316632447182003 50.78943118
22 52185351 1.26246036552781 50.82505469
22 52213420 2.44066395757284 50.86049022
22 52227939 0.906894610226749 50.89592575
22 52267013 0.493338345236604 50.93136128
22 52338842 0.547645281677626 50.96679681
22 52395112 0.633982215813506 50.99761322
22 52453366 0.357372435082622 51.03454515
22 52563506 1.2361478805245 51.07390652
22 52595613 1.09641498559078 51.1135953
22 52638988 1.69181785841338 51.16115234
22 52667098 2.3093451264183 51.20870937
22 52689484 2.02750298182839 51.26040618
22 52717990 2.36851803106081 51.31820171
22 52744583 1.44367998363088 51.38118761
22 52783681 0.451603129622699 51.43763241
22 52952008 0.651081324140294 51.51364973
22 53068763 1.64213456446466 51.58966705
22 53098221 0.582775191470191 51.6380408
22 53231401 1.9202747150452 51.71565503
22 53279742 2.37227786913839 51.80848342
22 53319876 2.30216581597462 51.90369194
22 53356121 0.952715912954777 51.98713349
22 53403177 1.24003185413005 52.03196472
22 53439593 1.25212757496222 52.07712168
22 53477312 1.98279599024655 52.12435094
22 53506840 1.15463633501259 52.18289943
22 53557656 2.0164332911089 52.24157347
22 53586865 1.35953655834564 52.30047141
22 53630193 1.76217542180208 52.35937787
22 53663621 1.98735588254029 52.41828433
22 53695019 1.20867392399179 52.48068329
22 53746645 2.51703536250606 52.54308224
22 53771417 1.59039893888379 52.6054341
22 53810621 0.719789562684955 52.66778376
22 53917066 2.18939848549793 52.7444013
22 53952061 3.67408483191662 52.82101885
22 53975472 2.27267683039607 52.90703312
22 54013319 4.26932049436641 52.9930474
22 54033466 1.29385018944914 53.07906168
22 54102086 2.08129776360823 53.16784539
22 54144744 0.841875278438658 53.25662909
22 54250243 4.67235299723625 53.34544596
22 54271229 4.48012573933904 53.44349966
22 54295406 3.64888978332327 53.55181569
22 54325220 2.31237512222081 53.66060401
22 54372266 1.92702022885889 53.76939232
22 54428720 2.41116100064144 53.87818063
22 54473931 4.64983635347649 53.98719189
22 54498985 3.96032934131737 54.10368873
22 54521697 5.20881537431877 54.19363557
22 54542615 5.46123807410694 54.30259307
22 54565150 2.18494123495366 54.42566196
22 54621476 3.77553427504283 54.54873085
22 54657085 3.52373342936238 54.68317362
22 54701516 6.72917171717172 54.83973685
22 54726266 5.72368196844222 55.00628374
22 54755609 3.05496509421798 55.17423416
22 54809898 2.60772012578616 55.34008497
22 54873498 3.44816546611062 55.50593578
22 54897237 3.89406343448208 55.5877914
22 54917636 2.74726186525058 55.6672263
22 54947766 1.40184066293795 55.75000121
22 55001225 1.24101213837415 55.8249427
22 55061612 2.32985655116678 55.8998842
22 55101208 3.18938634399309 55.99213754
22 55130133 2.99824806247587 56.08439088
22 55163810 2.00972876400845 56.18536281
22 55225380 5.47956690259521 56.30910183
22 55249116 5.3273198962283 56.43916464
22 55274171 2.0180587208295 56.57264015
22 55349204 1.56998685449897 56.72406128
22 55445815 6.60730317679558 56.87573908
22 55468983 3.95253129128322 57.02881676
22 55513644 4.85035994944221 57.20534113
22 55550038 3.39417874918849 57.38186551
22 55596248 5.29771512241632 57.53871055
22 55625615 6.37718701399689 57.69428877
22 55646191 3.77994302732099 57.82550601
22 55677083 4.03448156721833 57.94227562
22 55706026 3.68777637397347 58.05904524
22 55737686 1.78096681014952 58.17580049
22 55808310 4.27304784293793 58.30157993
22 55839788 7.19894030962828 58.43608716
22 55863946 9.05273020665244 58.60999894
22 55883157 Inf 58.78391072
22 55883157 3.03796645429723 58.89052454
22 55921612 2.92658253205128 59.0073499
22 55961548 1.62620866201984 59.12422629
22 56033425 3.25486484229281 59.2411136
22 56069346 1.63371868624676 59.35803206
22 56123755 3.46557008185592 59.44692083
22 56149532 2.09100697532887 59.53625315
22 56192254 4.49760174059239 59.62558547
22 56212477 3.80955557408488 59.71654003
22 56236463 2.3434550677062 59.80791603
22 56275455 3.51059259259259 59.89929204
22 56302455 4.41948275862069 59.99407802
22 56325655 4.98955745505074 60.0966098
22 56349404 14.9404542664211 60.21510653
22 56357549 3.21675918583135 60.33679691
22 56395379 4.90013690907627 60.45848729
22 56420213 3.16118976490453 60.58017768
22 56458708 3.79800783180626 60.70186806
22 56485011 2.28725790449899 60.80176696
22 56531377 4.45143552719946 60.90781812
22 56555201 2.55433108758422 61.01386927
22 56596761 2.28231663035585 61.12002758
22 56635317 1.46903575815477 61.20802477
22 56693933 1.08167623450199 61.29413339
22 56773540 1.6943163538874 61.38024201
22 56829490 1.01429473256225 61.47503898
22 56922951 2.32347149748942 61.56983595
22 56963579 2.89207680423747 61.66423416
22 56986234 2.07446808510638 61.72975454
22 57017818 3.54006229990482 61.79527491
22 57040932 2.45176646706587 61.87710038
22 57074332 1.79100675880157 61.95898917
22 57113984 2.32570076325701 62.03000594
22 57143987 1.06336590024242 62.09978366
22 57212052 5.96882731321128 62.1721615
22 57224178 1.44297177532037 62.24453934
22 57274276 0.8848493972125 62.31682893
22 57353989 1.06881032836816 62.38736293
22 57419982 2.97360876897133 62.45789693
22 57443702 1.78315210327947 62.52843092
22 57489868 4.14839038871881 62.61075221
22 57511426 2.96999240698557 62.70018338
22 57544351 2.91142406288147 62.79797017
22 57577938 3.6612398018648 62.89575607
22 57605394 1.19238707534637 62.99627949
22 57689698 2.00397758090761 63.0968029
22 57739477 3.13545203068025 63.19655865
22 57771289 3.61015599551196 63.29630342
22 57798918 3.37619643521494 63.39604819
22 57828485 2.40383365039613 63.49587261
22 57870012 2.5420254202542 63.59569704
22 57894402 1.65919029135754 63.6576966
22 57935108 1.46005866443183 63.72523605
22 57987610 2.98497685729976 63.80189173
22 58013104 1.78163556762578 63.87799111
22 58055817 2.50506945816051 63.95409048
22 58086195 1.75506222190497 64.03018986
22 58128222 2.86179871188019 64.10395003
22 58153996 2.18565568347228 64.17771019
22 58184224 3.39851079672375 64.24377868
22 58211084 5.32352456766401 64.33506279
22 58229299 2.68631742250049 64.43203089
22 58265396 1.34737279911271 64.52899899
22 58337526 1.45317924155205 64.62618537
22 58405797 2.43066444531556 64.72539497
22 58446613 1.90961573893996 64.82460458
22 58495460 2.55972668148514 64.9178839
22 58531901 2.34280971782104 65.01116323
22 58565036 2.04502346736343 65.08879183
22 58606370 0.99284559714926 65.173321
22 58715254 1.62839935606278 65.28142589
22 58784826 3.96323889471843 65.39471691
22 58813416 0.869642322485548 65.50802547
22 58943673 1.10865671641791 65.62130284
22 59045848 1.26876939102385 65.73458022
22 59135129 3.2409013154014 65.84785759
22 59169035 5.47219650080413 65.95774313
22 59189554 1.65038860292509 66.07002683
22 59258133 4.8171974522293 66.1832087
22 59281683 3.49890509823274 66.29665419
22 59314106 2.46551648060716 66.41009969
22 59359432 4.13789017662088 66.52185136
22 59386439 4.12140881430942 66.63360303
22 59413554 3.90999814333457 66.7453547
22 59435098 4.20327776887322 66.82959137
22 59460054 0.928341327858116 66.93448817
22 59573048 1.1539742778832 67.03938496
22 59667908 2.9523963643229 67.14885091
22 59704985 5.10895057147098 67.25831686
22 59725196 2.72682106148629 67.36157372
22 59763237 3.96566022089035 67.46530436
22 59789766 7.20193463109829 67.57050943
22 59806410 3.21673819742489 67.69037889
22 59839962 1.91127875471498 67.79830737
22 59896431 3.20034482758621 67.90623585
22 59931231 3.29630729042983 68.01760769
22 59964919 4.36090166509582 68.12865321
22 59990383 3.58548621190131 68.23969873
22 60021388 2.63625434143735 68.35086634
22 60066304 2.80638762953368 68.46927662
22 60115712 2.2455827813497 68.60793459
22 60177459 2.2869912444591 68.74659256
22 60204756 3.12012129511885 68.80902088
22 60225202 2.03344630752765 68.87281463
22 60258838 2.098436728649 68.94121142
22 60289223 2.77965423403234 69.00497282
22 60314211 0.292840860286101 69.07443113
22 60344480 0.345576094398131 69.08329507
22 60369311 0.318080044780297 69.09187589
22 60397895 0.249547086531177 69.10096798
22 60428254 0.0841010165184244 69.10854427
22 60478622 0.176558852950984 69.1127807
22 60502614 0 69.11701713
22 60529003 0 69.11701713
22 60588764 0 69.11701713
22 60710593 0 69.11701713
