Chromosome Position(bp) Rate(cM/Mb) Map(cM)
20 0 0 0
20 321756 0.0538915949839362 0
20 370001 0.119849856480459 0.00260033
20 392646 0.0638872436328592 0.00531453
20 492259 0.316008417755591 0.01167808
20 512692 0.433884134558504 0.01813505
20 538049 0.366980722742205 0.02913717
20 570315 0.386044747819492 0.04097814
20 607233 0.652621693535765 0.05523061
20 639178 0.356279938541259 0.07607886
20 705564 0.285621128138246 0.09973102
20 788373 Inf 0.12338317
20 788373 0.325422104462046 0.13259111
20 823850 0.443217132819889 0.14413563
20 853454 0.503868880135059 0.15725695
20 881886 0.439422554523582 0.17158306
20 920539 0.871197718631179 0.18856784
20 941579 0.575817547827726 0.20689777
20 973412 0.31620951820893 0.2252277
20 1021026 0.65062769208114 0.24028358
20 1048189 0.160664700876009 0.25795669
20 1164512 0.129227214445988 0.27664561
20 1314256 0.174242287813575 0.29599677
20 1425314 0.149059668389852 0.31534793
20 1546601 0.249406798366626 0.333427
20 1619089 0.345049912995696 0.35150606
20 1673684 0.605604941122143 0.37034363
20 1708332 0.722586815288725 0.39132626
20 1738655 0.743325304474675 0.41323688
20 1768132 0.886475322270494 0.43514749
20 1796214 0.749676526344296 0.46004106
20 1829447 1.11020008021033 0.48495518
20 1851888 0.227056486156426 0.50986931
20 1961614 0.529859634198214 0.53478343
20 2008634 0.941814398335267 0.55969755
20 2033623 0.857189412318499 0.58323216
20 2061240 1.23289881533693 0.60690553
20 2084791 0.90602588409859 0.63594171
20 2121184 1.18795936013835 0.66891447
20 2148940 0.306705959518509 0.70188723
20 2257187 0.80992983823816 0.73508735
20 2298235 0.57844411437059 0.7683333
20 2362867 1.59136764142511 0.80571909
20 2386360 1.11506986912464 0.84310488
20 2420209 1.1989834815756 0.88084891
20 2451689 1.10057731491963 0.91859294
20 2487025 1.88704830880653 0.95748256
20 2512983 1.38841660725059 1.00646668
20 2549449 1.38392765388963 1.05709714
20 2588373 0.957934150525039 1.11096524
20 2636179 2.44133482595021 1.15676035
20 2654938 1.51269035532995 1.20255718
20 2682912 0.377184929003735 1.24487282
20 2795101 1.47633606969342 1.28718846
20 2818977 1.01165226874839 1.32243699
20 2853820 0.319448458391007 1.35768552
20 2985306 0.641424414498404 1.39968855
20 3056100 0.847590038638351 1.44509745
20 3091557 0.77090371100974 1.47515061
20 3132112 1.3333901991726 1.50641473
20 3155559 1.24781982558605 1.53767884
20 3180557 1.08918005071851 1.56887167
20 3208949 1.42691029900332 1.59979561
20 3230621 0.480859198930664 1.63071954
20 3294960 1.18076923076923 1.6616579
20 3321480 0.328863170788368 1.69297238
20 3416182 1.16927239927841 1.72411649
20 3442790 0.77003954628336 1.75522856
20 3485019 1.05290765444891 1.78774611
20 3515903 0.885084376701143 1.82026365
20 3552643 0.984001454413235 1.85278119
20 3585646 0.721729669668279 1.88525612
20 3628845 1.36206697237101 1.91643376
20 3654796 0.221434932435049 1.9517811
20 3861412 1.72636759416998 1.99753263
20 3887827 0.824808276660397 2.04313476
20 3943115 1.70551713882073 2.08873689
20 3970013 1.31132421767459 2.13461186
20 4013601 0.868386724912025 2.19176949
20 4079529 1.09850361372196 2.24902089
20 4138471 2.25782528463494 2.31376919
20 4167192 0.912545749745452 2.37861607
20 4239870 1.14440031499298 2.44493798
20 4298284 1.99459943308966 2.5117871
20 4331799 2.30513793103448 2.57863622
20 4360799 2.2124441502565 2.64548534
20 4391014 1.77356103731815 2.71233446
20 4422634 1.56578065668975 2.76841446
20 4458450 1.72876935063175 2.82449446
20 4487971 2.15305381770419 2.87552928
20 4516902 0.880598280931916 2.9378196
20 4587638 3.21313895552685 3.00010993
20 4609314 2.23038814281035 3.06975839
20 4633738 2.94876065833829 3.12423306
20 4658953 2.16354476602651 3.19858569
20 4688529 3.04174134515612 3.2625748
20 4709731 0.885537741650044 3.32706561
20 4776408 2.04647780009697 3.38611051
20 4805282 1.76937357767397 3.44520088
20 4838678 1.42553858773009 3.50429126
20 4880129 1.03161986438669 3.56338163
20 4937498 1.46999877195137 3.62256491
20 4978213 2.85648973620445 3.68241598
20 5000086 2.29486145726433 3.74489582
20 5027370 2.04852006537135 3.80750922
20 5054905 2.13173109624759 3.86391499
20 5081368 2.2931094924629 3.92032696
20 5107041 1.22773653074999 3.97919804
20 5157415 1.62403039832285 4.04104452
20 5195575 7.46341775390125 4.10301784
20 5203393 0.88241098855624 4.16136717
20 5266222 1.72481196025629 4.21680809
20 5287760 1.974052978935 4.25395705
20 5309882 0.501371561054553 4.29762733
20 5397009 0.980709494440193 4.3413106
20 5441435 0.978353131385714 4.38487958
20 5485968 0.829285469564886 4.42844857
20 5538506 1.27588731404475 4.47201756
20 5572654 1.45370524840679 4.51558654
20 5602625 1.33070866141732 4.55915553
20 5633232 1.26117266276609 4.5998842
20 5665364 1.36600822490393 4.64040785
20 5695030 2.36541952104924 4.68093151
20 5712109 0.946201049278621 4.72133051
20 5754805 0.972158051785542 4.7617295
20 5796361 1.41393672126557 4.8021285
20 5824933 0.912518070112035 4.8425275
20 5869205 0.664195054583717 4.88292649
20 5930029 1.83140693503388 4.92332549
20 5952610 1.92698383113555 4.96468007
20 5974071 0.860190802679357 5.00603465
20 6018410 1.2539865198093 5.04417438
20 6048825 1.35777856888572 5.08231412
20 6076915 0.73165176109526 5.12045386
20 6118622 0.499177739292419 5.15096889
20 6187335 1.63684059906515 5.18526853
20 6208301 1.00849275617855 5.21958663
20 6242330 0.934873559901898 5.25390472
20 6290851 1.67998224589436 5.29926547
20 6317887 0.586339463061447 5.34468532
20 6395922 0.665191598964256 5.39044013
20 6468913 0.841885813148789 5.43899272
20 6526713 1.60076151560178 5.48765399
20 6559017 1.84567216516979 5.53936506
20 6586964 1.33702979641364 5.59094638
20 6616632 0.605346000337287 5.63061386
20 6687788 1.25441913369609 5.67368825
20 6720317 0.672079109190627 5.71449325
20 6780487 1.12497916550919 5.75493176
20 6816485 0.437193446626641 5.79542881
20 6914755 0.532850005634649 5.83839161
20 6994618 1.82953568357696 5.88094688
20 7017878 1.36350528676706 5.92350214
20 7049088 1.05143680302014 5.96605741
20 7089351 2.00912526500138 6.00839143
20 7111049 2.41048787493332 6.05198564
20 7135420 1.09268456001339 6.11073148
20 7189183 1.56274119101067 6.16947732
20 7228830 2.63299866419615 6.23143485
20 7252037 1.22589916675456 6.29253887
20 7289961 0.499618496985589 6.3390303
20 7383014 0.779768943873374 6.38552174
20 7437979 1.43917963224894 6.42838158
20 7473329 2.51022721671842 6.4792567
20 7493618 0.649606394574301 6.53018706
20 7576188 2.69863239413412 6.5838251
20 7600464 2.46660653211561 6.64933718
20 7627071 1.20392250394452 6.71496659
20 7681577 2.66658573105095 6.78058725
20 7706288 2.03360081747964 6.84648139
20 7739561 2.31757695401038 6.91414527
20 7766915 1.76053208919992 6.97754055
20 7802924 1.40325829515019 7.04093582
20 7848101 0.575781680783172 7.1043311
20 7958728 1.77241244484165 7.16802795
20 7994534 1.66810356157182 7.23149075
20 8032579 1.57792191079196 7.29495355
20 8071432 2.17771383915885 7.35626099
20 8099584 3.19705456301304 7.41756843
20 8120294 0.944818630668684 7.48377955
20 8190372 1.20210964969397 7.54999067
20 8244125 0.958521520127193 7.61460787
20 8315198 1.44890720248083 7.68273335
20 8362279 1.56235703175039 7.75094977
20 8405995 1.77649260520365 7.81924993
20 8444468 2.17148123324397 7.88759687
20 8474308 4.58932747501949 7.95239349
20 8488419 2.19599539232958 8.01715302
20 8517935 1.8208551630894 8.08197015
20 8553437 0.726474763265233 8.14661407
20 8664743 1.63332661696554 8.22747556
20 8714373 2.60285898538263 8.30853795
20 8742285 1.70846405792105 8.38118899
20 8771290 1.34471420094937 8.43074346
20 8811738 0.767909078074262 8.48513412
20 8882568 0.89336643075948 8.53952479
20 8939370 1.20042765116657 8.59026968
20 8976316 1.3812241808836 8.63462032
20 9008027 0.564515160612429 8.67842066
20 9074647 0.962945793930404 8.7160284
20 9107005 0.608496070956197 8.74718716
20 9158417 1.40877855014896 8.77847148
20 9183592 1.09072456636733 8.81393732
20 9216108 1.1325562829315 8.84940317
20 9247423 0.568863304407595 8.88486901
20 9305618 0.928850684176232 8.91797386
20 9345520 0.607920286838465 8.95503733
20 9419987 1.3604056331247 9.00030701
20 9453219 1.16796083282883 9.04551578
20 9491210 0.928147768086198 9.08988742
20 9539935 2.04413761883205 9.1351111
20 9562025 1.99053957888568 9.18026658
20 9585914 1.36385416967353 9.22781834
20 9620557 1.87894694981309 9.27506597
20 9645703 0.909667668078595 9.3223136
20 9699294 2.7122265242338 9.37106346
20 9720731 1.30650307851333 9.42920514
20 9765233 1.68459138107279 9.48734682
20 9802407 0.384111659145766 9.54996958
20 9992987 1.34916952972843 9.62317367
20 10038684 2.63618025577924 9.68482676
20 10063471 1.6897386378267 9.75016941
20 10102306 1.52545932970178 9.81579016
20 10145630 0.40664852136151 9.88187897
20 10309125 1.1722971874492 9.9483638
20 10370635 0.505248331363292 10.02047161
20 10511918 1.38293585446655 10.09185511
20 10563535 1.17654737120386 10.1632386
20 10624057 0.376613142083439 10.2344453
20 10813129 0.673107793863926 10.30565199
20 10946439 2.84703514891333 10.39538367
20 10983709 0.839483219671197 10.50149269
20 11110107 1.81838475187453 10.60760171
20 11145049 1.5295291549735 10.67113987
20 11193154 3.54062681369704 10.74471829
20 11213830 2.39692013453802 10.81792379
20 11244156 2.38787361790085 10.89061309
20 11274635 2.5350104376747 10.96339333
20 11302898 2.56725670058765 11.0350402
20 11330806 0.844894407972791 11.10668708
20 11381378 2.10771897552002 11.14941483
20 11409646 2.1708978545595 11.20899553
20 11438125 1.98751235288833 11.27082019
20 11471518 1.95550880883513 11.33718898
20 11509548 1.58469159033677 11.41155748
20 11545685 1.64883734023985 11.46882316
20 11581207 1.49071010435225 11.52739292
20 11620497 1.84756923540036 11.58596268
20 11647073 1.69656256487825 11.63506394
20 11680790 1.30363570914327 11.6922673
20 11725238 1.35379329097966 11.75021172
20 11765691 2.59058656575213 11.80497643
20 11786831 1.08195459069654 11.85974115
20 11840080 1.70354233191083 11.91735399
20 11873589 0.77716348411857 11.97443797
20 11948110 1.0739019720823 12.03235345
20 12001911 1.49789538524716 12.0901309
20 12040873 1.20881151944982 12.14849165
20 12087403 1.98321078431373 12.20473719
20 12111883 2.08021060425322 12.25328663
20 12136194 1.66722584040524 12.30385895
20 12166596 2.1187506550676 12.35454557
20 12195219 1.81969574219102 12.41519102
20 12228546 1.69157945840975 12.47583646
20 12265622 1.48894629060784 12.5385535
20 12308594 2.27843458443131 12.6025366
20 12336676 1.29127301841473 12.6665197
20 12386636 2.75175716042875 12.73103169
20 12409400 1.72774321422672 12.79367282
20 12445726 1.76193818253278 12.85643495
20 12481347 2.46590059423084 12.91919709
20 12506758 2.91536996609225 12.9818576
20 12528287 2.49208070142359 13.04462214
20 12549501 0.435226275542184 13.09748948
20 12709041 2.55448458538739 13.16692534
20 12736223 2.30605315536822 13.2363612
20 12770387 0.955525099756219 13.31514529
20 12852838 0.526347327815438 13.39392938
20 12932941 0.778948447268628 13.43609135
20 12981726 0.662526656999062 13.47409247
20 13040341 0.657891170292065 13.51292622
20 13099369 0.670986420348797 13.55175996
20 13157397 1.60958310997485 13.59069595
20 13181648 1.27740761553076 13.62972971
20 13219019 0.50626226204995 13.67746736
20 13313314 0.4993515445494 13.72520501
20 13411239 0.206281920676052 13.7741042
20 13703761 1.71382317021216 13.83444643
20 13738970 1.61538998673277 13.89478866
20 13781933 1.08826938233067 13.96419037
20 13846644 1.55499614460017 14.0346138
20 13890738 1.68881773399015 14.10317957
20 13931338 1.5710657796671 14.17174534
20 13967565 0.682928880345988 14.22866022
20 14050805 1.08527994067482 14.28550689
20 14096654 2.05658193841703 14.3352663
20 14120849 0.362390310137741 14.38502572
20 14268880 1.46627125129831 14.43867095
20 14305466 0.630338993008636 14.49231619
20 14390571 1.04693598750976 14.54596143
20 14441811 0.0980852845561159 14.59960666
20 14988733 0.16662228080407 14.6532519
20 15285374 0.91163645915419 14.70267923
20 15323444 0.807210140714037 14.7373856
20 15366439 0.767373471598824 14.77209198
20 15411666 0.828527841342487 14.80679836
20 15450996 1.04149177110071 14.83938471
20 15484111 1.46047004022867 14.87387389
20 15507726 1.36625573394495 14.90836307
20 15535630 1.76382791922739 14.94648693
20 15557271 0.545489122166439 14.98465801
20 15636147 1.21732769099176 15.0276842
20 15680573 1.012860384971 15.08176524
20 15728161 1.23450814925126 15.12996566
20 15752335 1.43338390148135 15.15980839
20 15774747 0.499704454952713 15.19193348
20 15839035 0.708629284863458 15.22405858
20 15884369 0.378090015992689 15.25618367
20 15971909 0.791288132351535 15.28928145
20 16013737 0.990737434157665 15.32237922
20 16058541 2.12136345620293 15.36676806
20 16083771 1.0659436871953 15.42028978
20 16134026 0.492963294157724 15.47385926
20 16227962 1.55833782690752 15.52016647
20 16257634 1.54950009802 15.56640548
20 16283139 1.37288959911068 15.6059258
20 16311925 1.78542452830189 15.64544612
20 16333125 1.04203438933448 15.68329756
20 16370404 0.863877001808797 15.7221432
20 16415738 0.852978590371057 15.76130592
20 16462119 1.63934932962405 15.80086769
20 16488000 0.590101748242876 15.84329553
20 16566822 1.66952620244078 15.88980884
20 16594682 1.34333194848359 15.93632215
20 16630787 0.891775608141652 15.98482325
20 16685174 1.11830758588886 16.03332435
20 16728544 0.894933267424617 16.08182545
20 16769004 1.55784537280041 16.11803426
20 16792247 0.969685946404753 16.15424375
20 16825235 0.821426737198911 16.18623128
20 16864177 0.770405337058356 16.21821881
20 16905698 1.37766484344718 16.25020634
20 16928917 1.39569789257821 16.28219387
20 16951836 0.834215673490677 16.3141814
20 16990181 0.325554413426015 16.34616893
20 17088438 0.991999007628853 16.37815646
20 17120684 0.847274460984266 16.410144
20 17158438 1.16799941578121 16.44213153
20 17185825 1.12792665726375 16.47411906
20 17214185 0.852796754910333 16.50610659
20 17251657 0.78488971852434 16.5380627
20 17292371 0.785329854990717 16.57001882
20 17334920 0.769982798789383 16.60343369
20 17380847 1.06155087319666 16.63879665
20 17422991 0.81139976581261 16.68353432
20 17473378 0.35770522847841 16.72441838
20 17627572 0.779943171959049 16.77957413
20 17719780 2.12124229787764 16.85149117
20 17751914 0.949362843729041 16.91965558
20 17823482 2.84189392671909 16.98759956
20 17847390 Inf 17.05554353
20 17847390 0.457190022487099 17.08928848
20 17924323 1.31884952876178 17.12446143
20 17955093 0.968569579932312 17.16504214
20 17995277 0.346248823038249 17.20396302
20 18107855 1.58972267536705 17.24294337
20 18132375 1.82039185481153 17.28192372
20 18153148 1.17851801071918 17.31973909
20 18185240 0.371992105763744 17.35755981
20 18269352 1.00473446617976 17.3888492
20 18296599 1.05771434909602 17.41622536
20 18323646 0.580080968430289 17.44483356
20 18373789 0.743126090078999 17.47392044
20 18412777 1.00629587116074 17.50289365
20 18441526 0.515328025080603 17.53182381
20 18497665 0.791172127112618 17.56075397
20 18534231 0.768892325742627 17.58968413
20 18571733 1.22733463863114 17.61851884
20 18595227 0.929471682300229 17.64735356
20 18626250 0.907560115825255 17.67618828
20 18658022 0.514625832128643 17.70502299
20 18714053 1.569870625311 17.73385771
20 18738169 1.35839513345409 17.77171706
20 18767430 0.917388422952992 17.81146514
20 18811189 1.24485239394691 17.85160878
20 18843437 1.0815987933635 17.89175243
20 18876587 0.592203586231486 17.92760697
20 18943900 1.60178312086493 17.96746969
20 18968688 0.85108230383719 18.00717473
20 19034335 2.01470480111756 18.06304608
20 19061537 2.12317865518435 18.11785053
20 19087548 1.07703409002262 18.17307646
20 19138824 1.32412602503237 18.22830239
20 19180530 1.28484079372404 18.28352614
20 19223870 1.43485876245979 18.33921113
20 19255271 1.1853321162758 18.38426669
20 19283755 0.941119495438676 18.4180296
20 19328150 1.16909172309586 18.45981097
20 19363888 0.433910141206675 18.50159235
20 19461263 0.749654022213548 18.54384405
20 19517625 0.64200816573416 18.58609575
20 19583755 0.422620173404075 18.62855153
20 19684214 2.20247384287994 18.67100731
20 19706770 1.22738032614413 18.72068604
20 19752394 1.57360334803247 18.77668357
20 19787997 0.69657153467239 18.83270839
20 19879554 2.0580870014199 18.89648414
20 19910542 0.802085181293413 18.96025989
20 19983821 1.03940015562 19.01903553
20 20040369 1.38799414348463 19.07781118
20 20082715 0.315546664241763 19.13658682
20 20247670 0.381348357412889 19.18863826
20 20384162 1.34406258014876 19.24068969
20 20423152 0.917212873769953 19.29309449
20 20480975 0.70443853820598 19.3461305
20 20556225 2.55637538580247 19.39913923
20 20576961 0.747847686792559 19.45214796
20 20647815 0.517840689418439 19.5051357
20 20758517 2.11183472516515 19.56246187
20 20790609 0.529418657334354 19.63023523
20 20918623 0.738403845944208 19.69800858
20 21010356 1.31197890553915 19.7657441
20 21064209 2.0962181331938 19.83639824
20 21098610 1.53111554202959 19.90851068
20 21146255 1.35631792192056 19.98146029
20 21199073 0.538338172266003 20.0530981
20 21307568 3.34812418521559 20.11150504
20 21328279 0.584690746987135 20.18084837
20 21446273 2.46851295262631 20.24983853
20 21474221 0.836719100578511 20.3188287
20 21556674 1.99704741504082 20.38781887
20 21591220 1.02244604972313 20.45680903
20 21635103 2.39322341944697 20.50167688
20 21658212 0.638863356994939 20.55698151
20 21748513 1.81603773584906 20.61467147
20 21780313 0.785309649543927 20.67242129
20 21842803 0.741771119942933 20.7214954
20 21921307 2.02077447805416 20.77972727
20 21950333 0.468726276001502 20.83838221
20 22075470 2.74127214095434 20.89703715
20 22096867 1.26548603066774 20.95569209
20 22147800 0.399651622546892 21.0201471
20 22313712 0.644691868437749 21.08645405
20 22411430 0.517875929459175 21.14945234
20 22523592 1.93465077688943 21.20753825
20 22556737 2.53221750065042 21.27166191
20 22579799 0.932382250634577 21.33006028
20 22622347 1.50157404872707 21.36973092
20 22651571 1.57616464925829 21.41361288
20 22679412 1.16871066645151 21.45749485
20 22716594 0.89009602579379 21.50094995
20 22773662 0.44832394838573 21.55174611
20 22886964 0.651751122514432 21.60254226
20 22964914 1.04809564784204 21.65334607
20 23009076 2.13146599407053 21.69963161
20 23031675 1.46499391727494 21.74780072
20 23064555 0.651128361590649 21.79596984
20 23142234 1.32488998323554 21.84654852
20 23180410 0.549483995102326 21.89712719
20 23266165 2.16848954727952 21.94424789
20 23287834 1.88498876765083 21.99123665
20 23312762 0.182001928281854 22.03822542
20 23571023 0.379033948875091 22.08522893
20 23695033 0.376071111395585 22.13223245
20 23820020 2.18369337979094 22.17923596
20 23841545 2.16484786830667 22.22623947
20 23863171 0.452044446144431 22.27305666
20 23967747 0.93840853075801 22.32032944
20 24007509 1.83605759480836 22.35764233
20 24032164 1.97314968180629 22.40291007
20 24055106 1.55080507022953 22.44817781
20 24084296 0.630429635819233 22.49344556
20 24156101 0.9217299234403 22.5387133
20 24205213 1.18997923293289 22.58398104
20 24243254 1.24519024390244 22.62924879
20 24268879 0.337062790132698 22.66115717
20 24421180 0.914093158164136 22.71249201
20 24479790 1.33219263006497 22.76606689
20 24520116 1.17969213201871 22.81978906
20 24565655 0.464566551016243 22.87351123
20 24648952 1.42855050708454 22.91220839
20 24676265 0.982004546219902 22.95122592
20 24723777 1.98548874420188 22.99788289
20 24747276 1.66272168932441 23.04453986
20 24776258 1.40076158362886 23.09272895
20 24810660 1.45656680486826 23.14091803
20 24840568 2.05419246706085 23.18448086
20 24862047 1.71191898812757 23.22860247
20 24887821 0.770223091156653 23.27272579
20 24945107 0.232146420466938 23.3168491
20 25160596 0.724695417867853 23.36687396
20 25229625 0.872100106162655 23.41689881
20 25287084 1.28545050633277 23.46700834
20 25321745 0.442562665235454 23.51156367
20 25422359 1.23136623224484 23.55609156
20 25456504 0.586835457171968 23.59813624
20 25528151 0.679526133755697 23.64018091
20 25590025 0.919619422572179 23.68222559
20 25635745 0.915653991898602 23.72427027
20 25681663 0.640714215912105 23.76631494
20 25753294 0.52355956622254 23.81221025
20 25842833 0.81452201410849 23.85908901
20 25900387 1.06523813852027 23.90596777
20 25944395 0.698800029812924 23.95284653
20 26011480 0.184560651277413 23.9997253
20 26292282 1.87303480429361 24.0515504
20 26319951 1.58399046396479 24.1033755
20 26352669 1.50518428160669 24.1552006
20 26387100 0.824884205835071 24.20702571
20 26449927 0.51792370806392 24.25885081
20 26549990 1.23758238609227 24.31067591
20 26591866 0.399918202933891 24.36250101
20 26721455 0.259468029851562 24.41432612
20 26904360 1.88012043419697 24.46178365
20 26929602 0.20584906994837 24.50924118
20 27155826 0.704978202970756 24.5558094
20 27231295 0.828813110463758 24.60901369
20 27295488 0.481869270710913 24.66221799
20 27389086 2.12604883567455 24.70731966
20 27410300 0.561193509854669 24.75242133
20 27490668 1.58977793443779 24.797523
20 27519038 0.351390317653293 24.84262467
20 27647354 0.379348639985193 24.88771412
20 27766213 0.813176309334872 24.93280357
20 27821661 0.481346891502768 24.97789302
20 27915774 1.08370412898904 25.02319404
20 27957576 1.71190063759997 25.06849505
20 27984709 0.599401437067042 25.11494442
20 28062228 0.630055522290567 25.16140895
20 28135712 1.21389056396004 25.20770841
20 28173853 0.803258210586582 25.25400782
20 28231492 0.71270947702976 25.30030724
20 28286868 1.47704944964679 25.33977435
20 28317303 1.39897002661729 25.38472882
20 28351867 0.620392348058147 25.43308321
20 28429808 2.27730419629822 25.4814376
20 28451041 0.596572709801409 25.52979199
20 28525969 0.432409618907849 25.57449244
20 28630222 2.27104663212435 25.61957268
20 28654347 0.524136412377451 25.67436146
20 28758795 0.711001727340026 25.72910651
20 28835792 1.46901378352388 25.78385157
20 28873228 0.806021499618469 25.83884583
20 28947927 0.496127160961782 25.89905454
20 29069285 1.03827761764349 25.95926325
20 29159834 1.68638931689779 26.05327814
20 29218244 1.15911400834122 26.1517799
20 29275310 1.33792915531335 26.21792593
20 29312010 2.19207100591716 26.26702828
20 29337360 2.19750511569337 26.32259725
20 29362772 0.655973217432163 26.37843988
20 29447902 0.602360123830994 26.4342825
20 29540609 0.523732708089097 26.49012513
20 29647234 1.7560139618251 26.54596776
20 29679035 0.754505904288378 26.60181039
20 29753049 2.10907168215122 26.657654
20 29779527 1.27419170830766 26.71349762
20 29823354 0.747212001939477 26.76934123
20 29893476 1.20151784272566 26.82173762
20 29936827 0.974862573371844 26.87382489
20 29990492 0.673425566384653 26.92614107
20 30068266 1.34348887683125 26.97851647
20 30105126 1.09801997859436 27.02803789
20 30149974 0.902433660753555 27.07728239
20 30204542 0.339509303808475 27.12652688
20 30342550 1.17563668297579 27.17338172
20 30382405 0.088562064324921 27.22023655
20 30911469 0.357114397924916 27.26709138
20 31034452 1.26481540282308 27.3110102
20 31069095 0.674097321579668 27.3548267
20 31134096 1.0074494746281 27.3986432
20 31177589 0.449090335257526 27.4424597
20 31275812 0.451919924596345 27.48657038
20 31373420 0.805112982371115 27.53068106
20 31422941 1.54295665634675 27.5705511
20 31448781 0.477360094846892 27.61042114
20 31532284 1.19481674394969 27.65028197
20 31563770 0.45678471461604 27.68790241
20 31645940 1.01587925477557 27.72543646
20 31684103 0.839537452088612 27.76420546
20 31730282 0.402042932697293 27.80297445
20 31826712 0.452628629470071 27.84174345
20 31912365 0.385018888067669 27.88051244
20 32009781 0.873585035102564 27.91801938
20 32053510 0.174865764285289 27.95622049
20 32271969 0.570861882437793 27.9944216
20 32338521 0.255319574300775 28.03241343
20 32488580 0.110602071569612 28.07072594
20 32834984 1.25701745432275 28.10903845
20 32864375 0.742555732484076 28.14598357
20 32914615 0.889975666777995 28.18328926
20 32956533 0.991284476802891 28.22059495
20 32994167 0.915013122072061 28.25790064
20 33034938 0.408075201262225 28.29520632
20 33140149 0.595747049654865 28.33814016
20 33212005 1.33374875373878 28.38094802
20 33244101 1.46347133431336 28.42375587
20 33273352 1.64544895448954 28.46656372
20 33299368 1.71841954258546 28.50937157
20 33323766 1.36414885297185 28.55129745
20 33354454 0.983438263484308 28.59316081
20 33397022 1.85859527614988 28.63502416
20 33419546 0.720048184477715 28.67688752
20 33477656 1.43560732113145 28.71872931
20 33510711 1.75723014256619 28.76618281
20 33537716 1.49461417322835 28.81363632
20 33569466 0.811632677687945 28.86108983
20 33627475 0.689421894218942 28.90817219
20 33695767 2.17639717098877 28.95525455
20 33717400 1.15655014861579 29.00233691
20 33758109 0.59826170931917 29.04941927
20 33836807 1.00673551863493 29.09650163
20 33883574 0.309487342978656 29.143584
20 34035703 1.36829769472805 29.19066636
20 34066849 1.41882760227689 29.23328328
20 34096890 0.892354249011858 29.27590646
20 34145466 0.777784451278109 29.31925333
20 34228714 2.6849934754241 29.38400209
20 34251704 1.25583382499542 29.44573015
20 34300857 3.80834253381176 29.50745821
20 34329841 4.44479342836434 29.61783929
20 34354675 6.46772711611347 29.72822131
20 34372089 3.89571443395248 29.84085016
20 34401000 2.73102635760864 29.95347902
20 34437498 2.37487227520436 30.0531557
20 34460986 0.56820821024753 30.10893653
20 34559156 0.617492154754329 30.16471735
20 34650294 0.734450157571737 30.22099444
20 34710584 2.88675924115001 30.26527451
20 34725923 1.30374974226045 30.30955458
20 34759872 1.08904876895118 30.35381533
20 34800041 0.515592956650873 30.39756146
20 34884887 1.68143905907676 30.4413076
20 34910904 0.804657322591325 30.48505373
20 34965270 0.358717845692122 30.52879986
20 35087221 0.652584470798836 30.572546
20 35154256 1.01564821693908 30.61629213
20 35197328 1.21348127600555 30.66003827
20 35233378 0.537861694043374 30.7037844
20 35318913 0.31885062410335 30.7497903
20 35463200 1.43000124331717 30.7957962
20 35495372 1.04085128813336 30.8418021
20 35540903 1.45282410764644 30.88919268
20 35578136 1.23952795600367 30.94328599
20 35621776 1.20735218623753 30.9973793
20 35666579 1.50748265195218 31.05147261
20 35702462 0.925403152745063 31.10556592
20 35757652 0.380072035771486 31.15663878
20 35895639 1.83978811478285 31.20908373
20 35924145 1.6266555007599 31.26152868
20 35956386 0.55579346823689 31.31397362
20 36050725 1.79642661929489 31.36640671
20 36079997 0.940714502942808 31.41899122
20 36135896 0.594709270091988 31.47157574
20 36224277 1.05415053849702 31.52413723
20 36274138 2.5653277368344 31.57669872
20 36294627 2.11948062421872 31.62926021
20 36319426 3.47433622036064 31.6818217
20 36347598 1.19217319095683 31.77970057
20 36433099 1.81277051167037 31.8816328
20 36496636 2.4060706010062 31.99681117
20 36544539 3.62319313118139 32.11206937
20 36553740 1.72383567430563 32.14540671
20 36572678 1.38077626329787 32.17805236
20 36596742 0.545268063737959 32.21127941
20 36657679 0.910204081632653 32.24450646
20 36694184 0.769039090484348 32.27773351
20 36739131 0.441309399177795 32.31229903
20 36817457 0.699570037297969 32.34686456
20 36894673 1.34869669429741 32.4008825
20 36934725 0.417768219655537 32.45490044
20 37042603 0.619237948002489 32.49996821
20 37095644 0.63335753784282 32.53281343
20 37149353 0.5048374976517 32.5668306
20 37213229 1.19199349425202 32.59907746
20 37240282 0.973464952001449 32.63132433
20 37273408 0.897245409015025 32.6635712
20 37309348 0.742478941034898 32.69581807
20 37350898 0.812975992832108 32.72666771
20 37388845 1.11001040881519 32.75751735
20 37416706 1.15663101204279 32.78844384
20 37443444 1.02305809183538 32.81937033
20 37473672 0.556563932069368 32.85029506
20 37529317 0.726158676601528 32.88126526
20 37571995 1.31093031482137 32.91225649
20 37605919 0.506084102099723 32.9567289
20 37694264 0.795473384510037 33.0014389
20 37749758 0.729312944915598 33.04558281
20 37811427 0.624839563087723 33.09055916
20 37887781 1.96757988940014 33.13826807
20 37911470 0.367341331623775 33.18487831
20 38031579 0.891747680740546 33.22899977
20 38081056 0.527290110546758 33.27312123
20 38164731 1.42436079545455 33.3172427
20 38195707 1.22742110990207 33.36136416
20 38225115 1.22688054820121 33.39745985
20 38257220 0.357225169284102 33.43684929
20 38362221 1.14815953750115 33.47435815
20 38394740 0.97217799379871 33.51169501
20 38418606 0.624417025798453 33.5348972
20 38452484 0.241717090741371 33.55605102
20 38543545 0.782001634277188 33.57806232
20 38571692 0.323073535887274 33.60007363
20 38639822 0.257881017204426 33.62208493
20 38726137 0.684977958630044 33.64434437
20 38758576 1.02503797118792 33.66656458
20 38780303 0.290028519709854 33.68883524
20 38857092 0.790321436173987 33.7111059
20 38885278 0.565969663863411 33.73338158
20 38924637 0.385644789917421 33.75565727
20 38982400 1.00941848019979 33.77793296
20 39010430 1.09142416650607 33.80622678
20 39036375 1.01307980191283 33.83454372
20 39062828 0.287730635150072 33.86134313
20 39156916 0.893561425713469 33.88841537
20 39181409 1.18287224519374 33.91030165
20 39204868 0.926668448721376 33.9380511
20 39238537 0.639678338762215 33.96925122
20 39287657 1.26929094951824 34.00067222
20 39311943 0.385101364631886 34.03149786
20 39383171 0.439905899034821 34.058928
20 39445232 1.11841567986933 34.0862293
20 39469722 0.947128185621909 34.11361916
20 39498641 0.69487648673376 34.14100902
20 39537989 0.576703025313851 34.16835096
20 39586579 0.71731746174888 34.19637291
20 39619846 0.727796754910333 34.22023578
20 39652634 0.84626010878637 34.24409866
20 39687381 0.878364359402916 34.27350343
20 39722083 1.21654407517233 34.30398448
20 39748050 0.482255030132968 34.33557495
20 39810772 1.08758809147131 34.3658233
20 39838584 1.23526769306162 34.39607166
20 39863071 1.12623521788434 34.42632002
20 39887763 1.24393501960615 34.45412921
20 39910970 0.571431205856861 34.48299751
20 39965197 1.09424404723495 34.5139845
20 39996191 1.39446564312111 34.54789933
20 40029474 1.49974120082816 34.59431118
20 40060386 1.02688398254977 34.64067106
20 40105543 0.303599694951968 34.68704251
20 40261584 1.8831103798555 34.73441644
20 40289542 0.98241437567194 34.78706411
20 40341630 0.973671333935561 34.83823654
20 40394766 0.981227565603193 34.88997372
20 40439619 0.401347826879936 34.93398456
20 40549277 0.600671959248923 34.9779954
20 40623091 0.718419858707628 35.02233368
20 40684807 0.623136058915295 35.06667195
20 40755960 1.35858803271632 35.11101023
20 40788482 1.37607520564042 35.15519433
20 40809757 0.973032795956764 35.18447014
20 40836864 0.353467358800761 35.21084565
20 40914113 0.987928867902974 35.23815055
20 40940374 0.936762670533184 35.26409441
20 40970720 1.10948988532896 35.29252112
20 40996969 0.714447712534108 35.32164451
20 41025188 1.07452090930251 35.34180549
20 41050966 1.57799989533728 35.36950486
20 41070075 0.884048198422704 35.39965929
20 41104184 0.657931129857558 35.42981371
20 41147570 0.679636630959882 35.45835902
20 41185658 0.239536548851136 35.4842455
20 41277836 0.607885186407126 35.50632574
20 41314208 0.601477296408641 35.52843609
20 41357395 0.732092842683231 35.55441244
20 41393456 1.04389808818397 35.58081223
20 41419243 0.56 35.60773152
20 41465643 0.502903150886429 35.6337154
20 41517311 1.28865262321145 35.65969927
20 41537439 0.453834444386121 35.68563768
20 41594592 0.484849617735574 35.71157609
20 41648089 0.711761154711596 35.73751449
20 41684531 0.745941534784763 35.7634529
20 41718842 0.330134406521683 35.78904732
20 41796368 1.15366238449403 35.81464174
20 41818553 0.724611420967696 35.84023616
20 41853874 1.07317519919407 35.86583057
20 41875712 0.565412860833655 35.88926707
20 41924869 0.147559434693509 35.917061
20 42113227 1.34056817633724 35.94485493
20 42133960 0.360881363854733 35.97264887
20 42210977 0.398612811097511 36.0004428
20 42286958 0.700219611039417 36.03073023
20 42331127 0.227162060659432 36.06165843
20 42485563 0.607028532867302 36.09673994
20 42543356 0.201280789305009 36.13182145
20 42718092 1.4005096961733 36.16699208
20 42743205 1.12327935869183 36.20216271
20 42774516 1.10362283483777 36.23733334
20 42807308 0.495363325773018 36.27352333
20 42876970 0.526317394951575 36.30803127
20 42942535 0.183522697523431 36.34253921
20 43133525 1.4366348815749 36.37759066
20 43159533 1.62684263332562 36.41495496
20 43185447 0.6614967648948 36.45711263
20 43249278 1.29935901715964 36.49933691
20 43279232 1.0214949346491 36.53825839
20 43317334 1.40763110307414 36.57717986
20 43344984 0.381070337589097 36.61610134
20 43447120 1.06676716458819 36.65502282
20 43483605 1.82298798458399 36.69394429
20 43505660 1.79353776314033 36.73415048
20 43528129 1.199375 36.77444925
20 43561729 0.502446095307121 36.81474803
20 43644514 0.394209354120267 36.85634286
20 43750029 0.164161197257863 36.8979377
20 44003408 1.8354514164681 36.93953253
20 44026070 0.284215920737957 36.98112736
20 44172420 0.929621848739496 37.0227222
20 44217164 0.661025029797378 37.06431703
20 44280089 0.496241947029349 37.10591187
20 44363909 1.31238795539485 37.1475067
20 44396820 0.953992269464384 37.19069867
20 44442095 2.18240614420696 37.23389064
20 44461886 2.31903355704698 37.27708261
20 44480511 0.918822328114363 37.32027457
20 44527519 0.296778803869833 37.36346654
20 44673055 0.258587055388003 37.40665851
20 44840167 1.42124650550896 37.44987168
20 44870572 1.32882318550071 37.49308484
20 44894518 1.69394797037956 37.52490483
20 44920311 1.05124873682691 37.56859684
20 44961873 0.721359111096436 37.61228885
20 45022442 0.885331205107741 37.65598085
20 45053767 1.49038883524971 37.6837139
20 45076553 0.546244473050876 37.71767421
20 45148021 0.320375203111921 37.75671362
20 45269875 0.6095859030837 37.79575304
20 45326625 0.751994435145534 37.83034681
20 45372628 0.146433968413879 37.86494058
20 45608871 1.04570461278036 37.89953435
20 45641953 0.98023972409114 37.93412812
20 45677327 0.700379828673024 37.96880309
20 45726823 0.880031213028922 38.00346866
20 45766550 0.871280466530429 38.03842947
20 45806676 0.53183138871564 38.07339028
20 45872413 0.699695793139335 38.1083511
20 45922379 1.3443953085945 38.14331191
20 45948384 1.39609668602665 38.17827272
20 45971800 0.799564643154136 38.21096409
20 46012686 1.08575919316284 38.24365546
20 46043225 1.79099244875944 38.27681333
20 46058057 0.413698712099681 38.30337687
20 46124910 0.902262266183528 38.331034
20 46155543 0.92828539010879 38.35867334
20 46185509 0.452706441428246 38.38649056
20 46246955 1.13150829808005 38.41430779
20 46271539 0.663149399778069 38.44212501
20 46321104 0.561690420041697 38.47499374
20 46379622 0.347312918700733 38.50786247
20 46474260 0.667582617557141 38.5407312
20 46529212 0.840069614600747 38.57741593
20 46572881 0.336127661120395 38.61410066
20 46682985 1.37501918060457 38.65111007
20 46709053 0.839394373988404 38.68695449
20 46757862 1.73741855538234 38.72792407
20 46782879 1.47551797414556 38.77138884
20 46805467 0.951550276937132 38.80471794
20 46840493 1.104999668457 38.83804703
20 46870655 0.802586269174272 38.87137613
20 46912182 0.639270369802056 38.90470522
20 46964318 0.605941730852031 38.93803432
20 47027027 0.954963558683086 38.97603238
20 47066817 0.522318848556568 39.01403044
20 47139491 0.662475147371726 39.05198972
20 47196829 0.211118746114329 39.08997498
20 47380195 1.17280659234125 39.12868706
20 47413203 0.840468953538863 39.16739914
20 47459263 0.776783199903448 39.20611122
20 47508977 1.37559220603427 39.24472835
20 47537050 0.414674273016687 39.28334548
20 47630656 1.07759903035645 39.32216137
20 47666958 0.793988106111348 39.36127997
20 47716227 0.62090694093932 39.40039857
20 47779230 1.52874281918012 39.43951717
20 47804819 0.723973094509315 39.47863578
20 47857745 1.39446102336415 39.51695286
20 47885223 2.59565099580003 39.55526993
20 47899985 1.40573860717693 39.59358701
20 47927239 0.93830667874899 39.63189894
20 47968070 0.350585651537335 39.67021087
20 48077350 0.798499029912799 39.70852281
20 48124253 1.1844058627414 39.74597479
20 48156047 0.400180610889774 39.7836314
20 48250172 0.870214455917395 39.82129811
20 48300532 0.41776133915464 39.86512223
20 48405434 0.782625507507895 39.90894635
20 48467502 0.390022946744431 39.95752221
20 48593010 0.644127962135829 40.00647363
20 48686819 2.20139829582696 40.06689855
20 48709704 1.29600569163533 40.11727723
20 48758899 0.773806345122218 40.18103465
20 48841293 1.22736285525446 40.24479208
20 48874579 0.998718456555677 40.28564628
20 48917496 0.806185692295228 40.32850835
20 48966868 1.83915217121844 40.36831172
20 48991071 0.800855446927374 40.41282475
20 49048351 1.19057876978977 40.45869813
20 49086881 1.3962847512608 40.5045715
20 49126340 0.899247580342424 40.5596678
20 49187609 0.624260690249043 40.6147641
20 49275867 0.687073948926852 40.6698604
20 49360804 2.09958625652096 40.72821868
20 49388599 0.378795549843569 40.78657696
20 49542661 0.828607533828394 40.84493524
20 49613090 0.634075335935216 40.90329352
20 49691751 1.34362204724409 40.95317096
20 49729851 1.16101040481223 41.00436344
20 49779059 1.00728163898586 41.06149448
20 49835777 0.691031146053825 41.11862553
20 49918452 1.78975861260839 41.17575658
20 49961122 2.68472555399853 41.25212583
20 50003225 2.80657819634703 41.3651613
20 50045273 2.47815002632527 41.48317261
20 50081360 1.57574051484158 41.57260193
20 50113331 0.544642166942379 41.62297987
20 50178012 0.447144193572855 41.65820771
20 50257114 0.66942915865544 41.69357807
20 50317446 1.1115381425056 41.73396617
20 50353613 0.242619408345456 41.77416747
20 50519284 0.608361646471632 41.8143621
20 50585802 0.945999018163966 41.85482873
20 50628579 0.552860338338311 41.89529535
20 50703238 1.72647613520963 41.93657168
20 50737703 1.00687928861504 41.99607476
20 50794831 1.16406930793393 42.05359562
20 50844176 1.7896811792938 42.1110367
20 50879180 2.12714052731721 42.17368298
20 50908612 0.831836862324667 42.23628914
20 50953384 1.35754432920709 42.27353209
20 50983274 0.907458347310746 42.31410916
20 51027989 1.25923942153187 42.35468624
20 51052260 0.912938897913282 42.3852489
20 51084272 1.71300550721804 42.41447439
20 51114959 1.2701638235152 42.46704147
20 51156345 0.569737427681353 42.51960855
20 51257460 0.746799661287109 42.57721716
20 51337764 1.28825726519085 42.63718828
20 51392649 2.00434740604772 42.70789437
20 51423702 2.15361300099958 42.7701355
20 51454715 2.57876447876448 42.83692592
20 51480615 2.06428681811157 42.90371635
20 51512970 0.868440214281999 42.97050677
20 51589878 1.33437994654488 43.0372972
20 51628415 1.08422471153036 43.08872037
20 51675907 0.949765927876527 43.14021241
20 51730591 1.74572283284595 43.1921499
20 51760342 1.84180290081209 43.2440874
20 51788541 2.06009281662766 43.29602489
20 51813752 0.681479575058265 43.34796238
20 51883691 2.10588355883559 43.39562428
20 51912959 1.48924913847498 43.4572591
20 51954165 0.543033077796706 43.51862485
20 52066869 1.04324554674849 43.5798269
20 52125534 0.701544702404144 43.64102895
20 52212800 0.505338441489111 43.70225015
20 52340178 0.491715492678008 43.76661964
20 52471085 0.46480179164943 43.83098859
20 52611291 1.0324952073134 43.89615615
20 52674408 1.59695497598176 43.9613237
20 52711255 1.5910672260309 44.02016712
20 52750347 0.729423771761062 44.08236527
20 52835591 0.682618936797416 44.14454398
20 52906490 1.22468680021788 44.19294068
20 52939536 1.06597956569658 44.2334121
20 52973107 0.871506196004847 44.26919851
20 53024269 0.993935493452808 44.31378648
20 53064668 0.282243988408941 44.35394012
20 53182690 0.871389115276646 44.38725139
20 53226862 1.27894072301967 44.42574267
20 53256958 1.23163317547677 44.46423394
20 53288210 0.505829265428682 44.50272522
20 53347823 1.18796044596777 44.5328796
20 53373206 0.937041640770665 44.56303399
20 53405386 2.85500662502366 44.59318837
20 53415952 0.858630952380952 44.62335405
20 53443504 1.19181286549708 44.64701082
20 53471719 1.34282405558661 44.68063768
20 53496761 1.14127031908489 44.71426455
20 53529981 1.25411001951639 44.75217726
20 53560212 1.14898627615516 44.79008996
20 53597155 0.511785770264893 44.83253689
20 53680094 1.49082447129181 44.87498382
20 53721563 1.20949686735278 44.93680679
20 53779182 1.62047917288001 45.00649656
20 53829477 1.68762736535662 45.08799839
20 53881002 3.27117143700207 45.17495321
20 53914892 1.84856753069577 45.28581314
20 53975731 1.09762298207703 45.39827767
20 54078002 1.52263374485597 45.51053304
20 54106919 1.50404020100503 45.55456328
20 54131794 1.29178872614292 45.59197587
20 54165589 0.487307201540149 45.63563167
20 54254931 5.32497553816047 45.67916902
20 54263107 2.08221340092783 45.72270638
20 54284016 1.97277250962351 45.76624374
20 54305318 0.657158941640082 45.80826733
20 54369266 0.66029790710829 45.85029092
20 54432910 0.532112438294498 45.89231451
20 54511104 0.949063619151897 45.93392252
20 54554943 0.559987036836988 45.97552803
20 54647513 1.55790388823935 46.02736623
20 54680870 1.74751100575686 46.07933306
20 54710400 0.540699205226974 46.13093716
20 54812945 0.717292591107259 46.18638342
20 54890244 0.462359288050635 46.24182968
20 55007949 1.13254645173399 46.29625217
20 55055902 0.534739534581986 46.35056098
20 55163805 1.0605800058292 46.40826089
20 55232425 1.81722304348785 46.48103751
20 55277748 4.60593241427363 46.56339934
20 55297841 3.71195885126447 46.65594667
20 55321171 2.92735692796539 46.74254618
20 55350754 0.654449272624221 46.82914569
20 55483079 2.56258507427354 46.9157452
20 55516873 0.866510105586272 47.00234471
20 55570952 1.22931798250545 47.04920469
20 55615423 0.522998133346097 47.10387323
20 55719888 0.462651111674698 47.15850866
20 55838178 1.2607703020479 47.21323563
20 55881979 1.28537829789655 47.26845904
20 55934702 1.70535371932515 47.33622769
20 55976430 2.6238471187191 47.40738912
20 56003536 2.31611428571429 47.47851142
20 56029786 1.41519989530851 47.53930973
20 56060352 1.15662061091824 47.5825671
20 56103271 1.4374674007534 47.63220809
20 56137781 0.532896858672515 47.68181497
20 56230799 1.69058856191005 47.73138396
20 56266819 2.53834931221342 47.79227857
20 56290809 1.00192503866531 47.85317317
20 56351587 2.07703287015658 47.91406778
20 56375408 0.493147544578337 47.96354478
20 56475737 2.03684492198757 48.01302179
20 56500028 1.50758350887752 48.0624988
20 56533258 0.931829173021837 48.11259589
20 56587020 2.15263318377837 48.16269297
20 56609977 2.05712770707747 48.21211094
20 56645809 4.09083451073333 48.28582153
20 56667750 1.94662647205535 48.37557855
20 56713859 2.16202567357878 48.46533557
20 56749304 2.12124121779859 48.5419687
20 56792004 59.316961362148 48.63254537
20 56793531 1.75056079826733 48.72312203
20 56845243 2.2221525437015 48.81364717
20 56883514 2.01526066350711 48.89869089
20 56925714 1.87967221135029 48.98373461
20 56966594 1.47192171645452 49.06057525
20 57005325 1.01605885255461 49.11758415
20 57049911 1.54071194762684 49.1628866
20 57079239 2.01739167230873 49.20807246
20 57102871 0.855868661383746 49.2557477
20 57159153 1.21707878974044 49.30391761
20 57191708 1.08227077932385 49.34353968
20 57229510 0.853750416250416 49.38445127
20 57277558 1.87445298891108 49.42547201
20 57301095 1.44311532960603 49.46959096
20 57331859 0.423727034120735 49.51398664
20 57436634 1.50196357234748 49.55838231
20 57466172 1.3334318652084 49.60274699
20 57496619 1.58063559824499 49.64334558
20 57530351 1.45359869138495 49.69666401
20 57567031 1.63434141464634 49.74998243
20 57599039 1.02257205933934 49.80229455
20 57647506 0.768475637597026 49.85185576
20 57708830 0.873884802992393 49.89898215
20 57748397 1.42350761630301 49.93355898
20 57772687 1.10924049426638 49.96813581
20 57804168 0.943711189883601 50.00305623
20 57843945 0.731952388313495 50.04059386
20 57902166 0.773101277822015 50.0832093
20 57954912 0.906599794825031 50.12398778
20 57998777 0.990325572069475 50.16375546
20 58038676 0.366463934625945 50.20326812
20 58145385 1.46670188280572 50.24237307
20 58171888 1.62835120643432 50.28124482
20 58195760 1.40018686886837 50.32011657
20 58223587 1.08011532170876 50.35907947
20 58259660 1.10870426225513 50.39804238
20 58292483 0.815476734619252 50.4344331
20 58336239 0.817138800467172 50.47011519
20 58379906 0.378002242553873 50.50579727
20 58486035 1.07635963617826 50.54591407
20 58523306 1.40303570804043 50.58603086
20 58551899 1.14931958172182 50.62614766
20 58586804 0.625218752878327 50.66626446
20 58662803 1.89816021464163 50.71378013
20 58688893 0.805289607864715 50.76330265
20 58743415 1.53450500401018 50.80720816
20 58772092 1.88328764776426 50.85121298
20 58795440 0.731645213696576 50.8951843
20 58859456 2.24233142651232 50.94202113
20 58881657 1.94552331929496 50.99180338
20 58907301 1.26381360939146 51.04169475
20 58946230 1.97697276046054 51.09089354
20 58967596 1.31205259762205 51.13313376
20 59000145 1.06034148735567 51.17584015
20 59038858 0.8321158636997 51.21688932
20 59086224 1.57766209905841 51.25630372
20 59112350 0.800178602628565 51.29752213
20 59163861 0.608410704533042 51.33874054
20 59231608 0.971481097388517 51.37995895
20 59274036 0.540854754687767 51.42117736
20 59350245 1.9967200274147 51.46239577
20 59370672 0.564661447603351 51.50318271
20 59443482 0.802910385664803 51.5442961
20 59495159 1.22586935326617 51.58578853
20 59529006 1.55881137533341 51.62728096
20 59555625 1.39247297112358 51.66877513
20 59592160 0.307741127537924 51.71964931
20 59768633 1.46224924337788 51.77395681
20 59805970 0.865420264596372 51.82855327
20 59869085 2.2545229244114 51.88317401
20 59893295 1.60354743997104 51.93775578
20 59918158 0.460445336643863 51.97762458
20 60031735 0.792473801206732 52.02992027
20 60113609 0.443023114859735 52.09480302
20 60270348 1.42333866273111 52.16424156
20 60319134 1.48708471225341 52.23368009
20 60365668 2.80084647045119 52.30287983
20 60391422 0.45936897131122 52.37501326
20 60552112 1.32179585840213 52.448829
20 60609288 1.82192240006704 52.52440382
20 60645087 0.78710466664268 52.58962664
20 60700673 1.6606420705531 52.63337907
20 60732819 1.79432624113475 52.68676254
20 60762570 0.949412396349102 52.74014601
20 60812859 1.79972859889178 52.7878907
20 60839388 1.86912777951769 52.83563539
20 60864932 0.846105867870332 52.88338009
20 60925857 1.40044554320954 52.93492895
20 60962666 0.515222084516052 52.98647781
20 61062718 0.393243037589408 53.03802668
20 61220422 2.67400646666394 53.10004305
20 61244855 2.03222495256462 53.16537729
20 61277004 1.93587958161723 53.23071153
20 61310753 1.38491103674497 53.29604577
20 61340934 0.896492027334852 53.33784335
20 61384834 0.865393061045235 53.3771989
20 61444036 1.72709571289489 53.42843171
20 61473823 1.19730357312103 53.47987717
20 61516027 1.1765075669383 53.53040788
20 61558977 0.948433911650617 53.58093859
20 61610794 1.39369352256384 53.63008339
20 61647645 2.15425073288498 53.68144237
20 61670841 1.34592240696754 53.73141189
20 61708731 1.84469847701045 53.78240915
20 61736374 1.44160930090255 53.83340261
20 61769059 1.12689833305431 53.88052164
20 61810872 1.52339576712421 53.92764067
20 61840450 1.29338486695407 53.97269975
20 61874085 1.23048919910945 54.01620235
20 61907323 1.27905303977984 54.05710151
20 61939299 1.15502664951296 54.09800067
20 61971945 1.10595813204509 54.13570807
20 62006100 0.992097107438016 54.17348202
20 62044820 0.889095905724533 54.21189646
20 62087758 0.71287036345996 54.25007217
20 62141354 1.00883358205363 54.28827878
20 62182900 1.05942588143942 54.33019201
20 62224111 0.563424485201616 54.37385156
20 62299626 0.757206039347262 54.41639835
20 62365196 1.68693969030155 54.46604807
20 62394644 1.64446070442678 54.51572507
20 62424711 1.81101468380387 54.56516858
20 62452020 1.94099807003033 54.61462573
20 62477409 0.773715005552701 54.66390608
20 62537740 1.12525324752711 54.71058472
20 62579695 0.51892236499335 54.75779425
20 62670672 1.97433239343175 54.80500378
20 62694788 1.23193355584879 54.85261647
20 62733437 1.5144771337023 54.90022916
20 62767767 1.43992544764694 54.9522211
20 62797813 0.857715823811476 54.99548466
20 62853912 0.637542426813746 55.04360207
20 62929336 1.2330735178295 55.09168839
20 62966157 1.18178106798759 55.13709143
20 63002899 0.679238494509276 55.18051198
20 63066825 1.97233816498444 55.22393253
20 63093179 0.997060688144776 55.27591198
20 63145232 1.68681747269891 55.32781185
20 63176000 1.43386495278902 55.37971172
20 63213809 2.34666272139324 55.43392502
20 63237466 2.33612349625641 55.48944018
20 63261240 1.87775705036761 55.54497941
20 63288579 1.64066413798039 55.59631532
20 63316525 1.66630324175025 55.64216494
20 63344041 1.25092079775189 55.68801455
20 63380694 2.22103978520869 55.73386417
20 63401179 0.877567804664084 55.779362
20 63455895 1.06401576114102 55.82737895
20 63491933 1.12484981634685 55.86572434
20 63521064 0.659011763195481 55.89849196
20 63583377 0.9769207902062 55.93955688
20 63620380 1.15048558655773 55.97570545
20 63652815 1.56120826709062 56.01302108
20 63676717 1.01382889124351 56.0503367
20 63713524 1.14169094440398 56.08765233
20 63746476 0.94670588528554 56.12527353
20 63786593 1.89407907241969 56.16325235
20 63807637 0.785476401615923 56.20311185
20 63858382 1.67149211144679 56.24297135
20 63882214 1.35218073809597 56.28280604
20 63914703 1.12767462801767 56.32673741
20 63961345 1.97451009835573 56.37933476
20 63987983 1.82489070848657 56.4319321
20 64016805 1.73969895589737 56.48452945
20 64047166 3.37415357097227 56.53734817
20 64062820 1.36972916936633 56.59016689
20 64101405 1.2556194458965 56.64301767
20 64141578 1.00663601459923 56.69345949
20 64204869 0.875730994152047 56.75717053
20 64277373 3.16441564914029 56.8206645
20 64297438 2.53752697626089 56.88415847
20 64322460 2.5889500509684 56.94765243
20 64346985 2.58147666287201 57.0111464
20 64371581 0.696809624074963 57.07464036
20 64452794 1.7365929075273 57.1312303
20 64483841 1.5390656979124 57.18514629
20 64522929 0.577916842278866 57.24530492
20 64632071 1.8105675511822 57.30838003
20 64653514 1.79350487365455 57.34720372
20 64675161 0.575367437621055 57.3860274
20 64745377 1.95641646489104 57.42642782
20 64766027 0.977238092934375 57.46682825
20 64807368 1.42012875083547 57.50722867
20 64835795 1.30516310497559 57.54759877
20 64866726 0.488067316294702 57.58796888
20 64949440 1.17834208990076 57.62833899
20 64983700 0.658306698845477 57.66870909
20 65045024 0.952119110058371 57.7090792
20 65104129 1.15882447085184 57.76535443
20 65154115 2.27801958650707 57.82327927
20 65179847 0.7997312557685 57.8818968
20 65253523 1.54414574235808 57.94081777
20 65282835 1.14198203810414 57.98607963
20 65321361 1.460451604384 58.03007592
20 65351653 1.97570560914612 58.07431576
20 65374045 1.17665833289005 58.1185556
20 65411643 1.33917653082738 58.16279545
20 65444844 1.90815844813527 58.20725773
20 65468145 0.844070570770607 58.25172001
20 65520688 2.4103263080804 58.29607002
20 65545266 2.83070527522936 58.35531113
20 65566194 1.81623263090089 58.41455224
20 65598795 2.63625069614017 58.47376373
20 65622138 1.81123898210782 58.53530144
20 65656287 1.13271197050845 58.59715296
20 65699418 0.691861834974789 58.64600839
20 65741860 0.690789891085968 58.67537247
20 65789145 0.680857310628303 58.70803639
20 65840235 0.861804845188493 58.74282168
20 65880316 0.460879543149917 58.77736369
20 65955264 1.0277099609375 58.8119057
20 65988032 0.427662300532619 58.84558208
20 66082471 1.33117996044825 58.88597001
20 66112811 0.397260889491988 58.92635794
20 66224088 1.62843974515386 58.97056394
20 66253596 1.07935952401785 59.01861622
20 66299312 1.0034398995745 59.06795973
20 66360651 1.77191905094208 59.1295101
20 66396476 1.78963483146067 59.19298888
20 66432076 1.7397394937331 59.25669962
20 66468697 1.46053536408323 59.32041036
20 66507960 1.54674339723313 59.37775515
20 66534199 1.07461761058289 59.41834027
20 66577741 1.93031719118316 59.46513123
20 66601922 1.16543414830466 59.51180811
20 66641678 0.335859424534283 59.55814152
20 66807283 0.628623741226732 59.61376122
20 66895762 1.71905712831356 59.66938093
20 66921301 2.31511269054522 59.71328432
20 66942687 1.63867743430198 59.76279576
20 66972901 0.906534090909091 59.81230721
20 67025701 1.20582120582121 59.8601725
20 67065143 0.938267308547455 59.90773285
20 67116866 1.55195295640915 59.95626252
20 67153938 0.330048187241854 60.01379646
20 67328258 1.99705322169116 60.0713304
20 67356085 2.20755315772771 60.12690266
20 67381293 2.29972851412132 60.18255115
20 67405972 1.50421185779261 60.23930665
20 67443129 1.96698926623262 60.29519851
20 67471544 1.1275823111685 60.35109037
20 67521112 1.3068881569526 60.40698223
20 67563010 0.619595316486056 60.46173838
20 67654736 1.9602391834771 60.51857109
20 67683835 1.96354050310531 60.57561228
20 67706216 1.55815356230485 60.61955785
20 67734400 1.51389271924986 60.66347311
20 67763408 2.24388125287415 60.70738837
20 67782979 0.68811795860167 60.75130363
20 67846798 0.641832417448816 60.79521889
20 67929050 3.00196715703045 60.84801114
20 67952434 1.12259323226508 60.91820898
20 68014966 1.72348684210526 60.98840682
20 68060566 2.30040393396558 61.06699747
20 68094730 1.91447530656623 61.14558811
20 68139337 3.60817033500908 61.2309873
20 68163008 0.853890663965087 61.31639605
20 68265664 3.2219730941704 61.40405317
20 68292870 2.97868927589368 61.4917103
20 68323418 2.10536222185043 61.58270357
20 68371234 3.37062269472771 61.68337385
20 68394279 2.06231213570663 61.76105031
20 68432538 2.30986780533458 61.83995246
20 68466730 1.03169690083454 61.91893146
20 68543299 2.45726017170586 61.99792722
20 68575447 1.01350870956274 62.07692298
20 68640146 1.41880589163598 62.14249632
20 68678166 1.78075024679171 62.19643938
20 68708556 1.44738832014891 62.25055599
20 68742940 1.6487987351047 62.30032297
20 68768871 1.59379775615938 62.34307833
20 68795700 1.23295772894229 62.38583809
20 68827826 0.844042510817808 62.42544774
20 68883059 1.81991723922548 62.47206688
20 68908675 1.80190940012369 62.51868601
20 68934547 1.59044077510917 62.56530515
20 68963859 1.77826518156851 62.61192429
20 68990075 1.27013404533566 62.65854342
20 69026779 0.606059319635479 62.70516256
20 69097447 0.808002867599894 62.74799201
20 69150453 1.76162313126335 62.79082146
20 69174801 1.58724049883433 62.83371359
20 69201824 1.69845820591233 62.87660571
20 69233216 0.969224336950792 62.92992347
20 69288227 1.83538726333907 62.98324123
20 69317277 1.16672137245892 63.03655899
20 69362976 2.17155172413793 63.08987674
20 69386176 1.9223137973138 63.14025703
20 69412384 1.51887018510753 63.19063731
20 69445770 1.8557051891971 63.24134644
20 69473096 1.65931718155792 63.29205557
20 69496499 1.67342209297042 63.33088829
20 69518506 1.22206736353078 63.36771566
20 69548641 1.04284419776859 63.40454303
20 69583955 1.59728487161693 63.44137041
20 69607011 2.09404692650766 63.47819778
20 69627639 0.465910929427373 63.52139398
20 69720352 1.47691860676279 63.56459019
20 69747885 1.84208380520951 63.60525381
20 69769960 1.12811407645786 63.64591743
20 69806006 1.81738547486034 63.68658105
20 69828381 0.82840094026882 63.72724467
20 69878154 1.00916100260592 63.76847642
20 69915377 0.971212666426772 63.8060403
20 69954283 0.865820154680827 63.8438262
20 69997598 0.435722254810623 63.88132871
20 70084541 1.57543874241038 63.91921187
20 70108587 0.86383688770029 63.95709503
20 70152336 1.01744561705794 63.99488725
20 70189480 0.854143561895292 64.03267946
20 70241778 1.98549896735071 64.07734931
20 70264535 1.39819284564921 64.12253378
20 70296851 1.02629743303571 64.16771826
20 70354195 1.52549695202756 64.22657059
20 70391925 2.44965100442629 64.28412776
20 70415421 0.70572394712573 64.34168493
20 70496746 2.26389627387623 64.39907758
20 70521195 2.18921571835226 64.45442788
20 70551758 2.17173553182512 64.52133662
20 70582567 1.50849755636134 64.58824536
20 70614282 0.892109982068141 64.6360873
20 70667818 1.77817491343684 64.68384736
20 70694677 1.95081591317308 64.73160743
20 70720844 0.428512667259876 64.78265442
20 70839970 0.820387959436221 64.8337014
20 70902193 1.04589273005672 64.88474839
20 70948562 1.78495699881376 64.93324499
20 70975538 2.16759525521208 64.98139614
20 70997794 1.74171420319157 65.02963823
20 71025492 1.31506164016437 65.07788032
20 71053477 0.520493310327271 65.11468183
20 71124183 1.1833966171902 65.15148334
20 71153153 1.06733924881488 65.1857667
20 71177834 0.0745299547990989 65.21210926
20 71313672 0.0506887309897781 65.22223337
20 71377848 0.0982927934733343 65.22548683
20 71410943 0.0870857204047759 65.22874029
20 71448297 0.00722962853392009 65.23199376
20 71502380 0 65.23238524
20 71536477 0 65.23238524
20 71619188 0 65.23238524
20 71677629 0 65.23238524
