Chromosome Position(bp) Rate(cM/Mb) Map(cM)
2 0 0 0
2 112109 0.001524528106872 0
2 266911 0.00943797625033845 0.00023648
2 292764 0.0105063727178781 0.00048076
2 315988 0.0250092550697215 0.00072505
2 340299 0.0187697010220651 0.00133264
2 424051 0.013551156147407 0.00290488
2 564777 0.0341017235909908 0.00481233
2 621519 0.0647324392510955 0.00674761
2 651643 0.0640225884825005 0.00869725
2 682101 0.0857218216986109 0.0106469
2 704849 0.0731844623756802 0.01259654
2 731494 0.0515477543683417 0.01454618
2 769323 0.0410755589822668 0.01649582
2 821203 0.0572049822828305 0.01862635
2 858455 0.0497879875122315 0.02075689
2 901377 0.102928426933821 0.02289363
2 922139 0.0385656536490291 0.02503036
2 977551 0.0910485279706872 0.0271671
2 1001022 0.0603158811093148 0.02930383
2 1041227 0.102273206528615 0.03172923
2 1064938 0.0632037297677692 0.03415463
2 1110410 0.178426302179535 0.03702834
2 1137480 0.232694355697551 0.04185839
2 1161894 0.27673675678253 0.04753925
2 1182867 0.106088329898496 0.05334302
2 1234786 0.20709349203302 0.05885123
2 1255622 0.152901353965184 0.06316625
2 1286642 0.21322446365674 0.06790966
2 1317872 0.333205315308395 0.07456906
2 1343910 0.307563867089664 0.08324518
2 1385833 0.328395354349372 0.09613962
2 1411147 0.234208967015603 0.10445301
2 1436462 0.133443414200432 0.11038152
2 1475827 0.100346640193988 0.11563439
2 1537274 0.489733617697487 0.12179998
2 1561187 0.316617595846393 0.13351106
2 1592774 0.073729386793553 0.14351225
2 1764266 0.123132656837349 0.1561558
2 1866952 0.4035490871952 0.16879936
2 1898284 0.354166666666667 0.18144291
2 1936492 0.304908444385364 0.19497539
2 1966583 0.305192429231946 0.20415043
2 1996646 0.147146450680606 0.21332547
2 2052699 0.238779085140137 0.22157325
2 2113211 0.0677247139663181 0.23602257
2 2326560 0.299429270281288 0.25047189
2 2375620 0.489000565780278 0.26516199
2 2405667 0.180020926940358 0.27985453
2 2486902 0.0471915644645092 0.29447887
2 2775301 0.121296923460839 0.30808865
2 2887505 0.27990855981712 0.32169844
2 2930812 0.153084059862931 0.33382041
2 3016608 0.474920861384814 0.34695431
2 3039037 0.144098032046999 0.3576059
2 3118358 0.127861693479781 0.36903622
2 3224152 0.655967471896675 0.38256283
2 3245057 0.567074401517904 0.39627546
2 3269828 0.313962584653897 0.41032275
2 3314569 0.0998756459168397 0.42437005
2 3480225 0.460561143462149 0.44091535
2 3508560 0.140485725358481 0.45396538
2 3601452 0.109126486378004 0.46701541
2 3721038 0.591252422193222 0.48006544
2 3746325 0.212129406292927 0.49501665
2 3838778 0.706382365653364 0.51462847
2 3866542 0.846185597958648 0.53424029
2 3893191 0.560401600437387 0.55679044
2 3933430 0.572406701444623 0.57934059
2 3973302 0.498567561693636 0.60216357
2 4023915 0.798546628986677 0.6273978
2 4056116 0.441795840960872 0.65311223
2 4132047 1.11513837945982 0.68665842
2 4162037 0.87907098805931 0.72010132
2 4200142 0.807641665853896 0.75359866
2 4241154 0.798706775372505 0.78672187
2 4276724 0.769131832797428 0.81513237
2 4314044 0.38887844847027 0.84383624
2 4367256 0.284954425863628 0.86452891
2 4490023 0.545514361634822 0.89951219
2 4529538 0.865555555555556 0.92106828
2 4557438 0.461041060459101 0.94521682
2 4613112 1.17328701375874 0.97088482
2 4634989 1.23188823275241 0.99655282
2 4655818 0.409012656613639 1.02221202
2 4718552 0.466638017476006 1.04787122
2 4788362 0.869644144264396 1.0804471
2 4825821 1.55261406844106 1.11302298
2 4846861 0.598543633099774 1.14568981
2 4915937 1.1796056948843 1.18703452
2 4950986 1.04232748935281 1.22837865
2 4989259 1.10698659532369 1.26827202
2 5025142 1.82890556655463 1.30799447
2 5046861 1.10063729564976 1.34771691
2 5082951 1.76025208592224 1.38743936
2 5105483 0.309390097201047 1.42710155
2 5260934 0.945970978697129 1.47519642
2 5312758 1.61130539835951 1.5242206
2 5344212 1.7762396261943 1.57490243
2 5372890 22.6770262035344 1.62584119
2 5374531 0.743311698591103 1.66305445
2 5437701 2.84967550435176 1.71000945
2 5457578 0.765590787446274 1.76665276
2 5531564 0.78327167488021 1.82329608
2 5604817 0.898098123106711 1.88067278
2 5668859 0.871836901956767 1.93818895
2 5707903 2.7479977965168 1.97222897
2 5731502 1.03666892553272 2.03707925
2 5824469 2.25577256944444 2.13345539
2 5847509 2.31299510458389 2.18542837
2 5869979 2.56682141446069 2.23740135
2 5890227 2.54593605546995 2.28937432
2 5910995 0.685692975459169 2.34224879
2 6007528 0.648494120646876 2.40844089
2 6109495 2.48547671006095 2.47456594
2 6136073 0.820455560518088 2.54062466
2 6216677 2.11530226700252 2.60675676
2 6248437 0.197076174275057 2.67393924
2 6705783 2.35208168597655 2.76407161
2 6734870 2.64475931677019 2.8324864
2 6760630 1.09142609977252 2.90061564
2 6823052 1.94017820704666 2.96874488
2 6852456 1.452827789645 3.02579338
2 6891780 0.306816584680253 3.08292447
2 7105230 1.65351906528377 3.14841472
2 7144857 1.68813875044052 3.21393907
2 7184583 1.8687771485752 3.28100251
2 7228554 1.04868215874948 3.36317489
2 7307433 4.31173673906964 3.44589364
2 7328887 2.03226565256596 3.53839742
2 7379901 0.952948503807717 3.64207131
2 7485870 3.42807196198235 3.74305442
2 7515330 2.7317527131117 3.84404498
2 7550253 3.64976640882285 3.93944635
2 7576367 1.63885111763162 4.03475601
2 7618286 1.58313781495461 4.10345487
2 7657498 1.29446213911435 4.16553307
2 7706163 2.35918657778444 4.2285283
2 7732865 1.45562307923377 4.29152354
2 7776142 1.95873884518516 4.35451877
2 7808303 1.75997878265482 4.417514
2 7830926 1.92131174899866 4.4573305
2 7854894 0.413615331365905 4.50338023
2 7964682 1.61153352424212 4.54879037
2 7995063 1.92271442035815 4.59775015
2 8020527 0.56661750245821 4.64670993
2 8114091 1.49793738698011 4.69972534
2 8149483 1.21811089120271 4.75274074
2 8184346 1.74948504572794 4.79520765
2 8208620 0.694835369091875 4.83767456
2 8268876 1.29201718816196 4.87954215
2 8301922 1.27038105359041 4.92223774
2 8334857 1.96852815901562 4.96407767
2 8355987 0.901651781843406 5.00567278
2 8402119 1.87127111791991 5.0472679
2 8425618 0.971738940374191 5.0912406
2 8471370 0.301803869296497 5.13569914
2 8630417 0.517436685816005 5.18370048
2 8729289 1.21323499778342 5.23486071
2 8778915 1.21841765674365 5.2950684
2 8823861 1.07166200270053 5.34983153
2 8874962 1.07542519102785 5.40459465
2 8923646 2.31844380403458 5.45695028
2 8945854 2.20081213934601 5.50843788
2 8969249 2.18336348718812 5.55992549
2 8993016 1.45293785158668 5.61181728
2 9030169 0.750099816887641 5.66579788
2 9102802 1.34340603959198 5.7202795
2 9152408 1.71862390067253 5.78692075
2 9191068 1.41827124807683 5.85336292
2 9233966 1.48121728545344 5.91420432
2 9275041 0.470673472440356 5.97504571
2 9382009 1.43455661859203 6.02539272
2 9417024 1.32595405354092 6.07562358
2 9443359 0.94634327218793 6.11054259
2 9489206 1.96081710127898 6.15392981
2 9511333 1.09306426825889 6.19731702
2 9551026 1.43768894860598 6.24070423
2 9583773 1.21152856407617 6.28778462
2 9622633 0.309802063592335 6.334865
2 9774601 1.87958930925652 6.38194539
2 9799632 0.829538624712745 6.42899334
2 9856202 0.213507838062216 6.47592004
2 10101926 2.5781969730204 6.52838441
2 10124721 1.47334575041663 6.58715484
2 10175726 3.16814084744335 6.66230276
2 10199468 0.397179732566317 6.73752098
2 10388599 1.47624845354751 6.81263988
2 10439522 1.05976185443529 6.88781473
2 10510487 2.35836808930979 6.96302072
2 10542376 2.73924603897287 7.03822672
2 10569831 2.69725723288456 7.11343271
2 10597759 0.163376930631941 7.18876153
2 11195426 0.401656067723544 7.28640657
2 11438532 3.58601141456314 7.3840516
2 11464639 0.812521370728982 7.47767179
2 11584546 3.34212428989499 7.57509896
2 11613591 1.30408404250987 7.67217097
2 11711827 5.47358079535261 7.80027865
2 11735238 2.09890160605501 7.92842075
2 11778574 4.38392345341505 8.0193786
2 11801253 1.40629630968302 8.11880152
2 11856587 1.81103301117108 8.19661784
2 11904389 1.10750423750578 8.28318836
2 11982265 1.90262734111315 8.36943674
2 12027596 1.48345225444056 8.45568513
2 12067118 1.89598325264948 8.51431409
2 12097690 2.97667652859961 8.57227795
2 12117970 0.682136306346002 8.63264501
2 12215559 0.780121654501217 8.69921366
2 12256659 0.729033310229543 8.73127704
2 12305713 0.348397322434268 8.76703868
2 12430005 1.15293271918848 8.81034202
2 12467564 0.976465850875819 8.85364536
2 12512265 0.45269565566208 8.89729438
2 12611981 0.456398434893385 8.9424354
2 12710888 1.39311868686869 8.98757642
2 12742568 0.837894317842571 9.03171009
2 12802862 0.674084993168908 9.08223054
2 12886304 1.22514062984453 9.13847782
2 12931458 1.74153943019046 9.19379802
2 12963223 0.604328779416453 9.24911822
2 13047912 1.43986495990997 9.30029804
2 13083457 1.04737403634361 9.35147786
2 13141569 1.9376969851326 9.41234318
2 13172980 2.50181099769509 9.4732085
2 13197276 2.27461273034285 9.53399274
2 13224518 2.57383177570093 9.5959578
2 13248593 2.19571478304902 9.65792285
2 13280190 2.03543145421482 9.72730036
2 13314284 2.45878698503342 9.79669605
2 13346155 2.04754208003567 9.87505991
2 13382039 1.57944622901869 9.94853406
2 13426245 0.573790149184612 10.01835538
2 13547169 3.34192274347365 10.08774028
2 13567931 3.32618602196959 10.15712518
2 13588778 2.92973635288153 10.22646576
2 13612446 0.71791234845269 10.29580635
2 13709033 1.1313797722706 10.36514693
2 13768753 1.57700540784137 10.43271243
2 13822009 1.87003035695593 10.51669785
2 13869774 2.09825939078678 10.60602
2 13909760 0.410556583376056 10.6899214
2 14134075 0.653459167235955 10.78201576
2 14252644 1.17722646551561 10.85949613
2 14305407 2.30353974824702 10.92160994
2 14329081 1.22394521049979 10.97614417
2 14372739 2.13543230413438 11.0295789
2 14397386 2.25226152197213 11.08221081
2 14420711 1.09009991709935 11.13474451
2 14466549 0.681360653619172 11.18471218
2 14536192 0.488233950194197 11.23216415
2 14632486 0.944925393459526 11.27917863
2 14683889 2.01571072319202 11.32775086
2 14707949 2.6061219570981 11.37624868
2 14728694 1.39283527250459 11.43031277
2 14767886 2.14398491811005 11.48490053
2 14793347 1.55126580413191 11.53948829
2 14827278 1.49960113960114 11.59212469
2 14862378 0.913734195875752 11.64476109
2 14920037 1.779117826411 11.69744646
2 14949555 1.88690967334854 11.74996203
2 14970158 2.05949817198377 11.78883831
2 14990125 0.906551361717036 11.82996006
2 15044358 0.907555424288852 11.87912459
2 15098531 0.605823619103832 11.92828911
2 15179855 1.26676283454831 11.9775574
2 15218676 0.913612127742583 12.02673458
2 15272503 1.38296114845619 12.07591175
2 15307611 2.92622307491061 12.12446499
2 15330545 0.545146772351716 12.19157493
2 15479415 2.60182097973839 12.27273044
2 15510607 2.12280701754386 12.35388596
2 15549082 1.77380175003265 12.43556055
2 15579710 1.48583243613585 12.48988837
2 15620578 1.77583786629233 12.55061096
2 15654772 2.64969236811101 12.61133356
2 15677689 2.78038116059123 12.67205615
2 15698730 1.32898725900093 12.73055842
2 15749197 0.487154717200404 12.79762797
2 15886874 1.23060261752235 12.86469752
2 15941353 3.21143897298333 12.93173978
2 15962229 2.21780274581669 12.99878205
2 15995516 2.23579365298189 13.07260578
2 16031785 2.19373295956376 13.15369615
2 16057826 1.2686629927185 13.2108236
2 16103009 2.09732964259546 13.26814603
2 16127575 2.57318402536914 13.31966953
2 16147757 0.847978824221431 13.37160181
2 16208959 0.443758497148378 13.42349977
2 16325910 2.35631914494656 13.47539773
2 16347242 0.473328070373294 13.52566259
2 16453646 1.19014117758157 13.5760269
2 16496004 0.970486050793872 13.62643864
2 16553570 1.45805929637749 13.68230569
2 16591886 0.641080957025647 13.73817274
2 16679031 1.78848801101258 13.7940398
2 16710268 1.82215467085049 13.84990685
2 16740862 0.34999912316083 13.90565353
2 16911931 1.02998400165144 13.9655275
2 16970062 0.385155813558087 14.02540146
2 17134746 0.459751899816468 14.08883079
2 17270417 1.75481783654522 14.15120544
2 17305962 1.55859570214893 14.21358008
2 17345982 2.42998678996037 14.27595472
2 17371720 2.16606635727644 14.33849813
2 17400594 2.18764646217341 14.40104154
2 17429185 2.53380595503342 14.46358868
2 17453870 0.376068735795284 14.52613583
2 17620188 2.45810415259417 14.58868298
2 17651277 1.85430061870678 14.66510308
2 17692492 1.53967806273546 14.74152806
2 17742129 2.14045651869486 14.81795304
2 17777834 0.736844257267858 14.89437802
2 17826748 3.48527213576013 14.9304197
2 17838121 1.52149547059727 14.97005738
2 17864173 1.22041452477305 15.00969506
2 17900745 1.25256777235225 15.05432774
2 17936379 1.24959738749217 15.09896147
2 17981087 0.850845020832111 15.15482848
2 18049251 1.64458786231884 15.21282566
2 18084579 1.97069398276915 15.2709258
2 18114061 1.90771224432614 15.32902594
2 18142613 2.04489810614244 15.38349487
2 18170387 1.72295434578448 15.44028953
2 18203396 1.56767776951263 15.49716276
2 18239693 1.70735152680933 15.55406472
2 18272965 2.22096406385154 15.61087204
2 18298399 0.689955158046504 15.66735965
2 18380242 1.70260481120401 15.72382777
2 18413373 1.13247571646464 15.78023714
2 18463201 1.49814156002761 15.836666
2 18500867 1.08435980706778 15.89309486
2 18552906 2.60968851519205 15.94952341
2 18573838 0.86778086081177 16.00414893
2 18635826 1.83906673901248 16.05794062
2 18663471 1.97402446126966 16.10878129
2 18689226 0.855793832480474 16.15962196
2 18748634 0.844297152729327 16.21046263
2 18808832 1.76188165147156 16.26128734
2 18837679 1.00276215842952 16.31211206
2 18888364 1.94538008114522 16.36293678
2 18914490 0.761024182076814 16.41376149
2 18981275 0.40281883863216 16.46458621
2 19107781 1.37290282818599 16.51554563
2 19136987 2.72141823444284 16.55564222
2 19157717 0.772811053616045 16.61205688
2 19230960 1.82091040694869 16.66866017
2 19262045 0.722924810301219 16.72526345
2 19340327 2.26637442922374 16.78185536
2 19367702 2.465506278811 16.8438976
2 19392866 0.946172894158009 16.90593984
2 19465153 0.656396831789502 16.97433618
2 19569439 1.1715830549952 17.04278923
2 19629917 3.1086298424955 17.11364455
2 19652710 0.631005708484357 17.18449986
2 19764999 2.18485801267655 17.25535518
2 19785036 2.35466225671034 17.29913361
2 19808619 0.547748899179747 17.35466361
2 19922852 1.37199167852841 17.4172349
2 19968517 1.09480998098636 17.47988716
2 20011118 1.34685900897426 17.5265273
2 20050007 2.27453534827167 17.57890536
2 20073035 1.92015543661559 17.63128342
2 20100313 1.56976047904192 17.68366149
2 20133713 1.22382764174506 17.73609169
2 20176554 0.219566895394845 17.78852189
2 20341087 1.62502811389501 17.82464742
2 20363318 2.38347841075584 17.86077296
2 20386524 0.884082740995128 17.91608437
2 20449129 1.29711741270213 17.97143247
2 20491799 1.34290913502366 18.02678057
2 20533014 0.760598606549492 18.08212867
2 20605783 1.72364610258167 18.13747678
2 20637894 2.04658477022127 18.19282488
2 20664920 1.06859527304514 18.24813621
2 20725551 1.32404949565075 18.31292612
2 20774525 1.16147521897222 18.37777058
2 20830354 1.554032851974 18.44261505
2 20861585 0.936196930436516 18.49114944
2 20911755 0.616609559817783 18.53811835
2 20987928 1.47044447838705 18.58508726
2 21014116 1.32080795126643 18.62359574
2 21045306 0.527287880417249 18.66479148
2 21119698 1.30379704301075 18.70401788
2 21149458 1.1904360944462 18.74281937
2 21177961 1.03000249500998 18.77675047
2 21210025 1.52005454459961 18.80977608
2 21231292 1.3609756097561 18.84210351
2 21254662 0.968956587966489 18.87390903
2 21287487 1.09062853615883 18.90571455
2 21316650 1.26575931232092 18.93752007
2 21341778 1.12127194528661 18.96932559
2 21370144 1.46019649251676 19.00113111
2 21391926 0.514993523316062 19.03293663
2 21453686 1.91803847679492 19.06474215
2 21473854 1.35300238311013 19.103425
2 21503647 1.93639813613873 19.1437349
2 21524464 0.600392092795295 19.18404479
2 21591795 1.24533111993834 19.22447
2 21625529 1.15847064881565 19.26648005
2 21656601 1.40945221034496 19.30247605
2 21682140 0.957249418495843 19.33847205
2 21719543 1.63846891700544 19.37427568
2 21741436 1.40716571236106 19.41014648
2 21765188 1.42192593830979 19.44356952
2 21789114 0.585962797106442 19.47759088
2 21847174 1.66908698425158 19.51161224
2 21867557 0.530982584952249 19.5456336
2 21944100 0.390751853159195 19.58627645
2 22051754 1.16725136873439 19.62834227
2 22089380 1.82039343499011 19.67226078
2 22115153 0.352211220131074 19.71917784
2 22248360 1.19922165040838 19.7660949
2 22287417 1.48185551740389 19.81293271
2 22317123 1.02797627387791 19.8569525
2 22359945 1.32303438326521 19.90097228
2 22393217 1.92434957220185 19.94499207
2 22416125 0.384224416822748 19.98907492
2 22533585 1.30406264447527 20.03420629
2 22568193 0.954544326109084 20.07933767
2 22608474 1.1968694414799 20.11778779
2 22650639 0.61585961144196 20.16825404
2 22732583 0.284269813898282 20.21872029
2 22911195 0.455902554382792 20.26949417
2 23026213 1.71730109459239 20.32193135
2 23056818 1.3218182173039 20.37448953
2 23108055 1.10426215603438 20.44221507
2 23169362 1.4471267074894 20.50991416
2 23220314 2.77537102588251 20.58364857
2 23251107 3.69046981918269 20.66911098
2 23277266 4.16955710955711 20.76564974
2 23298716 2.03927822837875 20.85508629
2 23342608 3.43685915761387 20.94459453
2 23368843 0.942465605026541 21.03476089
2 23461153 4.12478065899785 21.12175988
2 23481669 2.04617436643628 21.20638368
2 23522904 1.76278857242325 21.29075802
2 23568863 3.56627671738939 21.37177364
2 23591601 3.16807313642757 21.45286368
2 23617197 2.53263789118621 21.53395372
2 23649215 1.93207164582629 21.61504376
2 23678805 1.69181341643114 21.67221333
2 23720202 1.03884776836703 21.74224907
2 23787619 1.88359959120004 21.81228481
2 23824801 1.64141745570451 21.88232055
2 23867469 2.13128221146338 21.95235629
2 23899484 0.670779182477733 22.02058913
2 24001206 0.447819467958056 22.08882198
2 24153600 1.53835217421458 22.15706706
2 24182438 2.24831177557534 22.2014297
2 24212203 1.92606130378472 22.26835092
2 24246948 1.78067794806301 22.33527214
2 24284532 1.84178660869087 22.402197
2 24320869 1.16683816315298 22.46912186
2 24362658 1.28916718202432 22.51788259
2 24401466 1.62219269533655 22.56791298
2 24432323 4.55594143684031 22.61796941
2 24447008 2.14111844212414 22.68487346
2 24478230 2.71605090311987 22.75172391
2 24502590 3.01740820377109 22.81788713
2 24526774 2.4951978657181 22.89086005
2 24549264 1.17569294588423 22.94697717
2 24596995 2.42552731673582 23.00309428
2 24620131 1.63835688426953 23.05921139
2 24654383 1.36160656333567 23.11532851
2 24692900 1.40391840439749 23.16777341
2 24732559 1.85186670555637 23.2234518
2 24759987 1.45093398698335 23.27424448
2 24795480 1.09433756250955 23.32574245
2 24841273 2.34383662908889 23.37585585
2 24862917 1.4804451905739 23.42658602
2 24895083 0.948700973016351 23.4742064
2 24944928 0.179525329003266 23.52149443
2 25209743 1.81766392659147 23.56903524
2 25235898 0.742805018801891 23.61657604
2 25316475 0.431925855526893 23.67642855
2 25456418 0.554932876835751 23.73687306
2 25567408 1.25819396630747 23.79846528
2 25616499 1.90418368077943 23.86023146
2 25644417 2.3905677076748 23.91339211
2 25668144 0.618931267381804 23.97011283
2 25718484 0.744072708113804 24.00126945
2 25756444 1.28123965574313 24.02951441
2 25780612 1.08586944536333 24.06047979
2 25816888 0.161582143929207 24.09987031
2 26060077 1.36113272133188 24.13916535
2 26092212 0.91306741109167 24.18290496
2 26143079 2.2473024628635 24.22934987
2 26163746 2.12370427873419 24.27579478
2 26185645 1.32019704433498 24.32230174
2 26214674 1.69268978856213 24.36062551
2 26237423 1.74498331383002 24.3991325
2 26260496 1.41843138842774 24.43939457
2 26285193 1.16977509599561 24.47442561
2 26314361 0.47459479406171 24.50854525
2 26384819 1.23400250941029 24.54198392
2 26411917 0.490379821088136 24.57542258
2 26480107 1.22144874236554 24.60886124
2 26510561 1.07714136792726 24.64605897
2 26545095 0.267168621957626 24.6832567
2 26687870 0.804729858019873 24.72140207
2 26735271 0.485114013556994 24.75954745
2 26813902 1.36828947368421 24.79769282
2 26836702 1.66546120835142 24.82888939
2 26857441 0.935750381005856 24.8634294
2 26894842 1.20450946643718 24.89842719
2 26923892 1.55508644060264 24.93341827
2 26946393 12.6029250457038 24.96840935
2 26949128 0.751144720410712 25.00287811
2 27006784 0.909878772246582 25.0461857
2 27045554 1.49671443551206 25.08146152
2 27074164 0.734302484302484 25.1242823
2 27132772 0.663307215973714 25.16731803
2 27196076 1.87154573007666 25.20930766
2 27218512 0.737015779404279 25.2512973
2 27275485 0.83110662470558 25.29328693
2 27326008 1.09849574885546 25.33527657
2 27364233 1.10841843483782 25.3772662
2 27402031 1.15047133757962 25.41916174
2 27441281 2.95979646962749 25.46431821
2 27457200 1.54387471917537 25.51143557
2 27487468 0.466325379955892 25.55816539
2 27587677 2.16524947136366 25.60489521
2 27609904 1.53947284242851 25.65302233
2 27641166 1.29648743582815 25.70114945
2 27678176 1.51488235849948 25.7491322
2 27709925 0.651228311724736 25.79722863
2 27788366 1.9258541405389 25.84831166
2 27814679 1.99316387066358 25.89898631
2 27840132 2.43329831932773 25.94971855
2 27861076 1.34046731365797 26.00068163
2 27896213 0.981851235594996 26.04778208
2 27928667 0.906166585484656 26.07964721
2 27979992 1.55181830116844 26.12615618
2 28018077 1.83748911826887 26.18525728
2 28050241 1.03612539799167 26.24435839
2 28107403 1.073230443809 26.30358557
2 28158461 1.50803164708703 26.35838257
2 28196000 1.9648523578669 26.41499212
2 28223228 0.832025555934621 26.46849115
2 28287714 1.57715586113398 26.52214559
2 28329020 3.12804146470221 26.58729117
2 28349857 2.98528911564626 26.65247009
2 28373377 1.4070479853316 26.72268433
2 28418099 2.73474811907099 26.78561015
2 28442555 1.67190618762475 26.85249086
2 28482635 1.30624889927793 26.91950085
2 28545094 1.25234694414712 27.00108814
2 28602083 2.32164603546337 27.07245793
2 28631973 2.05914185254368 27.1418519
2 28668377 227.534722222222 27.21681297
2 28668665 1.54668891051485 27.28234271
2 28711823 2.12099644128114 27.34909513
2 28743295 0.446134347275032 27.41584755
2 28865590 1.43841330570168 27.47040709
2 28903228 1.65262545187182 27.52454589
2 28935870 1.90781875509264 27.57849057
2 28964097 0.989852744310576 27.63234265
2 29001447 0.998172189154989 27.66931336
2 29044121 0.791181541680389 27.71190958
2 29095740 1.59693438648628 27.75274997
2 29121314 1.68438160883528 27.79359036
2 29146848 1.38012983670318 27.8365995
2 29181815 1.51429288650413 27.88485838
2 29213684 1.92636435162006 27.93311726
2 29241646 1.53419955176033 27.98698179
2 29276895 1.54958594802143 28.04106125
2 29311794 0.766545575481593 28.09514072
2 29389972 2.47811946811576 28.155068
2 29414263 3.036674569944 28.21526413
2 29434086 0.793347039907217 28.27546027
2 29509962 0.926203333368697 28.33565641
2 29604221 0.772996520307063 28.4229599
2 29717162 3.12224268159784 28.51026339
2 29743773 1.72018648781286 28.59334891
2 29768225 1.43066336734348 28.63541102
2 29797726 1.63403830806065 28.67761743
2 29822786 1.65126535043083 28.71856674
2 29852264 1.30372359052177 28.7672424
2 29886532 1.56007961727835 28.8119188
2 29915169 0.794819334981942 28.8565952
2 29971378 0.831944979693475 28.9012716
2 30005111 0.969489177489178 28.92933608
2 30033986 1.27679410548476 28.95733056
2 30060587 0.837843938899897 28.99129453
2 30100456 0.95985391870944 29.02469892
2 30138517 1.64212005769871 29.06123221
2 30165554 0.974388236585098 29.10563
2 30211119 0.723309985339632 29.1500278
2 30272509 1.32494320220017 29.19443225
2 30305961 1.91285519858127 29.23875404
2 30330208 1.54320412576942 29.28513467
2 30360263 1.73352506162695 29.33151529
2 30384603 1.79508091170537 29.37370903
2 30407900 1.72006745362563 29.41552871
2 30432213 0.526753325272068 29.4573484
2 30511605 1.45145471180238 29.49916809
2 30538930 1.72151112215733 29.53882959
2 30563071 1.98883214814108 29.58038821
2 30584024 2.11695269987442 29.62206051
2 30607914 0.727565165962235 29.67263437
2 30677237 0.955724610117916 29.72307181
2 30729817 1.53614457831325 29.77332357
2 30763847 1.45600646185556 29.82559903
2 30799750 1.67424654901835 29.87787449
2 30830973 0.978558909763968 29.93014996
2 30892024 2.33521227256511 29.98989168
2 30920054 2.15911558582568 30.05534745
2 30950447 2.1903324265145 30.12096906
2 30980589 1.50431214132282 30.18698967
2 31011780 1.53989231522271 30.23391109
2 31042425 0.867287864586205 30.28110153
2 31096836 1.11098079136054 30.32829198
2 31142024 1.86720692907984 30.37849468
2 31165346 1.99579447796672 30.42204132
2 31187222 0.819762982755635 30.46570164
2 31227641 0.274878512571308 30.49883591
2 31364898 1.11687737600566 30.53656471
2 31398831 1.26011121577684 30.5744634
2 31431740 1.170175677516 30.61593238
2 31468455 1.41203940827333 30.6588951
2 31501646 1.07070730147126 30.70576233
2 31545418 1.99425556359304 30.75262957
2 31568919 2.15731627296588 30.7994968
2 31593303 1.75584564233935 30.85210053
2 31629997 0.892430985552116 30.91652963
2 31692013 0.773111328762651 30.97187433
2 31768588 1.04368158332604 31.03107514
2 31825683 1.4382618510158 31.0906643
2 31869983 3.05853980294348 31.15437893
2 31894240 1.23367920449633 31.22857023
2 31954378 1.76532670556876 31.30276152
2 31982140 2.30693069306931 31.35177029
2 32006380 1.06303402626057 31.40768985
2 32052609 0.973553124839521 31.45683242
2 32111028 1.08993695023093 31.51370679
2 32163209 1.44966034675048 31.57058117
2 32202661 1.1459026247245 31.62777277
2 32252571 2.80851998243303 31.68496436
2 32273064 0.53283279483785 31.74251902
2 32381081 1.18322106890459 31.80007367
2 32417305 1.46573765525598 31.84293484
2 32450315 0.369439130302754 31.89131887
2 32582039 2.33899294575529 31.93998242
2 32602594 2.14605040520082 31.98806062
2 32625052 1.39735482721767 32.03625695
2 32669964 0.493445497242839 32.0990154
2 32780041 2.44015080113101 32.15333212
2 32810810 1.14425570539419 32.22841265
2 32872506 0.409136185230384 32.29900896
2 33024101 0.610215139611876 32.36103203
2 33118040 1.9347093366691 32.41835485
2 33146819 0.527215113272525 32.47403424
2 33237706 1.69894341228195 32.52195137
2 33265910 1.29114305270363 32.5698685
2 33302435 1.55787663599019 32.61702752
2 33333838 0.950921322023984 32.66594916
2 33385123 0.554664335581728 32.7147174
2 33469776 0.346287471759725 32.7616717
2 33575122 0.504393527935816 32.79815134
2 33671969 2.34006018764383 32.84699991
2 33694565 0.264458150264376 32.89987582
2 33840002 1.80268091488564 32.93833744
2 33861338 1.85968475002418 32.97679906
2 33882020 1.32013042732109 33.01526067
2 33911155 1.32994467496542 33.05372229
2 33940075 0.968694074055403 33.09218391
2 33979748 1.15181320816766 33.13061521
2 34013197 0.495231848888306 33.16914211
2 34089432 1.39843501862386 33.20689651
2 34124065 1.69011725293132 33.2553284
2 34152721 0.683019346832873 33.3037603
2 34223637 2.15944989106754 33.35219721
2 34245669 1.7018985548314 33.39977444
2 34273901 0.601939314975821 33.44782291
2 34353723 1.1915821768414 33.49587137
2 34395444 1.35623090353557 33.54558497
2 34432100 1.46899192072742 33.59529856
2 34467623 2.09453457384637 33.64748203
2 34489012 0.9619307323986 33.69228155
2 34535585 2.32691009193372 33.73708106
2 34554838 2.06157102756431 33.78188058
2 34576569 1.98592170432187 33.82668009
2 34606047 0.392045835608826 33.88522104
2 34814793 0.988446399629544 33.96705887
2 34901173 1.15504173708199 34.05244093
2 34940227 0.640530775298338 34.09755029
2 35018829 0.354561174138585 34.14789777
2 35161095 0.729098211025922 34.19833962
2 35215875 0.674825751330286 34.23827921
2 35282590 0.426650930744059 34.28330054
2 35375795 0.540975190098241 34.32306649
2 35447863 0.325124672682089 34.36205346
2 35567777 1.92025808993745 34.40104042
2 35588080 0.890021891923033 34.44002739
2 35622796 0.304663326213243 34.47092586
2 35722982 1.20693268843208 34.50144869
2 35747792 0.673026791386449 34.53139314
2 35793441 0.734391368112298 34.56211594
2 35831625 0.494361829586299 34.59015835
2 35888381 0.454838823654116 34.61821593
2 35973288 0.339822308166668 34.65683507
2 36104639 2.00013753266401 34.70147151
2 36126452 1.8305788590604 34.74510038
2 36150292 0.312187479880679 34.7887411
2 36290083 0.782489235185565 34.83238183
2 36338853 0.296985202062225 34.8705437
2 36467452 0.895219052166647 34.90873585
2 36500960 0.578790977675729 34.9387324
2 36552787 0.163273244684663 34.96872895
2 36748165 0.788641425389755 35.0006293
2 36788575 0.415626589459682 35.03249795
2 36865252 0.332932868097198 35.06436661
2 36960974 0.350199163841064 35.09623527
2 37052105 0.316813874737487 35.1281494
2 37151624 0.438587988735346 35.15967858
2 37227969 1.29863481228669 35.19316283
2 37253753 0.711456739758627 35.22664708
2 37300817 0.191595322030105 35.26013134
2 37479527 0.740755279893225 35.29437174
2 37530475 1.07602001055833 35.33211222
2 37570254 1.16266485384092 35.37491518
2 37607029 1.18611296049712 35.41767266
2 37643077 0.339397954274809 35.46043015
2 37769878 1.23097203400271 35.50346585
2 37810463 0.449197913111317 35.55342454
2 37913008 0.230752146547091 35.5994877
2 38138137 0.71933589963721 35.65143676
2 38210355 1.97540983606557 35.70338581
2 38238415 0.76626047325932 35.75881618
2 38310384 2.60625866508219 35.81396268
2 38330580 0.58781618180803 35.86659867
2 38420125 2.36896349970746 35.91923466
2 38442344 0.97752808988764 35.97187065
2 38483106 0.469902367751362 36.0117165
2 38586453 0.265682743796666 36.06027996
2 38798597 0.806892606892607 36.11664268
2 38868527 1.66950430078922 36.17306899
2 38902358 1.48275228394414 36.22954985
2 38940450 1.49055435119232 36.28603072
2 38979198 2.92743402084719 36.34378638
2 39001743 1.82409956076135 36.4097849
2 39035893 1.33041122399613 36.47207821
2 39087568 2.81939260264676 36.54082678
2 39111144 2.3273719945403 36.60729673
2 39139717 1.71693156016867 36.67379698
2 39170547 0.683826884220132 36.72672988
2 39262601 1.70403181352862 36.7896785
2 39287999 1.48974560892937 36.83295785
2 39317206 0.77496378941934 36.87646911
2 39386937 0.481567711564427 36.93050848
2 39523952 3.33124630250444 36.99649044
2 39544236 1.18291649784522 37.06406109
2 39598534 1.45225668702924 37.12829157
2 39632256 1.50765015546594 37.17726441
2 39664739 0.541464940636685 37.22623725
2 39731868 0.622457054304461 37.26258493
2 39792526 0.517275865848312 37.30034176
2 39865518 1.65603931973381 37.33809859
2 39888509 1.82179457454208 37.37617246
2 39910074 0.292858740216176 37.41545915
2 40044224 0.27648010061989 37.45474583
2 40200058 1.87941753244044 37.4978309
2 40224025 2.09439733073822 37.54287441
2 40245604 1.41934775791784 37.58806927
2 40277494 0.378574733543847 37.63333233
2 40400685 1.71513386355999 37.67996955
2 40427466 0.528980027578844 37.72590206
2 40539871 0.372462312811461 37.78536216
2 40700204 1.04239626794573 37.84508049
2 40761082 0.332414499946057 37.90853983
2 40946462 0.833024670496789 37.97016268
2 41020437 1.53677033094961 38.03178553
2 41050502 1.16683082051671 38.07798843
2 41090099 1.12254438349501 38.12419132
2 41127106 1.27763719181549 38.1657334
2 41154768 1.90887066716362 38.20107495
2 41176232 1.24335664335664 38.24204695
2 41208407 0.47186279944799 38.28205205
2 41293188 1.79434850863422 38.32205715
2 41315483 1.08694470859938 38.36206225
2 41352288 1.75053453767945 38.40206735
2 41375205 1.18053675475252 38.44218474
2 41409187 0.952422781985233 38.48230214
2 41451308 1.45927758175403 38.52241954
2 41478799 0.810206182698461 38.56253693
2 41514738 2.10616737822129 38.59165498
2 41534179 1.6314447366324 38.6326005
2 41559277 0.853448275862069 38.67354603
2 41602429 0.50738721308592 38.71037372
2 41670655 1.62717049420483 38.74499097
2 41693864 1.42728538744653 38.78275573
2 41713970 1.37814445297177 38.81145232
2 41737424 1.54283660757068 38.84377549
2 41758294 0.821862967590586 38.87597436
2 41797511 1.34928025452993 38.90820534
2 41823284 0.61342401190673 38.94298061
2 41871660 1.67713663066136 38.97265534
2 41892768 0.948365231259968 39.00805652
2 41927880 0.34833430742256 39.04135534
2 42021985 1.11984148674501 39.07413533
2 42051257 1.4008547008547 39.10691532
2 42074657 0.607188866510624 39.13969531
2 42129770 0.352698145025295 39.17315966
2 42224650 1.39661453541858 39.20662401
2 42251825 1.13177325235203 39.24457671
2 42285413 1.45814525303681 39.28259064
2 42312662 1.55410961231355 39.32232397
2 42342093 0.405202596821133 39.36806251
2 42453768 0.262583415539952 39.41331368
2 42626098 1.3186175947781 39.45856486
2 42660415 1.1031046558086 39.50381604
2 42702964 0.52211630239105 39.55075188
2 42785731 0.391336421847797 39.59396558
2 42853509 0.940552095234585 39.6204894
2 42880642 0.793060867993856 39.64600937
2 42913845 1.3142114634968 39.67234121
2 42934624 1.65798901361357 39.69964949
2 42955559 0.52692576074755 39.73435901
2 43021481 0.373352823577463 39.76909457
2 43114519 0.206371273422926 39.80383013
2 43282837 1.01579763035545 39.83856569
2 43322843 2.04194400939702 39.87920347
2 43343275 1.23789829871229 39.92092422
2 43375192 1.65332292137602 39.96043421
2 43399523 0.102735212994177 40.00066142
2 43791083 0.641839161173973 40.04088863
2 43853742 0.269603341131989 40.08110582
2 44002913 0.507554223963535 40.12132301
2 44081015 1.14071537509712 40.16096419
2 44115766 1.15904951150853 40.20060537
2 44152000 0.253888344657422 40.24260263
2 44342891 0.938286750586729 40.29106762
2 44399135 0.208857227663995 40.34384079
2 44651810 0.836672757114986 40.39661396
2 44716392 0.399701115994312 40.45064845
2 44840855 8.98464106844741 40.50039643
2 44843850 0.441662803276155 40.52730554
2 44921502 0.71669449081803 40.5616017
2 44981402 0.731158988333475 40.60453143
2 45040117 0.48738504251258 40.64746117
2 45126562 0.56852482217586 40.68959342
2 45208525 0.658439885023293 40.73619133
2 45279148 0.245634062671164 40.78269238
2 45452593 2.12998700129987 40.82529686
2 45472595 0.926919478711137 40.86790134
2 45518558 1.91206259508802 40.91050582
2 45541563 0.588108671818595 40.95449315
2 45616357 0.390360939388102 40.99848047
2 45730559 0.249897366393539 41.04306096
2 45908376 0.184848712993868 41.0874973
2 46147458 1.86563018242123 41.13169152
2 46171578 0.197674418604651 41.1766905
2 46399220 1.41134542110104 41.22168948
2 46429664 1.51436224579706 41.26465651
2 46458037 1.17335263114776 41.30762354
2 46494656 0.631014090676791 41.35059057
2 46563141 1.13325116047311 41.39380552
2 46601272 0.31283799926156 41.43701737
2 46739401 0.990104821802935 41.48022921
2 46787101 0.627097939239431 41.52745733
2 46862413 1.76639030612245 41.57468545
2 46893773 0.626218092201949 41.63007943
2 46982231 1.78451990481703 41.6854734
2 47013329 0.961379670760387 41.74096801
2 47070734 1.83329935440027 41.79615591
2 47100164 1.56640187961513 41.85010955
2 47135916 1.07417116726456 41.90611183
2 47186650 0.981791133591193 41.96060863
2 47237065 2.52371468272348 42.01010555
2 47258655 0.624399802894698 42.06459232
2 47345918 0.174974557852394 42.11907908
2 47657409 2.3520814479638 42.1735819
2 47679509 0.56873858004092 42.22556271
2 47770906 0.193008317243428 42.27754353
2 48040226 0.613047985198987 42.32952434
2 48116437 1.98757818309058 42.37624532
2 48139300 1.07473629440424 42.42168726
2 48181582 0.65377504485134 42.46712919
2 48254601 1.25771946464327 42.51486681
2 48292557 1.08833845754125 42.56260442
2 48338743 0.388064541032965 42.61287003
2 48468273 0.154212890241508 42.66313563
2 48794225 1.59429530201342 42.71340124
2 48824025 1.01079318243584 42.76091098
2 48875539 0.442757049079963 42.8129812
2 48993143 0.0860238984316654 42.86505141
2 49662643 1.41429694022887 42.92264431
2 49703365 0.376287310991907 42.98023721
2 49810371 1.31905341917522 43.0205023
2 49839106 0.290543071876935 43.05840516
2 49969899 0.623979533640763 43.09640607
2 50031268 1.07581175797454 43.13469888
2 50066223 1.69619916718349 43.17230378
2 50088797 1.08612467355513 43.2105934
2 50124025 1.0373712328417 43.24885574
2 50163146 0.645884596456693 43.28943853
2 50228170 1.04073945581603 43.3314363
2 50268524 0.379703427080987 43.37343408
2 50406163 1.06245120999219 43.4256962
2 50456122 1.3338442981354 43.47877541
2 50495916 1.52269422929499 43.53185462
2 50533745 1.01536278162143 43.58945682
2 50590115 0.976860302802534 43.64669315
2 50645993 2.40528862772209 43.70127782
2 50669137 1.29535776614311 43.7569454
2 50712112 0.608194034742707 43.81261299
2 50803642 3.85966858489912 43.86828057
2 50818065 0.569953869810354 43.92394816
2 50915615 2.23260411741952 43.97954671
2 50938882 0.550415359837247 44.03149301
2 51033258 1.32021670943827 44.08343931
2 51064821 1.08157915228281 44.12510925
2 51103348 1.57150399758636 44.16677919
2 51129864 0.855851804261698 44.20844913
2 51176559 0.363845153187099 44.24841355
2 51288024 0.914710573013769 44.28896985
2 51332543 0.350965582353446 44.3296923
2 51449053 0.652739518393062 44.37058325
2 51524924 0.655633784177232 44.42010683
2 51600486 0.317011991451132 44.46964814
2 51756764 1.3293442095095 44.51918998
2 51794032 2.80856015379945 44.56873182
2 51813798 2.14034005474804 44.62424541
2 51839735 0.760913741153388 44.67975899
2 51882548 1.06530853428628 44.71233616
2 51918087 1.50345484870145 44.7501966
2 51943269 1.45950636328577 44.78805704
2 51969199 0.941102473142627 44.82590232
2 52008946 1.79053180795558 44.86330786
2 52029837 1.46915909895035 44.9007134
2 52055274 1.80884775656556 44.93808484
2 52075912 0.70690601980723 44.97541588
2 52128721 0.429470070194829 45.01274691
2 52213770 1.4627367746586 45.04927255
2 52238741 0.76859597345715 45.08579818
2 52291938 1.64555077071679 45.12668545
2 52316785 1.25829383886256 45.16757271
2 52349279 1.5014321386604 45.20845998
2 52376511 2.02926877666435 45.24934725
2 52396669 0.800250674893945 45.29025307
2 52448529 0.657243760293931 45.33175422
2 52511673 2.04488790342449 45.37325538
2 52531968 0.683255357053662 45.41475653
2 52592029 1.70137190699217 45.45579338
2 52616156 0.374996574247476 45.49684214
2 52725621 0.556227049147007 45.53789091
2 52799420 0.610237704053178 45.57893967
2 52865763 1.96977610135887 45.61942418
2 52886442 1.40100733529392 45.66015734
2 52916025 1.42744962975719 45.70160284
2 52945060 1.22047174533997 45.74304835
2 52979019 1.23028971740679 45.78449385
2 53012707 0.85530254546956 45.82593936
2 53061146 1.06111054195267 45.8673694
2 53100190 0.320119590632067 45.90879944
2 53230635 1.08567119939679 45.95055728
2 53269096 2.03558684069023 45.99231375
2 53289553 0.692972896133434 46.03395612
2 53331761 1.88649218675103 46.06320521
2 53352623 1.56366959354762 46.10256113
2 53377792 1.56140931271193 46.14191705
2 53401974 0.487005197920832 46.17967508
2 53479505 0.97952554956209 46.21743312
2 53513987 1.07215836526181 46.25120945
2 53545307 0.349922887749573 46.28478976
2 53641271 5.87712235252932 46.31837007
2 53646984 1.13103819982483 46.3519456
2 53676670 1.01242648167697 46.38552112
2 53709825 0.419658644862743 46.41908808
2 53789566 2.50355718864827 46.45255188
2 53802357 1.30643836741398 46.48457522
2 53826711 1.62669342699448 46.51639207
2 53846641 0.919976621289238 46.54881253
2 53887704 1.14942493762551 46.58658933
2 53920570 1.53946778597335 46.62436614
2 53945109 1.59385226311726 46.66214294
2 53972306 2.43335868428558 46.70549073
2 53993344 0.909451127418753 46.75668408
2 54049623 1.00445482376953 46.80786755
2 54100579 0.297370526303496 46.85905102
2 54271830 1.32740574001125 46.90997561
2 54307370 0.763753424179505 46.95715199
2 54364683 2.74092637400622 47.00092494
2 54382041 1.49829034042339 47.04850172
2 54421815 2.03862205801861 47.10809447
2 54451047 1.46459731131264 47.16768722
2 54491736 1.33709529044852 47.22727998
2 54536305 1.09111133582769 47.28687273
2 54565972 0.856789653860784 47.31924313
2 54608036 1.36282851200605 47.35528336
2 54634481 0.701614726303891 47.39132358
2 54696411 1.33760952980929 47.43477478
2 54731333 1.45140442455879 47.48148715
2 54763517 0.525599677484378 47.52819951
2 54832971 1.05889018611359 47.5647041
2 54862093 0.611675328281826 47.59554073
2 54912507 1.24735053798236 47.62637737
2 54937229 0.364437601532381 47.657214
2 55019715 0.467224175277867 47.68727546
2 55076037 1.32829373650108 47.71359037
2 55101502 1.04416666666667 47.74741562
2 55133902 1.088338426894 47.78124674
2 55164987 0.958939693597426 47.81507787
2 55198864 0.942249739740288 47.84756402
2 55235366 1.04356375737407 47.88195789
2 55268421 1.30214034955268 47.91645289
2 55294912 1.46470313230482 47.9509479
2 55318441 1.66352624495289 47.98541066
2 55339988 2.10873360267345 48.02125448
2 55360037 1.21582837258793 48.06353219
2 55394810 0.907599828252469 48.10580989
2 55441390 1.10323590814196 48.14808579
2 55479710 1.38487240803223 48.19036169
2 55510237 0.411343946686412 48.23263758
2 55577762 0.694542777038317 48.26041407
2 55613073 1.1131471785922 48.28493876
2 55633701 0.891348505575592 48.30790073
2 55657824 0.91263229771253 48.32940269
2 55687114 1.57380772142316 48.35613344
2 55708250 1.23084513296167 48.38939733
2 55728519 0.964696138316596 48.41434487
2 55757496 0.440612547855301 48.44229896
2 55821491 1.28837006327733 48.47049581
2 55844406 0.725138534027939 48.50001905
2 55904680 0.863504874825899 48.54372579
2 55960682 0.883215276763546 48.59208394
2 56015458 0.687797665590924 48.64046251
2 56085797 0.987879777183783 48.68884108
2 56134806 0.929558182949595 48.73725633
2 56158911 0.866674371123695 48.75966358
2 56184870 0.449708644546347 48.78216178
2 56234809 1.09673011684885 48.80461935
2 56256033 0.935654685494223 48.82789663
2 56280961 0.610359758379216 48.8512205
2 56318375 0.51706202935257 48.87405658
2 56362596 0.730534422842115 48.89692189
2 56394537 0.967957340507302 48.92025634
2 56415353 0.390147157305493 48.94040581
2 56473590 0.303279495765216 48.96312655
2 56554822 0.496356665395347 48.98776211
2 56604639 0.943174823022468 49.01248912
2 56630631 0.562199422891953 49.03700392
2 56674297 0.370137696224653 49.06155283
2 56740675 0.0839862444280362 49.08612173
2 57033211 0.22926573884211 49.11069063
2 57147816 0.382813862883061 49.13696603
2 57216604 1.03500654178766 49.16329911
2 57247941 0.926901839613195 49.19573309
2 57282894 0.396941194610952 49.22813068
2 57386660 0.67034079406141 49.26931958
2 57431115 1.03967357645087 49.29911959
2 57458564 0.919478374761539 49.32765748
2 57493685 0.733733031674208 49.35995012
2 57537885 1.00971387652168 49.39238105
2 57570004 0.995059834305001 49.42481198
2 57602594 0.174722616281859 49.45724116
2 57748511 0.294643062950926 49.48273591
2 57835277 0.207391553182649 49.50830135
2 57962828 0.389487595198845 49.53475451
2 58036227 1.07743218944872 49.56334234
2 58062366 0.501229528764282 49.59150537
2 58122145 0.736408769170271 49.62146876
2 58162833 0.497315683783452 49.65143214
2 58260437 1.74598949715848 49.69997253
2 58288239 1.85197054671703 49.74851425
2 58314450 1.6121504727419 49.79705598
2 58349247 1.38083902154638 49.85315413
2 58390414 1.04265532627781 49.90999901
2 58452493 0.843936838877817 49.97472609
2 58511200 0.578483447335906 50.02427126
2 58589707 0.300570498226293 50.06968613
2 58740803 1.2171035000268 50.11510099
2 58778117 2.32008411119089 50.16051586
2 58797615 1.67092675359214 50.20575275
2 58824688 1.69959254228917 50.25098964
2 58848985 0.790729543157642 50.29228447
2 58907364 0.495031229207358 50.33844661
2 59000546 1.92842809364548 50.38457466
2 59024466 0.608434807377341 50.4307027
2 59080638 0.27924982085643 50.46487924
2 59202049 1.63031352183112 50.49878294
2 59222845 1.27645796468506 50.53268664
2 59249406 0.695923477975286 50.56659034
2 59298124 1.03733423172338 50.60049405
2 59330775 1.48496743303283 50.63436381
2 59353958 1.53092898118913 50.66878945
2 59376445 0.983304894777343 50.7032151
2 59406334 1.75245561448006 50.73260544
2 59428019 1.5937421251575 50.7706071
2 59451829 1.08012568735271 50.8085542
2 59482381 0.819448238186288 50.84155408
2 59522652 0.857345114181589 50.87455396
2 59560793 0.311736914952021 50.90725357
2 59690120 0.364684351703164 50.94756932
2 59801589 1.21447376118879 50.98822061
2 59835775 1.83006797281088 51.02973888
2 59858284 0.745846944188514 51.07093179
2 59894101 1.1844049478617 51.09764573
2 59917788 0.852920312130527 51.12570038
2 59951620 0.555345446038677 51.15455588
2 60002916 1.03174556213018 51.18304306
2 60036716 0.474542297303091 51.21791655
2 60130008 1.26893723658731 51.26218782
2 60165124 0.526507752202718 51.30674796
2 60238329 0.936600894245723 51.34529101
2 60279481 0.222233113270101 51.38383406
2 60452916 0.262296579409149 51.42237712
2 60660921 1.81736052587224 51.47693588
2 60690586 1.7690145293746 51.53084768
2 60722246 0.815614567061778 51.58685472
2 60754895 0.627382712207267 51.61348324
2 60806307 0.815570558041923 51.64573857
2 60845856 0.313782905617059 51.67799389
2 60948650 1.39129695733469 51.71024922
2 60972182 0.78259830285646 51.74298964
2 61014017 1.67408089175231 51.77573006
2 61033574 0.68579288236186 51.80847048
2 61079741 0.417250922509225 51.84013141
2 61155621 0.798235887096774 51.87179235
2 61195301 0.418745898216097 51.90346627
2 61279106 1.64811691961776 51.9385594
2 61300454 1.14886530612245 51.97374385
2 61331079 0.48017031962224 52.0089283
2 61404353 0.409449551960898 52.04411275
2 61490283 0.496556396070904 52.0792972
2 61561139 0.0941592362304241 52.11448165
2 61935388 0.404530776295389 52.14972053
2 62036651 0.544654788418708 52.19068422
2 62117471 1.85993155025986 52.23470347
2 62141138 0.137278317384794 52.27872272
2 62461021 1.20373425727328 52.3226355
2 62497387 1.71043247344461 52.36641051
2 62523747 1.22639640122101 52.41149717
2 62561093 0.678945650399869 52.45729813
2 62622363 1.64137468434343 52.49889761
2 62647707 0.471430190389846 52.54049709
2 62735947 0.657000598341739 52.58209657
2 62782743 1.74764743912075 52.61284129
2 62810585 1.59140147320784 52.66149903
2 62852127 0.518939026362607 52.72760881
2 62944872 0.98519811485425 52.77573733
2 63002162 2.45080330004342 52.83217979
2 63025192 0.997796212351961 52.88862225
2 63081005 2.63832995617549 52.94431211
2 63102226 1.97297002724796 53.0002999
2 63129751 1.03921185069265 53.05460565
2 63185984 1.65513920752259 53.113044
2 63221291 1.9318347107438 53.17148234
2 63251541 0.51788242536165 53.22992069
2 63365256 0.419689006013133 53.28881121
2 63502622 1.05256227060043 53.34646267
2 63538313 1.10512626345768 53.38402933
2 63568686 0.677793086172345 53.41759528
2 63616590 0.833357459949817 53.450064
2 63658038 0.626659743342482 53.48460464
2 63711962 0.293396277188747 53.51839667
2 63842025 1.32338802590282 53.55655691
2 63867196 0.402676638456997 53.589868
2 63968816 0.843866017655309 53.63078771
2 64017300 1.73504092277681 53.67170178
2 64040881 1.53896643403124 53.71261585
2 64064953 0.687243326488706 53.74966231
2 64127289 1.79660306143846 53.79250251
2 64151134 0.80576731852834 53.83534271
2 64193372 1.69531322939035 53.86937667
2 64214794 2.04176627759809 53.9056937
2 64236127 0.139526350720618 53.9492504
2 64606781 0.896881536413767 54.00096642
2 64659371 0.872692051576972 54.04813387
2 64692409 1.80327070285317 54.07696627
2 64706779 0.972651170351105 54.10287931
2 64731387 317.6 54.1268148
2 64731462 0.442887164297652 54.15063484
2 64791895 0.71627408993576 54.17739946
2 64830189 0.360495222574159 54.20482834
2 64906276 0.896050439384535 54.23225722
2 64936887 1.23615304880797 54.2596861
2 64959076 0.726864497014027 54.28711497
2 65002278 0.439230703283514 54.31851681
2 65072264 1.34164625183733 54.34925674
2 65092674 0.587048832271762 54.37663998
2 65126586 0.922593628822461 54.39654759
2 65146959 1.40156237014876 54.41534318
2 65171025 0.908592084048473 54.44907337
2 65209479 0.874649859943978 54.4840119
2 65232327 0.774393594473664 54.50399578
2 65257805 0.197015191604483 54.52372563
2 65358716 0.0788026553024094 54.54360697
2 65602756 0.827981058975463 54.56283774
2 65625986 0.193331868395294 54.58207154
2 65726104 0.849208090203133 54.60142726
2 65748897 0.420343988881168 54.62078299
2 65794945 0.525378643938983 54.64013871
2 65831787 0.141117166572096 54.65949443
2 65983349 0.278905684181015 54.68088268
2 66068955 0.215797037264667 54.70475846
2 66179596 0.421460440720684 54.72863423
2 66238318 0.556223087963912 54.75338369
2 66287088 0.290025980135353 54.78051083
2 66380621 0.211518218465641 54.80763796
2 66508870 1.20938684591035 54.83476509
2 66534459 0.404176679552816 54.86571195
2 66611027 0.442594203105174 54.89665881
2 66681168 1.21786397634371 54.92770318
2 66704164 1.3420092763543 54.95570878
2 66726371 0.549274747958789 54.98551096
2 66780628 0.81147377138125 55.01531314
2 66815647 0.691144977857247 55.04373028
2 66863744 1.01564314084937 55.07697187
2 66896474 0.722495109758748 55.11021346
2 66942484 0.83634274458306 55.14345506
2 66985128 1.49597429743749 55.17911974
2 67010962 1.65866810461041 55.21776709
2 67036925 0.55131041303386 55.26083155
2 67113771 2.37113859191013 55.30319724
2 67134068 1.36036519871106 55.35132441
2 67169446 2.12443718548601 55.39945157
2 67192100 1.39267978664705 55.44757874
2 67224722 0.805174109110636 55.49301071
2 67254215 0.248828817422132 55.51675805
2 67348991 0.338947272506378 55.54034089
2 67414839 0.322897648601291 55.56266025
2 67496450 0.558837875092779 55.58901229
2 67543605 0.413180395699938 55.61536432
2 67619976 0.637101496093198 55.64691893
2 67669505 0.921414422138781 55.67847353
2 67703328 1.01096441431213 55.70963837
2 67734155 1.09150118579873 55.74080321
2 67762406 9.36277506112469 55.77163969
2 67765678 0.868166746960637 55.80227479
2 67800965 0.836473350808213 55.8329099
2 67837589 0.760551142005958 55.863545
2 67877869 1.44106787844362 55.8941801
2 67906037 0.665170012290045 55.9347719
2 67967062 0.615692257558028 55.9753637
2 68034573 1.58804414272385 56.01692927
2 68065654 0.692589782498735 56.06628729
2 68136826 5.25578915295551 56.1155801
2 68143390 0.944288929139909 56.15007912
2 68179828 10.2846488502175 56.18448721
2 68183046 1.23052928488469 56.21758286
2 68213181 0.277524566484804 56.25466527
2 68346798 0.752048349152267 56.29174768
2 68396106 1.1627173411294 56.32883009
2 68422102 0.89134012539185 56.35905628
2 68447622 0.888603135458869 56.38180345
2 68476007 1.09610462466253 56.4070269
2 68504528 1.04554023216589 56.43828874
2 68534765 0.0741517373376304 56.46990318
2 68961107 1.2700047604622 56.50151762
2 68984214 0.87530384821795 56.53086341
2 69015891 1.13584039981975 56.55859016
2 69040302 1.22751018239773 56.58631692
2 69062890 0.404264929305649 56.61404367
2 69135951 0.451955654101996 56.64357975
2 69192326 0.552557957970983 56.66905859
2 69238437 1.1450560331248 56.69453743
2 69260656 0.935127925306172 56.71997959
2 69285397 0.619747954431845 56.7431155
2 69323406 0.431518119490695 56.76667189
2 69374456 0.805454984310886 56.78870095
2 69395171 0.265224389440199 56.80538564
2 69474074 0.459893635724332 56.82631295
2 69519578 0.608252497466338 56.84724025
2 69554113 0.998658152878031 56.86824619
2 69575725 0.0846508344282549 56.88982942
2 69830690 0.218349512603685 56.91141266
2 69929788 0.93210670784011 56.93305045
2 69953104 0.213045840123689 56.95478338
2 70072759 0.592423890309087 56.98027578
2 70115789 0.34150066312109 57.00576818
2 70190436 0.87153520450478 57.03126058
2 70213345 1.53678593298924 57.05122668
2 70236207 1.82544836700019 57.08636061
2 70262692 1.39979566596763 57.13470718
2 70281289 0.709183534475713 57.16073896
2 70317996 0.797569471726775 57.18677075
2 70356177 0.847788527988943 57.21722253
2 70390905 0.217464238443408 57.24666439
2 70532188 0.396023357946045 57.27738851
2 70594351 1.49111297226875 57.30200617
2 70615843 0.710671042710782 57.33405362
2 70660937 0.328469943317422 57.36610107
2 70768201 0.3038647936289 57.40133378
2 70874054 0.562443169895782 57.43349866
2 70931242 0.375220185947762 57.46566355
2 71016965 1.33415260454879 57.49782843
2 71044225 0.396248751433539 57.53419783
2 71098287 0.443359891250991 57.55561947
2 71151253 0.533789335761398 57.57910236
2 71196282 0.734644496835836 57.60313799
2 71228518 0.84621047142901 57.62682041
2 71261121 1.11839649436014 57.65440937
2 71285767 0.69118810859168 57.68197339
2 71314830 0.544617943268964 57.70206114
2 71368945 0.505230094959825 57.73153303
2 71437395 0.610263106813249 57.76611628
2 71494064 1.75325728770596 57.80069953
2 71513789 0.111187753580655 57.83528278
2 71747196 0.508952560255731 57.86123446
2 71798187 0.275392593406996 57.88718615
2 71907333 0.656098741529526 57.91724374
2 71952785 0.267490499145561 57.94706489
2 72031199 0.225985984235908 57.96804023
2 72168473 1.27801563297851 57.99906175
2 72193932 0.992336152219873 58.03159906
2 72216636 0.44320228975503 58.05412864
2 72276031 0.602197240674502 58.08045268
2 72315171 1.12511337056661 58.10402232
2 72336120 0.585817595338432 58.12759195
2 72374562 1.02937062937063 58.15011213
2 72398872 0.161605724397143 58.17513647
2 72553718 0.72809799528645 58.20016081
2 72588087 0.185949439317257 58.22518514
2 72749319 0.640198001733656 58.25516625
2 72793157 0.858296278960917 58.28323076
2 72818795 0.664592487237447 58.30523565
2 72858168 0.84733589984148 58.33140261
2 72889079 0.223144828360934 58.35759413
2 72995902 1.07382113821138 58.38143106
2 73020502 0.361630183306638 58.4078475
2 73093549 0.715680414425184 58.43426393
2 73128682 0.463649279480414 58.45940753
2 73177952 0.376961373390558 58.48225138
2 73236202 0.387252654227364 58.50420892
2 73292904 0.9232256979482 58.52616647
2 73316688 0.0667775505844295 58.54812401
2 73644358 0.715498993236615 58.57000534
2 73683096 0.974441006890733 58.59772264
2 73711540 0.282696720893467 58.62543994
2 73809585 0.406610400934472 58.65315725
2 73870368 0.561123120084625 58.67787234
2 73913854 1.18240524099204 58.70227288
2 73935224 0.738808806760036 58.72754043
2 73969425 0.744599970531899 58.75280797
2 74003360 0.200458544557362 58.77807552
2 74129411 0.125855470552426 58.80334306
2 74387310 0.451200355866939 58.83580098
2 74459247 0.256960772671496 58.86825889
2 74585562 0.539041903332976 58.90071681
2 74632217 0.464168711453014 58.92586565
2 74707612 0.185677066785283 58.9608612
2 74896456 0.37624081474797 58.99592496
2 74989540 0.456874510827028 59.03094683
2 75066200 0.527974189268646 59.06597129
2 75132529 0.311975630386576 59.10099133
2 75307501 0.342485177400634 59.15557843
2 75466886 2.2355865608211 59.21016553
2 75491828 0.450371136185576 59.26592581
2 75615637 1.04409699466342 59.32168609
2 75669042 2.48688193743693 59.37744637
2 75692826 1.90779632368477 59.43659397
2 75716491 0.57668829178586 59.48174247
2 75794795 0.594008523439459 59.52689958
2 75850641 1.10756084930088 59.56007216
2 75889261 1.49004965836538 59.60284572
2 75916044 1.19745905403337 59.64275373
2 75942176 1.48803497468937 59.67404572
2 75963906 2.01552078788257 59.70638108
2 75979949 1.45587573165241 59.73871644
2 76002159 0.34157730706249 59.7710518
2 76096814 0.710765239948119 59.80338383
2 76142303 0.953830722482816 59.83571586
2 76176200 0.604312655208871 59.86804789
2 76216871 0.647083387707164 59.89262622
2 76255186 1.26673866090713 59.9174188
2 76276484 0.81127649977447 59.94439774
2 76309739 0.917031605390909 59.97137668
2 76339196 0.479463968761093 59.99838972
2 76395536 0.901721743960011 60.02540276
2 76431546 2.09231602076235 60.0578734
2 76462949 0.605840276686056 60.12357879
2 76564725 1.5670323488045 60.18523884
2 76582500 1.08406560176456 60.21309264
2 76610609 0.464703460265658 60.24356453
2 76676182 0.401194643624013 60.27403641
2 76753025 0.483918564678921 60.30486497
2 76816732 1.36158466566558 60.33569352
2 76839374 1.3536928075876 60.36652208
2 76862148 0.488907372158864 60.39735064
2 76924667 0.591926079460706 60.42791623
2 76976290 0.397332917414022 60.45847274
2 77053228 1.09678070848649 60.48904295
2 77077985 0.383705338436182 60.5161961
2 77149579 0.563360329297303 60.54366755
2 77186992 0.757151176732554 60.56474475
2 77216183 0.623623128691114 60.58684698
2 77252588 0.233393578782771 60.60954988
2 77351074 0.550222159198336 60.63253627
2 77393386 0.668066666666667 60.65581706
2 77423386 0.304618017563056 60.67585863
2 77494672 0.606513420663073 60.69757321
2 77530475 0.204513133482139 60.71928778
2 77636654 1.02545334340763 60.74100236
2 77657830 0.703502122007322 60.76271693
2 77688697 0.663600525624179 60.78443151
2 77721420 0.596582323690211 60.80614608
2 77757819 0.565520108074405 60.82786066
2 77796311 0.68562789379193 60.84962882
2 77828060 0.375730448837498 60.87139699
2 77884361 0.798686632089677 60.8925505
2 77908269 0.876078179482474 60.91164589
2 77930065 0.633207321925985 60.93074128
2 77960221 0.56011850635065 60.94983667
2 77994312 0.524199083097702 60.96893206
2 78030739 0.665247925090445 60.98802745
2 78058933 0.85211939484803 61.00678356
2 78080944 0.241202741202741 61.02553966
2 78158866 0.509250888929066 61.0443349
2 78192052 0.671380899412045 61.06123457
2 78217224 0.735881841876629 61.07813425
2 78240244 0.689832089552239 61.09507428
2 78263828 0.30347780225235 61.11134355
2 78328294 0.569051774287376 61.13090725
2 78362674 0.868006566396025 61.15047095
2 78385213 0.371995740797079 61.17003465
2 78437805 0.525928116347214 61.18959835
2 78475004 0.607219342623918 61.20916205
2 78507223 0.928612113157395 61.22872574
2 78528291 0.407897754519108 61.24828944
2 78576254 0.395760003236639 61.26785314
2 78625688 0.815880562158555 61.28741684
2 78649667 0.513409961685824 61.30698054
2 78687773 0.613329989341024 61.32654424
2 78719671 0.286996831357822 61.34610794
2 78787839 1.08075748902881 61.36567163
2 78808803 0.770258087510745 61.38832843
2 78856500 1.4234178653765 61.42506778
2 78887297 0.802443035001175 61.4689043
2 78925610 1.25678601165695 61.49964857
2 78949630 0.46306205102433 61.5298363
2 79017284 0.929518439500152 61.56116465
2 79043532 0.45393841046015 61.58556235
2 79097145 0.775290003411805 61.60989908
2 79120593 1.21142217245241 61.62807831
2 79156313 0.153071386962813 61.67135021
2 79475615 0.516642394309715 61.72022615
2 79522994 0.725970761394457 61.74470447
2 79553228 1.04598662207358 61.76665328
2 79575952 0.25418851384565 61.790422
2 79673600 0.921791995090424 61.81524319
2 79725743 1.32911254527136 61.86330869
2 79762466 0.374159483072974 61.91211725
2 79831025 0.672503617945007 61.93776889
2 79872485 0.551374448645243 61.96565042
2 79923269 0.758464705563682 61.9936511
2 79960187 0.88102215449537 62.02165179
2 79994311 0.532535383540101 62.05171607
2 80051541 1.06622126154451 62.08219325
2 80076986 0.294229288448816 62.10932294
2 80169193 1.15168304808167 62.13645263
2 80195544 0.850655903128153 62.16680105
2 80231220 0.511986503584985 62.19714947
2 80290495 1.40292159763314 62.22749788
2 80312127 0.151172347833884 62.2578463
2 80512878 0.494124161693226 62.28819472
2 80594143 1.25413829720782 62.32835004
2 80626161 0.794959613557174 62.36850535
2 80676673 0.377105989744746 62.40866067
2 80783155 0.80002083658905 62.44881599
2 80859943 0.194006025107668 62.51024769
2 81187572 0.0901939730631871 62.5738097
2 81701664 1.27777777777778 62.62017751
2 81737952 0.0869046949676694 62.66654532
2 82271502 0.635189608838459 62.71291312
2 82325086 0.538894639836393 62.74694885
2 82404300 2.27577680320985 62.78963711
2 82425734 0.938421489126428 62.83841605
2 82469142 0.25255595623328 62.87915155
2 82647451 2.18003582320763 62.92418501
2 82668108 0.154337827556189 62.96921846
2 82959890 0.245239637669491 63.01425192
2 83226939 0.332723679464317 63.07974272
2 83423772 0.527045872924376 63.14523353
2 83531330 0.498368157195249 63.20192173
2 83650214 0.771558796718323 63.26116926
2 83727004 1.04554616715871 63.32041679
2 83776119 0.812791106088603 63.37176854
2 83841602 0.379129522810697 63.42499232
2 83978906 0.138646725954172 63.47704869
2 84355489 0.832136733819117 63.52926079
2 84411481 0.476451170585547 63.57585348
2 84509936 0.381827205426196 63.62276204
2 84630831 1.38022250438358 63.66892258
2 84663909 0.133577017646787 63.71457802
2 84967307 0.624510740592351 63.75510524
2 85032201 1.6875 63.79563245
2 85056217 1.22135495147972 63.83615967
2 85089399 1.03493628214623 63.87668688
2 85128556 1.50509521686517 63.91721142
2 85159958 1.57433130142234 63.96447423
2 85189979 0.420078215269754 64.01173703
2 85302489 0.858640360438922 64.05899983
2 85357533 0.169900172909005 64.10626264
2 85635714 0.677911534154535 64.15352544
2 85685722 1.16280904071586 64.18742632
2 85722489 0.762923320484582 64.23017928
2 85780601 0.494412971719154 64.27451434
2 85870273 1.28592975026829 64.3188494
2 85904750 0.276079159090343 64.36318446
2 86065338 0.184335150282937 64.40751953
2 86305851 0.602736035076117 64.45185459
2 86387502 1.09165520606894 64.50106843
2 86432584 1.34094438843628 64.55028228
2 86469285 1.21839449995054 64.59949613
2 86509721 0.905655050016134 64.64876357
2 86559305 1.05655135921688 64.69366963
2 86604662 0.675599453195237 64.74159142
2 86685861 2.47044949426226 64.79644982
2 86707908 2.22228569097066 64.85091535
2 86732417 0.434724983432737 64.90538088
2 86857664 0.112281743699515 64.95982869
2 87342587 0.558561331158506 65.01427649
2 87440066 1.88721361477938 65.06872429
2 87468917 0.758594907244128 65.12317209
2 87539802 0.268262687169886 65.1769452
2 87757719 1.34704016420208 65.23540434
2 87800593 0.264258946588148 65.29315725
2 88019140 1.29778899393574 65.35091015
2 88045689 0.867338182412553 65.38536513
2 88094633 1.23745809648739 65.42781645
2 88128938 1.16017375150257 65.47026777
2 88165542 1.57272357272357 65.51273514
2 88192569 0.475304431448412 65.55524084
2 88281998 0.200081015155118 65.59774653
2 88509116 0.541232204923106 65.64318886
2 88593128 0.600140262808209 65.68865838
2 88674404 0.328069897372905 65.73743553
2 88825826 0.369039618894016 65.78711272
2 88959752 0.710993468941508 65.83653633
2 89029266 1.45272374684139 65.88595994
2 89063300 0.32128769811615 65.93540174
2 89217187 0.663740099342194 65.98484354
2 89291677 0.98837340303283 66.03428534
2 89336058 1.73829854522454 66.07815049
2 89361354 1.80857977213836 66.12212233
2 89385667 1.00075104121623 66.16609417
2 89429606 1.61102172164119 66.21006601
2 89464410 1.38644688644689 66.26613576
2 89515734 0.422798055265259 66.33729362
2 89669791 2.39176734109353 66.40242866
2 89697024 0.452100338719529 66.4675637
2 89841096 0.778652230835993 66.53269874
2 89909075 1.94377217120313 66.58563099
2 89939238 2.28398909232567 66.64426137
2 89964908 0.356305085207536 66.70289176
2 90111726 0.18579481638398 66.75520371
2 90393074 0.884918007026366 66.80747708
2 90482167 0.510036290445549 66.88631728
2 90646122 1.52296568806003 66.96994066
2 90701030 0.799180014526549 67.05356405
2 90805666 0.278926495065093 67.13718743
2 91105469 0.222403562809179 67.22081081
2 91480454 0.464577582201328 67.30420899
2 91626802 1.76043193864892 67.37219934
2 91662270 1.26522668133449 67.43463847
2 91709539 1.09680945408048 67.49444482
2 91758026 0.527534844980816 67.54762587
2 91870883 1.77809868940901 67.60716169
2 91907584 2.77681800774435 67.67241948
2 91931085 0.784652751058099 67.73767726
2 92014253 0.727991291763047 67.80293505
2 92095096 0.619688541655713 67.86178784
2 92190197 0.696539715035356 67.92072113
2 92275190 2.78645392073802 67.97992258
2 92296436 1.44466678054613 68.03912403
2 92337415 1.49520129312522 68.09832548
2 92377009 1.43145612943373 68.15752694
2 92409149 0.777304182940862 68.20353372
2 92470852 1.29387015539586 68.2514957
2 92503414 1.57982941792608 68.29362683
2 92530146 0.807853090474769 68.33585856
2 92583730 1.24069934078533 68.37914694
2 92618620 1.54805223387866 68.42243531
2 92645882 0.654926239280636 68.4646383
2 92715499 0.554691777072156 68.51023195
2 92797696 1.55239670560667 68.55582561
2 92826715 1.37189755458781 68.60087489
2 92859552 0.637017015787211 68.64592417
2 92940947 0.385326852582589 68.69777409
2 93076528 0.4660594639866 68.75001753
2 93172048 0.938208640674394 68.79453527
2 93219498 1.82077709611452 68.83905302
2 93243948 0.354982497268936 68.88357076
2 93369357 0.450324354040682 68.9280885
2 93460307 0.541551521241852 68.96904508
2 93535936 0.407194530816504 69.01000165
2 93631453 0.857139575484701 69.04889556
2 93674985 0.255034557879586 69.08620851
2 93829219 0.772969137992196 69.12554365
2 93888418 0.527240409151382 69.17130294
2 93980120 0.65726893846531 69.21965154
2 94053542 0.958736200989722 69.26790921
2 94106082 1.27462739441787 69.31828094
2 94145601 1.88353507138423 69.36865268
2 94171377 0.477163307702153 69.41720317
2 94272946 0.877151954523377 69.46566827
2 94328535 1.12332112332112 69.51442866
2 94371942 0.798951335408815 69.56318905
2 94432972 0.239844956664601 69.61194945
2 94636270 2.38369927465203 69.66070984
2 94656674 1.65581189601198 69.70934711
2 94686062 2.2748959259086 69.75800765
2 94707441 0.830473165650667 69.80664285
2 94766004 1.05717332636894 69.85527805
2 94811952 0.275250359311976 69.90385295
2 94984504 1.05485841199334 69.9513481
2 95029529 0.992010984895768 69.99884325
2 95077595 1.34734366719661 70.04652545
2 95107787 1.15828587699317 70.08720453
2 95142907 0.306255505281306 70.12788361
2 95275734 1.52184850461194 70.16856269
2 95318666 0.648015140324963 70.23389887
2 95426986 2.91672538312489 70.30409138
2 95449694 0.482818195072168 70.37032404
2 95586874 0.148674544011832 70.43655669
2 95957388 2.47578021172265 70.49164305
2 95979209 0.636482522178631 70.5456668
2 96064088 0.719025753643442 70.59969056
2 96139223 1.29421894807338 70.65371431
2 96181032 0.487605216908704 70.70782427
2 96267520 1.89810738608571 70.74999584
2 96294097 0.443747647368817 70.80044159
2 96426927 2.00526498495719 70.85938419
2 96461495 1.82161721809056 70.92870252
2 96499548 2.80806389282494 70.99802085
2 96522837 1.70201746461909 71.06341768
2 96572652 3.67516254876463 71.14820345
2 96595722 1.42646282873726 71.23298921
2 96667740 2.96773168477005 71.33572063
2 96702356 2.94112163584423 71.43845204
2 96735611 0.627707850854019 71.53625941
2 96938124 1.56361623368635 71.66337881
2 97027543 0.414615927293854 71.80319602
2 97364901 1.96097271648873 71.94306974
2 97398621 1.9745937080662 72.00919328
2 97432156 0.941551665858354 72.07541088
2 97500199 0.917929908015016 72.13947698
2 97569993 1.01966079723453 72.20354308
2 97644049 1.12507851054284 72.27905491
2 97710919 3.59833556533384 72.35428918
2 97731827 2.96904783794551 72.42952345
2 97764458 5.01537874936451 72.52640627
2 97788062 2.11594812057163 72.64478967
2 97838024 0.60127090263978 72.7505062
2 98018683 2.19105120072497 72.8591314
2 98062823 2.04063942715367 72.95584465
2 98094664 0.944986893263665 73.02082034
2 98151505 0.652345111157572 73.07453386
2 98237599 0.653204165155675 73.13069642
2 98334114 1.08788459215544 73.19374063
2 98392065 0.543660854417827 73.25678483
2 98508027 0.180700545506747 73.31982903
2 98856327 0.593782725600264 73.38276697
2 98962322 0.397488175980249 73.4457049
2 99106520 1.1778837261873 73.50302173
2 99155181 0.242083048409536 73.56033856
2 99409635 1.77816969329549 73.62193779
2 99445924 1.526422860387 73.68646624
2 99488198 0.278174744443879 73.75099469
2 99724154 2.28963616702131 73.81663119
2 99752821 1.1584346848888 73.8822677
2 99807992 0.614999852014088 73.94617945
2 99909353 3.07988776365865 74.00851669
2 99940359 0.237595233345625 74.1040112
2 100436640 0.778080877509523 74.2219251
2 100576308 0.651923053612771 74.33059847
2 100741306 1.15447811447811 74.43816446
2 100793281 0.594652448813747 74.49816879
2 100894187 0.326069709056526 74.55817313
2 101078209 1.39292117825125 74.61817746
2 101121154 0.301738226867358 74.67799613
2 101319402 0.52316722212017 74.73781479
2 101433723 0.854768404053108 74.79762371
2 101503694 1.45139293341099 74.85743264
2 101544902 0.393729257526672 74.91724156
2 101696463 0.15033684496089 74.97691531
2 102094569 2.62143576715869 75.03676509
2 102117400 0.683503915334404 75.09661487
2 102206409 1.24002282825812 75.15745298
2 102255471 1.15188046045971 75.2182911
2 102308809 0.774232592962316 75.27973019
2 102388949 1.47442634014655 75.34177749
2 102430437 2.12653144967466 75.40294805
2 102464555 0.544897052065362 75.47550055
2 102597292 0.771243642102345 75.5478288
2 102691073 0.979550628794449 75.62015706
2 102764865 1.06483170530776 75.69243984
2 102832841 0.605056864843342 75.76482238
2 102953390 3.94511271074067 75.83776105
2 102974506 2.27218176363091 75.92106591
2 103011169 1.31501681163081 76.00437077
2 103074518 0.729620076072225 76.08767563
2 103188883 3.48434107232337 76.17111847
2 103212831 0.632527289266222 76.25456131
2 103344751 3.21220751231527 76.33800415
2 103370735 3.27716046959048 76.42147045
2 103396204 1.10547247245975 76.50493675
2 103474907 4.49963433282362 76.59194106
2 103504989 2.38440670800451 76.72729875
2 103561757 1.06977263661747 76.86265644
2 103624432 0.961409834587822 76.92970479
2 103735367 2.60893062382315 77.03635926
2 103776260 2.05029307197079 77.14304626
2 103828295 1.520614991754 77.24973326
2 103884686 1.07742261567444 77.33548188
2 103949977 1.77520360051436 77.40582814
2 103996637 2.74759621969593 77.48865911
2 104033142 1.02077356092246 77.58895982
2 104115747 2.72925300885249 77.67328077
2 104145908 0.911018243715084 77.75559807
2 104237556 2.10888838372357 77.83909154
2 104277147 2.00735702052729 77.922585
2 104318604 1.04957678355502 78.0058039
2 104357473 0.805318713689551 78.04660018
2 104418578 1.35133873403817 78.09580909
2 104454993 1.84809634809635 78.145018
2 104478159 0.767236010191564 78.18783097
2 104531144 1.18591557513346 78.22848311
2 104565423 1.72153484729836 78.26913524
2 104590963 1.05822041445041 78.31310282
2 104632512 1.41342040081063 78.35707041
2 104663599 0.31412187704289 78.40100927
2 104804331 1.03449324877729 78.44521654
2 104847064 1.31061142123333 78.48942381
2 104885221 1.12997681763727 78.53943246
2 104949494 3.57891737891738 78.61205945
2 104970554 1.87256139779253 78.68743173
2 105019660 1.28050639623517 78.77938534
2 105095095 2.16304274805742 78.87598054
2 105139752 2.34058098370534 78.97257574
2 105179581 0.52106322351942 79.06579863
2 105342068 0.834106694251515 79.15046484
2 105443573 0.751784762919552 79.23513104
2 105556193 2.55718988794588 79.31979725
2 105589302 0.738000330455616 79.40446346
2 105686138 1.23866948917268 79.47592887
2 105743770 1.08494941325983 79.54731592
2 105804359 1.41127976126581 79.61305151
2 105850938 2.04472922952502 79.67878711
2 105883087 2.61186797473885 79.74452271
2 105908264 2.75034644815328 79.8102816
2 105941458 3.49389380192183 79.9015769
2 105967579 1.44953348042213 79.99284113
2 106005198 2.78197441102875 80.04737137
2 106026379 0.355284848622654 80.10629604
2 106202297 2.22634873742702 80.16879692
2 106230731 1.36786495779931 80.23210064
2 106262721 1.94848667999442 80.27585908
2 106284230 0.262196928546738 80.31776897
2 106446238 0.362205395818411 80.3602467
2 106563514 1.3328940349556 80.40272443
2 106595383 0.701489579548832 80.44520215
2 106655937 1.36725891592636 80.48767988
2 106687005 1.06866675287728 80.53015761
2 106710204 1.19771626605056 80.55494997
2 106732711 1.20991642974067 80.58190663
2 106755925 1.14378815685981 80.60999363
2 106782624 1.24732446384354 80.64053203
2 106806451 1.10475057616534 80.67025191
2 106833353 1.00276671840205 80.6999718
2 106862991 0.916005454996281 80.72969168
2 106895255 0.724558091642355 80.75924577
2 106936044 1.2319729329668 80.78879985
2 106959689 1.19648778091612 80.81792935
2 106984118 0.703431844435888 80.84715823
2 107025670 0.571615754683772 80.8763871
2 107076804 1.36063086260806 80.90561597
2 107098552 0.491022832868711 80.93520689
2 107158816 0.216474980429939 80.96479781
2 107308279 1.18869070208729 80.99715273
2 107334629 0.494940855616699 81.02847505
2 107396596 0.62598108271282 81.05914538
2 107456224 0.634623231773667 81.09647141
2 107515040 1.21972420103261 81.13379744
2 107545642 0.929257332071902 81.17112347
2 107587922 1.27280679020345 81.21041289
2 107618790 1.44892314500664 81.2497023
2 107645906 1.32239720034996 81.28899172
2 107675624 2.49866480162767 81.32829116
2 107691352 1.72309584468066 81.36759059
2 107714118 1.43282927898313 81.40681816
2 107741496 1.85958757999526 81.44604572
2 107762591 1.01838959043549 81.48527329
2 107804245 1.86993877147936 81.52769305
2 107824497 0.33829095643327 81.56556332
2 107940480 0.371109064846546 81.60479913
2 108045821 1.78457956724185 81.64389263
2 108067727 1.20110929853181 81.68298613
2 108098377 1.34449854901382 81.71979994
2 108118708 1.07652016383113 81.74713503
2 108144100 1.15342960288809 81.77447011
2 108165706 0.699756888168558 81.7993915
2 108207662 0.349838691093444 81.82875019
2 108277094 1.26939675391688 81.85304028
2 108298412 0.983929875821768 81.88010098
2 108328530 0.532152926176666 81.9097352
2 108384217 1.22313752149398 81.93936943
2 108409224 0.59299201868795 81.96995683
2 108460594 0.847885991037381 82.00041869
2 108496521 0.885497514607134 82.03088055
2 108530922 0.732422814273348 82.06134242
2 108572510 0.39354513624207 82.09180264
2 108649909 0.238421378084958 82.12226285
2 108777666 0.659000242267625 82.15272307
2 108839581 2.03889168375837 82.19352502
2 108865422 2.58901626494219 82.24621189
2 108885834 1.82309794830986 82.29905881
2 108914737 2.29333333333333 82.35175157
2 108939487 0.719510661838664 82.4085112
2 109019023 1.54426352236571 82.46573792
2 109056424 1.71353919239905 82.52349491
2 109090104 2.1571189279732 82.58120642
2 109116969 1.71452337867025 82.63915725
2 109151231 1.59014130258243 82.69789978
2 109188173 1.68738689569988 82.7566423
2 109222986 2.43381562629186 82.81538483
2 109247176 1.54944507123554 82.874259
2 109285289 2.80636932192232 82.93331326
2 109309593 1.03540091690196 83.00151933
2 109375467 1.68318444301861 83.06972539
2 109415989 1.36517124012076 83.13793145
2 109467992 1.77460317460317 83.20892459
2 109507997 2.24981777848202 83.27991774
2 109539552 1.57025945013382 83.35091088
2 109584763 2.23450731331794 83.42190402
2 109605547 3.27643883158199 83.46834628
2 109626293 0.552746933973667 83.53631974
2 109750395 0.648844884488449 83.60491665
2 109830690 1.74070794085286 83.65701541
2 109867953 1.3728636837572 83.72187961
2 109912071 2.55958323429205 83.78244787
2 109937313 1.82772366167925 83.84705655
2 109972936 1.62502907652943 83.91216533
2 110011627 1.1798017716941 83.97503887
2 110055314 0.298427160166101 84.02658076
2 110266270 0.798333227304536 84.08953612
2 110344865 1.40420919346175 84.15228095
2 110396989 Inf 84.22547379
2 110396989 1.87219224735009 84.28843727
2 110423122 2.30977333658299 84.3373637
2 110447740 1.1513323074431 84.39422583
2 110497128 0.913379633503473 84.45108796
2 110556883 2.65153518436903 84.50566649
2 110577304 2.12875873439585 84.559813
2 110602778 1.07423373916339 84.6140411
2 110644996 0.356468831048536 84.65939315
2 110817732 0.823283238849075 84.72096845
2 110892524 0.169486921131658 84.78254375
2 111094988 1.82360646851567 84.81685895
2 111117126 1.11049678164714 84.85722966
2 111153480 1.19546304819027 84.89760037
2 111187159 1.22652016406694 84.9378623
2 111220560 1.50420414907288 84.97882882
2 111247795 0.401322492163009 85.01979535
2 111349875 1.48260618873727 85.06076187
2 111370687 1.21208312055623 85.09161782
2 111396144 0.631743308167467 85.12247377
2 111454424 1.00179582063561 85.15929156
2 111491176 1.19418766825598 85.19610936
2 111522007 1.04274730907227 85.23292715
2 111551272 1.79094384004704 85.26344362
2 111571678 1.48295731212466 85.29998945
2 111596322 0.932200795837159 85.33653528
2 111635526 1.55939580133129 85.37308111
2 111658962 0.848839097256048 85.40962694
2 111702075 1.1479731410097 85.44622255
2 111734243 0.327309427484538 85.48315013
2 111850170 1.45875804487737 85.52109373
2 111878915 0.424644490252912 85.56302554
2 111974482 1.09276992631092 85.60360771
2 112002573 0.916299183476059 85.63430442
2 112037722 0.719713831478537 85.66651137
2 112088042 1.33533134772897 85.70272757
2 112114902 1.10350460808187 85.73859465
2 112147345 1.33560292467794 85.77439551
2 112173194 0.988801374767292 85.80891939
2 112208109 0.708722517603104 85.84344327
2 112256822 1.43405911085355 85.87796716
2 112280980 0.624227637581567 85.91261131
2 112350248 0.394541622183899 85.95584985
2 112459841 1.02861832714816 85.99908838
2 112501877 1.28183920313056 86.04232691
2 112535609 1.21675690879685 86.08556544
2 112564051 0.506648955581182 86.12017242
2 112632558 1.57670762558728 86.15488191
2 112654694 0.85251597541123 86.18978343
2 112695851 0.920084477296726 86.22487066
2 112743201 0.958431441586163 86.26843647
2 112788644 0.553789638456877 86.31199065
2 112867860 1.78860031801688 86.35585994
2 112892387 1.3043439479083 86.39972922
2 112926020 1.39200695568747 86.4435985
2 112959374 0.431924101198402 86.49002741
2 113061510 1.06710321438474 86.53414276
2 113108393 1.05617716601925 86.58417154
2 113155761 1.48716308551159 86.63420031
2 113190154 1.95183622093884 86.68534833
2 113217166 1.81642785319256 86.73807166
2 113248990 2.3770160295931 86.79587803
2 113269265 1.60490045941807 86.84407249
2 113299303 2.17762244236645 86.89228065
2 113320905 2.35412142385044 86.93932195
2 113342087 1.63323613249894 86.98918719
2 113372608 2.18828323547454 87.03903537
2 113395430 1.66368889479277 87.08897656
2 113425542 1.23407359024603 87.13907364
2 113471472 1.04164292933934 87.19575423
2 113525887 0.839089920338634 87.25243481
2 113559906 0.922383873794917 87.28098
2 113588431 0.838861694688517 87.30729079
2 113621322 1.03847470390908 87.33488168
2 113650536 0.96152994400329 87.36521972
2 113682145 0.779758438204239 87.39561233
2 113721638 1.0724360090545 87.42640685
2 113750353 1.190643742503 87.45720136
2 113775363 0.438608378012137 87.48697956
2 113843255 0.72049507130103 87.51675775
2 113884138 0.945686172292454 87.54621347
2 113914830 0.454481397970688 87.57523799
2 113978694 1.28423521083138 87.60426251
2 114001295 0.898078529657477 87.63328703
2 114033614 1.26835343471421 87.66231155
2 114056498 0.36165970967541 87.69133607
2 114136753 0.560977966756861 87.72036059
2 114188493 0.599822869513875 87.74938511
2 114239303 0.560177186339742 87.77986225
2 114293709 1.27405120633536 87.81033939
2 114323510 0.551756208855885 87.84830745
2 114392323 1.04974266161416 87.88627552
2 114427685 0.987786056412986 87.92339679
2 114465265 0.636167332179397 87.96051807
2 114523616 0.249333360200429 87.99763934
2 114672497 0.507138270694154 88.03476061
2 114745694 1.16966239968163 88.07188188
2 114775848 1.35929165115991 88.10715149
2 114808092 0.42058778450456 88.15098048
2 114912484 0.871625599942905 88.19488613
2 114968531 2.36093552465234 88.24373829
2 114989097 0.398060321858681 88.29229282
2 115111076 0.973899838125595 88.34084734
2 115170999 0.754366524772897 88.39920613
2 115262147 3.07000937625575 88.46796563
2 115284544 1.67656180770935 88.53672513
2 115329684 1.13870378014979 88.61240523
2 115397512 1.5129243903403 88.68964076
2 115448114 2.40900985452839 88.7661976
2 115480079 4.15386221294363 88.8432012
2 115504029 3.31523882742254 88.94268573
2 115533946 1.12552059100555 89.04186767
2 115622067 2.09220479704797 89.14104961
2 115665427 2.78925480119015 89.23176716
2 115695003 2.45981929236918 89.31426215
2 115730530 1.4015828544551 89.40165224
2 115779429 1.64607551157652 89.47018834
2 115821065 1.18212932628073 89.53872444
2 115875702 0.675783408677061 89.60331261
2 115986085 2.15915094919211 89.67790762
2 116018639 1.52546698642494 89.74819642
2 116064090 1.1705338774409 89.81753018
2 116123392 0.775367566035954 89.88694567
2 116186918 2.01485454920569 89.93620151
2 116211153 0.400661688542585 89.98503179
2 116340519 0.628321051100553 90.03686374
2 116423023 6.0767754318618 90.08870232
2 116430317 1.73976527848648 90.1330261
2 116455794 0.273892356176234 90.17734988
2 116617624 1.06015451218637 90.22167365
2 116659433 0.450693725007988 90.26599743
2 116762716 1.19900574401772 90.31254623
2 116801539 0.386696300473533 90.35909502
2 116922122 0.621985380428983 90.40572437
2 116997090 0.600050231798822 90.45235372
2 117092647 1.42439448515712 90.50969293
2 117132902 2.29947045707915 90.56703214
2 117168782 1.14507685916078 90.64953669
2 117240992 0.537531966767812 90.73222313
2 117316461 0.499851723429979 90.77279055
2 117404135 0.820298813340826 90.81661481
2 117464641 0.165972837657093 90.86624782
2 117770432 0.323213310802028 90.91700035
2 117962757 1.0702928058949 90.97916265
2 118014327 0.762067156348374 91.03435753
2 118086755 0.98093054666951 91.08955241
2 118143023 1.25056978449735 91.14474729
2 118187338 2.13810139983531 91.20016585
2 118212841 1.36105633627037 91.2546935
2 118252904 1.59517889009157 91.30922114
2 118287087 1.0588140871296 91.36374878
2 118349385 1.60087143107374 91.42971078
2 118395057 2.68243020141615 91.50282601
2 118422314 0.530320724161736 91.57594123
2 118577307 1.32169056219468 91.6581371
2 118640150 2.14417740145081 91.74119611
2 118678887 3.25870293711808 91.82425512
2 118704252 1.63597212982739 91.90691214
2 118732813 1.04755820827215 91.95363667
2 118785254 1.39194600160165 92.00857196
2 118820218 1.00666210238045 92.05724001
2 118858194 1.04201220680406 92.09546912
2 118894731 0.568824610419686 92.13354136
2 118961662 1.09336320036759 92.17161359
2 118996483 1.00525440287276 92.20968582
2 119034356 1.54653433127237 92.24775806
2 119058940 0.591686508862848 92.28577844
2 119123197 1.04261503866616 92.32379882
2 119159663 1.03731770478397 92.3618192
2 119196348 1.3219161427033 92.39987368
2 119225135 1.08910891089109 92.43792816
2 119260283 1.0279545637638 92.47620771
2 119297522 1.02462526766595 92.51448725
2 119334882 1.46000991647279 92.55276679
2 119361101 0.817554430271564 92.59104634
2 119407904 0.412120582360616 92.62931023
2 119494517 1.0327522559475 92.66500569
2 119543277 2.29909144866 92.71536309
2 119565180 0.572468548809063 92.76572048
2 119653094 0.606803787924483 92.81604837
2 119735989 0.635481469330069 92.86634962
2 119815236 1.18933471884373 92.91670999
2 119857579 0.455944663745337 92.96707035
2 119968031 0.362150522197897 93.01743072
2 120107346 2.14949727334697 93.06788369
2 120130818 1.21860248106269 93.11833666
2 120167254 1.72336848540425 93.16273776
2 120199969 0.602035259319374 93.21911729
2 120293618 0.738130656619722 93.27549683
2 120365547 1.63675319070226 93.32859003
2 120397985 1.65042953187251 93.38168324
2 120430113 1.9485172527836 93.43470823
2 120457326 1.62872578813273 93.48773323
2 120489903 0.94329140159475 93.54079243
2 120524642 1.18616426645624 93.5735612
2 120555056 0.82549768929968 93.60963764
2 120600064 0.746904042616978 93.64679131
2 120643427 1.38448382518831 93.67917939
2 120670908 0.254645835304294 93.71722625
2 120818890 0.66898240616913 93.75490933
2 120876467 1.60900464027424 93.79342714
2 120900388 1.79428465047007 93.83191659
2 120921874 0.576972658592157 93.87046826
2 120988586 1.41225463217758 93.90895944
2 121015841 0.27538060678817 93.94745062
2 121162449 1.53018422655298 93.98782356
2 121188721 0.882336157324086 94.02802434
2 121234283 0.499529195964537 94.06822512
2 121316058 0.0766403761455242 94.10907378
2 121867334 0.836920086478767 94.15132342
2 121917751 1.0389800443459 94.19351849
2 121940301 0.923008472936898 94.21694787
2 121966148 0.576091888148626 94.2408049
2 122008025 0.167284697805189 94.26492947
2 122164166 1.02867343104096 94.29104904
2 122190776 0.642046254163344 94.31842216
2 122233410 0.220299290069815 94.34579527
2 122369198 0.826821512512097 94.37570936
2 122405363 0.609560697176638 94.40561155
2 122454418 0.192671714440238 94.43551374
2 122609734 0.7621873567317 94.46543867
2 122648996 0.964740000574267 94.49536359
2 122683823 1.64646951160775 94.52896287
2 122704585 1.26543072824156 94.56314665
2 122731609 1.57420633092199 94.59734342
2 122753312 1.0055627501766 94.63150803
2 122787288 1.05631188118812 94.66567264
2 122819608 0.579528093702258 94.69981299
2 122878518 1.22693196284596 94.73395335
2 122920936 0.568306791401842 94.78599781
2 123018957 1.10924385924386 94.84170414
2 123070905 2.03216711956522 94.89932688
2 123100345 1.27525872186066 94.9591543
2 123147210 1.81536312849162 95.01891937
2 123172270 1.77312785084806 95.06441228
2 123194851 1.33562351999466 95.10445119
2 123224834 1.33018485038557 95.14449727
2 123251937 1.06776448288118 95.18054894
2 123285701 0.618291588480052 95.21660062
2 123346986 1.33436630629996 95.25449231
2 123375383 1.35818979351664 95.292384
2 123403424 0.882925698388779 95.3304695
2 123446559 0.645690228229559 95.36855499
2 123505228 1.1030221781832 95.4064368
2 123539541 1.54134514205542 95.44428451
2 123562349 1.24314455250869 95.47943957
2 123590830 1.28076276589579 95.51484545
2 123625336 1.0393908856791 95.55903987
2 123669991 1.06786708030831 95.60545363
2 123701258 0.555973210423472 95.63884281
2 123768299 0.492117636212778 95.67611569
2 123844228 0.340997822831789 95.71348147
2 123953085 0.640906108636348 95.75060126
2 124011003 0.37570244882891 95.78772105
2 124108519 1.14946196196196 95.82435799
2 124140487 0.682909604519774 95.86110401
2 124194295 0.827313033106025 95.89785004
2 124238728 0.892254666375398 95.93461043
2 124279927 0.964472994231778 95.97137082
2 124318067 1.62066537581412 96.00815601
2 124340791 0.215595363540569 96.04498439
2 124511611 0.614250450330242 96.08181276
2 124571567 1.72727272727273 96.11864113
2 124592874 0.520225629076029 96.15544446
2 124663255 0.257923323168419 96.1920581
2 124795081 1.34588132842497 96.22605943
2 124820344 1.57784583971414 96.26006077
2 124841893 0.474542916957432 96.2940621
2 124913543 0.38832690155961 96.32806343
2 125001129 0.690323819275566 96.36207568
2 125048007 1.52891429651328 96.39443709
2 125069173 1.35421050617898 96.4267985
2 125095310 1.01210078884889 96.46219319
2 125134481 0.712424525589419 96.50183815
2 125190129 1.55808911772676 96.54148311
2 125215960 1.42034867306606 96.58173036
2 125244296 1.51806729028364 96.62197761
2 125270808 0.368379670686329 96.66222487
2 125380187 0.329296573048183 96.70251789
2 125504379 1.08358887596489 96.74341387
2 125542207 1.29739858218044 96.78440357
2 125574228 1.23520863608055 96.82594747
2 125607947 0.727816027679726 96.86759752
2 125665173 2.54376772580878 96.90924757
2 125685976 2.15690772139735 96.96216592
2 125718237 1.82478911493562 97.03174974
2 125756528 2.89627772584346 97.10162277
2 125780062 1.27708020319096 97.16978416
2 125835970 0.271957038753545 97.24118347
2 126098346 0.57518488085456 97.31253834
2 126222480 3.00277567499369 97.38393795
2 126246258 2.61366132220514 97.45533757
2 126273576 0.76149786111052 97.52673719
2 126367550 0.850519655568056 97.59829797
2 126457321 1.05159082090793 97.6746501
2 126529485 2.18972183748846 97.75053665
2 126564141 1.96359355189277 97.82642319
2 126602788 0.774114215694734 97.90230974
2 126718674 1.14328894071437 97.99201855
2 126783850 2.04411078477121 98.06653328
2 126820281 1.21075486482957 98.14100253
2 126881537 1.39901533586102 98.21516889
2 126934550 3.00413089259679 98.28933524
2 126959242 1.21340756583781 98.3635134
2 127020491 2.03516074264746 98.43783314
2 127057009 0.702384887839433 98.51215287
2 127162884 3.25298829328404 98.58651808
2 127187229 2.52354853100503 98.66571249
2 127218611 3.89312751941795 98.7449069
2 127238953 3.52958397534669 98.8241013
2 127264913 1.48021065555232 98.91572907
2 127326815 1.64051306736133 99.00735684
2 127397449 1.30060385660089 99.12323327
2 127486543 2.18700998597012 99.2391097
2 127535011 6.20670861616212 99.34510924
2 127555194 1.98791757633759 99.4703792
2 127622068 3.76907676467223 99.60331956
2 127657032 1.73721296088204 99.73510125
2 127732675 4.40136933971967 99.86650914
2 127766706 2.1732605006364 100.0162918
2 127842130 7.87637336390561 100.1802076
2 127863064 6.22250735904597 100.3450917
2 127889562 2.69039290469635 100.5099759
2 127933873 2.59813935458862 100.6291894
2 127985468 6.40748113513263 100.7632399
2 128007069 4.27261001289858 100.9016479
2 128040406 4.42062956552351 101.044084
2 128074493 6.96457546790907 101.19477
2 128099391 1.46878929291736 101.368174
2 128217892 1.95156772737882 101.542227
2 128295010 5.91045688826767 101.692728
2 128317904 4.00544142466391 101.828042
2 128352270 5.33145236612702 101.9656931
2 128377966 2.69652593248696 102.1026906
2 128428771 4.06260691070818 102.239688
2 128458001 1.11047815682042 102.3584376
2 128564556 1.98615695453 102.4767645
2 128614545 1.24499680046174 102.5760501
2 128694244 2.83929912390488 102.6752756
2 128718214 1.02572748844761 102.7433338
2 128790277 0.753133087441159 102.8172511
2 128888423 2.59768054823405 102.8911683
2 128916878 1.81806203121833 102.9650856
2 128956342 1.85050537122295 103.0368336
2 129013033 2.4859447277903 103.1417408
2 129055188 3.96995870742887 103.2465359
2 129081585 1.82890299543741 103.3513309
2 129142077 3.68325731597696 103.4619645
2 129172114 1.46287799653572 103.5725981
2 129247743 2.50200314978034 103.6832345
2 129283936 2.09807473466639 103.7737899
2 129326995 4.4698258804907 103.8641309
2 129347211 1.08719972878729 103.9544929
2 129429803 4.06418032044899 104.0442871
2 129451897 3.76573014804845 104.1340814
2 129475673 1.37649319701745 104.2236151
2 129540718 1.08097728928028 104.3131487
2 129586027 1.53702151438949 104.362127
2 129618238 0.541128959070696 104.4116357
2 129728428 2.01961116379894 104.4712625
2 129757952 0.73502947893982 104.5308893
2 129852087 1.16591121297004 104.6000812
2 129910992 0.979618536115128 104.6687588
2 130012653 3.16877818882076 104.7683479
2 130052119 6.00738275082149 104.8934069
2 130075552 1.81784683570398 105.0341775
2 130153168 4.6052133629127 105.1752712
2 130183820 1.5503470283207 105.3164307
2 130246495 2.9630586086354 105.4135988
2 130278248 3.41004357750571 105.5076849
2 130307162 3.84588888888889 105.6062832
2 130334162 3.8789316398954 105.7101223
2 130360932 2.10827766836538 105.8139614
2 130410185 4.11683780676367 105.9178005
2 130435408 1.7686877165795 106.0216396
2 130481869 1.81463583016914 106.1038143
2 130528221 1.27584419791076 106.1879268
2 130589966 1.71020124611945 106.2667043
2 130636029 1.56223014830111 106.3454817
2 130662664 1.35556656210445 106.3870921
2 130699006 2.65764393790529 106.4363565
2 130719362 2.44746184701923 106.4904553
2 130741051 2.24049445865303 106.5435379
2 130764511 2.47674251497006 106.5961001
2 130785386 0.807295919153328 106.6478016
2 130850299 1.20910915761058 106.7002056
2 130893640 1.48554257852364 106.7526095
2 130928916 0.335404919323353 106.8050134
2 131085157 1.36685881217559 106.8574174
2 131123496 3.3845104724793 106.9098213
2 131144026 1.37201318048184 106.9793053
2 131194707 1.53059534249245 107.0488407
2 131235759 1.61259086621164 107.1116751
2 131271801 2.41311666181788 107.1697956
2 131295862 1.70829225862569 107.2278579
2 131330352 2.14779060872099 107.2867765
2 131357803 2.16553802794849 107.3457355
2 131383350 1.59390936068455 107.401059
2 131418059 0.540976294111299 107.4563824
2 131557054 0.294252540708072 107.5315757
2 131812593 1.51886640003232 107.606769
2 131862099 0.908200128070366 107.6819623
2 131944866 1.75076958955224 107.7571311
2 131987746 1.15188262709266 107.8322037
2 132052974 0.815863699525064 107.9073385
2 132149408 1.37713695777704 107.9860154
2 132206557 3.11140465116279 108.0647171
2 132233432 1.1498604254617 108.1483366
2 132306153 1.82416719387421 108.2319561
2 132351992 1.53517661746346 108.3155736
2 132406460 3.37343647136274 108.3991911
2 132430764 2.66792501952617 108.4811792
2 132461492 1.95193738631979 108.5631592
2 132497778 0.592035718050264 108.6339874
2 132630596 2.64800835207196 108.71262
2 132655500 3.06925439821279 108.778566
2 132676986 1.44564693955139 108.844512
2 132716441 1.12140455734031 108.9015504
2 132767304 1.29908082531803 108.9585888
2 132818872 2.74609551137528 109.0255801
2 132843267 1.48971513709444 109.0925713
2 132888236 2.31482377332412 109.1595626
2 132917176 1.52159614119711 109.2265538
2 132958225 2.70999652898299 109.2890137
2 132981273 2.03856937923839 109.3514736
2 133011945 3.16194647201946 109.4140005
2 133032495 2.44213920988981 109.4789781
2 133069705 2.17720063251713 109.5698502
2 133111443 0.768252679990531 109.6607222
2 133229727 1.89016083048597 109.7515943
2 133275676 3.13813412342824 109.8384449
2 133303352 3.50374323032813 109.9252955
2 133328464 3.05598550341651 110.0132814
2 133354953 2.32427985688543 110.0942316
2 133393244 1.24616354563503 110.1832305
2 133467792 0.882976102488298 110.2761295
2 133536795 1.57845851336317 110.3370577
2 133575446 1.16169928361077 110.3980662
2 133623325 1.515440013094 110.4536872
2 133659983 2.02131080449018 110.5092401
2 133694191 2.69916663686112 110.5783848
2 133722150 3.81745110297401 110.6538505
2 133744544 3.854590096849 110.7393388
2 133766537 2.62378468471249 110.824113
2 133798936 2.63870522984364 110.9091213
2 133830849 3.85869417056659 110.99333
2 133852858 2.11664712778429 111.078256
2 133878448 3.62842290912466 111.132421
2 133899994 1.137646341282 111.2105988
2 133967217 2.08656488965086 111.2870744
2 134003964 1.88800804732594 111.3637494
2 134045717 0.983850524786739 111.4425791
2 134115936 2.0967227584636 111.5116638
2 134151057 3.42889737381263 111.5853032
2 134172533 2.22921796590094 111.6589426
2 134204616 1.14756247303621 111.730463
2 134264882 1.58045202129848 111.7996218
2 134308641 2.65618158774052 111.8687807
2 134334678 2.08928313165887 111.9379395
2 134376164 4.59420150722412 112.0246157
2 134396997 3.66470115250603 112.1203271
2 134423114 3.88421266233766 112.2160385
2 134447754 2.94292918421943 112.3117456
2 134480275 3.42823983144663 112.4074528
2 134508278 5.00041406308816 112.5034533
2 134534844 6.00050488051161 112.6362942
2 134564554 6.15357832322118 112.8145694
2 134593562 7.71504516575183 112.9930722
2 134616699 2.13803440245989 113.1715751
2 134694426 4.45817106236135 113.3377585
2 134714711 2.84733142555497 113.4281927
2 134750704 4.77094064689777 113.5306767
2 134772253 3.41940091098587 113.6334853
2 134798159 18.8034387603481 113.7220681
2 134802870 1.79502204161602 113.810651
2 134857993 2.87141157005602 113.9095978
2 134892444 2.65916590466346 114.0085208
2 134917597 1.51765514655334 114.075407
2 134965600 0.931087367721487 114.1482593
2 135043844 2.53796658639374 114.2211116
2 135070420 2.4866046108164 114.288561
2 135100393 2.73796579229335 114.3630925
2 135125592 2.6948887873248 114.4320869
2 135151848 2.18575389208787 114.5028436
2 135179982 2.42674289001546 114.5643375
2 135207795 0.691532960390156 114.6318324
2 135305397 3.39018534119629 114.6993273
2 135329137 3.30314377775843 114.7798098
2 135352103 3.80258420870938 114.8556697
2 135372380 1.38114913721572 114.9327742
2 135431433 2.18797113501623 115.0143357
2 135468710 3.94105889235569 115.0958972
2 135489222 2.45218134686449 115.1767364
2 135525484 3.30328021100338 115.2656577
2 135552403 2.41038136173242 115.3545789
2 135588930 3.31805519282667 115.4426226
2 135611904 2.20649685589267 115.5188511
2 135646413 2.91523006585294 115.5949953
2 135670254 1.07884415133634 115.6644971
2 135727874 0.53611214953271 115.7266598
2 135808124 1.47841010503192 115.7696832
2 135837258 0.0512459098917694 115.8127553
2 135857123 0.0118141685936515 115.8137734
2 135880908 0.00652251608291637 115.8140548
2 135903292 0 115.8142009
2 136093517 0 115.8142009
2 136116191 0 115.8142009
