Chromosome Position(bp) Rate(cM/Mb) Map(cM)
17 0 0 0
17 133170 0.0101533926524374 0
17 169808 0.0313594910916184 0.00037226
17 210051 0.0167361593699328 0.00163471
17 296391 0.14294670846395 0.00308013
17 377736 0.206671988571909 0.01470862
17 401537 0.202253196825788 0.01962775
17 425858 0.13223022754101 0.02454689
17 474992 1.00092332945763 0.03104415
17 504234 0.084446794758799 0.06031361
17 589329 0.0393966927130656 0.06749991
17 671874 0.0486304754509195 0.07075201
17 785198 0.1258650222679 0.07626274
17 828983 0.16168402523104 0.08177346
17 863068 0.0411452889353442 0.08728419
17 997008 0.306803297634641 0.09279492
17 1022966 23.9159159159159 0.10075916
17 1023299 0.25971150402136 0.1087234
17 1054010 0.194973008622585 0.11669957
17 1094949 0.0819582918339477 0.12468113
17 1192340 0.0958916998929701 0.13266268
17 1277363 0.13372559946241 0.14081594
17 1338376 0.350487563898793 0.14897491
17 1361655 0.14729563835933 0.15713388
17 1417047 0.105277398843279 0.16529285
17 1505746 0.367686268700933 0.17463061
17 1532750 0.255408360128617 0.18455946
17 1571625 0.153553386127799 0.1944883
17 1630217 0.183873684905941 0.20348576
17 1690764 0.259825429424944 0.21461829
17 1733612 0.153690052182556 0.22575083
17 1806050 0.390978776197439 0.23688337
17 1828619 0.125279990650747 0.24570734
17 1931301 0.205177281209627 0.25857109
17 1993998 0.175800151274958 0.27143484
17 2090511 0.726016260162602 0.28840142
17 2113881 0.335339675964878 0.305368
17 2160234 0.158124961852251 0.32091229
17 2258536 0.608709273182957 0.33645658
17 2284072 0.195822520093729 0.35200086
17 2363450 0.651248533601475 0.36754515
17 2387318 0.413809976892755 0.38308944
17 2424103 0.603959245341495 0.39831116
17 2449916 1.01070559610706 0.41390159
17 2468411 0.268038428448523 0.43259467
17 2538151 0.390843612881861 0.45128776
17 2586467 0.208757394432227 0.47017202
17 2703785 0.530483088390409 0.49466349
17 2746448 0.854882571075402 0.51729599
17 2766673 0.439660669235674 0.53458615
17 2802744 0.195074442844266 0.55044534
17 2899261 0.827667672922956 0.56927357
17 2922118 0.632744764812628 0.58819164
17 2956835 1.1091183780886 0.6101582
17 2977354 0.793736049107143 0.63291591
17 3006026 1.07832577475435 0.65567361
17 3027194 0.368596398049346 0.67849982
17 3089327 0.854647908347949 0.70140208
17 3116124 1.11119189569095 0.72430433
17 3136755 0.331670250896057 0.74722893
17 3206505 0.632889229338221 0.77036277
17 3243058 1.15561987931119 0.79349661
17 3263441 0.429664279101496 0.81705173
17 3325010 0.234456253126942 0.84350592
17 3456928 0.586220621683093 0.87443489
17 3509688 1.59894867037724 0.90536387
17 3529092 0.918771654475999 0.93638966
17 3562861 0.672694158969689 0.96741545
17 3608983 0.984233734098912 0.99844124
17 3640506 0.78634093984787 1.02946702
17 3683364 0.775450492290544 1.0631682
17 3726428 0.724947898575894 1.09656262
17 3772492 1.14539530097753 1.12995704
17 3801647 1.100914790174 1.16335146
17 3832911 1.26722138360149 1.19777044
17 3860072 1.42240310718122 1.23218942
17 3884274 2.30637813211845 1.26661436
17 3899200 0.693269695505075 1.30103931
17 3948856 0.547793725322804 1.33546426
17 4023824 0.842348163189958 1.37653152
17 4072577 0.48055747334917 1.41759878
17 4158034 1.19439274080968 1.45866605
17 4192418 1.48622911924076 1.4997337
17 4223607 1.46631481893619 1.5460879
17 4255060 2.80708328296869 1.59220749
17 4271606 1.07255102322627 1.63865383
17 4307815 0.969593253968254 1.67748935
17 4348135 0.855601713900428 1.71658377
17 4394112 1.26857922587946 1.75592204
17 4424159 1.88985671191554 1.79403942
17 4450679 1.43230495259181 1.84415854
17 4492233 0.916642175439682 1.90367683
17 4556882 2.13053905471719 1.96293694
17 4583985 1.14818255250404 2.02068085
17 4633505 1.06622751456803 2.07753921
17 4672975 1.58711405166982 2.11962279
17 4698367 1.7454954954955 2.15992247
17 4721455 1.17170670318688 2.20022215
17 4748472 1.32335229173637 2.23187843
17 4772384 3.25120723312442 2.26352221
17 4782117 0.705173256382211 2.295166
17 4825088 0.489844644844887 2.32546779
17 4887075 1.41788218793829 2.35583221
17 4915595 1.22498561085699 2.39627007
17 4948606 2.01443467593539 2.43670794
17 4973061 1.7441317047265 2.48597112
17 5001306 0.46982374232807 2.5352343
17 5077558 0.928283368155095 2.57105977
17 5118720 0.692910658621507 2.60926967
17 5173577 1.03304796847398 2.6472802
17 5210372 1.26572541706903 2.68529074
17 5240403 1.52037918483261 2.72330128
17 5265404 0.496188577459833 2.76131181
17 5342147 1.45786316664687 2.79939096
17 5375823 2.3009913425739 2.84848641
17 5398116 2.93892466893408 2.89978283
17 5411935 0.79234055836276 2.94039631
17 5463192 0.976767200754006 2.98100979
17 5505632 1.59004368251875 3.02246371
17 5529898 1.50636995827538 3.06104751
17 5565848 1.24217818148454 3.11520115
17 5609444 0.717680662667809 3.16935478
17 5679464 0.919146421001141 3.21960666
17 5728528 0.567464861395981 3.26470411
17 5807999 1.15368960999136 3.30980157
17 5843870 0.908438129979841 3.35118584
17 5895955 1.76048860176728 3.3985019
17 5922889 0.621552537751678 3.4459187
17 5999177 1.14009352695053 3.4933355
17 6039807 1.18619241504699 3.53965766
17 6078858 0.996984545797211 3.58597982
17 6118653 0.929309981008651 3.62565489
17 6161304 2.50263596004439 3.66529076
17 6182928 2.53389195768187 3.7194074
17 6204290 0.630765950848903 3.77353597
17 6255886 1.40366022099448 3.80608131
17 6279054 0.855163553024516 3.83860111
17 6307852 0.888211534146159 3.86322793
17 6334590 1.04914604391774 3.88697696
17 6360411 0.865854827883786 3.91406694
17 6391698 0.268328720166271 3.94115693
17 6493219 0.610123030433844 3.96839771
17 6539549 1.01372261844116 3.9966646
17 6570957 0.569112521226204 4.02850408
17 6626902 0.963959321102178 4.06034356
17 6656008 1.76958852557958 4.08840028
17 6684175 2.00631627301612 4.13824447
17 6710298 0.733749950244796 4.19065539
17 6760544 1.00062680810029 4.22752303
17 6802024 0.311110777589338 4.26902895
17 6935282 0.726632197002892 4.3104874
17 6992337 0.294527491040962 4.35194585
17 7132419 1.33899255225434 4.39320401
17 7157393 1.62379243720673 4.42664381
17 7179131 1.75646894904459 4.46194133
17 7199227 0.500723465826879 4.49723885
17 7269721 0.797110450985687 4.53253636
17 7306751 1.3905425283378 4.56205315
17 7329865 1.11136507489978 4.59419385
17 7358303 1.17378898904092 4.62579883
17 7389145 1.53158184202733 4.66200062
17 7412782 0.495374931581828 4.69820241
17 7485862 0.759451236176144 4.73440419
17 7540749 1.35403605652103 4.77608785
17 7571534 0.6658998690054 4.8177715
17 7634132 0.925235062177737 4.85945515
17 7680290 1.28045666216013 4.90216188
17 7713575 0.754029333191798 4.94478179
17 7770098 0.398262083947552 4.9874017
17 7898988 1.76441635438224 5.03873321
17 7934746 2.47681859223492 5.1018254
17 7960219 1.21428846375919 5.16491758
17 8012177 2.17994609909474 5.22800977
17 8041119 0.881099349216546 5.29110195
17 8112725 0.881242267461478 5.35419414
17 8183853 0.446131437317928 5.41687486
17 8345877 0.846220645337369 5.48915844
17 8426486 2.46670556487492 5.55737154
17 8453908 0.83165711756461 5.62501341
17 8535242 1.53950451124072 5.69265527
17 8575364 2.20135802037031 5.75442299
17 8603935 1.651924561597 5.81731822
17 8631136 1.10788420804895 5.86225175
17 8673626 0.846137254197074 5.90932594
17 8729260 1.54971029760337 5.95640013
17 8759636 0.845377487249479 6.00347433
17 8815320 1.93346476096599 6.05054852
17 8839668 1.14184534782187 6.09762466
17 8880896 0.472342346861988 6.1447008
17 8980561 1.26489849377865 6.19177694
17 9014155 1.72684752104771 6.23426945
17 9038742 2.03935007668712 6.27672766
17 9059606 2.18727188608441 6.3192766
17 9079059 1.03266544775979 6.36182553
17 9132112 0.940607640079556 6.41661112
17 9190436 1.48678935261255 6.47147123
17 9220866 1.75639883833495 6.5167138
17 9246691 1.67340840348384 6.5620726
17 9274132 0.986120983128203 6.60799238
17 9327594 0.912450316897626 6.66071218
17 9392757 2.96628260761135 6.72017023
17 9412806 1.1001043068132 6.77964135
17 9478957 1.07490985698659 6.85241466
17 9553006 1.95459400590613 6.93201025
17 9600753 1.75169529004201 7.02533668
17 9655021 1.41937169647923 7.12039746
17 9721995 3.67374598885323 7.21545824
17 9745679 2.29457262140189 7.30246687
17 9768434 1.81280201947349 7.35467977
17 9796164 1.77367025976321 7.40494882
17 9824459 1.30237358101135 7.45513462
17 9862250 1.96698741109801 7.50435268
17 9888543 2.50498885982757 7.5560702
17 9909189 0.761074347995329 7.60778772
17 9986259 0.881910603913998 7.66644344
17 10050490 2.5074846175039 7.72308986
17 10072268 2.35054114413331 7.77769804
17 10095552 1.63258852659527 7.83242817
17 10129073 2.28406437625083 7.88715417
17 10153057 2.36614547339323 7.94193507
17 10176209 0.970406782359497 7.99671596
17 10226457 2.52887378090729 8.04547715
17 10251168 0.673002778555582 8.10796785
17 10344022 0.905367061615449 8.17045855
17 10402173 1.44381004666484 8.22310684
17 10438603 0.678524374176548 8.27570523
17 10516021 1.63751987281399 8.32823572
17 10548100 2.33238611135778 8.38076621
17 10570622 1.08865824684257 8.4332967
17 10618604 0.401727595502663 8.48553234
17 10740276 2.08353000674309 8.53441114
17 10764004 0.97497664619482 8.58384889
17 10814317 1.49048533835949 8.63290338
17 10841906 2.13835376532399 8.67402409
17 10861891 1.90224423325748 8.7167592
17 10884304 0.96298053033383 8.75939463
17 10928578 0.44694523649782 8.80203006
17 11023970 1.31673735324851 8.84466549
17 11056508 1.46490238315041 8.88750951
17 11085755 0.6989689376142 8.93035354
17 11147051 1.60795646462751 8.97319757
17 11173696 0.885773946122516 9.0160416
17 11222065 2.03766764957671 9.05888563
17 11243091 1.53392288138627 9.10172965
17 11271022 0.918551551143794 9.14457368
17 11317665 0.841167000431931 9.18741771
17 11368599 0.391052305147819 9.23026174
17 11489524 0.618590786613384 9.27754971
17 11566347 1.2167968249904 9.3250715
17 11605402 1.42158006521284 9.37259328
17 11638831 1.34665193119669 9.42011506
17 11674120 1.12098695539358 9.46763685
17 11716513 0.756857655579055 9.51515863
17 11778925 1.2352002511314 9.56239588
17 11817152 0.300019883231206 9.60961407
17 11983121 1.44084416968663 9.65940759
17 12030031 2.37683299926153 9.72699802
17 12058468 1.72248999056435 9.79458845
17 12097681 2.25914776908154 9.86213215
17 12127579 1.40515863958 9.92967585
17 12175770 1.99701897818837 9.99739218
17 12209651 0.567735385183383 10.06505362
17 12328828 2.76794365509099 10.13271506
17 12353391 2.01184673947846 10.2007043
17 12381500 2.55643958229736 10.25725537
17 12403621 1.23301500087214 10.31380643
17 12449485 1.72733362458133 10.37035749
17 12483820 1.41057360055287 10.42966548
17 12527230 3.19775804572301 10.49089864
17 12552119 1.56252944871996 10.57048799
17 12603055 1.57101123151931 10.65007734
17 12653716 1.40637002084934 10.72966669
17 12726620 2.87351038049317 10.83219628
17 12766647 1.13715430861723 10.94721386
17 12866447 2.94605356918305 11.06070233
17 12914161 1.33108594371425 11.20127039
17 13019765 0.748963242224317 11.34183845
17 13168305 2.74524367674275 11.45308983
17 13208830 1.40493668169135 11.56434121
17 13255420 2.85138728836096 11.62979771
17 13277982 0.366352438200805 11.6941305
17 13457151 1.30330648164481 11.75976952
17 13508172 0.602954357721577 11.82626554
17 13621970 1.10322379640561 11.89488101
17 13682954 2.37014725568942 11.96215967
17 13711340 2.2592766714799 12.02943833
17 13741119 2.47800280911603 12.096717
17 13763190 1.25774997700304 12.15140945
17 13806674 1.53017953673361 12.20610189
17 13842377 2.30058533709521 12.2607341
17 13866124 1.51549280146467 12.31536631
17 13902173 1.37457554644465 12.36999851
17 13941930 2.54287841421991 12.42464782
17 13963421 2.10682755696056 12.47929712
17 13989360 0.88846080540202 12.53394643
17 14062814 0.570129382267378 12.59920772
17 14177281 0.741523131030751 12.66446901
17 14265993 0.463404803224542 12.73025081
17 14355308 1.22485932958212 12.77163938
17 14392807 1.06343569241239 12.81757054
17 14439831 1.22542661208867 12.86757729
17 14477453 0.756081545392075 12.91368021
17 14542938 1.39873652917131 12.96319259
17 14577921 1.58340359296971 13.01212443
17 14608759 1.86869498660543 13.06095336
17 14634889 1.90366471734893 13.10978228
17 14660539 0.770258545896235 13.15861121
17 14723932 0.743188944019969 13.20744013
17 14789634 0.915336959262328 13.25626906
17 14845160 0.874107833863617 13.30709365
17 14903305 2.29935758233804 13.35791824
17 14925409 1.72262869088059 13.40874284
17 14971333 2.90358291357182 13.48785256
17 15006472 2.80368772498695 13.58988201
17 15042863 3.09639158035416 13.69191146
17 15066807 2.17067461965344 13.76605135
17 15093296 1.71192821735584 13.82355035
17 15125170 1.72877380914652 13.87811612
17 15156723 0.544917760946533 13.93266417
17 15245975 0.498515389257695 13.9812992
17 15328825 0.999385944962474 14.0226012
17 15372795 2.16582814445828 14.06654373
17 15392870 1.55268863833478 14.110023
17 15420542 1.19336740362182 14.15298946
17 15456546 0.878469464638443 14.19595593
17 15505653 0.294319515323527 14.23909501
17 15652225 1.39437359558759 14.2822341
17 15686492 1.60099282216408 14.33001541
17 15716306 0.850133088281893 14.37774735
17 15779422 3.09249049023379 14.43140423
17 15802819 1.01632182939334 14.50375885
17 15874012 0.330397536051563 14.57611348
17 16119147 3.1858302930446 14.65710504
17 16144638 0.796905752257279 14.73831469
17 16243208 3.84827552420145 14.81686613
17 16263620 0.616489257676082 14.89541758
17 16370999 2.28884586128207 14.96161568
17 16399921 0.962297063903281 15.02781378
17 16457821 1.74050356116456 15.0835307
17 16489833 0.837236793498338 15.13924762
17 16571043 0.899292910497355 15.20723927
17 16646281 1.78275762126841 15.27489997
17 16684234 0.450232155097712 15.34256067
17 16838872 2.29420943134535 15.41218415
17 16867712 0.746254418943943 15.47834898
17 16956817 0.423681528875228 15.54484419
17 17076539 1.86268119632006 15.59556855
17 17105996 2.43062815628599 15.65043784
17 17128570 1.6213980718103 15.70530713
17 17165807 1.20140044965418 15.76568302
17 17224074 0.821524086424822 15.8356849
17 17314187 8.41604278074866 15.90971467
17 17322602 0.796358974935624 15.98053517
17 17411533 1.10144950076208 16.05135568
17 17475831 0.484597383402671 16.12217618
17 17621975 3.37999331837923 16.19299669
17 17642928 3.35940654490821 16.26381719
17 17664227 0.849539319528823 16.33536966
17 17758544 1.3034464957683 16.41549613
17 17832155 2.02777014603631 16.51144394
17 17879472 1.64419726384812 16.60739174
17 17937729 3.71404875790773 16.70317791
17 17963653 1.6726811451567 16.79946048
17 18009376 1.54441197218583 16.8759406
17 18058991 2.35482483097726 16.95256705
17 18091531 0.798478720026505 17.02919349
17 18163970 2.74205935337063 17.08703441
17 18185064 1.72685062029939 17.14487534
17 18226415 1.7983931899461 17.2162821
17 18266121 0.542186769308248 17.28768886
17 18377317 1.07466351400509 17.34797763
17 18432297 2.80795258525366 17.40706222
17 18454906 1.63908396158215 17.47054712
17 18493638 1.1891248969806 17.53403202
17 18547026 2.68480927006682 17.59751692
17 18570672 2.1348824696506 17.66100182
17 18600409 2.12546069379536 17.72448671
17 18626728 1.98312535450936 17.78042635
17 18654936 1.30615184462411 17.83636598
17 18697980 0.556984347136913 17.89258751
17 18798920 0.750006670046157 17.94880905
17 18873882 2.69235517150163 18.00503058
17 18896564 1.20998613037448 18.06609856
17 18947034 5.52901765504753 18.12716654
17 18958079 2.71377149713372 18.18823452
17 18980582 2.78024129296608 18.2493025
17 19002547 2.51735563776741 18.31037048
17 19033632 2.02746398590528 18.38862244
17 19072228 1.40188371801529 18.4668744
17 19128075 2.93653651400923 18.54516557
17 19154736 1.37550314853686 18.62345674
17 19195231 2.78463426392602 18.67915775
17 19218048 2.36151740038908 18.74269459
17 19245806 0.941135087794863 18.8082452
17 19315457 0.58830421377184 18.87379582
17 19461407 3.4421768707483 18.95965906
17 19486397 3.76950043821209 19.04567942
17 19509217 1.43178199039007 19.13169977
17 19581434 2.61789828192112 19.23509877
17 19622410 2.92294824613326 19.34236964
17 19661267 1.06096194181597 19.45594688
17 19786181 0.709666373711664 19.58847569
17 19961407 2.22245982770208 19.71282761
17 19994141 2.62181058094277 19.78557801
17 20021889 0.694355285932747 19.85832841
17 20140903 2.25725359609138 19.94096632
17 20177540 3.96961551384822 20.02366522
17 20198373 1.39004948302751 20.10636411
17 20250310 2.45294237564556 20.17855874
17 20279742 1.5331555068056 20.25075337
17 20319856 0.558805357175308 20.31225483
17 20429914 1.73863510978705 20.3737563
17 20466166 0.69582256960544 20.43678546
17 20556748 2.99311425586475 20.49981463
17 20577806 1.24512291502017 20.5628438
17 20625888 0.822353483751951 20.62271162
17 20682264 1.39003929656364 20.66907264
17 20718145 2.22770110322033 20.71894912
17 20740534 0.936779234438977 20.7688256
17 20793776 0.201614661122997 20.81870208
17 21041506 0.391100453914013 20.86864805
17 21154523 2.22408523994383 20.91284898
17 21178737 1.53454503755519 20.96670312
17 21213619 0.393915532758836 21.02023148
17 21349506 1.64676756591205 21.07375984
17 21388687 1.59930174119949 21.13828213
17 21433656 0.524296693527573 21.2102012
17 21573140 5.62783817256089 21.2833323
17 21587674 1.15541208713587 21.3651274
17 21658460 2.36221586806458 21.44691469
17 21693083 2.13389441469013 21.52870197
17 21719223 1.10599336464303 21.58448183
17 21788850 0.30376763603812 21.66148853
17 22041316 2.08312787946707 21.73817917
17 22081471 3.64940447624449 21.82182732
17 22104392 1.02425943452672 21.90547547
17 22196315 1.43126222742656 21.9996289
17 22266342 0.772414802940859 22.09985567
17 22396100 0.882585193889542 22.20008244
17 22502475 1.79421534936999 22.29396788
17 22537395 2.9909299217109 22.3566216
17 22558343 0.680334010185356 22.41927531
17 22650436 0.164629422122619 22.48192903
17 22962786 1.42985846564525 22.53335111
17 22998749 1.08664512776485 22.5847732
17 23043010 0.82142242929285 22.63286878
17 23106971 0.330319747947008 22.68540755
17 23265033 1.99531874405328 22.73761876
17 23291308 1.27990138644796 22.79004531
17 23332276 1.41651133263095 22.84247991
17 23369293 0.0790666882212112 22.8949145
17 24018808 0.84608794503847 22.9462694
17 24079505 1.33857454057979 22.9976243
17 24115311 1.0793850863175 23.04555286
17 24159740 1.05791293116548 23.09350886
17 24212388 0.481638405866026 23.14920558
17 24328037 0.748845946078672 23.20490703
17 24409489 2.42790421531763 23.26590227
17 24434754 1.20976235085297 23.32724338
17 24485459 1.6339735222823 23.38858449
17 24523000 2.76139310855873 23.4499256
17 24547291 3.82022088124787 23.51700291
17 24564857 1.22990359590924 23.58410893
17 24619419 1.30227672917117 23.65121496
17 24684161 0.711487014173909 23.73552653
17 24804523 4.02618958059056 23.82116211
17 24825791 0.975851301454164 23.90679075
17 24913539 0.77219142106799 23.99241939
17 25016349 1.40597657352526 24.07180834
17 25073037 0.622915201250488 24.15150992
17 25200987 2.79685580938344 24.2312115
17 25229484 3.49492010920646 24.31091308
17 25251827 1.16364699861081 24.38900004
17 25320212 0.819952471925819 24.46857619
17 25427517 0.40702237732268 24.55656114
17 25590852 2.30085830968367 24.62304203
17 25619746 2.61189346095006 24.68952291
17 25645239 0.506230470383408 24.75610782
17 25776770 0.561720662048368 24.82269272
17 25897305 0.842512149346856 24.89040009
17 25977762 3.33017550857599 24.95818618
17 25997818 2.73784381139489 25.02497588
17 26022250 0.826534596761597 25.09186687
17 26099078 1.82833402575821 25.15536822
17 26135183 0.510209285573129 25.22138068
17 26292050 3.55221688034188 25.30141591
17 26314514 0.633747734571238 25.38121292
17 26440318 0.84478991862711 25.46094133
17 26535067 2.48231419614301 25.54098436
17 26566646 1.63275284293798 25.61937344
17 26603052 0.664036091666445 25.67881585
17 26678194 1.87295909918861 25.72871235
17 26708389 0.802082003715838 25.78526664
17 26778898 0.53936463429754 25.84182092
17 26883751 1.73653767564679 25.89837521
17 26915562 0.434438707449897 25.95361601
17 27043000 1.70036855036855 26.00898024
17 27075560 2.20890520268114 26.06434448
17 27100624 0.515877625194372 26.11970872
17 27207378 0.763165678570969 26.1747805
17 27285137 2.83199272239778 26.2341238
17 27306023 1.99396574973031 26.29327231
17 27335687 1.20193858264986 26.35242083
17 27393358 0.486958969667112 26.42173768
17 27535448 2.42910687918828 26.49092955
17 27561861 2.25570989455663 26.55508947
17 27587562 1.00541254316975 26.61306332
17 27656476 0.722052019507315 26.68234991
17 27752440 1.07119005658102 26.75164042
17 27817126 3.22574414343024 26.82093093
17 27837317 1.29130814068758 26.88606236
17 27887755 2.55169324493818 26.9511938
17 27921241 2.37285045024827 27.03663941
17 27956888 1.30232201047549 27.12122428
17 28015501 1.74051661849711 27.19755692
17 28059789 3.25708373801782 27.2746405
17 28083470 1.10537641019335 27.35177174
17 28148532 1.16943125483716 27.42368924
17 28196339 1.63289877501771 27.47959584
17 28234462 2.57579655650109 27.54184681
17 28254674 2.37660914817858 27.59390874
17 28276580 0.724650228563513 27.64597068
17 28334332 0.657446205223528 27.68782117
17 28397814 0.397508547250713 27.72955677
17 28503696 0.508881572048739 27.77164544
17 28599062 1.2979670612455 27.82017519
17 28637922 0.747070995162598 27.87061376
17 28709448 0.193437207695354 27.92404832
17 28946786 0.639264060213255 27.96995797
17 29018531 1.20346365783259 28.01582187
17 29056641 0.954834281665818 28.06168578
17 29101808 0.472386898992404 28.10481268
17 29190534 1.70147380354685 28.14672554
17 29215232 1.13820477390338 28.18874818
17 29252141 0.433880029744691 28.23075813
17 29348965 0.348206597337219 28.27276807
17 29469741 0.648847616916536 28.31482319
17 29514431 2.64792899408284 28.3438201
17 29524233 0.47186939113627 28.36977529
17 29582177 0.387268544814268 28.39711691
17 29652601 0.248262119668074 28.42438991
17 29762505 0.596432552954292 28.45167485
17 29808252 0.361592391635676 28.47895978
17 29890267 0.899075337274519 28.50861607
17 29923252 1.11137760455704 28.53827235
17 29949936 0.784166267860805 28.56792864
17 29993817 1.07941698589181 28.6023387
17 30025926 0.84880202996145 28.63699762
17 30066912 1.22212463992131 28.6717868
17 30095378 0.967527190898863 28.70657598
17 30127374 0.20316801324948 28.7375332
17 30306098 0.397642240425061 28.77384432
17 30396438 0.967368361001768 28.8097671
17 30431496 0.614282928904408 28.84368082
17 30487913 1.14478889873044 28.87833711
17 30521783 2.06780145901874 28.91711117
17 30542756 1.81532021766429 28.96047907
17 30566646 1.58156157689362 29.00384697
17 30594067 0.590426400914883 29.04721487
17 30667519 0.927815997535681 29.09058277
17 30716214 0.769021276595745 29.13576272
17 30774964 1.94498256489733 29.18094268
17 30798193 0.938124213176668 29.22612263
17 30845853 0.973039802185531 29.27083315
17 30883464 0.94496751718294 29.30742992
17 30925948 1.2905011748801 29.3475762
17 30957015 0.721992194464806 29.38766867
17 31007492 1.10474278239177 29.42411223
17 31040363 1.62609708042271 29.46042635
17 31062695 0.335935910007586 29.49674048
17 31170793 0.476267918737786 29.53305461
17 31247040 0.697925179931982 29.56936874
17 31284971 0.656515769412054 29.59584161
17 31333768 0.461804733727811 29.62787778
17 31401368 0.212260494716945 29.65909598
17 31548442 1.09356499807335 29.69031418
17 31576989 0.720105185458572 29.72153238
17 31620341 0.711030324525625 29.75275058
17 31665453 0.796574884135914 29.78482612
17 31705802 1.07104535306075 29.81696702
17 31735811 0.33200734685332 29.84910791
17 31840890 0.954640652557319 29.88399477
17 31877178 0.318084989165167 29.91863696
17 31986086 0.78640666500193 29.95327915
17 32030137 0.38320036194701 29.98792133
17 32120758 0.317227599449879 30.02264697
17 32236369 0.834272804034779 30.05932176
17 32280188 1.10541451228722 30.09587855
17 32314614 0.737142857142857 30.1339338
17 32366239 1.01202031752786 30.17198906
17 32403842 1.93415430036516 30.21004432
17 32429584 1.77627541919372 30.25983315
17 32457614 1.80872451695738 30.30962199
17 32489547 1.76899434472584 30.36737979
17 32522083 2.03227287172063 30.42493568
17 32550404 1.78826069013682 30.48249157
17 32581905 2.63083095663944 30.53882343
17 32602592 0.906181914946696 30.59324781
17 32662719 0.732340608536716 30.64773336
17 32737127 1.32023314724183 30.70222561
17 32777788 1.04056281978397 30.75590724
17 32812968 1.10149286081985 30.79251467
17 32849877 1.03847809027162 30.83316927
17 32889380 1.51965095041602 30.87419241
17 32918946 1.20890060808266 30.91912259
17 32956112 2.65591451292247 30.96405277
17 32976232 0.834206071728022 31.01748942
17 33039443 1.51395101978922 31.07022058
17 33065821 1.19321250675149 31.11015589
17 33099147 1.23041815714814 31.14992129
17 33131575 0.687879951366225 31.18982163
17 33194083 0.461248454882571 31.23281932
17 33274983 0.655265210608424 31.27013428
17 33351903 1.18810550880419 31.32053758
17 33394326 1.47032847846297 31.37094089
17 33433050 1.29341493748773 31.42787787
17 33463604 1.62149187592319 31.46739678
17 33487976 0.845977651239457 31.50691568
17 33534690 1.47904387688278 31.54643458
17 33562176 1.75818378378378 31.58708716
17 33585301 1.16191981519195 31.62774545
17 33618200 0.519306638501444 31.66597184
17 33714773 0.994803855459918 31.71612326
17 33765195 0.306766984753616 31.766283
17 33921232 0.960915327354406 31.81414959
17 33982893 1.8316742920737 31.87340096
17 34015241 2.91560869993111 31.93265233
17 34035563 0.686303475237626 31.9919037
17 34102580 0.685209463083249 32.037898
17 34169704 1.71501474257201 32.0838923
17 34196158 1.40088309763478 32.1292612
17 34228544 1.11385625431928 32.17463009
17 34263272 1.36951672862454 32.2133118
17 34291517 0.595405517687064 32.25199352
17 34356508 0.170480353712355 32.29068967
17 34596477 0.742967146722845 32.33159964
17 34651540 0.288430959991006 32.3725096
17 34776062 0.604273642866151 32.40842594
17 34831565 1.5981606785476 32.44196477
17 34852551 0.782662712407823 32.47550359
17 34902455 0.580234440616898 32.51456142
17 34984608 0.921387841886537 32.56222931
17 35036343 1.83479599692071 32.6098972
17 35062323 0.113850845140769 32.65756509
17 35480774 0.511087271361905 32.70520578
17 35573989 2.29131396691035 32.75284647
17 35594781 1.65959772627897 32.80048715
17 35617651 0.657264856239473 32.83844211
17 35685333 0.643786085862917 32.88292759
17 35755305 1.93293284702853 32.92797453
17 35778610 1.78374682555187 32.97302148
17 35799086 1.57934437786394 33.00954547
17 35827456 0.752843152077139 33.05435163
17 35886985 0.248998527655082 33.09916735
17 36066970 0.857497992121467 33.14398306
17 36119264 0.245149422970317 33.18882491
17 36317694 1.00997091815538 33.2374699
17 36370648 1.63295054356148 33.2909519
17 36403303 1.72770865733541 33.34427577
17 36434167 1.31476693506685 33.39759963
17 36474778 1.40028889083428 33.45099386
17 36520470 0.192561801308933 33.51497627
17 36874346 0.947682350328373 33.58311899
17 36937384 1.25629010469436 33.64285858
17 36984760 0.530397276632149 33.70237661
17 37096974 0.884910904037927 33.76189464
17 37164261 0.70230397135875 33.82143772
17 37263698 0.854760482966545 33.89127317
17 37332357 1.71401531955165 33.94996
17 37366170 1.35017734580128 34.00791616
17 37409588 2.47318904779986 34.06653796
17 37433291 1.83883312421581 34.12515976
17 37465171 1.50730227296102 34.18378156
17 37504063 2.02158649103464 34.24240336
17 37538529 0.133915821155994 34.31207961
17 38058826 0.105135845434433 34.38175587
17 38838094 1.38071787757933 34.46368475
17 38895764 2.32518217690602 34.54331079
17 38930483 2.55723940914158 34.62403903
17 38959187 0.580484773151026 34.69744177
17 39068599 1.34046078409422 34.76095344
17 39113262 2.50592273240969 34.82082232
17 39137153 0.901314808106207 34.88069119
17 39184080 1.14822456292757 34.92298719
17 39220916 0.749892918332381 34.9652832
17 39276948 0.334016979872174 35.0073011
17 39402744 1.87597106884543 35.049319
17 39425142 0.747824229804047 35.09133691
17 39481329 1.18323899636732 35.13335481
17 39516840 0.645993481335711 35.17537271
17 39581884 1.15057915057915 35.21739061
17 39618403 1.69508228090318 35.25940852
17 39639307 1.11216457182621 35.29484279
17 39685293 0.482069420075937 35.34598709
17 39793014 2.0713223340597 35.39791573
17 39821925 2.42757563083786 35.45779999
17 39843444 0.524734377813794 35.51003864
17 39954504 0.552488170682181 35.56831608
17 40060385 1.0990906358034 35.62681362
17 40113609 2.26142011322875 35.68531115
17 40136748 0.729218723971348 35.73763807
17 40208784 1.75268272074356 35.79016818
17 40244289 1.57993990556589 35.85239722
17 40279234 2.34807125464565 35.90760854
17 40302643 2.25686717306508 35.96257447
17 40326998 1.22228152101401 36.0175404
17 40371968 1.72832424006235 36.07250634
17 40404043 2.3343577653349 36.12794245
17 40427796 2.32828049548604 36.18339012
17 40451611 2.05644772465972 36.2388378
17 40478574 2.80336976320583 36.29428547
17 40500534 1.36035844327801 36.35584757
17 40542828 1.72796088944961 36.41338267
17 40580874 2.02077890142317 36.47912494
17 40613407 1.52221571612601 36.5448672
17 40656102 3.09422014854313 36.60985789
17 40677106 1.86521565495208 36.67484858
17 40712162 2.00172761301468 36.74023518
17 40736473 1.32835942596217 36.78889922
17 40773265 0.975058470983774 36.837772
17 40827993 0.951145798147523 36.89113529
17 40884242 0.618558727295851 36.9446358
17 40970735 1.578318787322 36.99813631
17 40996859 0.665132108161624 37.03936802
17 41077664 1.50330051465652 37.09311411
17 41113416 2.79170267934313 37.1468602
17 41133085 1.61287886959336 37.20176986
17 41160898 0.861295645000217 37.24662896
17 41206960 1.07077330031517 37.28630194
17 41242496 0.460482804232804 37.324353
17 41339264 0.66853705009527 37.36891304
17 41405917 0.506823920114642 37.41347308
17 41493843 1.48803665887563 37.45803643
17 41526359 1.01832224516326 37.50642134
17 41591744 2.0863684272163 37.57300406
17 41608822 0.500019446425099 37.60863539
17 41685957 1.44258677438659 37.64720432
17 41712693 1.67081095130827 37.68577324
17 41735777 0.534426138646787 37.72434217
17 41807946 1.48605224628188 37.7629111
17 41833900 1.42757385200351 37.80148002
17 41861252 0.69993181899738 37.84052654
17 41916986 0.384650268644945 37.87953647
17 42018421 0.676134197483797 37.91855337
17 42076127 1.26508058781702 37.95757027
17 42109879 1.27406457003043 38.00026941
17 42143393 0.38601274851478 38.04296855
17 42254151 0.628976303874875 38.08572259
17 42322179 1.53572458098258 38.12851092
17 42346462 0.755439878431246 38.16580279
17 42408320 1.90641318537859 38.21253271
17 42432832 2.09451057026115 38.25926262
17 42455348 1.90684133915575 38.3064231
17 42480080 2.31878282245149 38.35358359
17 42506929 0.460542562866459 38.41584037
17 42642176 0.873514477837244 38.47812764
17 42715046 2.79374499552541 38.5417803
17 42736277 1.28321398438007 38.60109429
17 42782500 1.47236699520099 38.66040829
17 42821258 1.66687699502635 38.71747401
17 42848200 0.362201485615659 38.76238323
17 42972189 0.415073053449232 38.80729245
17 43080329 0.824500890430218 38.85217824
17 43133674 1.01964145087321 38.89616099
17 43176848 1.04816781351937 38.94018339
17 43218847 1.29585608737552 38.9842058
17 43253090 1.45107539201886 39.02857972
17 43283637 0.9 39.07290557
17 43325577 5.22942643391521 39.11065144
17 43332795 0.678811639031759 39.14839731
17 43388401 1.11299168484991 39.18614317
17 43422315 0.770829929750041 39.22388904
17 43471283 1.70149657410746 39.26163491
17 43493467 0.796682074336731 39.29938077
17 43540846 0.705848496101003 39.33712664
17 43594706 1.70837204500877 39.37514327
17 43623767 0.905884499589454 39.42478989
17 43678572 1.55112715260147 39.4744365
17 43711265 1.89047919503205 39.52514798
17 43741378 2.30319213496784 39.58207558
17 43766095 0.822115835914766 39.63900318
17 43830013 0.705440045571063 39.69155114
17 43882678 1.13437757625721 39.7287033
17 43915429 1.3553125569528 39.76585545
17 43942864 1.45964512836618 39.8030381
17 43968338 1.1405700505744 39.84022075
17 43998195 0.942384325880009 39.87427496
17 44034331 0.93283295896565 39.90832918
17 44070837 0.85629510422691 39.94238339
17 44110606 0.850117329871686 39.97643761
17 44150664 0.887701371148532 40.01049182
17 44189026 0.513063186813187 40.04454604
17 44261826 1.02407747359459 40.08189726
17 44299413 1.98952015217313 40.12038924
17 44327276 1.37820098453583 40.17582306
17 44367498 0.91782668211014 40.23125687
17 44414983 1.0840733278611 40.27483971
17 44455186 1.15794468278603 40.31842254
17 44505767 1.53908816187098 40.37699294
17 44543822 1.48953984763792 40.43556334
17 44586221 0.60311496099128 40.49871815
17 44690813 1.79748674987177 40.56179952
17 44725907 2.14350776517739 40.6248809
17 44747864 1.56113175003317 40.67194561
17 44778012 1.34556023251153 40.71901033
17 44812935 1.35402851945308 40.76600145
17 44847017 0.704765300427854 40.81214988
17 44911525 0.727803925335382 40.85761244
17 44973991 0.730910844923225 40.903075
17 45036186 1.11985385613301 40.94853421
17 45073957 2.0368872194934 40.99083232
17 45094723 0.980126292953163 41.03313043
17 45146349 1.71866602356508 41.08373048
17 45175375 1.55450172197015 41.13361605
17 45211961 0.654749631403328 41.19048927
17 45302168 1.98778312523138 41.249552
17 45331881 0.805881726914754 41.30861472
17 45388259 1.12407755177613 41.3540492
17 45426066 1.01544224947183 41.39654767
17 45471979 2.26981857621771 41.44316932
17 45492263 1.84488700112197 41.48921044
17 45517219 2.19222153376865 41.53525155
17 45538200 1.40832912245242 41.58124693
17 45561948 0.576597453554359 41.61469211
17 45637897 0.372087822896565 41.65848408
17 45758640 1.18864045956296 41.7034107
17 45794152 0.375997906033242 41.74562162
17 45901126 0.483263246425568 41.78584365
17 45984356 0.24231726198724 41.82606568
17 46150345 1.24336434240847 41.86628772
17 46173779 1.7143112381633 41.89542501
17 46196167 1.16408856536245 41.93380461
17 46229137 1.42501763635689 41.97218421
17 46256070 2.4847229414811 42.01056381
17 46271518 0.651800534026124 42.04894756
17 46313089 1.15098950404615 42.07604404
17 46338051 0.405885698038101 42.10477488
17 46408391 1.02635046113307 42.13332493
17 46438751 0.722313057515988 42.16448455
17 46487068 0.928278906499309 42.19938477
17 46524672 0.933094202345519 42.23429169
17 46563981 0.467696307057114 42.27097077
17 46642455 1.4550617975281 42.30767303
17 46667456 1.06610354063043 42.34405067
17 46701433 0.801794920756158 42.38027379
17 46753803 1.31004476163646 42.42226341
17 46785750 2.08660692661661 42.46411581
17 46806395 1.49262992022586 42.50719383
17 46836856 0.7697269295231 42.5526608
17 46895925 1.52453767000072 42.59812776
17 46923719 0.927377278479608 42.64050042
17 46968760 1.28231104561921 42.68227063
17 47001334 0.945785310734463 42.72404084
17 47045584 0.971098105566804 42.76589224
17 47081637 1.39964080740249 42.8009029
17 47107250 0.702439502302342 42.83675229
17 47158285 0.987390714718527 42.87260169
17 47192942 0.523914575481815 42.90682142
17 47258216 2.94807675609968 42.94101895
17 47269733 0.619168725475948 42.97497197
17 47324781 0.513878209477287 43.00905587
17 47391108 0.414905995468185 43.04313977
17 47472753 0.770307025631569 43.07701506
17 47516137 0.698443458148403 43.11043404
17 47564128 0.644583758004654 43.14395332
17 47616129 0.67324803663607 43.17747259
17 47665916 1.04514982382838 43.21099187
17 47697987 0.782130856822849 43.24451114
17 47740843 1.26721106952478 43.27803041
17 47767294 1.04516073429286 43.31154969
17 47790500 0.51927103881521 43.33580393
17 47856402 1.30019576437088 43.37002465
17 47884497 0.622635766772468 43.40655356
17 47953494 0.521889737978491 43.44951383
17 48038945 2.14332745443857 43.49411018
17 48064460 0.641600997284182 43.54879762
17 48154304 1.33729019914775 43.60644212
17 48200300 0.568026613685718 43.66795168
17 48308515 0.315697748703141 43.72942068
17 48504180 1.20193462594372 43.79119192
17 48550804 0.478435217255041 43.84723057
17 48675243 1.44212116781206 43.90676701
17 48716277 1.48419650845835 43.96594278
17 48764336 1.9762685018297 44.03727183
17 48800954 0.329603635998576 44.10963913
17 49020096 0.617670255812359 44.18186922
17 49136744 2.11720682234285 44.25391927
17 49167877 1.32341723874905 44.31983471
17 49224250 0.894984865570657 44.39444015
17 49308495 0.738659475251419 44.46983833
17 49397490 2.07769630715905 44.53557559
17 49434995 1.05087430228251 44.61349971
17 49513286 0.780384198668891 44.69577339
17 49629580 1.74641111495978 44.78652716
17 49681546 3.85323999805552 44.87728093
17 49702117 0.904895576016169 44.95654622
17 49791177 0.383583216381582 45.03713671
17 50007078 1.39545385613426 45.119953
17 50066425 1.55758520365752 45.20276929
17 50114545 1.17671318275548 45.27772003
17 50156251 1.1985173966761 45.32679634
17 50206433 0.597932068538148 45.38694015
17 50321814 0.421209123989547 45.45593061
17 50485602 1.57810446119591 45.52491947
17 50522879 1.88983564704005 45.58374598
17 50554214 0.387138558157791 45.64296399
17 50707074 0.985851164176141 45.70214236
17 50767503 1.30694672308091 45.76171649
17 50813827 1.94709590274651 45.82225939
17 50844921 0.724441200402049 45.8828023
17 50928493 3.45898818934251 45.9433452
17 50949999 3.42431857048128 46.0177337
17 50978652 1.2480507224467 46.11585034
17 51087795 2.42155862036224 46.25206633
17 51129922 1.33123407868667 46.35407943
17 51172318 1.77946508817058 46.41051881
17 51204585 0.831966543156059 46.46793637
17 51277993 2.55738871906537 46.52900907
17 51301874 0.903206246857346 46.59008177
17 51369492 0.757095084863398 46.65115447
17 51448737 2.32218609691903 46.71115085
17 51474573 1.88134211351521 46.77114722
17 51506463 1.43202215008593 46.83114359
17 51548359 1.09494375077265 46.89113997
17 51604982 0.837609262486659 46.95313883
17 51679001 1.43260957647115 47.01513769
17 51720958 3.82415065529966 47.07524604
17 51736676 1.85480913485581 47.13535439
17 51778669 2.90305628028326 47.21324357
17 51805499 0.623205436899587 47.29113275
17 51927186 2.32882938213979 47.36696888
17 51959750 0.716129824263199 47.442805
17 52065647 0.73960861097514 47.51864112
17 52161664 1.49932601978391 47.58965648
17 52209885 0.454180831964552 47.66195594
17 52314601 1.05620273860617 47.70951602
17 52363531 1.29545961209779 47.76119604
17 52403902 0.361955135988344 47.81349461
17 52535678 2.21044582445083 47.86119134
17 52557256 1.54474204100139 47.90888806
17 52588133 2.148730022185 47.95658478
17 52610220 0.550600283305854 48.00404329
17 52696346 0.448592382304235 48.05146403
17 52802021 1.62909378329152 48.09886952
17 52831120 1.68577728776185 48.14627501
17 52859237 0.326453340399272 48.19367416
17 53002648 0.975293406538055 48.24049115
17 53042354 1.40833545477688 48.27921602
17 53069851 1.6057812990273 48.31794089
17 53095347 1.42634858596659 48.35888172
17 53122468 1.08365108230187 48.39756607
17 53173609 0.990282932651958 48.45298511
17 53227226 2.57439090151478 48.50608098
17 53247625 1.80927649137993 48.55859595
17 53275351 1.32355346824622 48.60875976
17 53313252 0.815303325778738 48.65892358
17 53389144 2.89678048780488 48.72079882
17 53409644 0.659299881180879 48.780183
17 53464349 1.21286192346865 48.81625031
17 53491841 1.47683585791478 48.84959381
17 53514419 1.83410627479466 48.88293731
17 53532316 0.922646653736965 48.9157627
17 53567893 1.02503899736432 48.94858808
17 53605075 1.21290137797155 48.98670145
17 53636498 1.20649688809856 49.02481482
17 53667990 0.59143550947978 49.06281025
17 53732232 0.647342881924096 49.10080568
17 53774891 0.504319082491736 49.12842044
17 53829648 0.514306778782927 49.15603521
17 53879834 0.777015182577176 49.18184668
17 53913491 1.2821606595092 49.20799902
17 53934355 0.569576409130484 49.23474958
17 53987189 0.367843802156463 49.26484243
17 54062683 0.778857126137461 49.29261261
17 54096860 0.401299523608515 49.31923199
17 54163192 0.261514127402051 49.34585138
17 54264980 13.0866141732283 49.37247076
17 54267012 0.607775466825132 49.3990627
17 54310765 0.96200089571778 49.42565464
17 54339792 0.74799125372112 49.45357873
17 54377751 0.834082215070739 49.48197165
17 54410689 0.385056343555531 49.50944513
17 54482037 0.707738677932918 49.53691861
17 54520855 0.670072861383467 49.56439209
17 54576440 0.344606399230269 49.60163809
17 54694923 2.02751568673019 49.64246796
17 54716438 0.948328953851207 49.68608975
17 54765150 1.60599384318223 49.73228459
17 54798284 2.256240665671 49.78549742
17 54821719 1.31005178266148 49.83837282
17 54862080 2.06864894491642 49.89124823
17 54883974 0.824541974625033 49.93653925
17 54925511 1.4234998531667 49.97078821
17 54956158 1.73795511613308 50.01441425
17 54981646 1.97736809213463 50.05871165
17 55004048 1.33529269910171 50.10300905
17 55037222 0.83044167610419 50.14730564
17 55081372 1.68616629874908 50.18396938
17 55103116 0.165113530775546 50.22063312
17 55324818 1.37074578277597 50.25723896
17 55351850 0.984405302728408 50.29429263
17 55389491 0.423808974506864 50.3313463
17 55484850 0.618159013735507 50.37176067
17 55550228 0.301527147849765 50.41217504
17 55665541 0.8153915700212 50.44694469
17 55729693 1.36930550085335 50.49925354
17 55767778 2.31967489419079 50.55140371
17 55794477 1.16097165679446 50.61333623
17 55846306 0.785034889962426 50.673508
17 55892881 1.56072053613352 50.71007067
17 55916308 0.404301144746336 50.74663334
17 56009167 1.4640433692285 50.78417606
17 56036283 1.09844774632689 50.82387525
17 56072424 0.646963001797484 50.86357443
17 56125832 1.06322441332444 50.89812772
17 56157323 1.20692404403422 50.93160956
17 56189934 1.20308726883692 50.97096851
17 56222649 1.50870131861392 51.01032746
17 56248737 0.391678608391052 51.0496864
17 56349225 0.476466600489069 51.08904535
17 56431831 0.748250274053461 51.1284043
17 56479267 0.539824333191357 51.16389845
17 56566136 0.544429770776342 51.21079215
17 56650944 0.934868231992833 51.25696453
17 56710101 1.07874323198667 51.31226858
17 56748517 1.339126857613 51.35370923
17 56787411 1.10202699843426 51.40579277
17 56834673 1.6331259668872 51.45787631
17 56865054 0.633307819874984 51.50749253
17 56943444 0.945185784247652 51.55713791
17 56987958 0.357452001711079 51.59921219
17 57067440 0.326472418083783 51.62762335
17 57163880 1.02467329822508 51.65910851
17 57194642 0.833393673349324 51.6906295
17 57238836 0.781536129996422 51.72746078
17 57286345 1.46188516558887 51.76459118
17 57311860 0.566378043824826 51.80189074
17 57375842 0.955847992480194 51.83812845
17 57413077 0.77436429500932 51.87371928
17 57469943 2.59653368725115 51.91775398
17 57495561 2.27709451654549 51.98427247
17 57524995 1.32378474526774 52.05129679
17 57562662 1.08273013621477 52.10115984
17 57610601 1.26112153528252 52.15306466
17 57652704 2.2351036541777 52.20616176
17 57676485 1.34367258203145 52.25931517
17 57716043 1.29570203120139 52.31246857
17 57761041 1.90245195493704 52.37077282
17 57791221 2.05051003619612 52.42818837
17 57815533 2.46345657781599 52.47804079
17 57839956 0.617735841307651 52.53820569
17 57937352 1.47689085861783 52.59837058
17 57978418 1.14790313288436 52.65902063
17 58028755 1.54967982442955 52.71680261
17 58062018 1.05722255265911 52.76834962
17 58110775 1.90703163531318 52.81989662
17 58139161 2.27476926967002 52.87402923
17 58162890 0.37549651828509 52.92800712
17 58306641 2.36755978355734 52.98198502
17 58329557 1.92554780876494 53.03623958
17 58357669 0.803216664935681 53.0903703
17 58425068 1.76048663033836 53.14450602
17 58456632 2.50389843772644 53.2000745
17 58491133 0.839292818537314 53.28646154
17 58594190 2.94335275782626 53.37295627
17 58623706 1.23577072720709 53.45983233
17 58673568 1.67377398720682 53.52145015
17 58717654 0.930235489889567 53.59524043
17 58796978 2.67190498605931 53.66903071
17 58824595 0.458922049430882 53.74282099
17 58989148 2.13945006958107 53.81833822
17 59009987 2.11582131223825 53.86292212
17 59031477 2.33505607020965 53.90839092
17 59051987 1.36758605632778 53.95628317
17 59093210 0.794311782160231 54.01265895
17 59142751 0.613703989093711 54.05200986
17 59227106 1.36872867684007 54.10377928
17 59264917 1.56430377539454 54.15553233
17 59299324 1.48244140248437 54.20935494
17 59335631 1.696815889029 54.26317755
17 59367351 1.14205705618109 54.31700016
17 59418774 1.43351878630426 54.37572805
17 59459575 1.7825499433914 54.43421672
17 59486956 1.11098971137212 54.48302518
17 59530888 1.57628848443613 54.53183363
17 59560283 0.709686022907437 54.57816817
17 59627772 1.63166859712475 54.62606452
17 59657126 1.41464103215607 54.67396086
17 59692547 2.09882333235627 54.72406903
17 59716428 1.44664761739833 54.77419065
17 59751075 0.984600300894231 54.82431227
17 59810232 1.25692307692308 54.88255876
17 59839482 1.50547311196004 54.91932403
17 59866706 1.2847271059471 54.9603087
17 59899411 1.27316526271135 55.0023259
17 59932413 2.94096241321523 55.0443431
17 59953298 1.56677532725513 55.10576473
17 59992564 1.86255621564599 55.16728593
17 60028586 3.32658502863915 55.23437924
17 60048838 4.12110523221634 55.30174893
17 60067549 2.32296187959992 55.37885895
17 60109941 1.26780895621223 55.47733349
17 60170346 3.65729181613814 55.55391545
17 60191253 1.21009768759784 55.63037893
17 60241720 0.933421880247931 55.69144863
17 60307222 2.84204899363176 55.75258962
17 60328735 0.921200136784668 55.81373061
17 60395994 1.81918510382342 55.87568952
17 60434232 1.19393628832522 55.94525172
17 60492777 1.19585635831722 56.01515059
17 60551228 1.4907685702018 56.08504947
17 60623427 1.23825922159564 56.19268106
17 60709963 2.4884993587003 56.29983525
17 60745048 2.39504581115927 56.38714469
17 60781502 6.23639542507467 56.47445414
17 60795229 0.968775997638408 56.56006111
17 60869755 0.507912970563573 56.63225981
17 60983050 2.05354021758516 56.68980373
17 61011085 1.54075139059112 56.7473748
17 61053513 1.60179853470878 56.81274574
17 61094324 2.36525797814603 56.87811667
17 61121962 2.32518191028829 56.94348761
17 61143676 1.60255860929179 56.99397636
17 61176350 1.64370919136113 57.04633876
17 61208206 1.67793826972784 57.09870117
17 61241091 2.1306712962963 57.15388043
17 61267011 2.54217098024207 57.2091077
17 61287914 1.92341653441062 57.26224677
17 61322569 2.32205557091512 57.32890269
17 61351505 1.14619943137053 57.39609338
17 61409891 0.882148970723786 57.46301515
17 61478240 2.82553071840292 57.5233095
17 61499579 0.803333126049375 57.58360384
17 61579984 0.767700298322973 57.64819538
17 61664121 0.897111111111111 57.71278693
17 61736121 1.59468287328318 57.77737847
17 61773472 0.658580542441096 57.8369415
17 61863915 2.63592512280391 57.89650559
17 61886512 2.4677686635181 57.95606968
17 61910650 0.921567245692541 58.01563696
17 61995793 2.89048110218817 58.09410235
17 62022939 2.26659541279103 58.17256775
17 62057557 1.03522174420007 58.25103315
17 62132170 1.72355238201495 58.32827406
17 62176985 0.865920785641416 58.40551497
17 62266186 1.20621195937813 58.48275587
17 62325169 1.17467911703567 58.55390138
17 62385783 1.51156284307823 58.62510304
17 62414020 1.37354287755301 58.66778529
17 62444817 0.670157068062827 58.71008637
17 62502690 1.66499501826636 58.74887014
17 62532800 1.99059199762011 58.79900314
17 62559692 1.64427542782332 58.85253417
17 62591773 1.13474627856787 58.9052846
17 62627915 1.67731381129606 58.94629687
17 62652366 0.86510430949016 58.98730915
17 62699773 1.30782231576262 59.02832142
17 62731132 1.37310834337753 59.06933369
17 62761000 1.22343535588569 59.11034597
17 62794522 1.57929388210834 59.15135824
17 62820495 0.641434108527132 59.19237755
17 62897895 1.2492954202315 59.24202478
17 62937635 1.47114697170871 59.291672
17 62967008 1.2799222294232 59.33488368
17 63005583 0.769901292706888 59.38425627
17 63069712 0.76658754691985 59.43362886
17 63142176 1.73171644117464 59.48917916
17 63174254 3.46582219094534 59.54472946
17 63195569 1.01988307318956 59.61860363
17 63268093 2.43228335026854 59.69256928
17 63295649 2.69668699916278 59.75959372
17 63320732 2.74214570175792 59.82723467
17 63345591 1.50755246920406 59.89540193
17 63390808 3.12395581956562 59.9635692
17 63412356 1.89689181953955 60.03088424
17 63447843 0.732083682960477 60.09819928
17 63518156 1.56776034236805 60.14967392
17 63550402 1.71870537839124 60.20022789
17 63579816 1.71851329387592 60.25078187
17 63612425 1.88646104393081 60.30682083
17 63638557 1.69041422344862 60.35611759
17 63670448 1.53351807453996 60.4100266
17 63702565 1.53816364772017 60.45927859
17 63734585 0.842770655270655 60.50853057
17 63801977 1.29675724445388 60.56532643
17 63839661 2.35574847949774 60.61419388
17 63860049 1.19300595544748 60.66222314
17 63908576 1.42409487537965 60.72011579
17 63950062 1.94443895530745 60.77919577
17 63980425 1.88183358311071 60.83823526
17 64011119 1.58214637887586 60.89599646
17 64047627 1.05425843041574 60.95375767
17 64109516 1.83416781292985 61.01900502
17 64145866 1.24150489993617 61.08567686
17 64199132 2.9170710189678 61.15180704
17 64221802 2.33030495105289 61.21793722
17 64250200 1.42254659971061 61.28411314
17 64297196 3.13391646007765 61.35096686
17 64318575 1.16170892051014 61.41796716
17 64376834 3.05979506247568 61.48564689
17 64399963 2.22520906276223 61.5564165
17 64434522 1.78525812219874 61.63331741
17 64477583 2.71099881321542 61.71019218
17 64503704 1.60324855200201 61.78100636
17 64543414 1.85560256933116 61.84467172
17 64582646 1.98877202567955 61.91747111
17 64619251 1.34175578581851 61.99027049
17 64673392 1.39878921086625 62.06291455
17 64725259 3.43322922581866 62.1354655
17 64746391 2.96054027585081 62.20801644
17 64770897 0.66229403441508 62.28056739
17 64880442 2.58746505290724 62.35311833
17 64908699 2.42771919252787 62.42623238
17 64941889 3.47262931034483 62.506808
17 64965089 2.88750635700966 62.5873726
17 64994584 2.48527943115088 62.67253935
17 65019617 1.82484017295806 62.73475354
17 65057314 1.94254912285564 62.80354463
17 65093397 1.91521486643438 62.87363726
17 65123532 0.975002386786749 62.93135223
17 65186378 1.42572098095172 62.99262766
17 65229479 3.25574773702775 63.05407757
17 65253010 2.16517090873425 63.13068813
17 65293792 1.47698380837682 63.21898827
17 65353576 3.58457497612225 63.30728841
17 65374516 2.19047480082879 63.38234939
17 65408783 2.40780778854173 63.45741038
17 65439957 1.04779181223685 63.53247136
17 65506935 2.87312699582412 63.60265017
17 65531361 2.15835768107028 63.67282897
17 65563876 2.12457616856382 63.74300777
17 65596908 1.85759169017697 63.81318657
17 65628100 2.0765121365315 63.87112835
17 65655991 1.8005970532533 63.92904403
17 65687144 1.63320655354008 63.98513803
17 65721324 2.18110051586681 64.04096074
17 65746912 2.46882108400659 64.09677078
17 65772410 2.05933728042916 64.15972042
17 65802981 1.83406458406458 64.22267616
17 65837169 1.22351991176586 64.28537878
17 65887943 1.51830107329603 64.34750154
17 65931547 1.9102083213111 64.41370549
17 65966205 2.67289272030651 64.47990943
17 65997525 1.1903081491766 64.56362416
17 66101241 3.41982387314477 64.68707861
17 66137692 4.46635614475099 64.8117347
17 66165602 2.71100638810347 64.93639078
17 66213347 5.63545059717698 65.06582745
17 66235451 4.67666760258313 65.19039358
17 66260382 3.98020808621683 65.30698795
17 66289889 6.02740569668976 65.4244317
17 66309374 4.44017664959549 65.54187546
17 66336320 1.68067799623665 65.66152056
17 66403813 2.14364972619848 65.77495448
17 66445449 3.57467403474555 65.86420719
17 66473136 1.18197247873855 65.963179
17 66527930 2.30185527438158 66.027944
17 66556066 2.54050131408622 66.09270901
17 66581559 3.79788623678898 66.15747401
17 66606822 5.2101682919157 66.25341971
17 66632254 1.14747619047619 66.38592431
17 66695254 2.96182361856388 66.45821484
17 66719667 2.60847763347763 66.53052151
17 66747387 2.84617201338319 66.60282818
17 66772792 2.85164538003911 66.67513485
17 66796829 2.49608163537533 66.74367967
17 66826816 2.81169001915781 66.81852965
17 66853437 2.39999267479764 66.89337963
17 66880740 0.838223094790399 66.9589068
17 66953068 1.01347894356133 67.0195341
17 67009749 1.27023083045901 67.07697913
17 67054977 0.764106713935237 67.13442867
17 67132830 0.850632266825087 67.19391659
17 67203528 1.68265249020705 67.25405479
17 67239268 0.776933061375858 67.31419298
17 67314770 0.444579452908108 67.37285255
17 67444803 0.879502625888168 67.43066304
17 67509543 0.884764198585969 67.48760244
17 67573898 1.86947354549647 67.54454184
17 67604252 0.547792347832785 67.60128757
17 67708118 0.388545166489115 67.65818492
17 67854554 0.397461421855244 67.71508226
17 67997705 2.3205274792286 67.77197961
17 68037062 0.486468477976962 67.86330884
17 68224661 1.81480737153078 67.95456945
17 68274420 1.80985245121371 68.04487277
17 68308036 5.29165965561725 68.10571277
17 68325865 0.672390354331857 68.20005772
17 68497258 1.68984201394174 68.31530028
17 68562960 4.25541245122751 68.42632666
17 68591921 4.56875139436305 68.54956774
17 68618815 4.27131034482759 68.6724401
17 68640565 2.48101199242584 68.76534142
17 68678589 2.88053732254618 68.85967984
17 68711344 1.31475238726603 68.95403198
17 68782241 2.13480521265144 69.04724408
17 68825904 2.66000799041151 69.14045618
17 68860946 2.45289847267401 69.23366827
17 68907367 5.08872880611438 69.34753419
17 68930133 3.57555589949956 69.46338373
17 68968899 2.37386833084293 69.6019941
17 69014407 3.39486117168193 69.71002414
17 69041923 2.47348217783 69.80343758
17 69080218 3.68732100138145 69.89816004
17 69109897 4.44119853144369 70.00759624
17 69135228 3.09875023086868 70.12009652
17 69167714 2.98066502827703 70.22076302
17 69201487 3.45764924091502 70.32142951
17 69230601 1.64321234537314 70.42209601
17 69287108 1.46112391751293 70.51494911
17 69351312 1.21481646053963 70.60875906
17 69432330 3.78750096205649 70.70718083
17 69458316 0.620583187279216 70.8056026
17 69568435 2.01231367465975 70.87394035
17 69608553 2.62133023718693 70.95467082
17 69632669 2.58893895944285 71.01788726
17 69657079 1.05254742592562 71.08108312
17 69717120 2.71629274197035 71.14427898
17 69740253 2.39956096433798 71.20711483
17 69766219 2.40113299163744 71.26942221
17 69792168 1.96991240319919 71.33172958
17 69823676 1.65800217346609 71.3937973
17 69857723 1.27743833446481 71.45024704
17 69901913 1.7627840486047 71.50669678
17 69935490 2.34411881188119 71.56588603
17 69960740 3.07199804353143 71.62507528
17 69981185 1.28377355316285 71.68788185
17 70028737 1.24400669020628 71.74892829
17 70077166 2.80929404600178 71.80917391
17 70098513 2.37562386120574 71.86914437
17 70123759 1.13705768930116 71.92911973
17 70181326 1.46897167075619 71.99457689
17 70226156 1.1677320989015 72.06043103
17 70280594 2.44880909478098 72.12399959
17 70311117 2.35946693339609 72.19874461
17 70345109 3.11807906189555 72.27894716
17 70378197 1.81853594909488 72.38211858
17 70434930 4.57953738059525 72.48529
17 70460264 5.83317375644007 72.60130821
17 70482197 1.1825618368026 72.72924692
17 70590385 3.55423897994011 72.85718563
17 70621442 0.453252924223301 72.96756925
17 70917760 2.72480975337663 73.10187601
17 70967958 2.02238552186063 73.23865582
17 71035591 2.22634937170389 73.37543564
17 71097027 1.28140194872765 73.51221399
17 71202737 5.90192659750676 73.64767125
17 71225679 2.6436523875446 73.78307362
17 71276966 3.93214616510801 73.91865896
17 71310435 5.62030235736249 74.0502643
17 71333851 3.75088793277699 74.18186964
17 71368482 0.88395877791079 74.31176697
17 71483760 4.33059677928639 74.41366809
17 71505929 4.16543734814301 74.50967302
17 71528977 1.88645978784153 74.60567796
17 71576960 1.34518943503917 74.69619555
17 71644239 1.61229899959365 74.78669897
17 71695918 11.898043695559 74.87002125
17 71702921 3.20779122826866 74.95334354
17 71729438 2.51644873084433 75.03840501
17 71763240 3.18759602773093 75.12346648
17 71789925 2.72683849458229 75.20852795
17 71821119 1.6897419859265 75.29358942
17 71885069 2.4600904744549 75.40164846
17 71931712 4.37713788406236 75.51639435
17 71958140 5.05202817585621 75.63207358
17 71978725 0.96930766746697 75.73606932
17 72049948 2.40343204477225 75.80510603
17 72076929 1.50878144952701 75.86995264
17 72132216 2.74801515401087 75.95336869
17 72162571 1.29354231974922 76.03678474
17 72242321 6.55524118103409 76.13994502
17 72264234 3.43344604113835 76.28358988
17 72299724 2.66384257993987 76.40544247
17 72332655 4.77474884604942 76.49316551
17 72351070 1.69992866605523 76.58109243
17 72400135 1.66938028106868 76.66449901
17 72445462 3.56612880329343 76.7401666
17 72466595 1.48366965252485 76.81552959
17 72517390 1.11365238985805 76.89089259
17 72582624 2.1970156624806 76.96354073
17 72610972 1.6036695408061 77.02582161
17 72650868 1.10171680471131 77.08980164
17 72708941 2.94538629208041 77.15378166
17 72733715 1.14952057530963 77.22675048
17 72803799 1.00462091179386 77.30731304
17 72884519 2.12130544051538 77.38840652
17 72912770 0.695276497695853 77.44833575
17 72935338 0 77.46402725
17 72953445 0 77.46402725
17 72986398 0 77.46402725
