Chromosome Position(bp) Rate(cM/Mb) Map(cM)
6 0 0 0
6 188606 0.063458110516934 0
6 219461 0.0574839708158302 0.00195759
6 246599 0.0163906867277465 0.00351804
6 341775 0.0436161335187761 0.00507849
6 377725 0.0299493328381569 0.00664632
6 415422 0.0349708834097386 0.00777509
6 447706 0.0199950410881269 0.00890386
6 504170 0.0469558296856347 0.01003263
6 529300 0.0352969297779666 0.01121272
6 566952 0.0457999589238037 0.01254186
6 591297 0.05420773313116 0.01365704
6 622953 0.0591030753263779 0.01537268
6 641260 0.0374861419068736 0.016455
6 670124 0.026557961285913 0.01753731
6 711091 0.038198440791331 0.01862556
6 757140 0.0401969788755789 0.02038473
6 808313 0.067225020173071 0.02244151
6 844252 0.110114265309766 0.02485722
6 866656 0.0739030748453155 0.02732437
6 898495 0.0877900784301068 0.02967696
6 929478 0.0818094321462945 0.03239702
6 962726 0.0794903267286224 0.03511708
6 996944 0.0786660245605586 0.03783714
6 1038474 0.126874636698314 0.04110455
6 1064279 0.128639346194649 0.04437855
6 1089730 0.128936585365854 0.04765255
6 1115355 0.0971430242418926 0.0509563
6 1149552 0.135980352026197 0.0542779
6 1173982 0.113246836456832 0.0575995
6 1211440 0.0490727570381901 0.06184167
6 1285962 0.0867792783375841 0.06549904
6 1333796 0.113185618415626 0.06964969
6 1360469 0.041187556057201 0.07266896
6 1459698 0.173638869745003 0.07675579
6 1488718 0.133080248866392 0.08179514
6 1526650 0.0753680312938577 0.08684302
6 1593628 0.213799993554417 0.09189089
6 1624657 0.0484566052620046 0.09852522
6 1761563 0.596627164995442 0.10515954
6 1774727 0.0708898378224227 0.11301319
6 1907976 0.178576374463371 0.12245921
6 1951302 0.350473036896878 0.13019602
6 1972442 0.313528839236596 0.13760488
6 1996073 0.0670789121066165 0.14501375
6 2106525 0.0924801436391068 0.15242261
6 2186726 0.131888568392288 0.15983977
6 2239422 0.270202741290691 0.16678935
6 2267438 0.163306569201159 0.17435961
6 2318875 0.276552314479489 0.18275964
6 2349249 0.555030517818468 0.19115968
6 2364486 0.257986251516377 0.19961636
6 2394162 0.344041534842216 0.20727208
6 2418816 0.135839676467937 0.21575438
6 2496459 0.0988722544598915 0.22630158
6 2603132 0.285921803353285 0.23684877
6 2660270 0.083175900399763 0.25318577
6 2874647 0.227593152064451 0.27101682
6 2956073 0.404948183344939 0.28954898
6 3004899 0.921127416724901 0.30932128
6 3026364 0.624877980755822 0.32909358
6 3047877 0.679460580912863 0.34253608
6 3071977 0.444043712883369 0.35891158
6 3108854 0.302897432299705 0.37528707
6 3165870 0.166555115548367 0.39255694
6 3273444 0.319847394433365 0.41047373
6 3331109 0.286433097279165 0.42891736
6 3395501 0.294342751450985 0.44736099
6 3442538 0.265710588742722 0.46120596
6 3488908 0.390832672482157 0.47352661
6 3520433 0.779361321802986 0.48584726
6 3541132 0.330154312144407 0.50197881
6 3589994 0.402305270640804 0.51811036
6 3629382 0.441647822239701 0.53395636
6 3680237 0.361546107842977 0.55641608
6 3741604 0.768913533183157 0.57860323
6 3770459 0.767450709097198 0.60079038
6 3799369 0.900885171349683 0.62297753
6 3823997 0.121537274703696 0.64516468
6 3909551 0.408285756111843 0.65556279
6 3936875 0.502759720348338 0.66671902
6 3961334 0.255226848225583 0.67901624
6 4011125 0.329863724853991 0.69172459
6 4049650 0.227330323202399 0.70443294
6 4105683 0.662979444797627 0.71717103
6 4129278 0.396886563736124 0.73281383
6 4168463 0.49795100355957 0.74836617
6 4201894 0.460755813953488 0.76501358
6 4238358 0.679776859172453 0.78181451
6 4263275 0.460860366713681 0.79875221
6 4300143 0.668278757346767 0.81574277
6 4329918 0.788656208948304 0.83564074
6 4355800 1.05546211239056 0.85605319
6 4378987 3.37651766004415 0.88052665
6 4386235 0.796756756756757 0.90500011
6 4424160 0.551061991621432 0.93521745
6 4485507 0.744945347454267 0.96902334
6 4520821 0.482017433839207 0.99533009
6 4584605 0.969909354265956 1.02607519
6 4616708 0.66097449492641 1.05721196
6 4671403 0.874611708482676 1.09336358
6 4704883 0.432811720534566 1.12264593
6 4781057 0.246790558209267 1.1556149
6 4924462 1.92389081183134 1.19100604
6 4949886 0.432086222889704 1.23991858
6 5063081 0.466495754191009 1.28882848
6 5168008 1.06310088584743 1.33777681
6 5215646 0.108914872888919 1.38842066
6 5680633 1.16459875925555 1.43906452
6 5720609 1.00114545151616 1.48562042
6 5768625 0.933554189982492 1.53369115
6 5826883 1.76695906432749 1.58807789
6 5857663 0.791498093547166 1.64246462
6 5926377 0.423313876206438 1.69685135
6 6012892 1.01591905342606 1.73347406
6 6043233 0.575551562828793 1.76429827
6 6105012 1.16355247226676 1.79985551
6 6135571 0.948211952318729 1.83541276
6 6173070 0.986859581202136 1.87097
6 6208457 0.7925290486565 1.90589201
6 6252521 1.89350260785186 1.94081401
6 6277254 1.13923928974747 1.98764557
6 6318873 1.38199525533775 2.03505993
6 6358918 1.41085781090165 2.09040166
6 6399976 1.83866053007459 2.14832864
6 6431481 1.99977575123337 2.20625562
6 6458237 1.82425559839226 2.25976154
6 6482619 2.28697782011158 2.30424037
6 6504666 0.943789048490911 2.35466111
6 6557645 0.96194462578242 2.40466254
6 6609727 2.44449865820932 2.45476265
6 6630222 1.3040664253779 2.50486276
6 6653707 0.400099917114212 2.53548922
6 6741780 0.739942256720939 2.57072722
6 6784036 1.07226488732217 2.60199386
6 6807865 0.485397311347206 2.62754482
6 6873846 0.717630658727909 2.65957145
6 6916170 1.06954155485846 2.68994402
6 6942629 0.715434205536595 2.71824335
6 6982184 0.676030497974744 2.74654268
6 7024154 0.615332899587942 2.77491565
6 7070264 0.291601620184802 2.80328863
6 7165068 0.996543636588076 2.83093374
6 7197472 1.32541343510197 2.8632257
6 7221841 1.89981793790724 2.89552431
6 7242713 0.520783869024416 2.93517774
6 7299151 0.270418733398093 2.96456949
6 7415478 1.39605489607696 2.99602664
6 7438139 0.864277128182712 3.02766289
6 7474743 0.866454213651468 3.05929914
6 7511457 1.24309607156748 3.09111018
6 7537167 0.351887438429086 3.12306986
6 7627713 0.187325322232574 3.15493155
6 7797311 0.356043490539396 3.18670109
6 7882295 0.774826524516337 3.21695927
6 7925817 0.786812571455237 3.25068158
6 7968676 0.430621643342816 3.2844039
6 8047065 0.567952342487884 3.3181596
6 8106489 1.23161697624348 3.35190949
6 8133892 0.377689992054522 3.38565939
6 8223251 0.297862018201285 3.41940929
6 8342803 1.36905587668593 3.45501922
6 8368753 0.585157870477068 3.49054579
6 8429499 1.70706634001057 3.52609185
6 8450316 0.44686816364505 3.56162817
6 8529854 1.55893178122058 3.59717114
6 8553220 0.47335386534638 3.63359757
6 8630173 0.221641922779594 3.670024
6 8794456 0.436306833902057 3.70643558
6 8881200 0.220856923434123 3.7442827
6 9049173 0.385595859373322 3.78138038
6 9142299 1.482617671346 3.81728978
6 9166519 1.57516339869281 3.85319917
6 9189316 1.29963807455664 3.88910857
6 9216946 0.643639502886639 3.92501797
6 9272547 0.311342018466787 3.96080453
6 9387456 1.09028004438932 3.99658019
6 9418094 0.989921831379118 4.02998386
6 9453914 1.10212156354458 4.06544294
6 9483232 1.42523760233368 4.09775543
6 9504486 0.542419705557338 4.12804787
6 9560592 0.687658170643529 4.15848125
6 9604848 1.17383408678181 4.18891462
6 9630729 1.04771057870529 4.21929444
6 9659863 1.59221106619724 4.24981859
6 9682870 1.03904092035197 4.28645078
6 9717987 0.443925347348955 4.32293867
6 9800181 1.300885907966 4.35942657
6 9828062 1.11147149720021 4.39569621
6 9860743 1.10794833242209 4.43202041
6 9890007 0.456734982332156 4.4644438
6 9960757 1.1598672937402 4.49675806
6 9988186 0.564396021790194 4.52857161
6 10048213 1.60662967705221 4.56245049
6 10069300 0.481434113484248 4.59632937
6 10139671 1.33853082670852 4.63020825
6 10168980 0.340092237807098 4.66943932
6 10284334 0.561908097695033 4.7086704
6 10358565 2.0497487748899 4.75038095
6 10374686 1.00784042776893 4.78342492
6 10407975 1.34140942568519 4.81697505
6 10432822 0.436415995811244 4.85030465
6 10509217 0.940223418354927 4.88364436
6 10546188 1.26083371019659 4.91840494
6 10583779 0.683195433447689 4.96580076
6 10653153 0.402615918174464 5.01319658
6 10778004 0.886402511065263 5.06346359
6 10834713 1.03940597928744 5.1137306
6 10880772 1.60874691219403 5.161605
6 10916396 1.88594184967522 5.218915
6 10955192 2.73252788104089 5.29208183
6 10982092 2.55798196020888 5.36558647
6 11005263 1.92106565730092 5.42485771
6 11039608 1.13037742637359 5.49083636
6 11097977 3.26232489555173 5.55681501
6 11118322 2.57159460715946 5.62318653
6 11144134 1.49358116263249 5.6895647
6 11189703 2.3267127034049 5.75762613
6 11218955 2.84133742845177 5.82568755
6 11247607 2.3388893662113 5.90709782
6 11282524 1.04739508445651 5.98876531
6 11356941 1.94124853520827 6.06670912
6 11394489 1.71952236115805 6.13959874
6 11438874 3.24304064184124 6.21592005
6 11463553 3.83548186131212 6.29595542
6 11484420 2.9072985966105 6.37599078
6 11505013 1.73265034438849 6.43586125
6 11539567 1.62133284086112 6.49573171
6 11577471 1.61954301914899 6.55718644
6 11619092 2.99268394648829 6.62459391
6 11638228 1.34859295890734 6.68186222
6 11680693 1.69849037577483 6.73913054
6 11714410 0.861046885035324 6.79639886
6 11776690 1.01296113074205 6.85002514
6 11847440 2.70244860731074 6.92169221
6 11875946 1.79985223990866 6.99872788
6 11920613 2.90555429900805 7.07912238
6 11951562 2.23921715708002 7.16904604
6 11980891 1.29844497607656 7.23471978
6 12021019 2.00652447632493 7.28682421
6 12047228 0.764845454400688 7.33941281
6 12110025 2.84053923928743 7.38744304
6 12130795 2.72616976865542 7.44644135
6 12153791 0.98960551428256 7.50913211
6 12217190 1.92681790783057 7.57187249
6 12253688 1.20607453394845 7.64219746
6 12311997 2.21219902621223 7.71252244
6 12341983 1.11084273566489 7.77885697
6 12402429 1.49282998732742 7.84600281
6 12447408 1.6424149615535 7.91314866
6 12478100 2.45969552064019 7.96355744
6 12498594 1.7150064061499 8.01396621
6 12523570 1.68122042990724 8.05680058
6 12550413 1.38377334191887 8.10192993
6 12583026 0.555608487933686 8.14705928
6 12656495 0.562599287866338 8.18787946
6 12729515 13.6763157894737 8.2289607
6 12732175 1.85656773710327 8.26533983
6 12753537 0.721182695979488 8.305
6 12808530 0.611414300249746 8.34466016
6 12873396 1.19599354270619 8.38432032
6 12900652 2.19440741120569 8.41691833
6 12929905 0.457960510617991 8.48111182
6 12996961 1.00837328429763 8.51182098
6 13027415 0.385447031474853 8.54253014
6 13108718 0.616942547286791 8.57386862
6 13159525 0.868354710917805 8.60521331
6 13195622 0.819483215231551 8.636558
6 13237535 1.37098527522482 8.67090549
6 13267892 2.1337949623571 8.71252488
6 13289410 1.27336513395086 8.75843954
6 13325468 0.508426717455818 8.80435421
6 13415776 1.7111738717074 8.85026887
6 13451538 1.4849551079835 8.911464
6 13492748 0.446759741612836 8.97265912
6 13631919 1.48115463917526 9.03483471
6 13668294 1.38808162003401 9.08871197
6 13707108 2.46209722480909 9.14258923
6 13728584 2.21720899027172 9.19546533
6 13752432 1.19603610271593 9.24834143
6 13801071 2.08692033293698 9.30651543
6 13826301 0.814617991373999 9.3591685
6 13891221 2.3872178750735 9.4120533
6 13913330 0.886189311331316 9.46483242
6 13961568 1.03542435424354 9.50758005
6 13999508 1.03411603664315 9.54686411
6 14037496 1.04717943353297 9.58614817
6 14075733 0.955717970765262 9.62618958
6 14117601 1.14777066406362 9.66620372
6 14152432 1.8778314496084 9.70618123
6 14173755 0.689259678731516 9.74622241
6 14236444 0.946134139131577 9.78943173
6 14282113 0.998067754604835 9.83264104
6 14329726 0.768602391383115 9.88016247
6 14390444 1.33466796316422 9.92683049
6 14425410 2.31555854217725 9.97349851
6 14450708 1.95204771901763 10.03207785
6 14480717 1.6817855604995 10.0906572
6 14515552 1.89217948717949 10.14924187
6 14546752 1.20304482061109 10.20827817
6 14593717 1.28656430875987 10.26477867
6 14655396 0.965848790224429 10.3441322
6 14737560 0.92359438101556 10.42349069
6 14823483 0.737308048103608 10.50284919
6 14931583 2.18476152441807 10.58255195
6 14966639 1.62482908946795 10.65914066
6 15017104 0.501683772143921 10.74113738
6 15178943 0.755020966674023 10.82232923
6 15292218 1.17255514882299 10.90785421
6 15365157 3.1390134529148 10.99337918
6 15391917 2.57223132755795 11.07737885
6 15426085 2.00654304043918 11.16526662
6 15457416 2.1550459344577 11.22813317
6 15486588 2.59629451008761 11.29099971
6 15511470 1.01708230996914 11.35560043
6 15574986 0.588657795729572 11.42020114
6 15697784 2.65952906548933 11.49248756
6 15724964 1.63806113893358 11.56477398
6 15769093 2.05693419492984 11.6370604
6 15795246 2.31693966915342 11.69085503
6 15819910 0.496053787866227 11.74800045
6 15940532 1.55458662181395 11.80783511
6 15979177 2.73387940841866 11.86791232
6 16001152 2.60440322440843 11.92798953
6 16024226 2.59645864824012 11.9880838
6 16047381 2.71132858302516 12.04820499
6 16069555 1.03499862277923 12.10832618
6 16127643 1.32134861056236 12.16844737
6 16173201 1.28573458657301 12.22864492
6 16222460 1.54798892259 12.29197919
6 16260375 1.45317729898594 12.35067144
6 16300708 1.7324643078833 12.40928219
6 16334539 1.79714197910264 12.46789294
6 16367079 2.81652701531349 12.52637243
6 16387845 2.91987419499775 12.58486044
6 16407876 1.34995153025897 12.64334845
6 16451202 1.98587532255874 12.70183646
6 16480654 0.786393277310924 12.76032447
6 16555029 1.00105988341282 12.81881248
6 16613526 0.63227158786412 12.87737137
6 16706078 2.09772360111617 12.93588904
6 16740123 1.57331906877224 13.00730651
6 16783120 0.503511215147115 13.07495475
6 16918116 1.452135689548 13.14292676
6 16963160 3.2872403855709 13.20833688
6 16983286 3.07834348542313 13.27449588
6 17009389 3.00523599371681 13.35484954
6 17036127 3.98462759099474 13.43520319
6 17056293 2.8275329321841 13.51555684
6 17080889 2.1357412478721 13.58510251
6 17107911 1.41201800743785 13.64281492
6 17148783 1.13061024586149 13.70052734
6 17199828 1.53395529330463 13.75823975
6 17237451 2.37909143375381 13.81595217
6 17261709 0.607988877600128 13.87366458
6 17373915 2.32214582340527 13.94188416
6 17403293 1.03241747950495 14.01010373
6 17472700 2.74831126206923 14.0817603
6 17498903 0.48036563834506 14.15377476
6 17613880 1.74920031670625 14.2090061
6 17645455 0.628153219752974 14.26423744
6 17733381 3.49386386639676 14.31946878
6 17749189 1.60759453039738 14.37470012
6 17780343 2.54352014010508 14.42478353
6 17803183 0.497823814664405 14.48287757
6 17919901 2.76675552170602 14.54098299
6 17940909 2.58195746300614 14.59910677
6 17961926 1.9336849232085 14.65337199
6 17989989 1.60323244196297 14.70763721
6 18024019 2.00455948876283 14.76219511
6 18051873 0.673067650320652 14.81802998
6 18134829 1.57129991838573 14.87386485
6 18170362 2.18353539303872 14.92969755
6 18195932 1.70852841274213 14.98553025
6 18228611 1.67923847333754 15.04136295
6 18261860 1.14016042872602 15.09719565
6 18320079 1.31016995614035 15.16357455
6 18371151 1.58085855364188 15.23048744
6 18413478 0.868267605492934 15.29740034
6 18513461 1.02024938593708 15.38421253
6 18598550 3.34371137206428 15.47102472
6 18624438 4.27537760728842 15.55758633
6 18645293 0.368814010820828 15.64674951
6 18887049 2.88609438725966 15.73591268
6 18917943 1.82261546251632 15.82507586
6 18955466 1.56567725046445 15.89346626
6 19002834 2.79069392146315 15.96762937
6 19021424 1.58090565577767 16.01950871
6 19054240 2.13628493692802 16.07138805
6 19074455 2.04512473503995 16.11457277
6 19098987 1.00927332177891 16.16474364
6 19154954 1.45525697308323 16.22122988
6 19200056 2.11387821225501 16.28686531
6 19231537 1.06464074169457 16.35341263
6 19293665 0.539230836285255 16.41955704
6 19419854 1.91665258295307 16.48760161
6 19455356 0.549863029196195 16.55564618
6 19579105 1.3660946019355 16.62369076
6 19628808 3.30103553891779 16.69158995
6 19649377 3.13584183673469 16.75948914
6 19671329 1.61136207193254 16.82832711
6 19717817 1.90583917753814 16.90323595
6 19757600 2.58412183473011 16.97905601
6 19790891 2.48485023540626 17.06508448
6 19825512 3.69076322450556 17.15111296
6 19848821 1.15346866536162 17.23714143
6 19923403 1.10234380887784 17.3231699
6 20016286 2.71236324141037 17.42555863
6 20054035 1.52056566248155 17.52794736
6 20135992 2.06331524974065 17.65256826
6 20194793 5.89378767256465 17.77389304
6 20215365 3.58178488080116 17.89514036
6 20249216 4.95229342809296 18.01638767
6 20273699 3.7666687379606 18.13763499
6 20305885 1.29361802020978 18.25886854
6 20399602 1.41896701568514 18.3801021
6 20447928 0.92391895039205 18.44867461
6 20512333 3.68255582782376 18.50817932
6 20533962 6.62671318215799 18.58782896
6 20546001 1.68743746020195 18.66760762
6 20600966 3.15058132518003 18.76035726
6 20625823 1.68432566918325 18.83867171
6 20672447 0.817058626215944 18.91720178
6 20779771 2.34867732419831 19.00489174
6 20821807 3.54181487302506 19.10362025
6 20845985 1.17224740459131 19.18925436
6 20921214 1.30025212685962 19.27744172
6 20989037 3.07881204743415 19.36562907
6 21017624 1.50451274038861 19.45364306
6 21077787 1.09702870365812 19.54415925
6 21159031 3.00662704844228 19.6332858
6 21186796 1.14225226334914 19.71676503
6 21251744 2.00183005107755 19.79095163
6 21288355 2.81969316298712 19.86424057
6 21325769 2.72163805919719 19.96973644
6 21362764 1.89788740282725 20.07042384
6 21407401 1.6904994711951 20.15513988
6 21457514 0.540763436741989 20.23985593
6 21614174 0.898439898820055 20.32457197
6 21682567 1.26811375133523 20.38601895
6 21732184 0.759887539311234 20.44893885
6 21822171 1.95684523809524 20.51731886
6 21857115 0.273892345484212 20.58569887
6 22080199 2.15858828516922 20.6467995
6 22108505 2.60166149198624 20.70790014
6 22132339 1.70321457272971 20.76990788
6 22169669 1.50848733577795 20.83348909
6 22210848 13.1499528450173 20.89560686
6 22214029 0.932073356909579 20.93743706
6 22265776 1.18950379796784 20.98566921
6 22306324 1.11622309650544 21.03390136
6 22349534 1.27331766942105 21.08213351
6 22387413 1.32295856798069 21.13036566
6 22427189 0.242182083397113 21.18298777
6 22649307 1.64685892725937 21.23678034
6 22681971 0.471463128188049 21.29057292
6 22796069 1.92130988869172 21.34436549
6 22827064 1.40689378189378 21.40391683
6 22869392 1.75983150119738 21.46346817
6 22904051 0.677295960794314 21.52446251
6 22994242 0.838143087917203 21.5855487
6 23067288 1.67847587415813 21.6467713
6 23099805 1.97077127473603 21.70135015
6 23128407 1.17563142636661 21.75771819
6 23176354 0.843993251842425 21.81408622
6 23243928 2.54033071625949 21.87111854
6 23266727 1.76577307542516 21.92903563
6 23297539 1.59090694601737 21.98344242
6 23339923 1.17804605332122 22.05087135
6 23397161 1.07663786381503 22.11830028
6 23460002 1.56184650894403 22.18595678
6 23503327 2.26705306888234 22.25362339
6 23533175 2.74049527996896 22.32128999
6 23564107 1.73674431567457 22.40605904
6 23607164 1.72603161568466 22.48083792
6 23665616 3.42398194242602 22.58172812
6 23697957 0.533363831831282 22.6924636
6 23807252 2.0315158276391 22.75075806
6 23835936 1.1752506745057 22.80902979
6 23885602 1.63110626154104 22.86739961
6 23921344 0.91466816216296 22.92569892
6 23989103 0.528131905490396 22.9876761
6 24106763 1.24836956521739 23.04981587
6 24156443 1.76478490424568 23.11183527
6 24188452 1.00686523848902 23.16832462
6 24252543 2.05323997932428 23.23285513
6 24273824 1.96742240810037 23.27654995
6 24301082 1.46044136503723 23.33017784
6 24345535 0.401985503674635 23.39509886
6 24503782 1.08436178917224 23.45871146
6 24562446 0.542147514157692 23.52232405
6 24679167 0.760200716170373 23.58560432
6 24764063 1.84310029700708 23.65014217
6 24799079 1.57721351939197 23.71468001
6 24839998 0.42227813985105 23.77921786
6 25007705 0.667621020907892 23.85003731
6 25113885 1.34721958265232 23.92092496
6 25166503 3.27790622398964 23.99181262
6 25188129 0.511131394375283 24.06270027
6 25333843 0.889484331955923 24.13717951
6 25426771 0.70414327339919 24.21983781
6 25553410 0.781388012618297 24.30901014
6 25667530 3.65320885151267 24.39818246
6 25695593 1.17238246388812 24.50070262
6 25782545 4.66365625621643 24.6026434
6 25807680 2.87732730611668 24.71986449
6 25843075 3.22569207691259 24.82170759
6 25865074 1.97235324651877 24.89267004
6 25909383 2.12000582199258 24.98006314
6 25950606 3.23323863636364 25.06745624
6 25978766 2.06210223540869 25.1585041
6 26022919 1.63860192217703 25.24955196
6 26078481 0.405746376381721 25.34059562
6 26331336 1.63530358549365 25.44319086
6 26389738 0.831163402877826 25.5386957
6 26502184 1.80639702847709 25.6321567
6 26550644 0.490876959089711 25.7196948
6 26679658 1.34004399983396 25.78302435
6 26727840 1.83033236726892 25.84759066
6 26760274 1.84908892695842 25.90695614
6 26792379 2.56347698419553 25.96632162
6 26815537 0.262074739996475 26.02568711
6 27042457 0.529544806952557 26.08515708
6 27154761 0.335806560323523 26.14462706
6 27332801 2.64739155027629 26.20441402
6 27355784 1.26203345695573 26.26525882
6 27406476 1.59701939639032 26.32923371
6 27446535 0.319789068824017 26.39320859
6 27660254 0.437675553398987 26.4615539
6 27806577 0.514009615307441 26.52559581
6 27931170 1.9197242206235 26.58963773
6 27964530 0.760286820048911 26.65367964
6 28048764 0.790631055691297 26.71772155
6 28131847 0.444790837822678 26.78340916
6 28285173 0.838420968515263 26.85160726
6 28366514 0.262098385857033 26.91980537
6 28626714 0.365861834124332 26.98800347
6 28814662 1.16551559489095 27.05676689
6 28873303 1.02082068444668 27.12511345
6 28940832 1.81662585248966 27.19404846
6 28978809 1.63424170337047 27.26303804
6 29021266 1.69248219338472 27.3324234
6 29062262 1.06122914197137 27.40180876
6 29128064 2.54283845650752 27.47164
6 29160173 2.9925744385105 27.55328843
6 29187511 0.565387459484862 27.63509923
6 29332210 3.32565198290667 27.71691003
6 29357249 4.50710867843988 27.80018096
6 29386298 6.66351956394783 27.93110776
6 29406846 0.86437928095704 28.06802961
6 29565251 3.86986717267552 28.20495147
6 29591601 1.43361665289419 28.30692283
6 29642427 1.52787811349825 28.37978811
6 29700842 1.13169939290457 28.46903879
6 29785178 1.46241419465555 28.56448184
6 29850442 1.22224925724823 28.65992489
6 29928530 0.990878713988982 28.75536793
6 30017114 3.39486062286478 28.84314373
6 30037311 3.55795598051597 28.91170985
6 30059483 0.915448180745 28.99059674
6 30145040 1.77384428223844 29.06891942
6 30186140 1.10214972485941 29.14182465
6 30252288 3.07331366111134 29.21472987
6 30276349 1.38550176122311 29.28867725
6 30329721 0.882071944836753 29.36262463
6 30426017 0.504887095338417 29.44756468
6 30594522 0.458150725363576 29.53264114
6 30706328 0.442712338343237 29.58386556
6 30820768 1.01139172072907 29.63452979
6 30872560 0.364915408886072 29.68691224
6 31016133 0.454474595319666 29.73930445
6 31126467 0.412285209085826 29.78944846
6 31258805 1.08799952141661 29.84400911
6 31308953 0.740271480626408 29.89856976
6 31380855 1.17073610235156 29.95179652
6 31425251 0.991931910494055 30.00377265
6 31479415 2.57430708695464 30.05750009
6 31502542 3.17292244778735 30.11703638
6 31523083 1.20918367346939 30.18221092
6 31576983 2.21334907450352 30.24738547
6 31600700 1.10491493383743 30.2998791
6 31634556 1.05929659625078 30.33728754
6 31669870 1.20739273069802 30.37469597
6 31700657 0.988301605870467 30.41186753
6 31738269 1.53506405933918 30.44903908
6 31761997 0.936938497710679 30.48546337
6 31802402 1.63021316033364 30.52331988
6 31823982 1.05982957273164 30.55850012
6 31857310 0.712789668122004 30.59382236
6 31922816 2.4059135993983 30.64051454
6 31944089 2.34753692321805 30.69169575
6 31965891 1.13360207313562 30.74287695
6 32011040 1.91570737560463 30.79405815
6 32037709 1.24783235229465 30.84514841
6 32078652 1.50215523737754 30.89623867
6 32111827 1.2670918624584 30.94607311
6 32151495 0.584773614816533 30.99633563
6 32254947 2.61794980259447 31.0568313
6 32283315 1.36567809870952 31.13109737
6 32337636 0.135670434788882 31.20528228
6 32892112 0.210300765121421 31.28050809
6 33249833 0.372391295738951 31.35573669
6 33451849 0.830495336366178 31.43096529
6 33530543 2.48827726809378 31.49631986
6 33555068 0.498989859871296 31.55734497
6 33709997 1.34235038721498 31.63465342
6 33774948 3.07068711492097 31.72184027
6 33804812 0.462879249264447 31.81354354
6 33921391 0.671639796002303 31.86750592
6 34018647 0.916704900321163 31.93282684
6 34086214 1.1532229193752 31.99476622
6 34139287 1.75548544385487 32.0559714
6 34174152 1.17713814915218 32.11717658
6 34211778 1.65909739056039 32.16146771
6 34239830 0.90284971580438 32.20800827
6 34291379 0.631331740025227 32.25454884
6 34351631 0.277029050613956 32.29258773
6 34485191 0.249131968365069 32.32958745
6 34630347 0.16385014430617 32.3657501
6 34845861 0.978632036423841 32.40106233
6 34884517 0.195247581985404 32.43889216
6 35078271 0.539118019795627 32.47672199
6 35140608 1.56020982501819 32.5103285
6 35166725 0.839191220375975 32.5510766
6 35215292 1.40493292662928 32.5918335
6 35245781 1.85184384592106 32.63466873
6 35268912 0.527615667718191 32.67750396
6 35344992 1.2775552187094 32.71764505
6 35381936 2.66058786629626 32.76484341
6 35404254 0.905305686842506 32.82422227
6 35469844 2.11042311661507 32.88360113
6 35504728 1.33447626492325 32.95722117
6 35561016 1.86283238721243 33.03233656
6 35594486 1.21399684249227 33.09468547
6 35640725 1.46999657705574 33.15081994
6 35678704 0.503918653847846 33.20664938
6 35792391 1.21013497372193 33.26393829
6 35825879 0.999505824214613 33.3044632
6 35868374 1.4224602626123 33.34693701
6 35897314 3.37656211205826 33.38810326
6 35909397 0.646467194249141 33.42890264
6 35972831 1.0272238514174 33.46991033
6 36013751 1.85225879880932 33.51194384
6 36036595 1.05981835264641 33.55425675
6 36074911 1.38933533906021 33.59486439
6 36100172 1.41688090812008 33.62996002
6 36125455 1.11365685329686 33.66578287
6 36157622 1.3343639411436 33.70160572
6 36184467 1.93291242951468 33.73742662
6 36205216 1.8440388063819 33.77753299
6 36226965 0.788541318495507 33.81763935
6 36277826 0.921929801771843 33.85774572
6 36316317 0.613615534920717 33.89323171
6 36374148 0.935220324689015 33.9287177
6 36412092 1.10220947307311 33.9642037
6 36441375 0.570651790127816 33.99647972
6 36498019 0.553275251185321 34.02880329
6 36556442 0.621574253853159 34.06112685
6 36614641 1.72312458924045 34.09730214
6 36635943 0.521192156417283 34.13400862
6 36706370 0.979244477643795 34.1707151
6 36743854 1.21786354879426 34.20742158
6 36773960 0.581693632411588 34.24408648
6 36857461 1.30307639327326 34.29265852
6 36892307 2.21269116640037 34.33806518
6 36914212 1.85964912280702 34.38653392
6 36936613 0.495094122535076 34.42819156
6 37030480 0.473749709026447 34.47466459
6 37142174 1.04946442908336 34.52757959
6 37193241 0.893164710385302 34.58117267
6 37255945 1.09569462938304 34.63717728
6 37312270 0.770544290288154 34.69889209
6 37391915 1.53248622623716 34.76026217
6 37412062 1.40257994033363 34.79113709
6 37435861 1.3841817708785 34.82451742
6 37458923 1.60549383584118 34.85643926
6 37480256 1.0874904376535 34.89068912
6 37505093 0.328966954450729 34.91769954
6 37599145 0.899357963505294 34.94864002
6 37634657 1.34323085334567 34.98057773
6 37658434 1.54681647940075 35.01251545
6 37678993 0.5483637241879 35.04431675
6 37736960 0.757625583833762 35.07610369
6 37778924 0.826095952411742 35.1078964
6 37817589 1.39733213429257 35.13983772
6 37837605 0.380398741410692 35.16780719
6 37908478 1.07387372840304 35.1947673
6 37933250 0.34970145398745 35.22136917
6 37999069 1.44693922651934 35.24438568
6 38021694 1.79745311414679 35.27712244
6 38043289 1.45888817385278 35.31593844
6 38063490 1.13301986955862 35.34540903
6 38089862 1.17720425260153 35.37528862
6 38116481 0.987486636213432 35.40662416
6 38157637 0.400658663853326 35.44726483
6 38227779 1.50067422464166 35.47536822
6 38247802 0.793776747503566 35.50541588
6 38281450 0.850117766885225 35.53212493
6 38312868 1.31527584146584 35.55883399
6 38332952 0.615700167816521 35.58524989
6 38375856 1.42597812067071 35.61166579
6 38396789 0.147296843850542 35.64151571
6 38599441 1.33901018275601 35.67136563
6 38621930 1.19418488417576 35.70147866
6 38644939 0.714098487974177 35.72895584
6 38686142 1.07317073170732 35.75837847
6 38714391 0.401042424563121 35.78869419
6 38789984 0.472989583013244 35.81900991
6 38855070 1.26981046372383 35.84979443
6 38879287 1.17948995029177 35.88054537
6 38907049 1.43791257805531 35.91329031
6 38929469 1.62570470451011 35.94552817
6 38970621 1.42246554210403 36.0124288
6 39030259 0.625153633430634 36.09726145
6 39082331 1.08292919495635 36.12981452
6 39109137 1.2717579129262 36.15884394
6 39132864 0.623476176701517 36.18901867
6 39181262 0.539164866810655 36.2191934
6 39236822 1.18393414703378 36.24914921
6 39268529 0.433646581905288 36.28668844
6 39322799 0.553673010026601 36.31022226
6 39371669 0.466264179831582 36.33728007
6 39429145 3.32506234413965 36.36407917
6 39437165 0.770101891415424 36.39074657
6 39470632 0.3508412582297 36.41651947
6 39532147 1.04660156627671 36.4381011
6 39552833 0.773668008524745 36.45975093
6 39573948 0.43982553443541 36.47608681
6 39611090 0.33784353693681 36.49242269
6 39667998 0.357362334494125 36.51164862
6 39721697 0.683161491427886 36.53083904
6 39755061 0.685483487764315 36.55363157
6 39797151 1.01681057268722 36.58248387
6 39825526 0.834406511966954 36.61133616
6 39858450 1.01011140934662 36.63880804
6 39885647 0.762433392539964 36.66627992
6 39921679 0.753206138967728 36.6937518
6 39959731 1.12631578947368 36.72241263
6 39985286 0.544414497615772 36.75119607
6 40038343 0.775578615985542 36.78008076
6 40072649 0.456380789022298 36.80668776
6 40130949 1.16035761011775 36.83329476
6 40153879 0.52196564348071 36.85990176
6 40203593 0.775464627730043 36.88585054
6 40230012 0.716074631092093 36.90633771
6 40261795 0.687399349761478 36.92909709
6 40294706 0.498188196736446 36.95172006
6 40338033 0.59861416258239 36.97330501
6 40373535 0.797464556297352 36.99455652
6 40400197 0.804881783657969 37.01581851
6 40432849 1.10003776593513 37.04209914
6 40456680 0.488178890352803 37.06831396
6 40511328 0.494137816613206 37.09499173
6 40565574 0.798219231112832 37.12179646
6 40599155 0.7147957688311 37.14860118
6 40636686 1.05763847821802 37.17542864
6 40662051 0.815372494090869 37.2022561
6 40696320 0.780995449693837 37.23019828
6 40731922 1.0677057404358 37.25800339
6 40758035 1.22204689896998 37.28588454
6 40780850 1.00428643469491 37.31376568
6 40808612 1.06494163564743 37.34164683
6 40836283 1.17450777202073 37.3711151
6 40860408 0.361292787959847 37.39944988
6 40928447 1.16617106874235 37.42403139
6 40951315 0.807531616982837 37.45069977
6 40986739 0.607952734150851 37.47930618
6 41033792 0.386337853168386 37.50791259
6 41107836 0.67495634939361 37.53651901
6 41150218 1.05576043664257 37.56512542
6 41177334 1.03522094452882 37.59375389
6 41204988 0.27630264166319 37.62238237
6 41308067 1.22810573067138 37.65086328
6 41331258 0.65496148097045 37.67934418
6 41374743 0.60825416828228 37.70782509
6 41416007 0.142024924415604 37.73292407
6 41592300 1.04132574656311 37.75796166
6 41616377 0.889172607014931 37.78303335
6 41644574 0.761627023907166 37.80810504
6 41677493 0.818383600992297 37.83317673
6 41708129 1.20099635945583 37.85824842
6 41729005 0.687980403750317 37.88332011
6 41764522 0.569467831612391 37.90775497
6 41827472 1.27441430552099 37.94360273
6 41855601 1.31433050393821 37.97945048
6 41881755 0.506630895399531 38.01382538
6 41947357 1.5852133339747 38.04706167
6 41968146 0.670465129019887 38.08001623
6 42004652 0.783645603722753 38.10449214
6 42037316 0.79058365393638 38.13008936
6 42079944 0.905480724570367 38.16379
6 42118698 0.780268160896538 38.19888146
6 42163671 0.730855676890594 38.23397292
6 42207718 0.812518929833417 38.26616484
6 42247338 0.553051126992853 38.29835676
6 42305546 0.813487635901295 38.33054869
6 42344085 5.55387465267058 38.36189925
6 42350563 0.883351893095768 38.39787765
6 42397259 1.05855158329406 38.43912686
6 42441818 16.7084661707403 38.48629438
6 42444641 2.33968253968254 38.53346189
6 42464801 0.12650053101902 38.58062941
6 42837669 1.72390067885756 38.62779693
6 42870371 2.17493533068221 38.68417154
6 42896272 0.806902968057355 38.74050418
6 42951089 1.89809355768817 38.78473631
6 42974326 1.72377257125802 38.82884262
6 42994429 0.350692415043477 38.863496
6 43078266 0.502533324028195 38.89289667
6 43149911 1.41710892558916 38.92890087
6 43176856 1.30250939403101 38.96708526
6 43200009 1.34744090680491 38.99724187
6 43225858 1.0906425452277 39.03207221
6 43257918 1.0698528286877 39.06703785
6 43290601 1.31214350045032 39.1020035
6 43317249 1.29065020076256 39.13696914
6 43346886 1.25779864713995 39.17522041
6 43377340 1.00792175811922 39.21352558
6 43420386 1.26382117560482 39.25691237
6 43452999 1.21161191749427 39.29812947
6 43494887 1.28001688119857 39.34888143
6 43518582 1.47654588344484 39.37921151
6 43544441 1.13480752065878 39.41739355
6 43579172 1.79155672823219 39.45680684
6 43601154 0.707722918720947 39.49618931
6 43657946 0.949888489372354 39.53638201
6 43679917 0.531066851487075 39.55725157
6 43721038 0.699929934245985 39.5790893
6 43758146 0.559339177343223 39.60506253
6 43805602 1.16243912767309 39.63160637
6 43829217 0.478857760876391 39.65905768
6 43886543 0.504484998453449 39.68650899
6 43944737 0.84786492995313 39.71586717
6 43983354 1.64198503347775 39.74860902
6 44003666 1.30168185003504 39.78196114
6 44026498 0.68575604860702 39.81168081
6 44072335 0.847298378730846 39.8431142
6 44106074 0.235728306757374 39.87170165
6 44254830 1.64212793855952 39.90676754
6 44276184 0.458175783547601 39.94183344
6 44371392 1.36828793774319 39.98545577
6 44407372 0.356708752562459 40.03468677
6 44545423 0.864501266178953 40.08393057
6 44602287 1.84743088942308 40.13308956
6 44628911 0.829763246899662 40.18227583
6 44710515 0.332163245365637 40.24998817
6 44931581 1.73119681804845 40.32341788
6 44962254 2.54278599818034 40.37651878
6 44983137 2.34278949634094 40.42961967
6 45006367 0.930739332667842 40.48404296
6 45053450 0.537322579854387 40.52786448
6 45135036 1.93698414170454 40.57170209
6 45156602 0.856355063550636 40.6134746
6 45205382 0.927792263076678 40.6552471
6 45242968 1.36067394339383 40.6901189
6 45274484 0.895597510546761 40.7330022
6 45322366 1.11639022312661 40.7758855
6 45364629 1.29792899408284 40.82306709
6 45398429 0.495226150525971 40.86693726
6 45486932 0.408072120520093 40.91076601
6 45595528 0.981814721617221 40.95508073
6 45642819 0.380142552399011 41.0015121
6 45760951 0.360559784179593 41.04641934
6 45885499 1.11645913154534 41.09132658
6 45935611 0.182785230294754 41.14727437
6 46241697 1.22761104441777 41.20322217
6 46287512 1.9201202490874 41.25946518
6 46310797 0.832386945432204 41.30417539
6 46364510 0.542498934403339 41.34888559
6 46432547 1.08535762483131 41.38579537
6 46474043 1.26327411671298 41.43083344
6 46514347 0.407598330633513 41.48174879
6 46639664 1.41883331390152 41.53282784
6 46665395 0.962503405404067 41.56933601
6 46705772 0.680498469610844 41.60819945
6 46751512 0.319566331029502 41.63932499
6 46870589 0.712059898735167 41.67737802
6 46921742 1.40180308987648 41.71380225
6 46946921 1.0794213890333 41.74909873
6 46979620 0.9450911134302 41.78439522
6 47016991 0.595505997064728 41.81971444
6 47076270 0.948326798087769 41.85501506
6 47113504 1.03923242193248 41.89032477
6 47147481 0.736422060738438 41.92563448
6 47195095 1.43182653436237 41.9606984
6 47219584 0.958320806799858 41.99576231
6 47256173 0.670215501722985 42.03082623
6 47295059 1.16140819964349 42.05688804
6 47317499 0.719958408273381 42.08294985
6 47353083 2.77238961689341 42.10856841
6 47365064 0.596394625823831 42.14178463
6 47424087 0.49615283389841 42.1769859
6 47488680 0.627875083264762 42.20903346
6 47539722 1.04380679412435 42.24108102
6 47570425 1.11876075731497 42.27312858
6 47602961 1.30092544180696 42.30952817
6 47641213 1.75499911832128 42.35929103
6 47669568 0.745041812422118 42.4090539
6 47736175 0.893139517752787 42.45867902
6 47776901 0.705451282434757 42.49505295
6 47843766 2.06246209824136 42.5422234
6 47866852 1.21877471275062 42.58983763
6 47888349 0.97153024911032 42.61603738
6 47914482 1.07601101840393 42.64142613
6 47939531 0.571821374811841 42.66837922
6 47989356 1.38874993869845 42.69687021
6 48009747 1.35077848377553 42.72518772
6 48030364 0.398593725853809 42.75303697
6 48095074 1.00238504848295 42.77883023
6 48120650 0.876537740671324 42.80446674
6 48149995 0.278799914126234 42.83018844
6 48243155 0.475154710901168 42.85616145
6 48297773 0.696174687483234 42.88211318
6 48335051 0.213158049613042 42.90806491
6 48470983 0.195923084331161 42.93703955
6 48626738 0.594066344806105 42.96755529
6 48678106 0.523195964140846 42.99807103
6 48736780 0.954850955255461 43.02876866
6 48768918 0.780949294510645 43.05945542
6 48809032 0.71975701736558 43.09078259
6 48853315 0.786929363257043 43.12265585
6 48893818 0.460418666628458 43.15452911
6 48963611 0.424133435238052 43.18666329
6 49052583 0.898112668681724 43.22439938
6 49094600 0.643795270093376 43.26213546
6 49140436 0.825806076126179 43.29164412
6 49174800 0.872243006309677 43.32002172
6 49210618 0.616515971098038 43.35126389
6 49261272 0.912813158510888 43.38249296
6 49295440 1.10149899321351 43.41368182
6 49322258 0.253372888559262 43.44322165
6 49442259 0.495300307882776 43.47362676
6 49503646 1.14098619033323 43.50403186
6 49530294 0.559920198128784 43.53443697
6 49588438 0.600863755490753 43.56699289
6 49642620 0.230556775207852 43.59954881
6 49783826 0.545434880019778 43.63210473
6 49848545 1.18016783123266 43.66740489
6 49878456 1.61482159194876 43.70270506
6 49900316 0.476421842524361 43.73800522
6 49974410 1.12902401635156 43.77330539
6 50009636 1.06671470938773 43.81307643
6 50045715 0.608490671433359 43.85156291
6 50090470 0.513386566463128 43.87879596
6 50150082 0.763096870714375 43.90940023
6 50190187 1.36048010669038 43.9400045
6 50212682 0.767556179775281 43.97060878
6 50252554 0.776903825527351 44.00121305
6 50291712 1.23305771725032 44.03163465
6 50316384 0.440589990916562 44.06205625
6 50385741 0.494012191782796 44.09261427
6 50455132 1.03495157312158 44.12689468
6 50488378 1.02007924449608 44.16130312
6 50521945 0.473678391265289 44.19554433
6 50594300 0.4383686226287 44.22981729
6 50672369 1.08540492055356 44.26404064
6 50703585 0.796417742049221 44.29792298
6 50746128 1.19674208144796 44.33180532
6 50779278 1.71007371007371 44.37147735
6 50802477 0.737468265292886 44.41114938
6 50856440 0.530912352709333 44.45094544
6 50930019 1.03269095388948 44.49000937
6 50952747 1.50840036171529 44.51348049
6 50973758 0.519704278192881 44.54517315
6 51037196 0.569410045792278 44.57814254
6 51093319 0.683941586906337 44.61009965
6 51131872 1.10991307809701 44.63646774
6 51162014 0.880633117736762 44.66992286
6 51200048 0.515289704503246 44.70341658
6 51254431 0.85794307486707 44.73143936
6 51289600 0.917935272891295 44.76161226
6 51325072 0.715878859538333 44.79417294
6 51362285 0.393298838970217 44.82081332
6 51441525 0.468443331166669 44.85197877
6 51504602 2.54829189109422 44.88152683
6 51518155 5.4964150147617 44.91606339
6 51530010 3.04890043982407 44.98122299
6 51555020 1.56855679055228 45.05747611
6 51578052 0.445594486203501 45.09360313
6 51661334 2.09063195586954 45.13071276
6 51682000 0.736720948077415 45.17391776
6 51740645 0.780374085117918 45.21712276
6 51795980 0.820076570183835 45.26030502
6 51856578 0.951460938814424 45.30999995
6 51927902 1.13152366025278 45.37786234
6 51987876 0.485408366533865 45.44572473
6 52028036 1.29124159653989 45.4652192
6 52049307 0.531671644865589 45.49268528
6 52097852 0.225703792523548 45.51849573
6 52230455 1.50699899295065 45.54842493
6 52250315 1.21351382982874 45.57835413
6 52275948 1.07562317040717 45.60945998
6 52298494 1.22996309290564 45.6337105
6 52320441 0.591393247741322 45.66070466
6 52362501 0.648509600084863 45.68557906
6 52400209 0.737433542774287 45.71003334
6 52433313 0.654234324918545 45.73444498
6 52471064 0.377685649079688 45.7591427
6 52545115 0.278158473151859 45.78711064
6 52645662 1.00280101296907 45.81507858
6 52671724 0.437560181957034 45.84121379
6 52731958 0.590044054833732 45.86757025
6 52776675 1.09314275037369 45.89395525
6 52798083 1.04045882980615 45.91735675
6 52820575 0.996243169398907 45.94075825
6 52843999 0.769889840881273 45.9640943
6 52864424 1.02447273418203 45.97981901
6 52890739 0.836277974087161 46.00677811
6 52923001 0.528124294877994 46.03375821
6 52954024 0.570239596469105 46.05014216
6 52981779 0.372706935123042 46.06596909
6 53024244 0.100027491328533 46.08179601
6 53195207 0.691250536836763 46.09889664
6 53220820 0.303356076824742 46.11660117
6 53285747 0.675932598922406 46.13629741
6 53314886 0.475232235492822 46.15599365
6 53356331 0.480205028069319 46.1756899
6 53397301 0.500882910771511 46.1953634
6 53443172 0.799248617247017 46.21833934
6 53471919 0.909139233777575 46.24131529
6 53498256 1.21254051961875 46.26525939
6 53518925 0.919821826280624 46.29032165
6 53542273 0.878886105790482 46.31179742
6 53569421 0.39995976934424 46.33565744
6 53629077 0.734357206611062 46.35951746
6 53661568 0.964625025267839 46.38337748
6 53686303 0.769329980009028 46.40723751
6 53717317 0.677071509648127 46.43109753
6 53752557 1.00142677297524 46.45495755
6 53776387 0.334435123852667 46.47882164
6 53852324 0.805371900826446 46.50421736
6 53886204 1.28757187417791 46.53150291
6 53912813 1.54935622317597 46.56576383
6 53934948 0.566743706665001 46.60005835
6 53982975 1.3400767193351 46.62727743
6 54004873 1.08483033932136 46.65662199
6 54031927 0.540210657892318 46.6859711
6 54086328 0.496502787633046 46.71535918
6 54145518 0.779253300956139 46.74474727
6 54185052 0.359215036962757 46.77555412
6 54270814 0.843241911643948 46.80636097
6 54307348 0.144755451764628 46.83716782
6 54520169 0.937934904601571 46.86797467
6 54555809 1.46571973712105 46.90140317
6 54579394 0.835423765678243 46.93597205
6 54620773 0.934826217783786 46.97054093
6 54666635 1.09795636140135 47.0134144
6 54705683 1.41747669113271 47.05628787
6 54735929 0.893128341689725 47.09916134
6 54783996 0.933656515110051 47.14209154
6 54809575 0.52607317128016 47.16597369
6 54854046 0.425069427777968 47.18936837
6 54912380 0.337382753765006 47.21416475
6 54996178 0.882920583367165 47.24243649
6 55028199 1.18261421319797 47.27070824
6 55051839 1.31099648300117 47.29866499
6 55073164 1.07604562737643 47.32662175
6 55099201 0.601804317473956 47.35463882
6 55145756 0.333679200907557 47.38265589
6 55218038 0.839213639526792 47.40677488
6 55246778 0.751694859474758 47.43089386
6 55277164 1.08649566201433 47.4537344
6 55303674 1.18677379480841 47.48253774
6 55327944 0.416282664071668 47.51134107
6 55397822 0.551952613293338 47.54042968
6 55450495 1.21876505816755 47.56950301
6 55479549 1.02355831767596 47.6049131
6 55514144 0.479621828820653 47.64032318
6 55587973 0.903140255351108 47.67573327
6 55630581 0.780753545559681 47.71421422
6 55679868 0.0830317899056854 47.75269518
6 56143317 0.220979912483203 47.79117614
6 56317455 0.862447828539199 47.82965709
6 56361780 0.167686045847914 47.86788489
6 56589533 1.07075716884692 47.90607622
6 56635705 1.0146249281078 47.95551547
6 56684389 2.02213370750917 48.00491138
6 56706482 1.06702911510122 48.04958666
6 56748419 1.41917478037487 48.09433451
6 56779950 0.773235100826675 48.13908237
6 56837772 2.08175437172881 48.1837927
6 56862419 1.44263415146897 48.23510197
6 56900473 0.532361284575987 48.29000039
6 57003760 0.494685450273806 48.34498653
6 57118257 0.973323380985607 48.4016266
6 57179884 1.07775461219055 48.46161002
6 57236961 2.29010632392502 48.52312489
6 57260380 0.642105263157895 48.57675706
6 57353195 2.4386165733208 48.63635401
6 57377656 0.681717923223735 48.69600488
6 57465157 2.01913347788048 48.75565575
6 57491446 0.892861540987644 48.80873655
6 57564529 0.521510096575944 48.87398996
6 57676151 0.349135139025502 48.9322024
6 57842883 0.667397946291149 48.99041484
6 57929945 0.936965753046931 49.0485201
6 57984344 0.9597184344365 49.09949002
6 58038612 1.37896074196417 49.15157217
6 58077967 0.744105272075227 49.20584075
6 58148793 0.555726780508122 49.25854295
6 58244833 1.20316038200256 49.31191467
6 58285461 1.2486549996908 49.36079702
6 58333974 0.367498223974796 49.42137319
6 58528228 3.15504850880345 49.49276147
6 58550492 2.94743456404923 49.56300563
6 58573568 2.07886490863641 49.63102094
6 58601971 1.04853850602838 49.69006651
6 58669402 1.00881751520598 49.76077081
6 58746181 1.87725009574876 49.8382268
6 58782735 0.767220849498552 49.90684779
6 58872176 0.305431733109089 49.97546879
6 59006553 0.762676424464192 50.01651161
6 59046726 0.263081475491187 50.0471506
6 59155544 0.774629975376789 50.07577872
6 59192501 0.357389860554536 50.10440684
6 59272604 0.429419141712293 50.13303496
6 59337990 0.875792218819177 50.16111343
6 59370967 0.558484444701929 50.18999491
6 59422750 0.537602048983512 50.21891537
6 59485220 0.677301603307452 50.25249983
6 59534805 2.13626622216931 50.28608428
6 59551603 1.51710354098129 50.32196932
6 59579872 1.30565957317259 50.36485642
6 59612719 0.412188722404298 50.40774351
6 59716766 1.01177216974482 50.45063061
6 59759324 1.999387204837 50.49368978
6 59783802 2.1711991482188 50.54263061
6 59806343 1.71461870579821 50.59157144
6 59844096 2.21976177410504 50.65630384
6 59875075 2.21481756109618 50.72506942
6 59907442 1.84355734092114 50.79675656
6 59943289 1.71405619002128 50.86284261
6 59966318 1.42607025866938 50.90231565
6 59992877 0.615313383370699 50.94019032
6 60054431 1.00552359785593 50.97806499
6 60085027 0.527190038741108 51.00882996
6 60162206 1.65424688943588 51.04951764
6 60191863 1.29517357724649 51.0985773
6 60229800 1.77857815101716 51.147712
6 60257426 1.05547385805751 51.19684669
6 60301627 1.34726233106157 51.24349955
6 60336255 1.52748075598287 51.29015241
6 60369642 1.50630683484893 51.34115035
6 60400323 1.25521926433227 51.38736515
6 60436535 1.31055560360984 51.43281949
6 60471218 1.7050257575143 51.47827382
6 60495871 1.72122353711969 51.52030754
6 60520292 1.27138334406525 51.56234127
6 60557564 2.11918071642592 51.60972853
6 60579925 0.567056507302166 51.65711579
6 60647987 0.851379059461605 51.69571096
6 60693344 0.595640974225293 51.73432725
6 60758175 1.72216028185345 51.77294353
6 60780598 1.75407676584147 51.81155982
6 60802613 0.676775615506843 51.8501761
6 60861142 0.598288885463234 51.88978702
6 60926012 0.759344743862594 51.92859789
6 60992734 1.13357198791811 51.97926305
6 61037429 1.06751478386104 52.02992821
6 61083256 0.876694884855442 52.07884919
6 61139012 1.09265866580171 52.1277306
6 61185257 0.504014762355992 52.17826024
6 61285512 1.33623637773015 52.22878987
6 61329374 0.964872698527717 52.28739954
6 61390096 1.4388718734048 52.34598857
6 61421440 0.808678681425914 52.39108893
6 61487026 1.33338075254285 52.44412694
6 61515144 1.73514972999509 52.48161867
6 61539588 0.934475830280109 52.52403309
6 61581893 0.942640054434112 52.56356595
6 61625983 0.581728346677118 52.60512737
6 61697427 1.02003832466466 52.64668878
6 61752222 1.66789292423294 52.70258215
6 61790550 0.741818853888716 52.76650899
6 61877121 0.190355592743188 52.83072919
6 62234468 0.562832928620104 52.89875197
6 62338657 1.03975983012375 52.95739339
6 62379628 1.90093708165997 52.99999358
6 62402038 1.27975967957276 53.04259378
6 62439488 0.549973577189072 53.09052085
6 62526534 0.754152430817471 53.13839433
6 62594145 1.18044911780431 53.18938361
6 62627811 0.267137683391868 53.22912416
6 62773878 0.950826063648326 53.26814393
6 62814916 0.629900613237471 53.3071637
6 62862206 1.24634286949629 53.33695203
6 62889960 0.97102995255874 53.37154283
6 62925583 1.10222094764681 53.40613363
6 62956966 1.11042984173863 53.44072442
6 62988117 1.50375061761667 53.47531522
6 63010380 0.502817183388628 53.50879316
6 63080308 0.827259252288074 53.54395424
6 63122811 0.408032179260382 53.57911532
6 63170295 0.644593139516997 53.59848993
6 63209301 0.748257274292326 53.6236329
6 63244734 0.323494010987944 53.65014576
6 63347756 0.994684504434557 53.68347291
6 63381243 0.746558325187358 53.71678187
6 63430347 0.424919956739161 53.75344082
6 63523734 0.887750260935573 53.79312307
6 63576429 2.26329285403261 53.83990347
6 63597098 0.440629026645223 53.88668386
6 63703421 1.25387460124778 53.93353246
6 63738844 2.98896366083445 53.97794879
6 63753704 0.366659003738702 54.02236511
6 63836353 1.32307002161413 54.05266926
6 63860874 0.200539215407455 54.08511229
6 64036685 1.59324867820507 54.12036907
6 64058814 1.18562733295221 54.15562585
6 64088551 1.60403397027601 54.19088264
6 64110217 0.45503540614351 54.22563547
6 64151594 0.442806831339251 54.24446365
6 64193050 0.586449192420196 54.26282111
6 64224502 0.759741329598814 54.28126658
6 64248780 0.503205565407175 54.29971204
6 64285435 0.348268569918054 54.3181575
6 64338397 0.343407094163538 54.33660297
6 64393259 0.385852090032154 54.35544313
6 64442086 0.161641848155352 54.3742833
6 64567530 0.70381507235482 54.39456066
6 64594135 0.695884455252202 54.41328579
6 64621276 0.418864926220204 54.43217274
6 64665326 0.329647881014246 54.45062371
6 64721131 1.19389264914214 54.46902005
6 64752896 1.54663808593134 54.50694403
6 64784619 1.72604578601749 54.55600817
6 64812182 1.11166172468419 54.60358287
6 64836801 0.952659426343637 54.63095051
6 64865529 0.750571456966806 54.65831816
6 64905777 1.34087626384208 54.68852733
6 64928624 1.51058177233429 54.71916193
6 64950832 0.752437890261724 54.75270898
6 64988467 1.09253569492138 54.78102686
6 65016132 0.586964194674301 54.81125206
6 65067130 0.719846149679027 54.8411865
6 65104049 1.17128712871287 54.86776257
6 65129299 0.995943978367885 54.89733805
6 65158145 0.172686887420075 54.92606745
6 65343631 0.910527277155382 54.95809839
6 65376479 1.29392169925932 54.98800742
6 65401996 1.38237159162968 55.02102408
6 65422497 0.599271349460799 55.04936378
6 65456807 0.33297418841055 55.0699243
6 65520848 0.898794253463315 55.09124782
6 65544236 0.838328387734916 55.11226873
6 65564456 0.575807755997997 55.12921928
6 65590423 0.596131163010144 55.14417169
6 65615857 0.717286403633267 55.15933408
6 65636995 0.503202681623577 55.17449648
6 65667126 0.141427332170474 55.18965888
6 65774333 0.683619640200189 55.20482128
6 65796512 0.0954888117745602 55.21998368
6 65955295 0.409949979721509 55.23514607
6 65992280 0.337506586573928 55.25030847
6 66039725 0.527194310923816 55.26632177
6 66070099 0.552911988294793 55.28233508
6 66101538 0.940515309932786 55.29971834
6 66128318 0.936689892859819 55.32490576
6 66155012 0.302125279642058 55.34990936
6 66226532 0.513122972574462 55.37151758
6 66274006 0.964288551680305 55.39587802
6 66299180 0.216393849206349 55.42015274
6 66412076 0.47333401927496 55.44458308
6 66470390 0.741371437780344 55.47218507
6 66507621 0.194803956095557 55.49978707
6 66643917 0.445470664514251 55.52633795
6 66719491 0.2666909597896 55.56000424
6 66845727 0.665349117571494 55.59367053
6 66896326 0.459578123508638 55.62733682
6 66969665 0.178981652486412 55.66104148
6 67159718 0.598140513990001 55.69505755
6 67216723 0.243499770616607 55.72915463
6 67378025 0.291917162841783 55.76843146
6 67516417 1.93120076390547 55.80883072
6 67537362 0.935867938436795 55.84927959
6 67582129 0.225177324048262 55.89117589
6 67767947 0.505637684790779 55.93301825
6 67835794 1.22055630234722 55.96732381
6 67864807 0.383982255049879 56.00273565
6 67953621 0.893286533776881 56.03683869
6 67991798 0.229727065823193 56.07094173
6 68159201 1.1470649863801 56.10939857
6 68192608 0.924175188114991 56.14771899
6 68234072 0.394319818892776 56.18603942
6 68331252 1.60701486118412 56.22435984
6 68352179 1.35490109181741 56.25799016
6 68377000 0.85505881154845 56.29162048
6 68416278 0.23283169362459 56.32520532
6 68560206 1.2122062306431 56.35871598
6 68587651 0.397214079740712 56.39198493
6 68671573 0.593384378689756 56.42532023
6 68727471 0.945540148709557 56.45848886
6 68762304 0.500704985900282 56.49142468
6 68828972 1.05512532793881 56.52480584
6 68860609 0.92166191806589 56.55818701
6 68896760 1.00383217334949 56.59150557
6 68932249 0.301753928408424 56.62713033
6 69054945 0.228897798810134 56.66415423
6 69216812 0.602520735078875 56.70120568
6 69278302 1.13730967583497 56.73825424
6 69310878 0.981465451397729 56.7753028
6 69350156 0.516216288599052 56.81385305
6 69424834 1.03317967409949 56.8524033
6 69462146 0.836770907750098 56.89095356
6 69505539 1.06417883068215 56.92726313
6 69543698 0.476703645007924 56.96787112
6 69628883 1.81666890350289 57.00847911
6 69651236 0.757543037587858 57.04908711
6 69700321 1.59984501182804 57.08627157
6 69724839 0.844565498234433 57.12549677
6 69771283 1.25785659312468 57.16472197
6 69802467 1.62632375189107 57.20394717
6 69826263 0.884935516326717 57.24264712
6 69869995 1.1606982184632 57.28134706
6 69903337 1.48395099423686 57.32004701
6 69929538 0.139233501722568 57.35892848
6 70209643 1.05274523565297 57.3979287
6 70246689 0.368384242679587 57.43692891
6 70365364 1.93348370262262 57.48064657
6 70387975 0.584128310470487 57.52436422
6 70431058 1.45382797332658 57.5495299
6 70454752 1.70041465100207 57.58397715
6 70475010 1.19690718074963 57.6184244
6 70503851 0.820898192878869 57.65294399
6 70531796 0.76423636306275 57.6758837
6 70563493 0.856310742099504 57.70010737
6 70594567 0.632396862783187 57.726716
6 70635750 0.699423360600778 57.75275969
6 70673035 0.51319474487124 57.77883749
6 70716954 0.479528373439978 57.80137603
6 70789469 1.64186222201237 57.83614903
6 70810648 1.73131360946746 57.87092203
6 70831773 0.300173222761744 57.90749614
6 70978405 0.883764356276604 57.95151071
6 71028209 0.677810730655163 57.99552528
6 71098680 0.645777525232026 58.04329129
6 71172594 1.35308656334506 58.0910232
6 71206985 1.36324552160169 58.13755733
6 71230710 0.445069441654278 58.16990017
6 71305377 0.865484282626247 58.20313179
6 71343774 1.32942916533419 58.2363634
6 71368790 1.37368855844692 58.26962038
6 71393000 0.932221443587947 58.30287735
6 71428675 0.619507106532794 58.33613433
6 71482358 0.936462031840568 58.3693913
6 71517282 1.0834261382247 58.40209677
6 71547812 0.729276644314453 58.43517407
6 71589866 1.43348544694558 58.46584272
6 71615943 1.39923598367102 58.50322355
6 71642644 0.610124928553932 58.54058488
6 71703879 0.485403561378921 58.57794622
6 71795922 0.411211760171006 58.62262472
6 71910070 1.01920854997111 58.66956383
6 71951614 1.55413359493445 58.71190573
6 71974040 0.980106019361837 58.74675876
6 72022899 1.27439304713326 58.79464577
6 72068578 2.42807090719499 58.85285911
6 72092553 0.949875507797143 58.91107249
6 72153601 0.987261855096649 58.96906019
6 72189556 1.06337841421374 59.00455696
6 72227266 0.8473721198735 59.04465688
6 72267108 1.38962272295606 59.07841774
6 72290274 0.53950058655941 59.11060957
6 72349944 0.89574000389549 59.14280141
6 72385883 0.976760900814566 59.17499324
6 72419275 1.10600582681035 59.20760938
6 72447764 1.27628248547289 59.23911824
6 72475815 0.352013295346629 59.27491969
6 72581115 1.12593785121959 59.31198718
6 72614036 0.410156446248606 59.34905468
6 72713559 0.616377399968089 59.38987476
6 72769966 2.6967225270651 59.42464286
6 72783452 0.535211267605634 59.46101046
6 72851470 1.15582915336677 59.49741436
6 72884365 1.13756993686982 59.53543572
6 72917788 1.39148733713951 59.57345707
6 72945112 1.02806694967958 59.61147843
6 72982095 0.60823868181091 59.64949979
6 73044605 0.369496590830373 59.68752115
6 73145656 0.614137831484307 59.72485962
6 73194150 0.195608067788519 59.75464178
6 73361730 0.314401096971623 59.78742167
6 73481332 0.243530536116164 59.82502462
6 73643517 0.481676605812266 59.86452156
6 73725516 0.87315132087985 59.9040185
6 73770751 0.123260952333398 59.94351544
6 74091185 0.101729533425197 59.98301239
6 74479440 0.523125215226087 60.02250933
6 74554942 0.185328647136758 60.06200627
6 74881006 0.386245037174121 60.12243563
6 75066888 2.11554486731355 60.19423182
6 75102649 0.17398673221283 60.26988589
6 75535728 1.8554722194809 60.34523589
6 75576260 1.24736283420686 60.42044209
6 75636552 0.772239120988267 60.4956483
6 75684879 0.725293946166553 60.53296865
6 75736334 0.821472957050858 60.570289
6 75798291 0.741481039029152 60.62118465
6 75866932 0.716784497084753 60.67208031
6 75937938 0.784838625113726 60.72297597
6 76002787 0.200518473575971 60.77387163
6 76256609 0.146027118994199 60.82476728
6 76605147 1.72955931972325 60.87566294
6 76634488 0.398390198222928 60.92641028
6 76774381 0.526568405139834 60.98214192
6 76880221 2.50211008350543 61.03787357
6 76902495 0.187908622239894 61.09360521
6 77345141 0.631081758903193 61.17678185
6 77464761 2.19603895303447 61.25227181
6 77489098 1.07488251654359 61.30571664
6 77541233 0.761651002809805 61.36175572
6 77603159 0.803804588688508 61.40892175
6 77661825 1.76720131914256 61.45607745
6 77688509 0.494411791576575 61.50323315
6 77787020 0.540189108786436 61.55193787
6 77858619 1.830679883849 61.59061484
6 77878593 0.766100984705636 61.62718038
6 77926323 0.884048160146995 61.66374592
6 77967685 0.770692994274166 61.70031146
6 78015189 1.45071206937704 61.73692229
6 78040327 1.39132425317615 61.77339007
6 78066538 0.448075883422618 61.80985786
6 78147926 1.39650863229131 61.84632564
6 78173933 1.37561548367548 61.88264477
6 78200335 1.1540832538926 61.9189639
6 78231805 0.583435073497094 61.95528302
6 78272759 0.69557511839391 61.97917688
6 78307178 4.60030569354222 62.00311829
6 78312412 0.301547391201011 62.02719612
6 78392353 0.365329512893983 62.05130235
6 78457965 0.411459763801154 62.07527217
6 78516221 0.380616698590134 62.09924198
6 78579915 0.686363378845391 62.12348464
6 78615217 0.380155191291515 62.14771464
6 78678236 0.665805124784615 62.17167182
6 78714218 0.504400370557521 62.19562899
6 78761714 0.33578808651067 62.21958616
6 78852015 0.279831234189379 62.24990818
6 78963886 1.15320179443408 62.28121333
6 78989075 0.303073251560595 62.31026155
6 79085032 0.290196078431373 62.33934356
6 79185247 1.37380131324106 62.36842557
6 79206416 1.36612175873732 62.39750758
6 79227704 0.416564012948692 62.42658959
6 79297518 1.27799261733169 62.4556716
6 79320274 0.6000707392249 62.48475361
6 79359856 0.470168248835385 62.50850591
6 79422323 1.23741310301243 62.53787553
6 79446058 1.24311286022597 62.56724516
6 79469689 0.889939107516132 62.5966209
6 79502698 0.922120726998776 62.62599664
6 79534555 1.032294338827 62.65537238
6 79563012 0.509629836764654 62.68474812
6 79620230 1.16295764536971 62.71390798
6 79645304 0.296468004636125 62.74306783
6 79743662 1.05316629269509 62.77222769
6 79775750 0.829260796065775 62.80602174
6 79827806 0.689810555565986 62.84918979
6 79881067 0.795022519188886 62.88593021
6 79928360 0.324766456470262 62.92352912
6 80043649 0.184643455962126 62.96097063
6 80246429 0.959610206436723 62.99841213
6 80285424 0.957204614636892 63.03583192
6 80324517 1.2129659643436 63.07325171
6 80355367 0.744143499184664 63.1106715
6 80405653 0.935837286038358 63.14809129
6 80444445 0.423679757250394 63.18439407
6 80530130 0.960625545764865 63.22069686
6 80567921 1.63108235611268 63.25699965
6 80590178 1.00038579183775 63.29330243
6 80626467 0.954914906489202 63.32960522
6 80664484 1.8704802259887 63.36590801
6 80685724 1.68610226565645 63.40563682
6 80713045 1.48453991723625 63.45170295
6 80734552 1.44647557765428 63.48363115
6 80755066 0.585719108167628 63.5133043
6 80817275 1.78174794785128 63.54974135
6 80837985 1.80387172467736 63.58664117
6 80858441 1.38618665144535 63.623541
6 80882968 0.640442486172307 63.65754008
6 80936303 1.67621945235057 63.69169777
6 80956681 1.24762923877348 63.72585547
6 80983782 0.130833671909765 63.75966721
6 81242217 0.218660189979902 63.79347894
6 81394970 1.22017273701125 63.82687946
6 81424842 0.442933527767651 63.86332804
6 81507132 1.34781644048367 63.89977662
6 81534175 1.07265926427709 63.93622521
6 81568128 1.43301200078694 63.97264499
6 81593543 1.18593292087268 64.00906477
6 81624253 1.2763273173296 64.04548455
6 81652788 0.917114260700849 64.08190433
6 81695051 0.406482437747108 64.12066406
6 81790910 0.212600746422654 64.15962904
6 81960519 0.169471481470609 64.19568785
6 82198978 0.0940439455079425 64.23609977
6 82628692 0.36612810746611 64.27651168
6 82726360 0.277869298313777 64.31227085
6 82855050 0.397357542892702 64.34803003
6 82945042 1.99831664001347 64.3837892
6 82968804 2.01254609418048 64.43127288
6 82992397 0.715629713922778 64.47875474
6 83067971 1.76177601146654 64.53283764
6 83098669 0.377110505178041 64.58692054
6 83247567 0.344534515808679 64.64307107
6 83420763 1.65525658807212 64.70274306
6 83456813 0.184528505981166 64.76241504
6 83771133 1.68281373924715 64.82041581
6 83803915 0.445062156716855 64.87558135
6 83923532 0.928468580570616 64.92881861
6 83979787 1.28426358495205 64.98104977
6 84020457 0.265772802442437 65.03328093
6 84216982 0.12684107891778 65.08551209
6 84628765 2.01306559778 65.13774325
6 84654711 0.657663783225676 65.18997442
6 84734130 0.337114895111033 65.24220558
6 84916418 0.406423195460377 65.30365785
6 85067620 1.9537806689957 65.36511011
6 85092523 0.630220393770203 65.41376509
6 85177598 0.453683548178633 65.46738146
6 85295202 0.602302872946887 65.52073605
6 85383787 1.30321290289495 65.57409063
6 85422786 1.02736302329089 65.62491479
6 85469199 2.19608492127287 65.67259828
6 85490348 3.5174640182935 65.71904287
6 85512651 2.20627455320091 65.79749318
6 85548797 1.6070549630845 65.87724135
6 85574396 1.98183832739185 65.91838049
6 85595154 1.08237854277549 65.95951964
6 85633295 1.41575537348737 66.00080302
6 85662466 0.404449037846351 66.04210156
6 85784380 0.441365235371519 66.09140917
6 85896097 0.639758144920078 66.14071678
6 85989376 0.764723782771536 66.20039264
6 86074816 1.69388629909447 66.26573114
6 86112142 1.2935358353207 66.32895731
6 86151977 0.437047791893527 66.38048504
6 86275952 0.882718060669252 66.43466833
6 86337334 1.32093067974233 66.48885162
6 86378938 2.63489475955315 66.54380784
6 86399795 1.3937305104218 66.59876406
6 86442446 1.64160061859656 66.6582082
6 86478657 0.28478053909658 66.71765235
6 86689788 2.95379781018314 66.77777825
6 86710155 1.39960459937281 66.83793826
6 86754161 0.998103973552862 66.89952898
6 86815869 1.38649768132907 66.9611197
6 86860291 0.96225912997198 67.02271042
6 86924174 0.662976728229173 67.08418203
6 87011619 0.732725825002212 67.14215568
6 87090740 0.784089703765437 67.20012933
6 87156735 0.470097117367565 67.25187502
6 87266808 0.690014743331993 67.30361997
6 87341418 1.82508508224617 67.35510154
6 87369626 1.73819974339928 67.40658311
6 87399244 1.33813323629558 67.45806468
6 87437717 0.853323250147046 67.50954625
6 87497222 0.42193481967635 67.5603236
6 87590471 0.860674442190669 67.59966856
6 87645687 0.592962755006551 67.64719162
6 87725832 1.87159640092727 67.69471468
6 87751283 2.0646699319492 67.74234849
6 87774354 2.14741682445226 67.7899823
6 87796536 2.13923709394797 67.83761612
6 87818793 0.254598055443641 67.88522894
6 88024804 1.03249161570329 67.93767907
6 88075494 0.571915381760518 67.99001604
6 88164411 1.00319583357993 68.0408695
6 88215102 0.553391066220926 68.09172295
6 88327574 0.775485651604685 68.15396412
6 88412357 2.28196584756351 68.21971206
6 88441169 2.28764355593364 68.28546
6 88469381 0.596252806237932 68.34999865
6 88577622 0.434009145774726 68.41453729
6 88739008 0.916065538601807 68.48457982
6 88813590 2.43334164744029 68.55290155
6 88845664 1.62364517672512 68.6309487
6 88893733 3.36859596875135 68.70899584
6 88916902 2.83913001820446 68.78704299
6 88937776 1.32911098737936 68.84630669
6 88980880 1.26120040228467 68.90359699
6 89033579 0.71966858867859 68.97006143
6 89125670 2.50150977579829 69.03633599
6 89152164 1.42529093931837 69.10261055
6 89181036 1.46385685255074 69.14376172
6 89218927 2.40469928863979 69.19922901
6 89242122 1.60791314697088 69.25500551
6 89276571 1.34883081995238 69.31039639
6 89309329 3.61549019607843 69.35458097
6 89319529 0.925164948194977 69.39145886
6 89359390 1.11067029690134 69.42833674
6 89397955 1.25151444547996 69.47116949
6 89432291 0.344943449434494 69.51414147
6 89565623 0.416554846507626 69.56013372
6 89663250 1.82011364161316 69.60080103
6 89684897 0.919844670029335 69.64020072
6 89732280 10.4052833596749 69.68378568
6 89736709 1.49103049324595 69.72987114
6 89769208 1.26208480145691 69.77832806
6 89794467 1.08770760267818 69.81020711
6 89828968 0.70811320754717 69.84773378
6 89881968 1.29235537190083 69.88526376
6 89911008 1.53861947193364 69.92279375
6 89935361 0.381762608252674 69.96026385
6 90033511 0.697014968253512 69.99773396
6 90103125 0.740193403661938 70.04625568
6 90169101 0.427710383764401 70.09509109
6 90260850 0.696197138088982 70.13433265
6 90317176 0.386843899113838 70.17354692
6 90416932 0.916322363109655 70.21213695
6 90459046 1.74280716291488 70.25072697
6 90480769 1.50538788818641 70.28858578
6 90505918 0.7338077530164 70.32644458
6 90543297 0.87395269019819 70.3538737
6 90573016 0.460380920650786 70.37984649
6 90627043 0.733529344599223 70.40471913
6 90662075 1.12086567667904 70.43041573
6 90685779 0.655590543779668 70.4569845
6 90728333 0.878013470132813 70.48488253
6 90760107 0.922156480349056 70.51278056
6 90790360 1.37347380858606 70.54067859
6 90810672 1.06124467437614 70.56857662
6 90836960 0.614981042236134 70.59647465
6 90882324 0.421818127124507 70.62437267
6 90948810 0.547202248119679 70.65241776
6 91009305 0.425101379854666 70.68552111
6 91082791 1.26109775641026 70.71675995
6 91107751 0.515567131372136 70.74823705
6 91174173 0.666895993524889 70.7824819
6 91223593 0.489107383844226 70.81544016
6 91291024 0.798977688412994 70.84842115
6 91332303 1.29448936337232 70.88140215
6 91357781 1.14868347729172 70.91438314
6 91386493 0.853899130074565 70.94736413
6 91425117 0.36429303963972 70.98034513
6 91492398 0.909698251865048 71.00485485
6 91519341 0.973178497846038 71.02936457
6 91546036 0.410768624923925 71.05534362
6 91629835 0.612727944150386 71.08976607
6 91686702 0.727538471175328 71.12460977
6 91734595 0.640154581697649 71.15945348
6 91800062 0.45940770052797 71.20136283
6 91894575 1.34583702952731 71.24478241
6 91918248 0.611327444355217 71.27664213
6 91984247 3.79736470588235 71.31698905
6 91994872 0.245622169506146 71.35733596
6 92180352 1.5609500523926 71.40289421
6 92206119 0.457402373533117 71.44311567
6 92281534 0.549602257329146 71.47761117
6 92344263 0.884709981553597 71.51208717
6 92383295 1.67431380581729 71.5466195
6 92400382 1.14640287769784 71.57522856
6 92430962 0.886621143146181 71.61028557
6 92470502 1.02701039988282 71.64534257
6 92504637 1.03692138133725 71.68039957
6 92542745 1.18670791038501 71.71991499
6 92576043 1.52667774214736 71.7594304
6 92601926 1.01393308016011 71.79894581
6 92640898 0.978336221837088 71.83846123
6 92681288 0.317790293859331 71.87797664
6 92805395 1.36270936867292 71.91741706
6 92832560 0.97009879713829 71.95443546
6 92870719 0.920568706341174 71.99145387
6 92911232 1.48049380546525 72.02874913
6 92933994 1.54646413657014 72.06244777
6 92955785 1.3456340956341 72.09614642
6 92980797 4.84134062140391 72.12980368
6 92987749 0.46539636886572 72.16346095
6 93060068 0.714540475128973 72.19711821
6 93107171 0.389016515229442 72.23077548
6 93194666 0.912674894998583 72.26481213
6 93233475 0.561411294796405 72.30023193
6 93296566 1.76975395079016 72.33565172
6 93316562 0.33439543023179 72.37103956
6 93437706 1.03144493952896 72.41154963
6 93476981 1.7609600140148 72.4520597
6 93499814 0.416150032602283 72.49226745
6 93596433 1.51997883037841 72.5324752
6 93622886 1.4571811691371 72.57268295
6 93650479 1.80361713018256 72.6128907
6 93679784 0.415657439446367 72.66574587
6 93806944 2.07392723880597 72.71860103
6 93832672 1.4924425034739 72.77195942
6 93867935 1.39773547205417 72.82458712
6 93903969 2.25447204094089 72.87495325
6 93925268 1.4006671757566 72.92297113
6 93950149 2.44337612674133 72.95782097
6 93968454 2.09229831716121 73.00254708
6 93989787 0.470442971175621 73.04718224
6 94087378 1.84680969371206 73.09309292
6 94108959 0.812608314473872 73.13294928
6 94158006 1.51137742718447 73.17280563
6 94184374 1.30336808981573 73.21265719
6 94221873 2.21876702378791 73.26153203
6 94243901 0.936429787376081 73.31040687
6 94303819 0.361885416282949 73.36651592
6 94493846 0.297721457609067 73.43528426
6 94724827 0.418844179089687 73.50405259
6 94886288 1.09278500444373 73.57167959
6 94948173 0.539750824068384 73.63930658
6 95073466 1.81908470176627 73.70693357
6 95108908 1.541054947157 73.77140519
6 95150730 2.59795227346017 73.83585513
6 95175538 0.51114020937249 73.90030507
6 95323695 3.37312889576414 73.97603384
6 95345674 2.60032969730981 74.05017201
6 95374185 1.67769744160178 74.12431018
6 95406549 1.59579590159122 74.17860715
6 95440611 0.47866719789357 74.23296332
6 95556067 1.09927365566925 74.28822846
6 95606594 1.06682944648453 74.34377133
6 95658607 1.14504746182418 74.39926036
6 95707067 0.903096610335059 74.45474939
6 95768489 1.25279571586077 74.51021919
6 95812932 2.1575510527149 74.56589695
6 95838200 1.9535242053965 74.62041411
6 95866107 1.20088816570053 74.67493127
6 95895606 0.551305970149254 74.7103565
6 95976006 1.33307259544511 74.75468144
6 96009245 0.938355557524476 74.79899122
6 96054391 0.92752829899503 74.84135465
6 96100064 0.673551156689721 74.88371807
6 96162959 3.18753682005629 74.9260815
6 96178236 2.6609364767518 74.97477773
6 96196560 2.2632006110952 75.02353652
6 96217506 2.34875885646336 75.07094152
6 96237689 2.16391790361004 75.11834652
6 96259517 2.22761824324324 75.16558006
6 96280829 1.2368109664888 75.21305515
6 96325620 0.64870468427632 75.26845282
6 96424013 1.98889448184735 75.33228113
6 96455799 1.68625295908015 75.39550054
6 96491283 2.07516033974692 75.45533553
6 96520128 1.25873743533667 75.51519325
6 96567682 3.25050230790117 75.57505098
6 96586097 0.350719712756067 75.6349087
6 96773255 2.08026437226473 75.70054887
6 96806844 0.283451832544055 75.77042312
6 97039335 1.9888335596801 75.83632361
6 97072470 1.98201449667659 75.9022241
6 97105719 1.30088268399123 75.96812458
6 97156360 2.54489340279298 76.0340027
6 97179203 2.16473999045837 76.09213612
6 97206452 1.20706801997217 76.15112299
6 97255320 0.847130259664968 76.21010986
6 97320866 1.61370571652765 76.26563585
6 97355275 2.63125791770281 76.32116184
6 97376588 1.58038039618025 76.37724207
6 97414601 3.74602481760928 76.43731692
6 97430638 0.769098258216333 76.49739178
6 97519455 2.26357679508731 76.56570127
6 97548604 3.0380015944725 76.63168258
6 97571182 1.09049426080411 76.70027408
6 97634954 1.92651466495397 76.76981737
6 97672322 1.94256200541718 76.84180698
6 97709980 0.839766051057776 76.91495961
6 97785894 2.41871229654361 76.97870964
6 97812251 0.698064035740879 77.04245968
6 97903575 1.17596059840254 77.10620971
6 97957786 1.21576779311923 77.16995975
6 98010222 2.22303588241448 77.23370978
6 98038899 0.574964620196685 77.29745982
6 98149838 1.57030213427348 77.36124557
6 98176217 1.4873804758728 77.40266863
6 98212193 2.05855197353235 77.45617911
6 98238187 2.65098213843946 77.50968959
6 98258398 3.61678142297826 77.56326827
6 98273212 0.484906474550196 77.61684696
6 98379814 2.09364115026326 77.66853905
6 98404504 2.41010212968094 77.72023115
6 98429766 2.88961971374311 77.78111558
6 98451355 0.975080927974103 77.84349991
6 98510667 1.90883501838235 77.90133371
6 98545483 1.37026804123711 77.9677918
6 98593983 1.30570945813195 78.0342499
6 98644881 2.50082341492627 78.100708
6 98671599 0.746025188691885 78.16752472
6 98761163 3.69392033542977 78.23434144
6 98779766 0.470613212069745 78.30305959
6 98925784 3.11415295256534 78.37177774
6 98951609 3.23616755864955 78.45220031
6 98976460 1.8654635707824 78.53262237
6 99019571 2.05497966669325 78.61304443
6 99044653 1.47067073170732 78.66458717
6 99093853 2.76902215431627 78.73694427
6 99120033 4.06634278002699 78.80943689
6 99138558 2.91588604165054 78.88476575
6 99164392 3.15039103341558 78.9600946
6 99188303 1.55887405567629 79.03542346
6 99236618 0.983991865573386 79.11074022
6 99313329 1.67779105270145 79.18622281
6 99350994 1.92883385819258 79.2494166
6 99392910 1.46898767641437 79.33026555
6 99442084 2.94880588381125 79.40250172
6 99466286 1.43746855820505 79.47386836
6 99515981 2.71019809244314 79.54530322
6 99539152 1.56777026289953 79.60810164
6 99575820 0.912463096409638 79.66558816
6 99638822 3.17477172810281 79.72307468
6 99653607 3.61362940275651 79.77001415
6 99666667 1.33598021706278 79.81720852
6 99703062 1.30056271319008 79.8658318
6 99749089 2.02054101457097 79.92569272
6 99778737 2.3440679292534 79.98559748
6 99804293 1.7034898908103 80.04550225
6 99842575 3.418588802684 80.11071539
6 99861651 1.22196808800305 80.17592852
6 99898377 1.36131616145752 80.2208062
6 99936579 1.32869187531937 80.27281159
6 99975719 2.26025133713093 80.32481698
6 99998716 1.84205117301014 80.37679607
6 100026934 0.465568199918588 80.42877515
6 100139940 1.37343818903425 80.48138671
6 100180758 0.960096590227946 80.53744778
6 100239149 1.10974523427757 80.59350885
6 100289666 2.3731336824339 80.64956992
6 100312773 1.15947060099805 80.7044055
6 100335818 0.743004091174752 80.73112573
6 100378593 1.07459215095329 80.76290784
6 100409119 1.31102408458978 80.79571057
6 100434654 0.472212034868959 80.82918734
6 100505548 0.897489064364029 80.86266411
6 100540754 0.878263374850406 80.89426127
6 100585876 0.711285764747439 80.93389014
6 100642496 0.515241593987493 80.97416276
6 100713814 1.20518202689406 81.01090899
6 100744304 0.41477317621031 81.04765522
6 100832897 1.60109856840102 81.08440145
6 100856018 1.51816765091864 81.12142052
6 100880402 1.52131689232753 81.15843958
6 100905218 1.59422550052687 81.19619282
6 100928943 1.9582190007766 81.23401578
6 100948258 0.761961361026612 81.27183874
6 100997897 1.41346836578347 81.30966171
6 101024656 1.83663590984722 81.34748467
6 101044489 1.08497900098293 81.38391044
6 101078062 1.02880459653226 81.4203362
6 101117396 1.0405081557451 81.46080354
6 101156203 0.729112872645853 81.50118292
6 101211584 0.668305196954651 81.5415623
6 101272004 1.78034146556668 81.58194168
6 101294671 0.697985351330618 81.62229626
6 101349420 0.40008375647804 81.66050982
6 101444935 1.69940476190476 81.69872338
6 101470471 2.16393442622951 81.74211955
6 101492004 2.16807395253912 81.78871513
6 101516993 2.41595612665626 81.84289266
6 101541974 2.42661832794619 81.90324535
6 101564868 0.815774756947432 81.95880067
6 101611360 0.973894627652678 81.99672779
6 101657634 0.822268745523663 82.04179335
6 101712087 1.56989806532141 82.08656821
6 101740929 1.96553669864143 82.13184727
6 101763968 0.322717198423614 82.17713081
6 101904289 1.8471202480013 82.22241435
6 101928805 1.95358067299396 82.26769789
6 101951985 2.20092345078979 82.31298143
6 101972560 2.76459672309224 82.35826496
6 101994654 2.72585683684398 82.41934569
6 102017062 0.998469314539917 82.48042642
6 102079779 0.912962341998221 82.5430474
6 102148370 0.749262405998358 82.60566837
6 102238528 1.54660405451838 82.67322014
6 102282183 1.44052806972571 82.74073719
6 102328995 1.41057607831653 82.80817092
6 102376801 1.36425984745797 82.87560465
6 102426230 1.72539915079582 82.94303838
6 102466503 1.21700056776705 83.01252533
6 102528148 1.76738597813796 83.08754698
6 102570596 3.55971896955504 83.16256863
6 102594081 5.63874274922434 83.24616829
6 102608907 3.57455540355677 83.32976795
6 102632299 2.6961086286929 83.41338355
6 102655350 2.87737070959386 83.47553153
6 102676968 0.616001010856174 83.53773408
6 102771937 1.48589191774271 83.59623545
6 102811666 1.35623421354765 83.65526881
6 102855216 2.48816907879623 83.71433322
6 102881334 0.932383119392092 83.77931935
6 102951213 1.00705227743271 83.84447378
6 103013037 0.872795618401539 83.90673349
6 103081140 1.68541714112199 83.96617306
6 103120659 2.81971594379963 84.03277916
6 103146851 4.57667731629393 84.10663321
6 103163753 3.4540245321873 84.18398816
6 103186091 2.82836947318043 84.26114403
6 103213254 2.52057086614173 84.33797074
6 103243734 2.44047577400735 84.41479745
6 103272319 2.57035145809231 84.48455866
6 103297386 3.17312420100305 84.54898979
6 103317724 0.857638337304739 84.61352471
6 103393264 1.1470812160272 84.67831109
6 103449743 2.08725458641777 84.74309747
6 103480813 3.16963201741533 84.80794839
6 103504700 1.84084570639326 84.88366134
6 103542349 1.95266594124048 84.95296736
6 103568081 1.19907526329309 85.00321305
6 103610904 0.39268288952448 85.0545614
6 103741666 1.09778487327879 85.10590975
6 103786765 1.3374584830975 85.15541919
6 103808744 0.980349116755514 85.18481512
6 103847012 0.574109256260122 85.22233077
6 103911228 0.931408215855692 85.25919771
6 103950810 0.162298156333093 85.29606464
6 104177966 0.745721914316922 85.33293158
6 104227404 0.911514759964218 85.36979851
6 104267648 1.81360712518555 85.40648198
6 104287858 1.61702033793621 85.44313467
6 104310525 0.904888483835852 85.47978737
6 104350026 1.19984397788556 85.5155318
6 104379509 0.911180853235354 85.55090686
6 104418701 1.05231519431658 85.58661815
6 104466278 0.723718132340304 85.63668458
6 104543080 1.74356159227077 85.69226803
6 104574959 1.84236320712429 85.74785148
6 104608422 1.92358009394001 85.80950297
6 104643125 0.524263914740554 85.87625695
6 104770454 3.00216684723727 85.94301092
6 104790760 1.82117464300651 86.00397244
6 104824234 1.77411093649962 86.06493395
6 104858596 2.33866574596233 86.12589546
6 104884663 0.808600382003396 86.18685697
6 104960055 0.420781623158796 86.24781849
6 105104933 1.38086938691819 86.30878
6 105143949 1.75558467081559 86.36265604
6 105174479 3.24482382855067 86.41625399
6 105190997 2.64068581563778 86.46985194
6 105211294 2.21484527158624 86.52344989
6 105234399 1.74228058936579 86.57462429
6 105265619 2.57453136888704 86.62901825
6 105294533 0.642613044563617 86.70345832
6 105410704 1.87226295575839 86.77811158
6 105450802 0.576795140958849 86.85318573
6 105566545 2.26188620420889 86.91994616
6 105596054 2.29523509242108 86.98669196
6 105621427 2.04540473907684 87.04492873
6 105650631 1.77034765748298 87.1046628
6 105694985 2.02167868177137 87.18318475
6 105733825 0.966772045469833 87.26170669
6 105837894 4.82852017152358 87.36231731
6 105860748 3.29790567912558 87.47266846
6 105886914 0.932638759977724 87.55896155
6 105973106 1.5288744756181 87.63934755
6 106006717 4.29258131709662 87.69073414
6 106019199 1.9000712555223 87.74431436
6 106054284 3.15621798311948 87.81097864
6 106074781 2.48379351740696 87.87567129
6 106098938 2.92439128577531 87.93567266
6 106120007 1.4938900203666 87.99728626
6 106161251 0.846077553109803 88.05889987
6 106223763 2.47739940980842 88.1117898
6 106245112 2.21482412060302 88.16467972
6 106268992 1.22379564070526 88.21756965
6 106312210 0.366948763913787 88.27045958
6 106456132 0.66684564147959 88.32327189
6 106525043 2.2500612055036 88.36922511
6 106545466 2.04212551684611 88.41517833
6 106569893 1.38716686377513 88.4650614
6 106606252 1.92938296163115 88.5154979
6 106632393 1.22098345564733 88.56593439
6 106671500 1.41070622379877 88.61368326
6 106702510 1.18523937251077 88.65742898
6 106739419 0.426296274382186 88.70117471
6 106840825 6.5340084643289 88.7444042
6 106847441 1.36463791906055 88.78763368
6 106879119 0.825295914471172 88.83086317
6 106931499 1.05784901504955 88.87409266
6 106972364 1.2275066094323 88.91732215
6 107007541 0.934737494192349 88.96050203
6 107039826 0.844373437065852 88.99067969
6 107075816 0.704480010714525 89.02106882
6 107120615 0.671218018247942 89.05262877
6 107167634 0.978656446687854 89.08418872
6 107199728 1.243787354514 89.11559723
6 107225160 0.563843304282468 89.14722965
6 107281039 0.787577289480574 89.17873703
6 107330690 1.10801314745551 89.21784138
6 107365982 0.649468442168693 89.25694572
6 107430039 0.956379109961384 89.2985488
6 107483385 2.15639133539633 89.34956781
6 107508591 1.61134827463536 89.40392153
6 107542323 1.05925760286225 89.45827524
6 107587043 1.43939253060592 89.5056449
6 107619308 0.773775408197268 89.55208647
6 107679328 1.16817827907662 89.59852804
6 107726849 1.95946654433449 89.65404148
6 107757367 0.269600910193793 89.71384008
6 107916454 2.01408781404085 89.75672985
6 107937749 1.74202932278334 89.79961963
6 107972125 2.37026930834025 89.85950366
6 107997412 1.25179089826862 89.91944115
6 108045293 1.09796909790163 89.97937865
6 108074935 0.693133947296435 90.01192472
6 108129770 2.0065431297138 90.04993297
6 108149791 0.486758500868702 90.09010594
6 108230371 1.9718253968254 90.12932846
6 108250531 1.11854582289879 90.16908019
6 108286070 1.12564330558025 90.20883191
6 108323183 1.69125891375521 90.25060774
6 108345480 0.446251065038341 90.288318
6 108429984 0.344242092290839 90.32602826
6 108539529 0.734717882096837 90.36373852
6 108596491 1.35553683664874 90.40558949
6 108627357 1.02053758719938 90.44742927
6 108668355 1.57178625551822 90.48926904
6 108698709 1.25348116231412 90.5369789
6 108736771 0.64963691376702 90.58468876
6 108802871 0.713628203035743 90.62762933
6 108864141 1.04070071880802 90.67135337
6 108906155 0.953756216735014 90.71507742
6 108951999 1.34217608612072 90.75880146
6 108988413 1.63132911392405 90.80767505
6 109027597 1.4755256052249 90.87159731
6 109070928 1.64420964765838 90.93553322
6 109116452 2.51666035592579 91.01038392
6 109148144 3.29285265548736 91.09014234
6 109168837 2.40077808396823 91.158281
6 109199682 0.735236303558723 91.23233337
6 109282605 6.96321033614365 91.29330161
6 109291738 1.84822835366971 91.35689689
6 109319029 2.23541925190569 91.40733685
6 109341593 0.492849327914973 91.45777682
6 109443961 1.58087359779407 91.50822864
6 109475875 0.896388795140061 91.55868047
6 109532172 2.51052186458385 91.60914431
6 109552273 1.38138643481513 91.65960814
6 109595059 0.827393118123023 91.71871193
6 109666493 1.58262638156662 91.77781572
6 109703860 1.94596526764171 91.83695361
6 109737431 0.669316831277407 91.90228131
6 109835035 2.76684196511783 91.96760901
6 109865079 2.41621305860174 92.05073649
6 109902740 2.73055563893975 92.14173398
6 109936053 1.51934416315286 92.23269745
6 109995580 3.91472968878501 92.32313971
6 110018683 2.34357864896117 92.41358198
6 110045492 1.6921416029991 92.47641099
6 110087638 2.1861283958112 92.54772848
6 110120583 1.88223918043069 92.61975086
6 110158847 2.32832250347525 92.69177324
6 110189780 1.41962911816926 92.76379562
6 110240470 2.86336843759824 92.83575661
6 110265918 1.35851599349954 92.9086239
6 110316376 1.93137591968645 92.97717183
6 110345462 2.16731575793889 93.03334802
6 110365490 2.07365132264112 93.07675496
6 110389495 2.30763525103148 93.12653343
6 110411066 1.56171173997616 93.1763119
6 110442940 1.26686074721009 93.22609037
6 110482099 1.10805644665326 93.27569908
6 110542262 2.23553962486497 93.34236289
6 110562628 1.20164163741455 93.38789165
6 110600517 1.67580445908583 93.43342041
6 110634515 0.759420799919555 93.49039426
6 110714073 1.24768370442211 93.55081236
6 110762534 1.80656727120619 93.61127592
6 110796003 2.76797953029334 93.67173949
6 110817889 1.44459007967104 93.73231975
6 110856799 1.61149655963303 93.78852883
6 110891679 1.3559367009215 93.84473791
6 110933133 0.855666078483424 93.90094699
6 110997172 2.40565457897972 93.95574306
6 111019950 1.29385374607447 94.01053913
6 111062301 1.83502733890175 94.0653352
6 111092112 1.20481664885146 94.1200395
6 111137953 2.71467190956009 94.17526906
6 111158298 1.4102505171225 94.23049861
6 111197457 2.33897761014365 94.28572236
6 111222379 2.40557939914163 94.34401417
6 111246611 2.44655051654701 94.40230599
6 111269455 0.351634716016269 94.4581948
6 111429024 1.01842174026653 94.51430509
6 111474948 2.02470684955216 94.56107463
6 111498059 0.733478587999247 94.60786762
6 111561855 2.19850591993986 94.6546606
6 111583139 1.68144741097416 94.70145359
6 111610968 0.938729609490855 94.74824657
6 111651428 0.381170222677723 94.7862275
6 111758758 1.13691538736166 94.82713853
6 111797972 1.07524136451405 94.87172149
6 111844582 1.41262190653363 94.92183824
6 111880060 1.70623333333333 94.971955
6 111910060 1.47615065174761 95.02314245
6 111944736 1.50141023427157 95.07432989
6 111979482 2.51174658193722 95.12649822
6 112000254 2.36541687446162 95.1786718
6 112022311 0.792267743796884 95.23084537
6 112088165 0.214803166436385 95.28301895
6 112350163 0.983433524395359 95.33929743
6 112407387 0.892434069680775 95.39557344
6 112470446 2.28854544713126 95.45184946
6 112494969 1.08603661474225 95.50797175
6 112544785 1.33912526917651 95.56207378
6 112585186 2.16793465203812 95.61617581
6 112610160 1.33211490812747 95.6703177
6 112650923 1.45042470217426 95.72461855
6 112688361 0.939236171169613 95.7789194
6 112746175 2.0473449757559 95.83322026
6 112771542 0.455995998318134 95.88515491
6 112909484 2.55258356444315 95.94805579
6 112936888 2.52763419483101 96.01800692
6 112964553 1.68971099942007 96.08793422
6 113005937 0.364749586513829 96.15786153
6 113197600 3.48050784167289 96.22777064
6 113217685 1.14583208125488 96.29767666
6 113284241 1.19957846138405 96.37393871
6 113344022 2.46081882178585 96.44565041
6 113376410 0.927629730236043 96.52535108
6 113461818 3.41332699948178 96.60457797
6 113484974 0.893512705530643 96.68361738
6 113551874 1.68882610538212 96.74339299
6 113587269 1.40102338458496 96.8031686
6 113627723 2.41474843053407 96.85984538
6 113649705 2.3279130396359 96.91292618
6 113672336 1.49040964128098 96.96560893
6 113707684 1.81809711150223 97.01829169
6 113736661 0.441515080744912 97.07097444
6 113852272 0.518260551725538 97.12201885
6 113950763 1.45088345178235 97.17306326
6 113986362 1.0288024858577 97.22471371
6 114036566 1.27879950664657 97.27636416
6 114073051 1.12026648777441 97.32302081
6 114116280 1.54628180976404 97.3714489
6 114147599 1.63553760726906 97.41987699
6 114177314 3.35508637236084 97.46847698
6 114199196 1.71899641577061 97.54189261
6 114248021 3.63888420697792 97.62582287
6 114271753 1.33598664585233 97.71218078
6 114336452 1.83765607264472 97.79861773
6 114371692 1.87663730149531 97.86337636
6 114406200 0.348496426726365 97.92813498
6 114592024 0.993525720685476 97.9928936
6 114657205 4.24326599326599 98.05765222
6 114678589 2.52675831956573 98.14839023
6 114712485 2.55610028546605 98.23403728
6 114744713 2.00773353564524 98.31641569
6 114785574 2.12867526206216 98.39845369
6 114812953 3.50917626973965 98.45673474
6 114834040 1.57296141792749 98.53073228
6 114882223 2.03589957953232 98.60652195
6 114922892 1.67522506156393 98.68931948
6 114972434 3.06926652306995 98.77231365
6 114998897 3.03826703902181 98.85353611
6 115025395 1.26086077995555 98.9340442
6 115074885 1.95779987569919 98.99644425
6 115107065 2.04373682218738 99.05944628
6 115144059 2.18406664931008 99.13505183
6 115178628 2.6340202608937 99.21055321
6 115207452 2.50171551808646 99.28647578
6 115248256 9.67496356093733 99.38855542
6 115257175 4.39913488006292 99.47484617
6 115277519 4.33351175342343 99.56434229
6 115299938 2.03259133248968 99.66149559
6 115348141 0.967942217545202 99.75947268
6 115452671 1.01874370547204 99.86065202
6 115559907 2.3826826608506 99.9698977
6 115605757 2.53860449797685 100.0791434
6 115648265 4.89503288727603 100.1870546
6 115670310 5.04492753623188 100.2949659
6 115691700 3.94787419918462 100.4028771
6 115719172 2.36203979353623 100.5113334
6 115765863 2.9316254782339 100.6216194
6 115804547 3.11694700967458 100.7350261
6 115840931 3.46197071364823 100.8484328
6 115871184 1.74821837882892 100.9531679
6 115919174 3.00977326035966 101.0370645
6 115942196 1.8969262295082 101.1063559
6 115976356 1.48364896293132 101.171155
6 116018494 2.37233414508154 101.2336727
6 116045596 1.02251731186715 101.2979682
6 116108703 2.14344716429939 101.3624959
6 116138484 2.23484167774863 101.4263297
6 116166307 2.28684357023567 101.48851
6 116193252 2.07499326508621 101.5501288
6 116222948 0.91965227798863 101.6117475
6 116286447 3.13761467889908 101.6701448
6 116305086 2.80920357383034 101.728627
6 116325904 1.86284003312735 101.7871092
6 116357298 2.73687404076097 101.8455914
6 116385315 1.32019842910293 101.9222707
6 116445790 1.3327253616916 102.0021101
6 116478138 1.03160122008189 102.0452207
6 116514529 1.08285552575239 102.0827614
6 116555166 0.900337595907928 102.1267653
6 116604041 2.28469424519341 102.1707691
6 116634572 1.0973215299058 102.240523
6 116669816 1.11182121631523 102.2791967
6 116694382 0.458363529695966 102.3065097
6 116752336 0.461693104207975 102.3330736
6 116788648 0.548737068386403 102.3498382
6 116818420 0.273008617816502 102.3661747
6 116860426 0.162659066275942 102.3776424
6 116935159 0.151720522709402 102.3897984
6 117015280 0.0949224130015609 102.4019544
6 117124190 0.112990782295558 102.4122922
6 117198612 0.1150767041178 102.4207012
6 117271685 0.136207584830339 102.4291101
6 117334310 0.247605224963716 102.4376397
6 117368760 0.30125975368995 102.4461694
6 117390034 0.284806525037936 102.4525785
6 117411122 0.172521759112975 102.4585846
6 117445935 0.21918258369275 102.4645906
6 117470280 0.191281904215658 102.4699266
6 117498176 0.10758064516129 102.4752626
6 117547776 0.227179836512262 102.4805986
6 117571264 0.0778421033223939 102.4859346
6 117625502 0.10025407831311 102.490157
6 117667615 0.137131349876575 102.4943794
6 117698403 0 102.4986017
6 117723375 0 102.4986017
6 117744633 0 102.4986017
