Chromosome Position(bp) Rate(cM/Mb) Map(cM)
7 0 0 0
7 386109 0.0393352418485333 0
7 413006 0.0298616991250353 0.00105758
7 448436 0.0258882001146946 0.00211517
7 521674 0.146934936408621 0.00401152
7 546127 0.0254046142641995 0.00760404
7 687558 0.0599279717392302 0.01119657
7 774746 0.15114698139952 0.01642161
7 809315 0.183639606753225 0.02164665
7 833422 0.194971310168951 0.02607401
7 858518 0.188897941045771 0.03096693
7 885522 0.090549184254276 0.03606786
7 956500 0.263405679092766 0.04249508
7 990273 0.163718845850093 0.05139157
7 1044720 0.146255824637396 0.0603059
7 1105668 0.356017275592389 0.06922023
7 1139936 0.441501103752759 0.08141992
7 1167569 0.239283408650742 0.09361961
7 1229529 0.236184346773294 0.10844558
7 1292302 0.440869487644592 0.12327155
7 1325931 0.419067092651757 0.13809753
7 1365056 0.621053359615451 0.15449369
7 1393973 0.483434650455927 0.17245296
7 1433453 0.918877280824226 0.1915387
7 1454224 0.585234178467452 0.21062445
7 1489603 0.752471289431603 0.23132942
7 1517119 0.132903006984854 0.25203438
7 1705813 0.806388568499295 0.27711228
7 1737025 1.30111559915368 0.30228112
7 1757821 0.68220311309459 0.32933943
7 1803756 0.410511132016306 0.36067608
7 1883481 1.03265705360805 0.39340366
7 1915174 1.57727975270479 0.42613124
7 1935878 0.671038674934726 0.45878689
7 1984902 0.502463481489192 0.49168361
7 2042544 0.947518066579789 0.52064629
7 2067867 0.532194743262726 0.54464033
7 2112952 1.35244143139106 0.56863438
7 2136258 1.40213044426671 0.60015444
7 2163764 1.82177609825224 0.63872116
7 2184934 1.30571021184139 0.67728789
7 2214390 0.696079846947984 0.71574927
7 2269796 0.788766788766789 0.75431595
7 2322212 0.643601306173223 0.79566003
7 2386522 1.37876903947777 0.83704959
7 2418692 1.91668473782365 0.88140451
7 2441749 0.981708392101552 0.92559708
7 2487125 0.753342716396904 0.970143
7 2546807 1.73423635507588 1.01510358
7 2574418 2.46150121065375 1.06298784
7 2588873 1.9618524963191 1.09856925
7 2611286 1.12129002698162 1.14253989
7 2650572 1.03885639621702 1.18659068
7 2682716 1.11233088519521 1.21998391
7 2721521 1.53920083325443 1.26314761
7 2742643 0.530278037581838 1.29565895
7 2801448 0.551989662253062 1.32684172
7 2857940 1.67140387939312 1.35802448
7 2878768 1.33990223624957 1.39283696
7 2904749 0.61551850849031 1.42764945
7 2956455 0.865379794434695 1.45947566
7 3004323 1.29863941312935 1.5009
7 3036221 0.970890770414947 1.54232433
7 3079094 1.42149385006528 1.58394951
7 3108200 1.01095258682807 1.62532342
7 3156773 1.29326650556401 1.67442861
7 3190292 1.4390187226132 1.71777745
7 3220416 1.52982072275551 1.7611263
7 3248752 1.30558083968597 1.80447514
7 3283908 0.90531968712301 1.85037433
7 3335302 2.15678363670482 1.89690191
7 3356618 2.07800573571586 1.94287599
7 3379283 2.09836548372846 1.98997352
7 3399656 1.66154922461036 2.03272368
7 3425385 0.859906936048361 2.07547384
7 3475673 0.690662208727099 2.11871704
7 3534295 1.02571377903884 2.15920519
7 3573768 1.09055648332705 2.19969333
7 3610894 1.01354294440133 2.24018148
7 3650841 1.86096525096525 2.28066962
7 3676741 0.756407104664741 2.32886848
7 3741825 1.33506397707606 2.37809804
7 3777072 0.881693287166313 2.42515523
7 3821837 1.15831916016656 2.46462382
7 3855939 1.20662550916497 2.50412498
7 3887363 1.7312725117403 2.54204199
7 3909296 0.983934494195688 2.58001356
7 3947888 1.39820833737589 2.61798512
7 3978809 0.77224256497276 2.66121931
7 4034794 1.12915177290161 2.70445349
7 4073121 0.624190027071872 2.74773041
7 4130376 2.33638563673229 2.7834687
7 4145665 1.7757733175915 2.81918993
7 4166840 1.00990851589435 2.85679168
7 4203677 0.911171747708133 2.893994
7 4254618 0.990349759968649 2.94041027
7 4295446 2.24076908360436 2.98084446
7 4316354 1.19989755410424 3.02769448
7 4355399 0.56570466821491 3.07454449
7 4432045 1.68790875116786 3.11790377
7 4457733 0.729288535045298 3.16126304
7 4505086 0.528414481133519 3.19579724
7 4570440 0.367855474225199 3.23033144
7 4660334 0.802446067606591 3.26339957
7 4701543 0.380523498294777 3.2964677
7 4796252 0.355445749622748 3.33250653
7 4897643 0.388414075551005 3.36854536
7 4990428 0.970041989664083 3.40458419
7 5027580 0.764720860653129 3.44062302
7 5074707 1.33287935535127 3.47666184
7 5101140 1.78513988942871 3.5118937
7 5125016 1.79251170046802 3.55451586
7 5156425 2.2019242050921 3.61081707
7 5181994 2.62487761667211 3.66711827
7 5203443 2.3372893713545 3.72341947
7 5228131 1.62538571810385 3.7811226
7 5269288 0.650847583505078 3.84801904
7 5377006 1.4362567348862 3.91812736
7 5425819 1.19552088575742 3.98823568
7 5473507 0.922564152347669 4.0452478
7 5535313 1.89498814651574 4.10226741
7 5565262 2.61092775944261 4.15902026
7 5587078 1.0682871021587 4.21598034
7 5640397 1.56351506534697 4.27294042
7 5676971 1.63804525509765 4.33012412
7 5711840 1.37977099236641 4.38724085
7 5753236 2.53884567792116 4.44435758
7 5775864 1.06067428170729 4.50180656
7 5830055 3.05366850780672 4.55928595
7 5853048 3.14587485053806 4.62949873
7 5875629 1.89095220333564 4.7005361
7 5913163 1.3802838870691 4.77151064
7 5945218 1.15023909985935 4.81575565
7 5980768 0.865000285774162 4.85664644
7 6033257 0.99542749310495 4.90204954
7 6088369 2.12883054336428 4.95690954
7 6114116 1.70892614128418 5.01172101
7 6146448 1.89768512158263 5.06697411
7 6175564 1.47204257060991 5.12222721
7 6212209 2.05764907217879 5.17616984
7 6242010 1.77528154946296 5.23748986
7 6276551 1.2465520498772 5.29880987
7 6318895 1.30847238204833 5.35159348
7 6346703 1.27501471453796 5.38797948
7 6373887 1.71868195674263 5.42263903
7 6394554 1.27319865319865 5.45815911
7 6424254 1.00336986228673 5.49597304
7 6461941 1.72112830845316 5.53378697
7 6483779 1.65319693094629 5.57137284
7 6505284 0.909816767325212 5.60692485
7 6544360 1.45878297977104 5.64247687
7 6568731 0.730015827012805 5.67802888
7 6617382 0.907647907647908 5.71354507
7 6652032 1.81235643564356 5.74499504
7 6677282 1.04889908485649 5.79075668
7 6717385 1.88749664369462 5.83282116
7 6739731 1.78303781097914 5.87499901
7 6769114 1.79181914566162 5.9273905
7 6798353 0.992247623358986 5.97978199
7 6851369 0.474320949813841 6.0323868
7 6962296 0.603820219846931 6.08500136
7 7054542 0.937678866031447 6.14070126
7 7113944 0.95387881126978 6.19640117
7 7165764 0.705141051987975 6.24583125
7 7224643 1.91159991699523 6.28734939
7 7248738 11.6105755990085 6.33340985
7 7252369 0.448619745594354 6.37556825
7 7353546 1.73867749979889 6.42095827
7 7378408 0.483324758986289 6.46418523
7 7467822 0.13884694983739 6.50740083
7 7721497 1.72484401089727 6.54262238
7 7744255 0.339746809492081 6.58187654
7 7841810 0.400054958411279 6.61502021
7 7936427 0.894576679012054 6.65287214
7 7978818 1.20410236870515 6.69079457
7 8010312 0.282543935916989 6.72871701
7 8150630 0.0159179905895711 6.76836275
7 10641271 0.078694550969043 6.80800848
7 11145067 0.332162237762238 6.84765421
7 11234442 0.409541588881975 6.87734089
7 11306757 1.1622777755975 6.90695736
7 11332238 0.473871163877244 6.93657383
7 11394736 3.33400650734882 6.96619029
7 11403649 0.517195767195767 6.99590586
7 11461105 0.553681794102066 7.02562142
7 11517735 0.23665937051853 7.0569769
7 11650225 0.403430218345106 7.08833238
7 11727946 0.979488471009626 7.11968786
7 11763682 1.7681611243072 7.15469089
7 11783890 0.484110807840913 7.19042183
7 11896734 0.375390982147154 7.24505123
7 12042201 0.579155990957046 7.29965809
7 12174901 2.2853497059585 7.37651204
7 12201938 2.28299310438998 7.43830095
7 12231232 2.20036095159967 7.50517883
7 12261707 1.15570526315789 7.57223529
7 12321082 1.71786604871414 7.64085576
7 12360783 1.62416906439131 7.70905642
7 12380941 1.04020299963143 7.74179636
7 12416212 0.934379312107119 7.77848502
7 12474913 2.21581990912846 7.83333435
7 12499123 2.23583639904783 7.88697912
7 12522228 1.86949463579898 7.93863804
7 12550564 2.7148025324088 7.99161218
7 12573783 1.42279880901744 8.05464753
7 12611399 1.61187811849053 8.10816746
7 12632042 0.851748087110065 8.14144191
7 12674517 0.744171392564587 8.17761949
7 12709431 0.455463669209153 8.20360182
7 12771706 1.11405095140745 8.23196624
7 12797142 1.30688722338019 8.2603029
7 12819691 0.288306885553838 8.28977206
7 12921905 1.41841547939931 8.31924122
7 12942681 0.356264043237991 8.34871039
7 13025016 0.227059139214597 8.37804372
7 13185265 1.84444444444444 8.41442982
7 13211365 1.279010218489 8.46256969
7 13253152 1.86900820974576 8.51601569
7 13283360 1.3548476114552 8.57247467
7 13315974 0.90086130564276 8.61666162
7 13378089 0.31590231806911 8.67261896
7 13553925 0.520612590152257 8.72816566
7 13643773 0.388395303651793 8.77494214
7 13764207 1.1023166023166 8.82171863
7 13806683 0.104811685041133 8.86854059
7 14253408 2.51677058697054 8.91536255
7 14272012 1.73344193106512 8.96218451
7 14299023 2.70550366735265 9.00900647
7 14317974 1.17124378864317 9.06027838
7 14370700 0.853387648947746 9.12203329
7 14446062 2.68836594619943 9.18634648
7 14469519 0.723251252996295 9.24940768
7 14556710 3.15980874442554 9.31246888
7 14578461 0.943731301157211 9.38119751
7 14667036 3.16360071301248 9.46478834
7 14695086 0.698679099913423 9.55352734
7 14820985 1.12214830388803 9.64149051
7 14884719 1.02811650485437 9.71300981
7 14974844 0.950382981362607 9.8056685
7 15071585 2.32574540046535 9.89760933
7 15113274 2.80889400038336 9.99456775
7 15144576 2.95623049402451 10.0824918
7 15170850 1.45479693197536 10.16016421
7 15226521 1.57831477413327 10.24115404
7 15266124 2.13374752509046 10.30366036
7 15295418 1.36888294253708 10.36616667
7 15339516 2.54614768945617 10.42653128
7 15363255 2.09117320345211 10.48697383
7 15386661 1.83502844337183 10.5359203
7 15409865 1.0160593695564 10.57850067
7 15451772 1.72535353944649 10.62108103
7 15476451 1.78671385566675 10.6636614
7 15501033 0.539193825042882 10.70758194
7 15582653 2.21416542842992 10.75159126
7 15602843 2.2557775316093 10.79629525
7 15629022 1.94118218623482 10.85534877
7 15659897 0.656484833089901 10.91528235
7 15754379 0.896044610095056 10.97730856
7 15823601 0.199801062670831 11.03933478
7 16182508 0.86826195017629 11.11104449
7 16269013 1.97621618774199 11.18615379
7 16306980 0.754626463370479 11.26118513
7 16406408 1.25091399566961 11.33621647
7 16462754 0.689703326251987 11.40670053
7 16530067 2.16260127564213 11.45312646
7 16553271 2.45704921240583 11.50330699
7 16573713 1.36753975168809 11.55353369
7 16610441 1.36064776014491 11.60376039
7 16647430 1.21950569420887 11.65408966
7 16688700 0.752696698134379 11.70441894
7 16755541 1.05212129707504 11.75473002
7 16798345 1.75486108405097 11.79976502
7 16824008 0.432750055252866 11.84480001
7 16928075 1.08488516828155 11.88983501
7 16969048 0.509970316464787 11.93428606
7 17052596 2.26105492762245 11.97689327
7 17072768 0.683203429977901 12.02250279
7 17148337 1.41665440241896 12.07413154
7 17223080 2.43713634036215 12.12744883
7 17244563 0.256101721197085 12.23237314
7 17502523 0.833728090952155 12.2984375
7 17589074 2.66814568312072 12.37059703
7 17616119 2.61646666424972 12.44275655
7 17643702 1.04225636878285 12.51492656
7 17712946 1.57993832651367 12.58709658
7 17746672 0.697554022351346 12.640382
7 17847695 0.820982094993031 12.7108506
7 17940965 1.36896397604362 12.78742338
7 17996900 1.11231010368941 12.86399615
7 18063252 1.12475235453687 12.93780003
7 18128870 1.02374055068145 13.0116039
7 18201362 2.0497432783084 13.08581738
7 18237588 1.1040666121478 13.16007181
7 18304843 0.925747396708095 13.23432624
7 18364383 2.33644325971059 13.28944481
7 18390643 1.17462390477765 13.35079975
7 18451133 1.81758416044203 13.42185251
7 18490225 1.50922877593934 13.49290527
7 18537306 1.07445714631343 13.56396177
7 18603438 1.99623501123169 13.63501826
7 18635045 0.939353320932268 13.69811304
7 18708157 1.85629078964429 13.76679144
7 18754431 1.06311181707362 13.85268983
7 18808573 1.78151612452883 13.91024924
7 18837225 1.26900817208574 13.96129279
7 18877484 0.244299356850516 14.01238144
7 19113510 2.27569228491041 14.07004249
7 19140522 0.892487949358267 14.13151391
7 19209398 4.24393408589594 14.19298533
7 19224812 2.2386271823515 14.25840141
7 19253279 1.82056336418695 14.32212878
7 19288283 1.2271464893409 14.38585614
7 19339413 2.12651613395377 14.44859991
7 19365631 2.05627500909422 14.50435253
7 19393121 1.67786987623481 14.56087965
7 19419542 0.369253471841738 14.60521034
7 19556429 0.318309044716072 14.65575648
7 19718988 1.10072368994681 14.70750071
7 19776333 2.35173602007566 14.77062173
7 19803032 2.54074493468678 14.83341077
7 19827759 0.653064646274115 14.89623591
7 19923186 0.610298294063498 14.95855629
7 20025300 1.27922491122196 15.02087666
7 20074017 2.98544029119418 15.08319704
7 20095446 2.46902859789279 15.14717177
7 20121357 0.558988983853999 15.2111465
7 20236370 1.31921953330688 15.27543774
7 20264097 1.53176122205771 15.31201548
7 20291788 1.30876002467613 15.35443117
7 20324208 1.01214510030122 15.39686122
7 20355414 1.58120953299353 15.42844601
7 20377191 5.48582159624413 15.46288051
7 20382516 0.897421571640082 15.49209268
7 20418313 1.05035283255292 15.52421728
7 20448639 1.14264052853894 15.55607062
7 20476338 0.128483725604107 15.58772109
7 20731094 0.251645324754515 15.62045345
7 20873771 1.10492512370154 15.65635742
7 20904288 0.935339805825243 15.69007613
7 20940338 0.465856234411163 15.72379484
7 21029344 1.24901804519838 15.76525859
7 21064478 1.00585563778039 15.80914143
7 21107855 0.497972470657145 15.85277193
7 21196633 1.04314580607646 15.89698106
7 21231028 0.678433232169954 15.93286018
7 21283748 0.474196260559715 15.96862751
7 21358679 1.62622655122655 16.00415939
7 21386399 1.5991392774095 16.04923798
7 21415212 0.459230390462122 16.09531367
7 21510663 0.8589420279042 16.13914772
7 21577678 0.774547198186613 16.19670949
7 21623559 0.385747126436782 16.2322461
7 21699684 1.60147783251232 16.2616115
7 21719984 1.06275482093664 16.29412115
7 21756284 1.72301609983805 16.33269947
7 21777278 0.186616826523451 16.36887287
7 21978187 0.980669020003362 16.40636608
7 22019830 1.93210401891253 16.44720394
7 22040980 0.987482480305447 16.48806799
7 22082362 1.5718954248366 16.52893204
7 22108372 1.82873372992799 16.56981671
7 22130729 0.566039041949329 16.61070138
7 22202959 1.88648905803996 16.65158605
7 22223979 0.881078798117533 16.69124053
7 22273701 0.98582326334976 16.73504983
7 22318140 0.523273730605225 16.77885914
7 22401861 0.746307838222343 16.82266845
7 22460905 1.31511063779434 16.86673334
7 22494709 1.38541312138381 16.91118967
7 22544658 3.42377641696211 16.98039017
7 22566377 1.70204585537919 17.0547509
7 22594727 0.52264360829826 17.10300414
7 22769125 0.366767955909697 17.19415242
7 23023512 1.7203429437076 17.28745371
7 23085563 1.86582424496644 17.39420264
7 23142779 1.56425794798634 17.50095774
7 23219182 3.37305118466269 17.62047149
7 23246827 1.17063506667157 17.713719
7 23328346 3.35355208379963 17.80914761
7 23350685 3.28180752156797 17.88406214
7 23374563 1.26770477379223 17.96242502
7 23423434 1.91526623032018 18.02437908
7 23451699 2.62086931352212 18.07851371
7 23472428 21.664673046252 18.13284154
7 23474936 0.979742373866754 18.18717687
7 23529977 2.50472177829435 18.24110296
7 23550626 2.19273328528427 18.29282313
7 23574213 1.2066913977742 18.34454331
7 23617074 0.824244941553433 18.39626348
7 23684486 1.72795123771613 18.45182735
7 23716642 2.22638938975037 18.50739122
7 23741599 1.15253576796749 18.56295509
7 23777525 2.1164792774145 18.6043614
7 23798782 1.81829204219375 18.64935109
7 23823525 1.01465944970681 18.69434077
7 23867865 1.91235229108221 18.73933046
7 23891391 1.71464188576609 18.78432014
7 23917863 1.53346169554816 18.82971019
7 23952141 2.56613627489262 18.88227456
7 23972629 1.49927282060056 18.9348498
7 24007696 0.363088425593098 18.98742504
7 24181571 1.72501229575387 19.05055717
7 24218169 0.505099124957137 19.11368929
7 24375647 4.11479465611084 19.1932311
7 24397878 3.40113771564545 19.2847073
7 24424774 2.22062464508802 19.37618477
7 24468799 0.424646394849605 19.47394738
7 24706140 1.40167092614455 19.57473352
7 24783223 2.2279007724775 19.68277819
7 24833451 3.72239894206369 19.7946812
7 24861430 3.07902048200556 19.89883039
7 24892384 5.15540650186618 19.99413855
7 24910871 4.41956874565268 20.08944672
7 24932436 4.00655792836724 20.18475488
7 24956224 0.812851590467424 20.28006304
7 25073548 4.16699367778504 20.3754296
7 25096483 1.32141919980112 20.47100003
7 25168890 0.868080533574898 20.56667958
7 25281489 2.63213484375855 20.66442458
7 25318035 3.16028629588285 20.76061841
7 25348493 2.71798308600606 20.85687444
7 25379828 3.11324827506456 20.94204214
7 25405771 1.99338614724907 21.02280954
7 25447048 2.13942238057994 21.10509023
7 25481569 2.92026390197926 21.17894545
7 25508094 1.35312147120503 21.25640525
7 25570084 2.05588235294118 21.34028521
7 25617344 3.72435602575897 21.43744576
7 25643432 2.57274459974587 21.5346063
7 25681208 2.17968960258365 21.63179413
7 25725796 2.17966654507221 21.72898196
7 25772399 1.26783422086092 21.83056102
7 25851082 2.42022158248277 21.93031839
7 25885471 3.03625444025341 22.01354707
7 25912778 3.46154807532078 22.09645837
7 25936782 2.71610224895397 22.17954901
7 25967374 1.05430713986626 22.26263965
7 26046185 1.91426495519496 22.34573029
7 26087475 0.779801042482881 22.42477036
7 26204887 3.82431811536694 22.51632824
7 26228828 1.16967481628575 22.60788611
7 26307891 2.55832389580974 22.70036459
7 26344094 1.71019443469912 22.7929835
7 26398251 2.8486965621249 22.8856024
7 26430742 2.4881575666916 22.97815979
7 26466841 2.29558804333638 23.06797946
7 26497485 1.51768067886826 23.13832496
7 26543326 1.86825639786246 23.20789688
7 26580565 1.5864399973228 23.2774688
7 26625388 1.55800705506014 23.34857745
7 26671029 1.97223830397265 23.4196861
7 26707302 1.90324039587102 23.49122489
7 26744890 2.53883224470288 23.56276368
7 26769998 2.36503109410237 23.62650846
7 26799264 2.5692279138827 23.69572351
7 26826204 1.78352401566687 23.76493855
7 26865012 1.24444883942538 23.8341536
7 26920631 3.47639653815893 23.90336865
7 26940967 1.49509534790088 23.97406469
7 26995609 1.06686787128131 24.05576018
7 27072148 2.77242016699598 24.13741669
7 27103526 3.91933885786345 24.22440994
7 27125730 2.28029219850781 24.31143449
7 27164197 2.533167759263 24.39915093
7 27198824 1.89668482642367 24.48686737
7 27239757 1.94970664411438 24.56450454
7 27277595 2.4535858019397 24.63827785
7 27307909 1.44986354775828 24.71265578
7 27359209 2.66998269896194 24.78703371
7 27384641 1.20542862722125 24.8549371
7 27440972 0.689937685156809 24.92284049
7 27538862 2.07260786840975 24.99037868
7 27571448 3.08209265574316 25.05791687
7 27595494 3.28714627871906 25.13202901
7 27618040 3.67400793650794 25.20614115
7 27638200 2.38411943180251 25.28020922
7 27667204 0.777995297082616 25.34935778
7 27756085 1.5469921027316 25.41850633
7 27800784 3.26992008322694 25.48765489
7 27821931 1.43186383119707 25.55680345
7 27870224 0.793284232745962 25.62595201
7 27957392 1.49890200682713 25.69510057
7 28003385 1.47899682485197 25.76404007
7 28049997 0.316138233378885 25.83297957
7 28268063 1.36348173493404 25.90191907
7 28318624 0.714504845312743 25.97085856
7 28415109 1.45107242838199 26.03979806
7 28462618 1.70099336095443 26.10873756
7 28502684 0.81252495830495 26.17688918
7 28587826 1.08876586508973 26.24606887
7 28651409 0.667996392396281 26.31529634
7 28766721 0.804145347324603 26.39232482
7 28882031 4.50343958918709 26.48505121
7 28902673 2.68035292082348 26.5780111
7 28937355 2.60247052217855 26.67097098
7 28969413 2.10190647390941 26.75440056
7 29008910 2.41099895970984 26.83741913
7 29044477 0.638392624809487 26.92317074
7 29178982 0.649754451279956 27.00903809
7 29311135 2.55945035619542 27.09490544
7 29344684 1.11860483161761 27.18077279
7 29422008 1.55295307993174 27.26726759
7 29488227 4.41034882224224 27.37010209
7 29511534 4.09902063097054 27.47289442
7 29536448 1.89750417806836 27.57501741
7 29590899 2.24264011048921 27.67833853
7 29632170 2.68782913984786 27.7708941
7 29666350 0.677882747854384 27.86276432
7 29802791 3.30104534589176 27.95525501
7 29830820 4.23057753164557 28.0477798
7 29856100 4.82327934511471 28.15472892
7 29884563 2.27297404661017 28.29201404
7 29944979 1.36597887683957 28.42933786
7 30036916 1.8372858543151 28.55492207
7 30105269 1.85108125209365 28.68050628
7 30185870 1.67896981627297 28.82970514
7 30271214 1.83024811458854 28.9729952
7 30325181 3.00045559470295 29.07176869
7 30358105 2.5376565448619 29.17055525
7 30398908 2.18197016188763 29.27409968
7 30446163 1.08247212187844 29.37720863
7 30509833 0.977401781708646 29.44612953
7 30587848 1.44730990706779 29.52238162
7 30640467 0.980608276892174 29.59853712
7 30718129 1.96720840301003 29.67469263
7 30756401 1.15321330769679 29.74998121
7 30842216 1.9117005041822 29.84894449
7 30893983 0.620522949586155 29.94790777
7 31053463 2.23944331296673 30.04686845
7 31097653 0.889414096129168 30.14582913
7 31159216 2.82895408664232 30.20058448
7 31184677 1.99451720986902 30.27261216
7 31220790 1.41861336172058 30.34463984
7 31271517 1.35204936616525 30.41660184
7 31322240 3.25100734771273 30.48518205
7 31343335 0.668503510671743 30.55376226
7 31457843 3.2991515569146 30.63031077
7 31481062 1.89780497472996 30.70691405
7 31521426 1.13003776479613 30.78351734
7 31589214 1.08914906501753 30.86012063
7 31643707 1.60756732360463 30.91947128
7 31683589 1.07581172917191 30.98358459
7 31743184 1.01679512798554 31.0476979
7 31806238 0.670659121102127 31.11181121
7 31901835 0.591584775086505 31.17592452
7 32010210 2.46882461286582 31.24003783
7 32039528 2.28735305271141 31.31241929
7 32071172 1.59207206533725 31.38480074
7 32124679 2.06353858824669 31.4699877
7 32165961 2.1441479989932 31.55517465
7 32205691 1.97667997029887 31.6403616
7 32248787 3.67654471191449 31.72554855
7 32271801 2.06037337709915 31.81016068
7 32305922 2.75677836484983 31.88046233
7 32334690 1.55915883893428 31.95976935
7 32398459 0.964957947462848 32.0591957
7 32494886 2.34617524794606 32.1522442
7 32525437 4.51961564703207 32.22392263
7 32543025 1.82357863772379 32.30341387
7 32582459 2.34031677707906 32.37532531
7 32612196 2.39130880393564 32.44491944
7 32641467 1.25952451269935 32.51491576
7 32682099 1.39230622738526 32.56609263
7 32718856 0.933052562489745 32.6172695
7 32773705 0.998983661885403 32.66844637
7 32825853 1.94243131828534 32.72054173
7 32860542 0.977019196657338 32.78792292
7 32936649 1.35860846686521 32.86228098
7 32991380 0.619310839315341 32.93663904
7 33111323 0.720202986934942 33.0109215
7 33201181 1.88538890235038 33.07563725
7 33225943 1.02104580894828 33.12232319
7 33278400 2.53506927854754 33.17588397
7 33299330 1.17340439647928 33.22894346
7 33344548 1.69813075122639 33.28200295
7 33375737 0.389492438145504 33.33496573
7 33525039 0.924913478983397 33.3931182
7 33590630 3.23280366855071 33.45378388
7 33609384 1.05887489739246 33.51441138
7 33666641 1.35170750855156 33.57503888
7 33702307 1.64319536157191 33.62324866
7 33733352 1.82432384150916 33.67426155
7 33761341 2.39859187984041 33.72532231
7 33782646 2.12350982040029 33.77642459
7 33814773 1.7125532448008 33.84464673
7 33854683 0.998971275885104 33.91299489
7 33929533 0.592962840132026 33.98776777
7 34056175 2.03651292802236 34.0628618
7 34096243 1.12063907444391 34.14446059
7 34168848 3.23790291853997 34.22582442
7 34195094 3.31404281870296 34.31080597
7 34220737 2.95046599930963 34.39578752
7 34243913 0.635984683820946 34.46416777
7 34411840 1.51502938460862 34.5709667
7 34480073 3.11232084378854 34.67434169
7 34503586 1.37678985681145 34.74752142
7 34553590 0.303852372515418 34.81636657
7 34760164 2.936416453637 34.87913442
7 34781679 2.97836424155968 34.94231183
7 34802709 2.13676525773548 35.00494722
7 34832022 0.447950903385141 35.06758261
7 34939728 1.50513704717551 35.11582911
7 34967857 0.862776129244972 35.15816664
7 35028517 1.27048096331872 35.21050286
7 35071618 0.570141843317122 35.26526142
7 35179977 2.13838219514728 35.32704132
7 35208868 1.38563674696093 35.38882122
7 35253454 0.310058654999222 35.45060112
7 35452755 1.20281968390805 35.51239617
7 35508435 2.79034074321224 35.57936928
7 35532412 0.651185052234341 35.64627298
7 35641057 2.00016963048825 35.71702138
7 35676428 1.67645734063485 35.78776979
7 35718611 2.61988887305884 35.85848751
7 35739668 1.97081267258529 35.91365421
7 35773347 3.31024554764941 35.98002898
7 35797660 2.49864193441537 36.06051068
7 35827850 1.08338733244394 36.13594507
7 35906555 2.4253501152278 36.22121291
7 35934760 0.936602854811307 36.28961946
7 36009511 2.48057864981709 36.3596313
7 36039581 0.772131588754089 36.43422221
7 36136185 1.56074256074256 36.50881313
7 36183804 0.758556528910658 36.58313415
7 36283231 2.95664275353797 36.65855515
7 36308740 2.84992124253636 36.73397616
7 36336039 0.523872937726573 36.81177596
7 36484722 2.52618837182492 36.88966671
7 36510745 1.81886529759833 36.9554054
7 36553840 1.88242074927954 37.0337896
7 36595480 2.52485102270897 37.1121738
7 36626525 1.65112103149862 37.19055801
7 36666622 2.89444394978185 37.2567629
7 36689084 2.09713397790055 37.32177819
7 36718044 1.2895529159449 37.38251071
7 36766536 0.919123482554892 37.44504379
7 36834578 0.988082729635569 37.50758267
7 36906910 0.641821202460599 37.5790529
7 37018265 2.41432054236382 37.65052313
7 37048208 1.49034800318782 37.72281502
7 37093380 0.742792876452259 37.79013715
7 37190298 2.4472834766063 37.86212762
7 37219729 2.07948205799297 37.93415368
7 37248767 0.885555028462998 37.9945375
7 37324655 1.76072789430576 38.0617405
7 37352736 2.3395030071332 38.11118319
7 37374185 1.31831626225557 38.16136304
7 37410699 2.3892887278503 38.20950003
7 37430846 1.46500091301966 38.25763701
7 37463704 2.12450348662724 38.30577399
7 37486362 1.92059991177768 38.35391098
7 37509032 2.13180571876224 38.39745101
7 37529456 1.89040265200517 38.44099104
7 37554192 1.68781808337845 38.48775235
7 37581897 1.35760395463798 38.53451365
7 37616287 1.50749124400052 38.58120198
7 37647123 1.55548141722826 38.62768729
7 37677097 1.41666919874814 38.67431142
7 37710008 1.78814144358365 38.72093555
7 37736082 2.02356329362482 38.76755968
7 37758999 0.740024535123967 38.81393352
7 37820951 2.12446709916589 38.8597792
7 37842531 1.41712570402921 38.90562488
7 37874845 1.12425120298537 38.95141815
7 37915577 0.767489022223712 38.99721142
7 37975243 1.09916365280289 39.04300469
7 38019483 2.16153246246832 39.0916316
7 38039999 0.684015577672003 39.13597799
7 38097774 0.921854953462875 39.17549666
7 38140643 1.22334354538355 39.21501533
7 38173937 1.74044953422784 39.25574489
7 38197339 0.402438542407715 39.29647445
7 38298547 1.95300887077439 39.33720401
7 38319402 1.19169106881406 39.37793357
7 38346722 1.06993328732459 39.41049022
7 38377151 1.31948609872741 39.44304686
7 38401825 0.817991473474433 39.47560351
7 38441466 0.227594869203997 39.50802916
7 38583978 1.75170927775245 39.54046376
7 38608111 0.421938317197325 39.58273754
7 38708301 0.598051259143447 39.62501132
7 38779937 1.50651394889313 39.66785354
7 38809796 1.53475361040679 39.71283625
7 38846080 0.631823184360711 39.76852338
7 38934217 1.45340489916727 39.82421051
7 38979490 0.364701427586441 39.8900108
7 39156432 1.46102021174206 39.95454156
7 39194875 1.20701437689382 40.0107078
7 39241408 3.08747663551402 40.06687404
7 39260133 2.29380405606919 40.12468744
7 39286957 3.91092841569767 40.18621634
7 39308973 2.05293260065044 40.27231923
7 39344641 3.39347302058224 40.34554277
7 39366213 2.49162695711368 40.41874649
7 39395593 1.90739880742296 40.49195021
7 39449426 4.8937660852159 40.59463164
7 39470408 1.3120624837957 40.69731308
7 39501264 1.28499034749035 40.73779784
7 39534416 0.478015878889112 40.78039785
7 39629007 1.91422886414631 40.82561388
7 39652628 1.94479850965781 40.87082991
7 39673026 1.75073922061874 40.91050028
7 39695685 1.47917793401839 40.95017064
7 39721571 1.0703374181635 40.98846059
7 39757313 0.770176974930249 41.02671657
7 39806416 0.864364352763936 41.06453476
7 39849561 0.738914206459283 41.10182772
7 39900031 0.581594460559558 41.13912069
7 39964153 1.21388157894737 41.17641365
7 39994553 0.571749081491297 41.21331577
7 40060965 0.947064460486808 41.25128692
7 40139230 2.22147165860711 41.32540888
7 40179348 1.66097524971707 41.4145297
7 40199671 1.49085769808321 41.4482854
7 40222313 0.360803174221474 41.4820411
7 40305483 1.4239933887333 41.51204948
7 40327264 1.28800133411157 41.54306507
7 40351250 0.83240825564477 41.57395876
7 40388364 0.584493718783109 41.60485246
7 40441220 1.04873306979457 41.63574615
7 40472082 0.886656702049502 41.66811212
7 40511555 0.436903975367432 41.70311161
7 40591774 0.41678646582078 41.73815983
7 40687768 0.654597513089005 41.77816918
7 40748888 1.55525753158406 41.81817853
7 40774613 0.527767517940059 41.85818788
7 40850421 0.95539999580827 41.89819723
7 40898134 1.02232614753836 41.94378202
7 40929353 1.09081058408193 41.97569809
7 40957962 0.365974035263403 42.0069049
7 41041845 1.51704882387824 42.03760376
7 41062081 0.359721122462774 42.06830262
7 41113860 0.331164213071617 42.08692852
7 41170104 0.348840693710904 42.10555442
7 41223498 0.723958333333333 42.12418032
7 41249226 0.252477193553197 42.14280623
7 41322999 0.146163081776306 42.16143213
7 41450432 0.553620259184401 42.18005803
7 41484076 0.185017899231763 42.19868393
7 41585477 0.516689617185348 42.21744502
7 41621787 0.834222696549271 42.23620611
7 41644275 0.376638760063442 42.25496569
7 41694084 0.249554367201426 42.27372527
7 41769258 0.543484558780926 42.29248486
7 41803776 0.723515066341504 42.31124444
7 41827969 0.256897968768346 42.3287485
7 41896105 0.254712677507174 42.34625256
7 41964060 0.951965299346685 42.36356152
7 41982734 0.368748573917733 42.38133878
7 42030943 0.664772302400359 42.39911604
7 42057689 0.450148151998752 42.41689606
7 42096163 0.323986082011374 42.43421486
7 42149619 0.293826989858503 42.45153366
7 42207500 0.589129832340308 42.46854061
7 42236368 0.68088 42.48554756
7 42261368 0.300280360041316 42.50256962
7 42322361 0.167615143319297 42.52088466
7 42475062 0.367725583448433 42.5464795
7 42545291 1.08267303903073 42.57230415
7 42569144 0.766821070134806 42.5981288
7 42602822 0.982757917906493 42.62395345
7 42627355 0.788628618794707 42.64806371
7 42659928 0.578311083095072 42.67375157
7 42704347 0.25598613420963 42.69943943
7 42804161 0.338217774600905 42.72499043
7 42879707 0.15745363379549 42.75054143
7 43018116 0.737506413545408 42.77233398
7 43047351 0.564434337097449 42.79389485
7 43085607 1.27780040733198 42.8154879
7 43105247 0.432428706814853 42.84058425
7 43163282 0.866445715118185 42.86568061
7 43190739 0.950388345906574 42.88947058
7 43217648 0.384826050319008 42.91504459
7 43284104 0.0735871302027583 42.94061859
7 43541948 0.572566993932134 42.95959289
7 43580347 0.137647644006266 42.98157933
7 43715046 0.599931305575698 43.00012015
7 43741249 0.672268179652649 43.01583966
7 43764338 0.543956814357824 43.03136199
7 43792866 0.634623797025372 43.04687962
7 43820298 0.309275301812615 43.06428822
7 43877784 0.242802906150989 43.0820672
7 43951008 0.264340090906556 43.09984617
7 44022730 0.157631725867418 43.11880543
7 44131991 0.159274282245079 43.13602794
7 44245644 0.222972223932993 43.15412968
7 44326829 0.344857834817598 43.17223143
7 44379268 0.843478982530396 43.19031578
7 44403367 0.241516562901003 43.21064323
7 44487531 0.345620293301625 43.23097067
7 44568267 0.268563343952416 43.25887511
7 44672168 0.456881697490851 43.28677955
7 44733105 0.426121749071163 43.31462018
7 44789089 0.628070452570887 43.3384764
7 44827072 0.992965660770031 43.36233261
7 44851097 0.519278220414006 43.38618883
7 44904188 0.829421838442799 43.41375792
7 44945647 0.464858839582573 43.44814499
7 44997680 0.351000686415699 43.47233279
7 45071979 0.846500908854843 43.49841198
7 45102787 1.19799787793514 43.52449116
7 45124464 0.478506016104365 43.55046031
7 45178735 0.563834129219216 43.57642946
7 45227737 1.0291280217529 43.60405808
7 45254584 1.32162894176823 43.63168669
7 45275260 2.41523775852926 43.65901287
7 45286574 0.73354450767744 43.68633905
7 45323826 0.950298284862043 43.71366524
7 45350646 1.01083923154702 43.73915174
7 45375371 0.929073268651723 43.76414501
7 45402272 0.648444594349168 43.78913827
7 45440815 0.646415270018622 43.81413153
7 45479479 0.882116260191296 43.8391248
7 45507812 1.23525922997084 43.86411806
7 45528045 0.877748121092927 43.88911133
7 45556519 1.14725728712417 43.91410459
7 45578304 0.821867806642552 43.93909785
7 45608714 1.18142283148192 43.96409112
7 45629869 0.648721084541126 43.98908438
7 45668300 1.09649470026828 44.01401519
7 45691037 0.640850515463917 44.03894599
7 45729837 0.67461609419936 44.06381073
7 45766695 0.740470518165575 44.08867546
7 45800275 0.106923242313481 44.11354019
7 46032825 0.729514927561734 44.13840492
7 46066923 0.376010883531101 44.16327976
7 46133078 0.290023201856148 44.1881546
7 46218847 0.81790681616414 44.21302943
7 46249260 0.839095968966099 44.23790427
7 46278905 0.998314403820685 44.26277911
7 46303822 0.398983094344465 44.28765394
7 46366168 0.82460385864881 44.31252878
7 46396334 2.33677678788089 44.33740362
7 46425181 2.32936587990048 44.40481274
7 46454923 2.80476305609284 44.4740924
7 46479739 3.54195715230777 44.54369589
7 46499390 1.55759016274163 44.61329939
7 46540621 0.595173166075811 44.67752083
7 46584625 0.593325999266593 44.70371046
7 46628257 0.303542286646827 44.72959852
7 46722010 0.707699194270367 44.75805663
7 46762222 1.11570042299079 44.78651474
7 46786336 0.413697661187397 44.81341869
7 46851369 0.90995389205316 44.84032264
7 46880865 0.989120727449866 44.86716221
7 46905499 0.696066205645618 44.89152868
7 46940783 0.779294687452702 44.91608891
7 46973818 1.03314499442941 44.94183307
7 46998950 0.216122911285536 44.96779847
7 47118581 0.269879447393893 44.9936532
7 47220860 0.848777241723507 45.02125667
7 47256926 1.00333244468142 45.05186861
7 47286934 1.16873624939404 45.08197684
7 47313751 0.88162937642428 45.11331926
7 47352367 0.655253382604846 45.14736376
7 47404324 0.367740195158566 45.18140827
7 47489588 1.51715294914598 45.21276319
7 47510255 0.769277950882014 45.24411811
7 47551014 0.321668923632484 45.27547303
7 47648490 0.41866352599311 45.30682795
7 47739341 0.28862380865659 45.34486431
7 47871125 0.883573642366258 45.38290067
7 47915651 0.19164576077161 45.42224258
7 48120936 0.564010666054993 45.46158448
7 48190690 0.35877326572859 45.50092639
7 48300347 1.7197797907231 45.5402683
7 48325959 0.524300404478426 45.58431485
7 48404826 2.15030663015389 45.62566466
7 48430753 1.92228676446457 45.68141602
7 48461224 1.28102235461987 45.73998983
7 48501171 1.23672555604224 45.79116308
7 48542265 2.15335184450615 45.84198482
7 48567475 1.27632661697976 45.89627123
7 48610008 2.39003365140829 45.95055764
7 48631701 1.06152491707956 46.00240466
7 48680543 0.770323767378004 46.05425168
7 48755566 1.75141942498188 46.1120436
7 48788678 1.16532805165234 46.1700368
7 48852799 2.07587170150147 46.24475847
7 48892893 4.03217989725695 46.32798851
7 48913527 1.69800402289958 46.41118806
7 48945842 1.74655903680394 46.46605937
7 48982387 0.316141820930569 46.52988691
7 49231095 0.277647532004297 46.60851346
7 49420054 0.491176167694943 46.66097761
7 49526867 1.75912017167382 46.71344176
7 49556691 0.129425695677916 46.76590592
7 49962051 0.0822281083961569 46.81837007
7 50600081 0.81636971913172 46.87083422
7 50664346 0.40295859351598 46.92329838
7 50794543 0.771489086309349 46.97576253
7 50862531 0.882549996633223 47.02821428
7 50921935 2.20596650677438 47.08064123
7 50945701 1.82707948875675 47.13306818
7 50974963 1.3906721324155 47.18653188
7 51000821 0.975277822515703 47.22249171
7 51038075 0.543392171007111 47.25882443
7 51106002 0.488196948682386 47.29573535
7 51178102 0.888793020803375 47.33093425
7 51219826 0.560036871777059 47.36801872
7 51294680 0.339081621923304 47.4099396
7 51418311 0.423894029020679 47.45186047
7 51517206 0.309252264746673 47.49378135
7 51652762 0.303930893153049 47.53570222
7 51754749 1.08717461150088 47.56669961
7 51785251 0.732439948218823 47.59986068
7 51826965 0.19730452302844 47.63041403
7 51981817 0.148428590508872 47.66096739
7 52176483 0.389388768228359 47.68986162
7 52224828 0.824778619225067 47.70868701
7 52249785 0.187596977669837 47.72927086
7 52368369 0.740866553435242 47.75151687
7 52398396 1.10177801990986 47.77376287
7 52418587 0.483209522568313 47.79600887
7 52464625 0.356158242743472 47.81825488
7 52527086 0.0904025975609261 47.84050088
7 52773163 0.431786575847878 47.86274689
7 52843633 0.714178403755869 47.89317502
7 52886233 0.526275692652135 47.92359869
7 52950551 0.813070002464876 47.95744725
7 52983007 0.636066900458592 47.98383599
7 53020077 0.695142278842719 48.00741478
7 53053673 0.640042433180677 48.03076862
7 53092322 0.182439473964057 48.05550527
7 53233377 0.787557390468733 48.08123931
7 53261474 0.763174827874654 48.10336773
7 53292556 0.770756362131647 48.12708851
7 53326389 0.918301229003064 48.15316521
7 53354786 0.24209705420887 48.17924191
7 53462499 0.291873147267744 48.20531861
7 53551894 1.5586424709598 48.23141046
7 53570575 1.26708900359768 48.26052793
7 53596147 0.488675360329444 48.29292986
7 53664626 0.309402072912525 48.32639357
7 53772783 0.5037680360261 48.35985728
7 53838069 0.463870151770658 48.39274663
7 53909229 2.19382911392405 48.42575552
7 53930717 0.953348501335444 48.47289658
7 53981262 0.379219164391 48.5210838
7 54108331 1.53950290093833 48.56927103
7 54136253 1.69972088458117 48.61225743
7 54168856 2.64774437541003 48.66767319
7 54194769 1.00290153307954 48.73628398
7 54243364 2.24042660782421 48.7850195
7 54265117 0.525067435587387 48.83375502
7 54361876 1.20964916549073 48.8845599
7 54402978 0.574540370015138 48.93427871
7 54489515 1.00190665671889 48.98399751
7 54513641 1.2776835594573 49.00816957
7 54533689 0.525090978739705 49.03378478
7 54585899 0.113588339120131 49.06119932
7 54827253 1.10879676440849 49.08861387
7 54851978 0.230789305317035 49.11602841
7 54970766 0.821669414056646 49.14344295
7 55004131 0.587245063127226 49.1708575
7 55050466 1.26953762889003 49.19806752
7 55071899 0.419541230666941 49.22527754
7 55135068 0.523076923076923 49.25177935
7 55186678 0.582884890271588 49.27877542
7 55234250 0.174514764745865 49.30650393
7 55393142 1.32840701020141 49.33423244
7 55416080 0.404574264299397 49.36470366
7 55493863 2.13060257278267 49.39617254
7 55508633 0.952422747495536 49.42764141
7 55541674 1.21123128440014 49.45911029
7 55567655 1.22902499241998 49.49057917
7 55613829 1.88021312666505 49.54732821
7 55634474 1.2988170273543 49.58614546
7 55666681 1.24763772508469 49.62797634
7 55700335 0.457887689751407 49.6699647
7 55762324 1.37138285104681 49.69834888
7 55784821 1.34969378827647 49.72920038
7 55807681 0.317646937703973 49.76005401
7 55904814 0.738239938747189 49.79090765
7 55946608 0.91987490564003 49.82176128
7 55992973 0.528763719196521 49.86441174
7 56089553 0.171583767743258 49.9154799
7 56304212 1.07067074725835 49.95231181
7 56343422 1.20099313643927 49.99429296
7 56381886 0.959352554375316 50.04048841
7 56431311 0.877180649338637 50.08790479
7 56485366 0.793912502731138 50.13532116
7 56544865 0.688305064988052 50.18255797
7 56613493 0.37066218037806 50.22979477
7 56709192 1.97982075418522 50.26526641
7 56726933 1.71450108357675 50.30039054
7 56748159 1.39845521269646 50.33678249
7 56774182 0.748467771790548 50.37317444
7 56822804 1.30263251511917 50.40956639
7 56850914 1.19941648018582 50.44618381
7 56886217 0.73828744791031 50.48852635
7 56943570 2.01902536715621 50.53086889
7 56964542 1.28086805449724 50.57321143
7 56997351 1.24615384615385 50.61523567
7 57031021 2.15729537366548 50.657194
7 57052096 1.24236380525654 50.70265893
7 57088698 0.887330107709888 50.74813213
7 57129827 1.54045840192478 50.78462748
7 57153518 0.791957814330975 50.82112206
7 57199600 0.611880490912749 50.85761663
7 57259244 1.77669052139623 50.89411121
7 57279785 0.744373977086743 50.93060579
7 57328665 1.13886356730477 50.96699123
7 57361575 0.607276253411866 51.00447157
7 57417263 0.746991104133961 51.03828982
7 57459305 0.453076534660607 51.06969482
7 57528620 0.886798438262567 51.10109983
7 57569600 1.10663159182675 51.13744116
7 57602292 0.475162507021908 51.1736188
7 57664597 0.850070154339547 51.2032238
7 57699520 2.16208060923917 51.23291053
7 57713439 0.951709307106037 51.26300409
7 57745060 0.753948984546831 51.29309765
7 57780069 0.419281050942767 51.31949298
7 57843022 0.805093347276474 51.34588831
7 57875535 0.536479712865364 51.37206404
7 57924014 0.409258996994445 51.39807237
7 57987563 0.507840637647437 51.4240807
7 58068360 1.34669918699187 51.46511318
7 58099110 0.315317784833741 51.50652435
7 58230441 1.1297919982734 51.54793551
7 58267508 0.424165537239575 51.58981374
7 58330962 1.41377620268436 51.61672921
7 58357486 0.864151726045075 51.65422814
7 58400880 1.75049015031276 51.69172706
7 58422302 0.61557529096968 51.72922599
7 58483219 0.610760852759788 51.76672492
7 58541430 1.26029949381327 51.80227774
7 58569878 1.50075134800672 51.8381303
7 58592504 0.808330286967648 51.87208633
7 58636272 0.584957085541128 51.90746571
7 58695343 0.711668561417895 51.94202011
7 58749000 0.578991701072923 51.98020612
7 58821419 1.22710356457522 52.0221366
7 58855813 1.11534936381281 52.06434118
7 58892909 0.850322660199762 52.10571597
7 58941567 0.502617864648502 52.14709075
7 59023886 1.46568770597806 52.18846553
7 59047857 1.4522946362363 52.22359975
7 59072131 1.20948982742649 52.25885319
7 59101278 1.51720700416089 52.29410663
7 59124350 1.88014119091467 52.32911134
7 59143898 1.23228834870075 52.36586424
7 59173723 1.62085997794928 52.40261714
7 59196398 1.06524006701015 52.43937004
7 59228035 1.09671816767377 52.47307128
7 59255672 0.404916171264445 52.50338108
7 59330527 0.821364695680451 52.53369088
7 59367429 0.199704824278203 52.56400069
7 59519203 1.30101465614431 52.59431049
7 59544039 0.343645468968022 52.62662256
7 59648673 1.169769416683 52.66257957
7 59679291 1.34326729348556 52.69839546
7 59703115 0.227571730446565 52.73039775
7 59845558 0.916094390278367 52.76281411
7 59880943 0.701691076261589 52.79523046
7 59933040 1.49119739784509 52.831786
7 59957635 1.01820688878883 52.86846178
7 59993171 1.27145266708834 52.90464485
7 60021629 1.22598409137263 52.94082792
7 60051047 0.620186249945689 52.97689427
7 60120094 0.535465694398409 53.01971652
7 60198536 1.18201772899958 53.0617197
7 60234071 1.15377008652658 53.10372288
7 60270476 0.179348636160382 53.14572606
7 60512000 1.98717414841343 53.18904342
7 60536014 1.48239196478393 53.23676303
7 60568272 0.541760157063867 53.28458212
7 60668104 1.09969113037064 53.33866728
7 60711488 0.616809358311435 53.38637625
7 60782270 0.720362334383817 53.4300348
7 60842877 1.72874169689546 53.47369336
7 60864104 1.24040021633315 53.51038924
7 60893688 0.565341840842005 53.54708512
7 60960766 1.76070129627903 53.58500734
7 60982212 1.3033723378551 53.62276704
7 61011183 1.42882133544575 53.66052675
7 61041480 2.70515115354017 53.7038156
7 61061592 0.343982549868808 53.7582214
7 61219757 3.73513661952492 53.8126272
7 61234323 2.25797883378294 53.867033
7 61258418 1.21193085627729 53.9214388
7 61303310 2.26715787730772 53.97584459
7 61327468 0.840637046053966 54.03061454
7 61386616 0.638526840296201 54.08033695
7 61473314 2.36119919285097 54.13569567
7 61497597 2.27276260810417 54.19303279
7 61518179 1.69493061850638 54.23981089
7 61546861 2.67350200949945 54.28842446
7 61568757 0.52602039003943 54.34696347
7 61681361 0.440655269383565 54.40619543
7 61815779 2.20250622838657 54.4654274
7 61842672 1.01941346551012 54.52465937
7 61900776 1.79473954091636 54.58389133
7 61933929 1.76527209814407 54.64339279
7 61965719 2.04481312670921 54.69951066
7 61993144 1.97823479610555 54.75558976
7 62021492 1.67012810271885 54.81166886
7 62055293 1.21166355563097 54.86812119
7 62108330 2.17630965066383 54.93238459
7 62143053 1.43142857142857 55.00795305
7 62172453 1.50212541850055 55.05003694
7 62199036 0.435766356425657 55.08996839
7 62286280 1.29275932158209 55.12798658
7 62316291 0.547613488542744 55.16678384
7 62376253 0.890612709864656 55.19962026
7 62413122 0.943675301498026 55.23245668
7 62450104 0.591197105339154 55.26735611
7 62508971 0.68682505399568 55.30215852
7 62557586 0.552629231524018 55.33554827
7 62602428 0.548138047944574 55.36032968
7 62656699 0.668164053726248 55.39007809
7 62701221 2.12706517227065 55.41982651
7 62725311 1.34027759828375 55.47106761
7 62764000 1.27923885631939 55.52292113
7 62794533 1.92205758802414 55.56198032
7 62820719 1.09684660143396 55.61231124
7 62866606 2.29664613278576 55.66264216
7 62888521 1.93098024170343 55.71297308
7 62914586 2.32475750577367 55.763304
7 62936236 1.48787669380765 55.81363492
7 62969519 1.31676770899809 55.86315577
7 63007127 1.65788416471376 55.91267661
7 63036997 2.16477616760182 55.96219746
7 63061770 2.05164696430621 56.01582593
7 63087909 3.3729741410358 56.0694544
7 63101792 1.27528861501912 56.11628152
7 63128731 1.44921117016789 56.15063653
7 63152437 1.40787640357348 56.18499154
7 63176839 0.538167520403528 56.21934655
7 63240676 0.7433441637166 56.25370157
7 63281918 0.65880861305712 56.28435868
7 63328452 1.12005407182785 56.31501579
7 63355823 1.66818331066185 56.3456729
7 63377142 1.01984400091764 56.38123659
7 63412014 1.4113641025641 56.41680029
7 63436389 1.34125869448903 56.45120249
7 63466293 1.13318265291708 56.49131158
7 63501688 1.76668281724882 56.53142067
7 63524391 0.706069839935554 56.57152975
7 63581493 0.685110646897981 56.61184786
7 63640374 1.51574359359735 56.65218807
7 63666988 1.06533684606699 56.69252829
7 63693558 0.752619551889422 56.72083425
7 63765326 1.41829326037776 56.77484868
7 63803340 2.18813048604743 56.82876412
7 63833872 1.15027947154472 56.89557165
7 63888976 1.37724783302428 56.95895624
7 63935354 3.47812848124768 57.02283052
7 63948819 0.374474497615439 57.06966394
7 64065612 1.69855140005437 57.11339967
7 64091361 0.629122973575569 57.1571354
7 64160880 0.79269221009896 57.20087113
7 64216054 1.0394524194315 57.24460686
7 64258130 0.815604634322954 57.28834259
7 64285750 1.27160943619638 57.31086944
7 64307708 1.12244733880045 57.3387912
7 64332584 0.511756731488407 57.36671296
7 64375368 1.17103984450923 57.3886079
7 64398006 1.21854460093897 57.41511838
7 64419306 0.347423936177333 57.44107375
7 64494013 0.559387539598733 57.46702912
7 64541363 0.298267882818116 57.49351603
7 64630387 0.841163240092502 57.5200692
7 64661954 0.946226213384648 57.54662237
7 64690016 1.78971344599559 57.57317554
7 64710431 2.78246354754774 57.60971289
7 64730800 2.10967046334181 57.6663884
7 64766972 0.619870357734672 57.74269945
7 64890080 1.55517258729999 57.8190105
7 64929828 1.72504866098396 57.88082579
7 64959626 1.50302094522019 57.93222899
7 64989418 0.994985697459196 57.977007
7 65019133 1.2689262966333 58.00657308
7 65041113 0.659714939460387 58.03446446
7 65083069 1.06304902851703 58.06214322
7 65106178 1.34982247385088 58.08670902
7 65127020 0.344415875056544 58.11484244
7 65211026 0.503497602766643 58.14377513
7 65274641 0.410664611928798 58.17580538
7 65351212 1.46357924133116 58.20725011
7 65372697 1.05654101995565 58.23869484
7 65407875 0.871441969519343 58.27586233
7 65450525 0.516559491506523 58.31302983
7 65504331 0.10844395774939 58.34082426
7 65780114 0.531406030668633 58.37073096
7 65836393 0.363562319932897 58.40063767
7 65918654 0.409107697358522 58.43054437
7 65991757 0.368208512367187 58.46045108
7 66072980 0.347970260742085 58.49035778
7 66158927 0.2382192697381 58.52026449
7 66284471 0.294999005766554 58.55017119
7 66385051 0.829916268878629 58.5798419
7 66410609 0.821378097962842 58.60105331
7 66439620 1.10330611591419 58.62488256
7 66464604 1.01713969775157 58.65244777
7 66491734 1.05898380535728 58.68004258
7 66517792 1.28646346929628 58.70763739
7 66540102 0.403858221963974 58.73633845
7 66626152 1.29455775340781 58.77109026
7 66665180 0.629927935565918 58.82161407
7 66745386 1.38141849401214 58.87213788
7 66781960 1.08889176424921 58.92266168
7 66828331 0.190323159680604 58.97315518
7 67001032 0.427654179617209 59.00602463
7 67074388 1.19309648768672 59.03739535
7 67099158 0.891251244006152 59.0669485
7 67132317 0.32942639151595 59.09650166
7 67226423 0.429216221080759 59.12750272
7 67298650 0.499508563878639 59.15850378
7 67360713 0.62828827368165 59.18950484
7 67410055 0.616321099459803 59.2205059
7 67460407 1.31267648630085 59.25153871
7 67486613 1.36605300745913 59.28593919
7 67511817 0.226639897310996 59.32036924
7 67663732 0.300385972931109 59.35479928
7 67742494 0.968635972284859 59.37845819
7 67766885 0.543114116888323 59.40208402
7 67824256 0.921782090347011 59.43324294
7 67858059 1.03674063295744 59.46440187
7 67888298 0.374500761270108 59.4957518
7 67978936 1.15070740209145 59.52969564
7 68017952 0.166580709793518 59.57459114
7 68287467 0.631102696532234 59.61948665
7 68359300 1.00538189816049 59.66482042
7 68419316 1.93658404808536 59.72515929
7 68448930 1.72724248472751 59.78250885
7 68481996 0.210882323247842 59.83962184
7 68709815 0.739390123234686 59.88766446
7 68765400 0.635543094649598 59.92876395
7 68846721 0.629081092912122 59.98044744
7 68928960 2.50977261731979 60.03218279
7 68949630 0.98150143313073 60.08405934
7 68998823 0.343478090075226 60.13234276
7 69100649 0.565205011389522 60.1673179
7 69160353 0.799943450544931 60.20106257
7 69199257 0.244146998257564 60.23218341
7 69325517 0.713276068283136 60.26300935
7 69371502 1.16642958748222 60.29580972
7 69399622 0.313279018901804 60.3286101
7 69504321 0.529877759316402 60.36141047
7 69571729 0.196495667721084 60.39712876
7 69753504 0.57908560311284 60.43284705
7 69815184 1.5817758056564 60.46856535
7 69837495 0.221893471842965 60.50385593
7 69990938 0.77844695321624 60.53790419
7 70034607 0.714792353052274 60.57189789
7 70082260 0.473662253865836 60.60595979
7 70154172 1.30655452436195 60.64002169
7 70178308 0.283930275691931 60.67155649
7 70289374 1.27203420596184 60.70309128
7 70314165 1.51272068809416 60.73462608
7 70336255 1.22928473534096 60.76804172
7 70363252 1.12602049386864 60.80122863
7 70393017 1.4053307669777 60.83474445
7 70416916 0.60530584291533 60.8683303
7 70472402 0.303789553408661 60.90191615
7 70585951 0.945068493150685 60.93641109
7 70622451 1.30604710375557 60.97090602
7 70646016 0.610651408450704 61.001683
7 70702816 1.35817213564101 61.03636822
7 70728354 0.109164065731583 61.07105343
7 71047470 0.700241551057053 61.10588946
7 71094251 0.867346142846 61.13864727
7 71132712 0.65955553798094 61.17200616
7 71183290 1.28746062696865 61.20536506
7 71209958 1.32548898576444 61.23969869
7 71235879 1.41425866469087 61.27405678
7 71260173 0.293650624720632 61.30841488
7 71401116 1.09069983965241 61.34980289
7 71439782 1.89771857984971 61.39197606
7 71462005 1.6008305436671 61.43414923
7 71485604 1.58892765563916 61.47192717
7 71509393 1.06150303302629 61.50972609
7 71545001 2.813200618477 61.5475242
7 71565697 1.64001014055942 61.60574658
7 71601198 0.945163439120712 61.66396896
7 71643232 1.45913206623705 61.70369827
7 71667750 1.42780441035475 61.73947296
7 71699040 1.00971839262306 61.7841491
7 71743286 1.3981548084441 61.82882525
7 71775261 0.895534945213437 61.87353171
7 71825182 1.24985322485952 61.91823817
7 71860951 0.49065466717884 61.96294463
7 71952066 1.54737206085754 62.0076511
7 71980986 0.457566306957746 62.05240066
7 72053452 1.30236777916592 62.08555903
7 72087070 0.362727310384822 62.12934201
7 72207775 1.68065220076584 62.17312498
7 72232062 1.69037752174507 62.21394331
7 72254021 0.758970196470196 62.2510625
7 72302069 0.980190302118052 62.28752938
7 72339273 1.58738519131154 62.32399627
7 72362246 0.573972737400878 62.36046315
7 72423282 1.11372310060614 62.39549642
7 72454463 1.25562904333369 62.43022367
7 72482132 0.95855865798477 62.46496529
7 72518376 0.766008114305874 62.4997069
7 72563728 1.16047568145377 62.53444711
7 72593664 1.03275941966991 62.56918732
7 72621717 0.922644202513224 62.59815946
7 72657448 0.924273858921162 62.63112614
7 72693116 0.446275294340286 62.66409282
7 72767095 0.538141809290953 62.69710806
7 72828445 1.41646021415075 62.73012329
7 72852260 0.725936349859277 62.76385637
7 72898450 0.424543173133914 62.79738702
7 72977747 0.392793007204829 62.83105166
7 73070185 0.392776602625736 62.86736061
7 73184591 1.44391247067896 62.9122964
7 73215712 1.34533242996436 62.95723219
7 73249659 0.269902989402647 63.00290198
7 73401395 0.836886609370668 63.04385611
7 73473535 1.79754747306387 63.10422938
7 73507133 1.25514905562506 63.16462362
7 73539906 1.49470753704724 63.2057587
7 73574389 1.34725906984178 63.25730031
7 73605674 21.526557711951 63.29944926
7 73607632 1.43159432103797 63.34159821
7 73637074 0.915868718219639 63.38374716
7 73667360 0.789631471190406 63.41148477
7 73708388 0.484904022378702 63.44388146
7 73770590 0.4500900090009 63.474043
7 73837250 0.557551530704568 63.5040461
7 73898039 0.19027649122807 63.53793914
7 74076164 0.539351373683123 63.57183218
7 74143938 0.455197087779432 63.60838592
7 74223877 0.441334141904184 63.64477345
7 74306327 0.553126805095309 63.68116098
7 74372113 0.302090220210548 63.71754852
7 74490091 1.43735971402444 63.75318831
7 74514149 1.24128317213369 63.7877682
7 74543202 0.743773012778861 63.82383115
7 74593989 0.910119148319114 63.86160513
7 74635366 1.15574274471225 63.89926348
7 74667894 1.10661471708138 63.93685757
7 74701773 0.464999751330382 63.97434847
7 74782201 1.05733510502954 64.01174769
7 74817572 0.979797713743876 64.0491469
7 74855538 1.50104914857558 64.08634545
7 74880320 1.41296007900634 64.12354401
7 74906647 0.313256562181447 64.16074257
7 75032215 1.38547893785625 64.20007774
7 75060987 1.32717405779731 64.23994107
7 75091023 0.655996509711405 64.2798044
7 75152909 0.901494459618502 64.32040133
7 75197942 0.755171302031189 64.36099826
7 75256873 0.877616417808686 64.40550149
7 75300874 0.780046990782577 64.44411739
7 75350671 1.31759438282283 64.48296099
7 75380152 0.598818877934037 64.52180459
7 75440095 1.04080171796707 64.55770004
7 75473623 1.32109090909091 64.59259597
7 75501123 0.483633250263733 64.62892614
7 75566530 0.987099323586156 64.66055915
7 75609551 1.34254370712276 64.70302489
7 75641182 1.16322896978662 64.74549063
7 75677689 0.981950695697868 64.78795636
7 75721458 0.611757170308163 64.8309351
7 75791713 1.10308285163777 64.87391383
7 75832195 0.672173230650546 64.91856877
7 75907378 1.26473685499473 64.96910492
7 75948211 1.07402565817474 65.02074754
7 76013999 0.443983842212221 65.0914053
7 76174417 2.66121096495632 65.16262809
7 76194335 3.09136380567232 65.21563367
7 76213128 0.582001352746431 65.27372958
7 76297401 0.230896715004439 65.32277684
7 76449456 2.34309930592632 65.35788602
7 76464440 0.411742117750319 65.3929952
7 76537357 0.380822664124217 65.42301857
7 76625461 0.998149105854814 65.45657087
7 76662200 1.52484510790469 65.49324167
7 76686249 1.23492170399057 65.52991248
7 76715944 1.45168441471042 65.56658329
7 76741205 1.53782605049065 65.60325409
7 76765051 1.03588037994306 65.6399249
7 76800530 1.17401309966366 65.67667667
7 76828775 0.704004076260031 65.70983705
7 76875877 0.436506999693099 65.74299743
7 76960595 0.844658641876613 65.77997773
7 77004376 0.462931988975005 65.81695804
7 77089274 1.19064497561271 65.85625963
7 77122283 1.39864768683274 65.89556122
7 77150383 1.40117334370543 65.93486281
7 77181235 0.681490706729935 65.97809196
7 77244668 1.12140100920154 66.02132112
7 77281727 0.761701069385725 66.06287901
7 77342042 0.555800392738829 66.1088209
7 77408753 1.00733211655863 66.14589843
7 77440531 1.45938672320992 66.17790934
7 77465055 0.799670386758146 66.21369951
7 77520878 1.20223569023569 66.25833926
7 77558003 0.666203939622907 66.30297252
7 77614912 0.238263980990274 66.34088549
7 77759680 1.30334403929719 66.3753788
7 77786145 0.505488224863344 66.4098721
7 77854382 1.24920324496596 66.44436541
7 77881994 0.944057867378091 66.47885871
7 77918353 1.23425267542915 66.51318365
7 77946199 0.879407399826007 66.54755294
7 77985281 1.1203706384827 66.58192224
7 78019816 1.82131425343626 66.62061402
7 78041060 0.514254575419663 66.6593058
7 78116299 0.486066185618313 66.69799758
7 78196679 2.91173598906464 66.73706743
7 78217163 2.07891251307076 66.79671125
7 78245853 1.37451409135083 66.85635508
7 78287013 0.857834147544268 66.91293047
7 78351902 2.44420025493385 66.96859451
7 78374653 0.76265782425711 67.02420256
7 78445222 0.346354371864576 67.07802243
7 78597514 1.69540585574863 67.13076951
7 78618519 0.660428937801201 67.16638174
7 78689485 2.32630168263265 67.21324953
7 78709632 0.933997608609007 67.26011732
7 78759812 0.294365551417248 67.30698511
7 78919029 1.08802353328396 67.3538529
7 78967641 0.231989608943731 67.40674407
7 79204768 0.720234611567724 67.46175506
7 79283366 3.53949379178606 67.5183638
7 79304306 1.35973862649259 67.5924809
7 79381437 3.38866645023987 67.69735843
7 79409160 0.566108231891045 67.79130289
7 79575100 1.96846166750545 67.88524281
7 79622788 1.20256144122771 67.97911453
7 79676742 0.946049313770286 68.04399778
7 79735833 0.955838253933904 68.09990078
7 79800527 0.7268186038858 68.1617379
7 79885606 1.70419359274027 68.22357501
7 79921971 1.74142429835168 68.28554819
7 79953397 2.00219988389502 68.34027469
7 79986126 2.43443049260718 68.40580471
7 80013044 2.04815389388768 68.47133474
7 80045274 1.44895822203227 68.5373464
7 80092069 1.76111971956207 68.60515084
7 80131436 1.27496142620787 68.67448091
7 80185229 1.88839455265585 68.74306469
7 80222091 0.676312306161293 68.81267433
7 80325592 0.718336309340558 68.8826734
7 80423038 1.3773529121908 68.95267247
7 80473773 3.25401629802095 69.02255265
7 80495248 1.20553678954325 69.09243283
7 80536102 1.50756253635835 69.14168401
7 80567044 0.792241209681081 69.18833103
7 80633111 0.820341722899946 69.24067178
7 80686312 2.07251311309469 69.2843149
7 80708046 0.781851129077223 69.32935871
7 80765438 1.87377014862885 69.37423072
7 80789323 1.55558264261336 69.41898581
7 80818037 0.985303176977911 69.46365296
7 80863489 0.194685110397204 69.50843739
7 81093522 2.61638598528842 69.55322182
7 81114186 2.57391097357772 69.6072864
7 81135191 2.41957279860506 69.66135098
7 81158131 0.51561548008575 69.71685585
7 81246761 0.904439180142136 69.7625545
7 81295306 2.08431046760028 69.80646079
7 81316371 1.61656778729949 69.85036708
7 81343677 1.68763497859976 69.89450897
7 81369144 0.223645779388918 69.93748837
7 81562244 0.805866950331397 69.98067463
7 81611128 1.3145809031828 70.02006827
7 81641133 0.569058038138435 70.05951223
7 81703747 0.770085885051313 70.09514275
7 81763478 1.17093817626342 70.1411404
7 81810612 1.80449385369786 70.19633183
7 81840386 0.417956078321548 70.25005833
7 81968933 1.24470727714108 70.30378483
7 82004359 1.09294371328723 70.34788001
7 82044706 0.321177293187082 70.3919775
7 82182004 1.24226756814636 70.43607498
7 82214691 2.51891858527251 70.47668115
7 82230892 0.857886540600667 70.5174903
7 82275842 0.684525262387113 70.55605182
7 82333200 1.32509951469546 70.59531493
7 82369878 0.462089634503428 70.64391741
7 82515023 1.94902940834593 70.7109874
7 82549435 2.83220858895706 70.77805739
7 82578775 2.95341212660892 70.86115424
7 82603481 1.46090826039549 70.93412163
7 82637414 1.42136859452248 70.9836948
7 82662900 1.77047878938229 71.01992008
7 82683055 1.53294956611393 71.05560391
7 82706333 1.37009022845076 71.09128774
7 82732378 1.19805271109619 71.12697158
7 82762163 0.359257961572334 71.16265541
7 82867764 0.94424809597292 71.2005934
7 82907942 0.21717719187822 71.23853139
7 83079530 1.26330940124627 71.27579605
7 83109058 0.887447159617515 71.31309931
7 83153295 0.819432244669808 71.35235774
7 83203387 1.29089481946625 71.39340493
7 83235237 0.977775880712538 71.43452034
7 83270379 0.849384486082959 71.46888158
7 83310833 0.756100781164045 71.50324282
7 83356278 1.73655051756816 71.53760406
7 83376855 1.34480117231732 71.57333668
7 83406881 1.6123223127296 71.61371581
7 83431925 0.525248452052656 71.65409493
7 83508801 0.912833836575147 71.69447405
7 83551524 0.524290981281906 71.7334726
7 83622044 1.39760922700886 71.77044598
7 83648228 2.69358162814662 71.80704049
7 83661814 0.510013239495506 71.84363499
7 83733569 0.74444150613316 71.88023065
7 83782728 1.01930200818873 71.91682631
7 83818631 0.959467253945782 71.95342197
7 83856773 0.850918814588443 71.99001763
7 83906511 0.467479335392836 72.03234096
7 83978373 0.500584136234314 72.06593499
7 84051130 1.80727187426695 72.10235631
7 84072445 1.07729738799709 72.14087823
7 84108203 0.982152873387385 72.17940015
7 84147425 1.62541363335539 72.21792207
7 84170090 1.36979817587151 72.25476216
7 84207697 0.455937318015776 72.30627611
7 84302142 0.927244196949691 72.34933676
7 84354399 1.98714988892277 72.39779136
7 84377356 1.17843683857312 72.44341056
7 84416098 1.31346578366446 72.48906578
7 84450073 1.57339747757119 72.53369031
7 84473146 1.60228626914419 72.56999301
7 84495803 0.643958273996013 72.60629571
7 84551979 0.639608897061424 72.64247038
7 84608537 0.922122001115864 72.67864504
7 84651553 1.36070461633366 72.7183106
7 84680732 0.542911272497632 72.75801482
7 84759907 0.278824866093167 72.80099935
7 84913932 0.362615465153588 72.8439449
7 85032366 0.236774299094088 72.88689045
7 85227970 0.71599766771006 72.93320401
7 85293142 1.32536764705882 72.9798668
7 85321430 0.883828382838284 73.01735862
7 85363850 0.950319375443577 73.05485043
7 85403302 0.324514609349291 73.09234225
7 85518776 1.13088001496306 73.12981536
7 85540162 0.263425768539653 73.15400043
7 85643117 0.59590877131306 73.18112139
7 85688629 0.456936348013613 73.20824236
7 85747983 0.277933204209836 73.23536332
7 85845564 0.425343785467311 73.26248428
7 85921338 1.41576683346502 73.29471451
7 85944120 1.49510962777546 73.32696838
7 85965693 0.993868055341571 73.35922225
7 85998146 1.13338602592476 73.39147612
7 86029776 1.21919589639851 73.427325
7 86057459 0.584878522164073 73.46107632
7 86115165 0.514081610893638 73.49482763
7 86180818 0.679457172918769 73.52857895
7 86227389 0.754644535069519 73.56022236
7 86269320 0.596486267413146 73.59186576
7 86322369 1.03941095047678 73.62350917
7 86348377 1.33864252197475 73.65054262
7 86378639 1.40645071693921 73.69105242
7 86407442 0.48132395441409 73.73156223
7 86462459 0.311552973070979 73.7580436
7 86578282 0.344598724168226 73.79412888
7 86682998 0.798662531150833 73.83021417
7 86738775 0.920877177469272 73.87476108
7 86795320 0.908489775978784 73.92683194
7 86852636 1.43262064401024 73.9789028
7 86887387 0.248626237096568 74.02868762
7 87028241 1.0389094688591 74.06370742
7 87065764 1.327849308536 74.10269081
7 87095122 0.845274523518098 74.1416742
7 87140874 0.794747667823232 74.18034744
7 87189005 0.34017803943191 74.21859903
7 87301452 0.73905483210325 74.25685063
7 87353210 1.62906179464248 74.29510223
7 87376691 0.578716451329844 74.33335383
7 87442789 0.705431074227755 74.37160543
7 87497014 0.567941560755434 74.40985703
7 87564366 0.858727129868672 74.44810862
7 87608911 1.38566909784853 74.48636022
7 87647164 1.02274876029869 74.5393667
7 87698991 2.28471235795455 74.59237317
7 87721519 0.714600819605521 74.64384359
7 87807658 1.71984045075451 74.70539855
7 87843509 1.64746500443322 74.76705633
7 87880728 0.27701322875628 74.82837319
7 88102064 0.472996498640534 74.88968586
7 88204310 1.10298084357014 74.93804772
7 88262515 1.89086718524921 75.00224661
7 88297225 0.772871113288826 75.06787819
7 88395187 0.522941353137116 75.14359059
7 88541691 3.13113574813812 75.22020383
7 88565323 1.34919569921331 75.2941984
7 88624940 0.484619740710396 75.37463388
7 88790932 1.05508702438257 75.45507695
7 88867175 1.76368491321762 75.53552001
7 88902378 0.330662177328844 75.59760668
7 89125128 3.13185645037843 75.6712613
7 89148646 0.770284092095101 75.74491593
7 89244460 1.09726145520502 75.8187202
7 89311722 2.8648988839473 75.89252448
7 89335556 2.07166262135922 75.96080698
7 89368516 2.01110618733728 76.02908947
7 89404622 0.956208781843689 76.10170212
7 89480893 1.53284196331 76.17463293
7 89523902 3.56096693921081 76.24055901
7 89546406 2.59115018875137 76.32069473
7 89588260 2.3296357210344 76.42914462
7 89616837 1.51054733887509 76.49571843
7 89663152 0.638525471277628 76.56567913
7 89777575 1.05329777265191 76.63874099
7 89846940 0.971727556453093 76.71180284
7 89939539 1.65586402684069 76.80178375
7 89993785 0.841933010269018 76.89160779
7 90120282 0.590830920125598 76.99810994
7 90300540 1.53526417085739 77.1046121
7 90364968 4.01376501730808 77.20352631
7 90389523 0.913983225629039 77.30208453
7 90462253 0.724323730794268 77.368559
7 90589754 2.82309785100724 77.46091115
7 90622467 1.38975501113586 77.5532633
7 90688919 0.707439637210443 77.64561545
7 90819463 1.31716918161851 77.7379676
7 90889577 0.855570074230587 77.83031975
7 90997484 0.209936761104327 77.92264162
7 91437245 1.77497933209005 78.01496349
7 91489258 0.391701666128213 78.10728537
7 91705928 1.19835894047029 78.19215544
7 91796723 2.39618625277162 78.30096006
7 91841823 25.6546170365068 78.40902827
7 91844617 6.13762672306907 78.48070762
7 91858328 0.580491523826656 78.56486064
7 91975067 1.5888165542897 78.63262627
7 92018077 0.760098177496918 78.70096116
7 92108118 1.85984454540478 78.76940111
7 92144656 3.25006038161179 78.83735571
7 92169498 0.402280206424592 78.91809418
7 92383426 1.48726861761332 79.0041527
7 92441825 1.98936608122942 79.09100731
7 92485553 0.984287909204078 79.17799834
7 92574720 1.77775237224191 79.26576412
7 92627202 1.36721325889128 79.35906433
7 92695443 1.44679710533369 79.45236453
7 92762601 0.595346472177466 79.54952807
7 92925832 0.878538912164246 79.64670658
7 93036106 0.749795471964589 79.74358636
7 93152227 3.92131436484955 79.83065322
7 93176056 5.15064970221982 79.92409433
7 93198220 0.569376059407539 80.03825312
7 93433611 1.82690088667557 80.17227956
7 93499475 0.80483595866359 80.29260627
7 93648980 0.849381418814368 80.41293298
7 93787927 1.88892446607537 80.53095157
7 93850389 1.78788337980361 80.64893717
7 93916381 0.467674356454031 80.76692276
7 94137150 0.67281826712543 80.87017036
7 94290606 1.51718867120328 80.97341796
7 94358645 1.89900309522852 81.07664611
7 94408399 3.19145414625908 81.17112951
7 94438004 1.03623641408658 81.2656129
7 94529183 0.9805732988439 81.3600963
7 94623898 2.25550671491367 81.45297136
7 94665075 1.16895948446212 81.54584642
7 94744526 0.445824252839354 81.63872148
7 94952848 1.82628177168008 81.73159654
7 95003286 1.66752353367125 81.82371093
7 95058526 4.49248927038627 81.91582533
7 95079030 2.45421362534303 82.00793973
7 95116563 2.33347688410386 82.10005412
7 95156038 0.951948022902129 82.19216852
7 95245462 2.16118713346366 82.27729573
7 95284851 1.06318379377529 82.36242293
7 95364919 1.02243984331281 82.44755014
7 95454269 2.40864269141531 82.53890539
7 95492197 0.793658116235954 82.63026064
7 95607084 0.574169238223968 82.72144174
7 95763928 4.11767711962834 82.81149675
7 95785453 3.19306145975935 82.90012997
7 95813211 2.75070133963751 82.98876319
7 95844936 0.722034627735293 83.07602967
7 95965764 0.712454543958666 83.16327119
7 96087310 2.64656554445678 83.24986723
7 96119746 2.63786374950066 83.33571089
7 96152289 1.24738807596739 83.42155455
7 96221108 2.1101721231479 83.50739821
7 96266192 1.96999503023275 83.60253365
7 96314484 3.04822172380647 83.6976691
7 96345694 1.4842789767043 83.79280455
7 96387676 2.88486111111111 83.85511789
7 96409276 0.950051841500248 83.91743122
7 96475825 3.29181318409192 83.98065589
7 96496016 0.916347362749207 84.04712084
7 96562828 1.37266787373061 84.10834355
7 96613640 1.13885441839201 84.17809108
7 96674884 0.752511139642021 84.24783862
7 96767571 1.72994692197034 84.31758616
7 96807889 0.538843460199063 84.3873337
7 96937396 1.52667338155847 84.45711738
7 96992001 0.90029806903106 84.54048177
7 97084597 0.583784577928892 84.62384616
7 97227535 1.53789546876811 84.70729119
7 97279309 0.933694591228838 84.78691429
7 97368442 1.26717522382606 84.87013766
7 97434118 1.11299382138176 84.95336103
7 97508892 0.905595327211193 85.03658441
7 97603739 1.29761295363311 85.12247729
7 97677973 0.708312805617854 85.21880414
7 97813968 0.567161944459417 85.31513099
7 97980945 0.699607497453796 85.40983399
7 98148842 0.657024023424503 85.52729634
7 98299112 1.99359906308053 85.6260275
7 98348636 4.25255864505027 85.72475866
7 98370718 1.10520678859779 85.8186639
7 98455684 4.66168586179508 85.91256914
7 98475828 0.416461367905645 86.00647437
7 98735612 1.14439862035504 86.11466408
7 98830419 0.975628138422004 86.22316147
7 98940546 0.877886334141384 86.33060469
7 99063063 4.37764298093588 86.43816049
7 99086143 6.06046213577594 86.53919618
7 99112672 1.30482528878185 86.69997401
7 99251358 5.07933119886161 86.88093535
7 99279468 1.04686189803955 87.02371538
7 99373681 0.877473309608541 87.12234291
7 99486081 0.359170925610449 87.22097045
7 99760797 2.52217479103295 87.31964019
7 99799918 3.66036696470189 87.41830994
7 99823517 0.944948813982522 87.50469137
7 99923642 1.55169304217134 87.59930453
7 99980197 1.65393395841826 87.68706069
7 100053787 2.95663010967099 87.8087735
7 100093907 5.18617044511423 87.92739373
7 100116800 3.63205879294207 88.04612099
7 100145647 1.38662006246946 88.15089523
7 100239773 1.13513444973245 88.28141174
7 100358070 1.72310120491204 88.4156949
7 100436001 4.07469074280354 88.54997805
7 100470115 0.761411201913494 88.6889821
7 100655744 1.39325856018211 88.83032235
7 100740088 0.549293874665079 88.94783538
7 100955064 1.2571729710739 89.06592053
7 101048993 0.381033959877917 89.18400569
7 101358947 0.556779943758639 89.30210869
7 101568757 3.09128180712056 89.41892637
7 101606563 2.87557206830373 89.53579523
7 101647205 5.41802782819117 89.65266409
7 101667041 2.65416470937276 89.76013616
7 101707488 1.61814972016677 89.86748924
7 101760734 0.951448659186594 89.95364951
7 101857168 0.388327697913272 90.04540159
7 102093471 0.417578977455753 90.13716454
7 102313882 0.56410272125521 90.22920388
7 102477042 3.71199838677153 90.32124322
7 102501837 2.09422284921159 90.41328256
7 102545786 0.644941804651423 90.5053219
7 102688495 2.85451656831593 90.59736124
7 102719337 3.11223840497738 90.68540051
7 102747625 2.8171881845643 90.77343978
7 102790992 6.08794910179641 90.8956126
7 102815040 3.46163480397949 91.0420152
7 102857357 5.84515768016308 91.18850115
7 102882376 4.2184125781398 91.3347413
7 102908771 22.405410590944 91.44608667
7 102913983 1.71641668378878 91.5628637
7 102962653 3.10250315680012 91.6464017
7 102989579 3.32277952348753 91.7299397
7 103014720 3.16120487398774 91.8134777
7 103041146 2.55101230647082 91.89701569
7 103073893 2.26957561267185 91.98055369
7 103114045 4.05622791519435 92.07168145
7 103136685 4.15100579920261 92.16351448
7 103158757 2.90911232073694 92.25513531
7 103196969 3.15710983931323 92.36629822
7 103233313 1.18093896112214 92.48104032
7 103326991 1.44558854275559 92.59166834
7 103403519 4.35692003948667 92.70229636
7 103428844 4.59535213027362 92.81263505
7 103452855 4.53343988197689 92.92297373
7 103477257 4.12482278441133 93.03359838
7 103508998 2.79755733421806 93.1645242
7 103557224 3.43677077495287 93.29943944
7 103596478 0.919380363715286 93.43434672
7 103707059 3.33163009126621 93.53601229
7 103740916 2.0881356559729 93.64881163
7 103794935 1.80559462915601 93.76161096
7 103857495 5.22953703703704 93.87456916
7 103879095 2.27917112245516 93.98752736
7 103928656 2.42592535040557 94.10048556
7 103960833 3.44462507620402 94.1785442
7 103990359 2.85843568196509 94.28025019
7 104025940 2.36977491961415 94.38195617
7 104068858 1.54416506412574 94.48366216
7 104138019 2.3079171900039 94.59045788
7 104184197 0.834191982461635 94.69703336
7 104311917 1.19175639225128 94.80357617
7 104401635 4.27024229412667 94.91049821
7 104427719 3.57656616254054 95.02188344
7 104458862 4.01765379691395 95.13326867
7 104488544 3.2088042191368 95.25252052
7 104525708 4.98774520055209 95.37177236
7 104549617 3.0215775474184 95.49102421
7 104589844 2.56615017878427 95.61257279
7 104627599 1.0924339507592 95.70945738
7 104727638 1.63935411987337 95.81874387
7 104784181 6.19230114120252 95.91143825
7 104819407 2.98885049691875 96.12956856
7 104903626 5.15046735540094 96.38128685
7 104932084 4.45820661690167 96.52785873
7 104953786 3.64577451533973 96.62461071
7 104980351 2.87736816128175 96.72146062
7 105006690 1.140613404218 96.7972473
7 105080801 1.93907418452081 96.88177922
7 105124395 1.67441027706907 96.96631113
7 105169077 1.65328265529357 97.04112694
7 105214330 2.7187457488777 97.11594275
7 105243734 1.82486817175337 97.19588464
7 105287541 3.217053326889 97.27582653
7 105312369 2.59310453898466 97.35569955
7 105343984 1.16153301218475 97.43768098
7 105414564 1.22754509048207 97.5196624
7 105480986 1.48847943148101 97.60119889
7 105535584 2.32268204758472 97.68246691
7 105570259 2.13061965811966 97.76300559
7 105617059 3.32300712437529 97.86271902
7 105645272 2.55161402693915 97.95647109
7 105679720 1.40062692667382 98.04436934
7 105737462 2.00134225081576 98.12524438
7 105780673 1.13292316497353 98.21172458
7 105857552 3.80917832167832 98.2988223
7 105880432 3.96457878025648 98.38597607
7 105904683 4.32734719596723 98.48212119
7 105926901 4.23901062563379 98.5782663
7 105949582 2.85985136494077 98.67441142
7 105990353 3.55845384099091 98.79101092
7 106023131 2.37941945827356 98.90765021
7 106046833 2.43440959737994 98.96404733
7 106074924 1.30837694335154 99.03243256
7 106127282 0.86226301080142 99.10093655
7 106206716 1.22650758866975 99.16942965
7 106268321 1.75146144994246 99.24498847
7 106311771 2.09742277965729 99.32108903
7 106348128 1.78360589450984 99.39734549
7 106392644 4.06558406603266 99.47674408
7 106414936 3.10504316842538 99.56737445
7 106444124 1.07673909908177 99.65800482
7 106527328 2.91133546581367 99.74759398
7 106557340 2.84971135970777 99.8349691
7 106588001 2.32186912833919 99.92234422
7 106624724 2.46083901632569 100.00761
7 106658597 1.43312014304381 100.0909659
7 106716761 3.68168576422606 100.1743218
7 106742506 1.25501523784285 100.2691065
7 106817976 2.94081179575252 100.3638229
7 106841849 0.701759472158352 100.434029
7 106941879 2.54467120181406 100.5042262
7 106968339 0.909893172317696 100.5715582
7 107041541 2.71916717697489 100.6381644
7 107066036 2.14579182860315 100.7047706
7 107096655 2.15155807365439 100.7704726
7 107124895 2.50154390876528 100.8312322
7 107149184 1.96047259143428 100.8919917
7 107183717 1.15045796727106 100.9596924
7 107242564 0.937463904582549 101.0273932
7 107322214 0.933584226253735 101.1020618
7 107402195 3.49970055742387 101.1767304
7 107423902 2.02428364539154 101.2526985
7 107462570 0.791886426226843 101.330974
7 107560973 3.03548751509485 101.4088983
7 107586644 2.15223996022759 101.4868227
7 107622850 1.85673092766518 101.5647471
7 107659264 3.1767607950007 101.6323581
7 107680547 1.31564506713368 101.699969
7 107731937 0.839514957006177 101.76758
7 107797993 2.2776933503101 101.8230348
7 107822340 0.382490481708326 101.8784897
7 107967324 1.29752684901378 101.9339445
7 108010063 2.62471601666036 101.9893994
7 108031191 2.62471601666036 102.0448542
7 108052319 2.71904878646727 102.1003091
7 108072714 3.80297627211631 102.1557639
7 108087296 2.32701103604549 102.2112188
7 108111127 2.53543343087052 102.2666736
7 108132999 1.4013342430445 102.3221285
7 108172572 1.59422164726175 102.3775833
7 108207357 0.793708633896036 102.4330382
7 108261145 1.61351614904997 102.47573
7 108294986 1.77282495441521 102.530333
7 108325698 1.6594293171976 102.5847796
7 108359412 0.509281518300949 102.6407258
7 108470062 1.66313490540979 102.6970776
7 108503945 0.661057958701193 102.7534295
7 108558087 0.49817400361244 102.7892208
7 108633936 1.35748610588776 102.8270071
7 108657867 1.13819372304593 102.8594934
7 108689634 0.832592626706887 102.8956504
7 108733061 0.751454817524316 102.9318075
7 108781177 0.734472973591469 102.9679646
7 108824875 0.701657458563536 103.0000599
7 108869039 0.63661622426197 103.0310483
7 108909349 0.745163310372104 103.0567101
7 108939690 0.932483708652974 103.0793192
7 108963936 0.515700627071362 103.1019283
7 109005877 1.08150699677072 103.1235577
7 109029102 0.985676725660244 103.1486753
7 109054585 0.861271676300578 103.173793
7 109083995 1.16632908376028 103.1991226
7 109109174 1.10220369795593 103.2284893
7 109131727 0.85749767153058 103.2533473
7 109160716 1.09611063763849 103.2782053
7 109186530 1.0078799249531 103.3065001
7 109210515 0.65134450611629 103.3306743
7 109247629 0.874823580501574 103.3548485
7 109275262 1.13444010416667 103.3790227
7 109296766 0.612700487706773 103.4034178
7 109336544 0.627994499529565 103.4277901
7 109377995 0.750778726349792 103.4538212
7 109412667 0.355745971874872 103.4798523
7 109485840 1.07242615251514 103.5058834
7 109510113 1.00115074798619 103.5319145
7 109536183 11.3914590747331 103.5580145
7 109538431 0.598979883935774 103.5836227
7 109576858 0.650473364419952 103.6066401
7 109612243 0.906629209099068 103.6296574
7 109637872 0.690775907174294 103.6528932
7 109670363 0.383089144527298 103.6753374
7 109723737 0.195223311413694 103.6957847
7 109764644 0.159268929503916 103.7037709
7 109798348 0.0131750606796116 103.7091387
7 109930188 0.0179435169293181 103.7108758
7 109975051 0.0210307314383115 103.7116806
7 110014945 0.044088281660536 103.7125196
7 110033975 0.0342630783681137 103.7133586
7 110058462 0.0270009332861327 103.7141976
7 110089535 0.0255550231592397 103.7150366
7 110120840 0.0338968687767467 103.7158366
7 110144441 0.0347282514325404 103.7166366
7 110167477 0.0116039569493197 103.7174366
7 110236419 0.0184264236640124 103.7182366
7 110271206 0.0180132078122805 103.7188772
7 110306791 0 103.7195179
7 110338132 0 103.7195179
7 110450778 0 103.7195179
7 110478001 0 103.7195179
7 110528375 0 103.7195179
