Chromosome Position(bp) Rate(cM/Mb) Map(cM)
19 0 0 0
19 414615 0.0343707636692273 0
19 450023 0.0019603103874208 0.00121749
19 1124406 0.0187398707303083 0.00253957
19 1384173 0.0469289731040203 0.00740719
19 1493892 0.0338930433432858 0.01255592
19 1603413 0.0847112332401573 0.01626763
19 1645627 2.52048875673667 0.01984384
19 1667151 2.30120890774125 0.07409459
19 1690726 1.17133528097611 0.12834534
19 1737278 0.680820571615756 0.18287377
19 1761700 0.999352829349189 0.1995012
19 1811146 0.892872137712754 0.24891506
19 1842109 0.626907639629017 0.2765606
19 1886208 0.175292726114739 0.30420614
19 2029089 0.337200431431352 0.32925179
19 2105115 1.2046992481203 0.35488735
19 2126395 0.415398345737645 0.38052291
19 2189142 0.520516266750998 0.40658761
19 2239736 0.161555932390159 0.43292305
19 2403085 0.605769686625895 0.45931305
19 2445271 0.0491574471958523 0.48486778
19 2972597 0.791077512776831 0.51078929
19 3019557 0.113468988123111 0.54793817
19 3160503 0.473291128161741 0.56393155
19 3194780 0.039022606817637 0.58015447
19 3607797 0.451949140701411 0.5962717
19 3643582 0.321267058076801 0.61244519
19 3693998 0.722791626856597 0.62864243
19 3717024 0.359190993755267 0.64528565
19 3763303 0.254998863214828 0.66190891
19 3846872 0.119461541819452 0.68321853
19 4030136 0.318908329994212 0.70511148
19 4097519 0.25913357400722 0.72660005
19 4180619 0.295107261284428 0.7481341
19 4254504 0.98591427583823 0.76993794
19 4277648 0.56632994961654 0.79275634
19 4317939 0.21013592798472 0.81557474
19 4434692 0.561431611707362 0.84010877
19 4478391 1.05788904018714 0.8646428
19 4507032 0.809592518370074 0.89494134
19 4544457 1.28538096046156 0.92523989
19 4568029 0.170189664650907 0.95553844
19 4859069 2.16728084868788 1.00507022
19 4885934 0.693769076328525 1.06329382
19 4972101 0.852634962587281 1.12307335
19 5028098 1.63130381303813 1.17081801
19 5057366 0.748677397042604 1.21856268
19 5110859 2.00585996193529 1.25861198
19 5130825 1.21801636998992 1.29866129
19 5173464 0.499639093402627 1.35059659
19 5277369 0.507616943053817 1.40251119
19 5379641 0.504962090236343 1.45442579
19 5478692 1.42811866487737 1.50444245
19 5513715 2.5901901713425 1.55445911
19 5534959 2.4655043695929 1.60948492
19 5557730 0.908889571444737 1.66562664
19 5619589 0.526447372117194 1.72184976
19 5726386 0.311082197821341 1.77807289
19 5910077 0.457681305737843 1.83521603
19 6034880 0.269144504966357 1.89233616
19 6247108 2.50114043662431 1.94945629
19 6268591 1.15899581589958 2.00318813
19 6316391 0.731511762844182 2.05858801
19 6392223 0.715038810649541 2.11406
19 6471325 1.70788291776367 2.17062112
19 6503610 0.951952625945237 2.22576039
19 6561532 1.01724964947236 2.28089966
19 6615736 1.70171594346028 2.33603893
19 6648138 1.4060103883255 2.3911782
19 6688568 0.853360650320534 2.44802316
19 6764223 2.3877045849189 2.51258398
19 6791290 2.18899144151703 2.57721202
19 6821085 2.12087018730489 2.64243283
19 6851837 2.23082963468761 2.70765364
19 6881127 0.878416347381864 2.77299432
19 6955512 2.09644399288799 2.838335
19 6994882 3.502998842552 2.92087235
19 7023393 2.38808032205045 3.02074629
19 7065374 1.35318844105642 3.12099985
19 7139360 3.91306454016992 3.22111675
19 7166196 1.79273081125376 3.32612795
19 7224772 3.34713791778717 3.43113914
19 7250802 1.1124237804878 3.51826502
19 7300658 1.76691390648929 3.57372559
19 7333959 1.0451486112802 3.63256552
19 7391458 2.65625 3.69266099
19 7414082 1.40750546032166 3.75275645
19 7459409 1.50009400655957 3.81655422
19 7507278 2.55408402311417 3.88836208
19 7539293 1.14665620490115 3.97013157
19 7610664 1.94692565811239 4.05196927
19 7652982 1.25031281377925 4.13435935
19 7717717 0.787921843859365 4.21529831
19 7822584 3.44130850444758 4.29792558
19 7846642 0.679662676124145 4.38071625
19 7971270 5.7878256513026 4.46542112
19 7987238 3.71178145934454 4.55784146
19 8012167 2.33377039259689 4.65037238
19 8051826 3.86505960464765 4.74292712
19 8078334 3.77060945090534 4.84538162
19 8105506 3.64401052781334 4.94783612
19 8133622 0.851926471077958 5.05029062
19 8253738 6.00018892877385 5.1526204
19 8274910 3.70159080866107 5.27965592
19 8297540 2.10582686748821 5.3634233
19 8330405 2.29262203891135 5.43263105
19 8367258 3.63018822393822 5.5171214
19 8392122 3.54466704827323 5.60738195
19 8418327 2.04904303734336 5.70026954
19 8466448 1.9412737148705 5.79887168
19 8517260 4.35251994551469 5.89751151
19 8542955 2.10225756123235 6.0093497
19 8596154 1.11116039573409 6.12118788
19 8699860 1.21300224212886 6.23642156
19 8794859 1.96572336561743 6.35165523
19 8847723 3.85674062394414 6.45557108
19 8883239 4.65799727255017 6.59254667
19 8914037 3.91515544041451 6.73600392
19 8940285 1.46273725062155 6.83876898
19 9022740 1.28821524846142 6.95937938
19 9121045 92.6393562545721 7.08601695
19 9122412 1.97218588425839 7.21265452
19 9186624 1.52927628905086 7.33929208
19 9260438 2.66020265961216 7.45217421
19 9302775 1.69563488275906 7.56479965
19 9365637 1.39207170259092 7.67139112
19 9452440 1.06739299179419 7.79222662
19 9560656 1.05599466369393 7.90773519
19 9670095 0.61545794412432 8.02330238
19 9857869 0.938788087512915 8.13886957
19 9913038 1.65010991811897 8.19066117
19 9944425 2.1244177310293 8.24245278
19 9971045 2.55972282373322 8.29900441
19 9994135 0.714532683728859 8.35810871
19 10076852 2.44905172413793 8.41721302
19 10100052 1.48276312012318 8.47403119
19 10138371 1.40732019452265 8.53084937
19 10196976 0.902297281059174 8.61332489
19 10288519 3.5716074976246 8.69592344
19 10311673 1.27040438951573 8.77862013
19 10386032 1.23634519350811 8.87308585
19 10462928 0.464629276593255 8.96815585
19 10668027 3.43223984358027 9.0634506
19 10691042 0.597137840483553 9.14244399
19 10819756 0.53206734742848 9.21930396
19 10969784 1.97517055974029 9.29912855
19 11009213 0.479721935895548 9.37700739
19 11172197 2.36142587346553 9.45519425
19 11206085 0.305823702350049 9.53521851
19 11467654 0.746342416796962 9.61521247
19 11575102 1.13662520098164 9.69540596
19 11646004 2.1173404558774 9.77599506
19 11684567 4.29410433405002 9.85764635
19 11711078 3.96092689885529 9.97148781
19 11739819 3.62778061301072 10.08532926
19 11773130 1.41323108518494 10.20617436
19 11864672 2.24875491883915 10.33554451
19 11929728 2.61023757603581 10.48183953
19 11982006 3.3500650260104 10.61829794
19 12021990 2.28103128246173 10.75224693
19 12080713 2.28165522501907 10.88619592
19 12127909 0.852830786285533 10.99388108
19 12254199 0.947503905695214 11.10158472
19 12366855 2.21704054765666 11.20832697
19 12414330 1.84258529839119 11.31358131
19 12471453 4.66786746720036 11.41883566
19 12493938 4.90866149097372 11.52379216
19 12515320 0.967015419581105 11.62874867
19 12617398 1.51678500903323 11.72745999
19 12665000 1.57536402118747 11.79966161
19 12710121 2.71100952093094 11.87074311
19 12736589 1.14272746689449 11.94249854
19 12792773 1.16622227059186 12.00670131
19 12847904 2.5036743263735 12.07099664
19 12873623 0.960945544628333 12.13538899
19 12940632 2.37960088691796 12.19978135
19 12967692 1.58402007330693 12.2641737
19 13008343 2.39553571428571 12.32856605
19 13035223 1.7351288562321 12.39295841
19 13072241 1.50497902949929 12.45718986
19 13114920 2.20301127666885 12.52142131
19 13146933 2.0419289633266 12.59194641
19 13181563 1.66753889674682 12.66265804
19 13223983 0.852156304509092 12.73339485
19 13323737 5.560177626853 12.81840111
19 13339050 3.44221944096788 12.90354416
19 13367814 0.94833630251135 13.0025561
19 13472220 2.21407719753487 13.10156803
19 13518465 1.74262710654099 13.20395846
19 13574481 1.09555060187249 13.30157342
19 13630556 1.03482455044955 13.36300621
19 13694620 2.94306685181512 13.42930148
19 13719825 1.28236924142709 13.50348156
19 13777565 2.40277777777778 13.57752568
19 13808381 1.68288914638857 13.65156979
19 13842038 1.35334624488918 13.70821105
19 13893155 0.697488480888862 13.77738958
19 13992338 1.03456107583115 13.84656812
19 14059263 1.94418225743019 13.9158062
19 14094861 0.614926602756142 13.9850155
19 14201677 2.0089922006423 14.05069902
19 14234372 2.08163782721683 14.11638255
19 14265926 1.79872714649387 14.18206607
19 14309136 1.91978831381687 14.25978894
19 14359777 2.36493233953253 14.35700881
19 14401234 2.09161140932533 14.45505229
19 14448739 1.909691379114 14.55441453
19 14501425 3.45935572309801 14.65502891
19 14537900 1.94763092269327 14.78120848
19 14606471 2.31044822685201 14.91475964
19 14664165 0.919958069043939 15.04805821
19 14720448 2.61504299348011 15.09983636
19 14741614 1.32104293427029 15.15518622
19 14788290 2.03434510062686 15.21684734
19 14818600 1.86685646788018 15.27850846
19 14851617 1.03895578947368 15.34014685
19 14910992 2.13748799231508 15.40183449
19 14935976 2.38177138177138 15.45523739
19 14961617 1.49117253135273 15.51630799
19 15002682 4.02782345589686 15.57754293
19 15017885 3.25076255279212 15.63877787
19 15034933 1.20801726392885 15.69419661
19 15080809 2.27361330084564 15.74961536
19 15101740 0.875044029587883 15.79720403
19 15158520 2.37148584793089 15.84688898
19 15179471 1.56925451347762 15.89657394
19 15207332 1.30168512564011 15.94029497
19 15240920 1.83529186602871 15.984016
19 15267045 1.87939231854988 16.03196337
19 15293967 1.51388307103106 16.08256004
19 15327389 1.74689269437923 16.13315671
19 15356353 2.40629639499029 16.18375337
19 15382622 1.11460131170176 16.24696474
19 15440562 0.89149641082275 16.31154496
19 15513002 2.7283481199831 16.37612518
19 15536672 1.99192775183249 16.4407054
19 15569005 2.0889688949434 16.50511044
19 15599836 1.23836178230991 16.56951549
19 15653968 3.09065485900722 16.63655001
19 15671132 0.590141715149783 16.68959849
19 15779589 1.32067101353582 16.75360347
19 15828053 1.93176559065139 16.81760846
19 15862625 1.22489680734563 16.88439334
19 15910109 1.17001846105503 16.9425568
19 15961027 0.544776051062739 17.00213215
19 16070226 1.41360393470976 17.06162099
19 16107230 1.12512101198288 17.11392968
19 16153713 1.80027189745582 17.16622896
19 16179458 1.70428387571245 17.21257671
19 16206653 1.35371973892919 17.25892446
19 16245110 2.54522342818031 17.31098422
19 16265564 1.95076254356053 17.36304398
19 16292251 2.17897204085049 17.41510374
19 16316143 1.2932951622272 17.4671635
19 16364347 1.27085278401303 17.5295054
19 16414688 2.19253910950662 17.59348131
19 16443773 2.0234166772433 17.65725179
19 16475289 2.36067498165811 17.72102228
19 16502549 1.79839588631473 17.78537458
19 16538332 0.414519409540685 17.84972688
19 16698614 0.421675715537166 17.91616645
19 16900665 2.29188593194006 18.00136657
19 16940571 3.6097286087819 18.09282612
19 16962753 2.85641409817352 18.17289748
19 16990785 0.747277747101049 18.25296885
19 17081335 1.32608951016093 18.32063438
19 17132413 2.91416957444512 18.38836811
19 17160212 2.04132417014778 18.46937922
19 17204738 2.18133647335885 18.56027117
19 17235311 2.34970029790747 18.62696143
19 17263172 1.23188814873358 18.69242596
19 17316314 1.27606420646786 18.75789048
19 17367150 1.99799794073905 18.82276038
19 17402114 3.07054634961101 18.89261792
19 17424865 1.41337110699969 18.96247547
19 17476753 1.67836659784354 19.03581283
19 17524702 2.60532742111689 19.11628905
19 17555824 2.25861100185425 19.19737216
19 17591418 2.33603248830913 19.27776524
19 17632048 1.96445406814088 19.37267813
19 17684234 2.39636075949367 19.47519504
19 17720890 2.46675091266498 19.56303579
19 17756500 1.86020608329012 19.65087655
19 17800851 2.68888067289029 19.73337869
19 17822489 2.06230087269705 19.79156061
19 17851365 1.39027408133726 19.85111136
19 17894199 2.88692956108904 19.91066211
19 17914841 0.788859177675995 19.97025379
19 17990383 2.73948420907461 20.02984546
19 18012136 2.45219403355095 20.08943713
19 18036338 1.28193387808772 20.14878533
19 18078926 1.88481110254433 20.20338031
19 18104866 3.70748905217843 20.25227198
19 18118339 1.5378590078329 20.30222321
19 18145915 0.953374398633155 20.34463139
19 18190397 1.02877006815167 20.38703957
19 18234123 0.82452288155752 20.43202367
19 18288774 0.732595263433772 20.47708417
19 18351731 1.2652938111821 20.52320613
19 18388200 1.22345953971789 20.56935034
19 18425916 1.92154576497043 20.61549455
19 18449930 1.34742340207851 20.66163876
19 18487072 2.19365441079802 20.71168485
19 18509891 1.07584680192572 20.76174232
19 18556419 0.527703505644682 20.81179978
19 18650667 1.52267091204115 20.86153514
19 18683330 0.835545326254956 20.9112705
19 18742854 0.750241356423098 20.96100586
19 18809146 0.463316768517897 21.01074122
19 18928274 0.70898791249727 21.06593548
19 19006123 2.02978817299206 21.12112974
19 19033315 1.7053080393005 21.17632401
19 19065681 2.20515974833925 21.23151827
19 19094132 0.895463567175474 21.29425774
19 19164165 1.19699948464431 21.35696989
19 19216556 2.5291582762787 21.41968203
19 19241386 2.45203232985826 21.48248079
19 19266997 1.93567179360725 21.54527954
19 19299440 1.33522761992056 21.60807829
19 19348535 1.21053003733454 21.67363144
19 19419247 0.718104515946703 21.75923058
19 19539554 3.75327837341421 21.84562318
19 19562965 3.09559987337765 21.9334908
19 19591396 4.3485844162261 22.02150217
19 19611635 2.66950771937274 22.10951353
19 19644604 2.28831803645251 22.19752489
19 19683065 1.06095405312422 22.28553625
19 19767358 2.37188358278865 22.37496731
19 19814327 4.53086523865745 22.48637236
19 19838043 2.6995084076082 22.5938263
19 19881575 1.47320348029911 22.71134142
19 19960074 1.66092833829179 22.82698667
19 20029316 4.81301468715511 22.94199251
19 20052874 4.64881261225304 23.05537789
19 20077929 0.668035787835797 23.1718535
19 20252737 1.5770013868807 23.28863137
19 20320515 1.60381123865256 23.39551713
19 20387160 3.74080425576593 23.50240289
19 20415733 2.21565904391569 23.60928865
19 20448136 3.14620740197875 23.68108256
19 20472697 0.701027608596496 23.75835621
19 20584510 0.333790635498494 23.83674057
19 20826509 2.08297979234119 23.91751726
19 20862337 0.510563043032086 23.99214592
19 21008507 2.13213773314204 24.06677458
19 21036387 0.883365437689387 24.12621859
19 21125160 2.54396367702368 24.20463769
19 21154673 3.18606339220905 24.27971798
19 21171205 0.621628621110659 24.33238993
19 21279321 1.76926735184549 24.39959834
19 21317170 0.85260010618381 24.46656314
19 21388744 0.913499045225311 24.52758757
19 21450015 2.32527988443481 24.58355849
19 21477705 2.43536229688269 24.64794568
19 21504106 1.2418000226989 24.71224194
19 21556972 1.81928779271165 24.77789109
19 21593057 2.11140830329108 24.84354025
19 21627453 2.42120353392232 24.9161642
19 21657448 1.74963862387973 24.98878814
19 21698956 2.19946099806202 25.06141209
19 21731980 1.58346231824028 25.13404696
19 21777851 2.76390518657592 25.20668184
19 21799156 0.216120942389884 25.26556681
19 22082266 1.0050694025347 25.32675258
19 22140261 1.473178150065 25.38504202
19 22181030 0.669043110170435 25.44510202
19 22270800 2.51706299178368 25.50516201
19 22293803 1.54668091358354 25.563062
19 22331238 1.45200120373157 25.62096198
19 22371114 2.71525042205965 25.67886196
19 22392438 0.8304896851387 25.73676195
19 22470917 1.13496486991885 25.80193753
19 22525998 1.02707313932526 25.8644529
19 22588126 1.040555745805 25.92826314
19 22649449 1.30893488137304 25.99207337
19 22696993 2.61007423562471 26.05430489
19 22720836 2.67434464976364 26.1165364
19 22744106 1.78279428194918 26.17876792
19 22779013 1.31869808442109 26.24099944
19 22826205 0.75150632590079 26.30323095
19 22901056 1.47832723636077 26.35948216
19 22939053 1.3245326607105 26.41565391
19 22981474 1.40397063196176 26.47184189
19 23025195 2.77081396892843 26.53322523
19 23047788 2.83119290946911 26.59582636
19 23069902 1.23718531399439 26.65843508
19 23120508 2.03197757747556 26.72104379
19 23151905 1.75274436222074 26.78484185
19 23180418 1.21142918122882 26.8348178
19 23217901 0.717447021316497 26.88022595
19 23297886 0.860276700713628 26.93761117
19 23364167 1.85946655416491 26.99463093
19 23385500 0.608564008020347 27.03429929
19 23459811 1.46088211708099 27.079522
19 23490986 0.969763430785938 27.12506521
19 23537949 0.882069259374032 27.17060842
19 23589581 0.714041579128908 27.21615163
19 23653363 0.8021525442816 27.26169484
19 23715522 2.7746016099885 27.31155553
19 23733783 1.61303365063194 27.36222302
19 23765194 1.1744912887352 27.41289052
19 23810308 0.953208483998057 27.46587609
19 23865895 0.821710720327803 27.51886166
19 23930324 1.08879292184538 27.57180399
19 23977794 0.42095961035682 27.62348925
19 24100573 0.512243942758696 27.6751745
19 24200990 0.662730293937341 27.7266128
19 24262976 0.960149585134977 27.76769329
19 24305761 0.753319152057508 27.80877379
19 24360293 2.06714378659727 27.84985428
19 24383348 2.19308821499241 27.89751186
19 24405079 1.57365032194156 27.94516944
19 24435364 2.09338487217781 27.99282703
19 24458130 1.27144735269511 28.04048461
19 24499965 1.81156982832482 28.09367532
19 24531478 2.54709320483648 28.15076367
19 24553891 1.43751416412762 28.20785203
19 24593604 2.07437760255161 28.26494038
19 24616178 2.37674814161522 28.31176765
19 24647926 2.45580290307883 28.38722425
19 24678652 2.23077658455753 28.46268086
19 24710033 2.02642592953085 28.53268455
19 24730581 0.674520422696183 28.57432308
19 24787454 1.47642479435958 28.61268499
19 24814686 1.27869478103234 28.65289125
19 24846129 0.56398602870008 28.69309751
19 24917418 0.873765035309864 28.73330377
19 24974201 1.36391126261099 28.78291844
19 25010578 1.68646854637355 28.8325331
19 25043420 0.625220120106561 28.88791973
19 25132008 1.87774494661205 28.94330636
19 25161790 0.870356247957294 28.99922929
19 25226043 2.19827378562826 29.05515221
19 25250953 1.47320879766963 29.10991162
19 25288372 0.819492168325227 29.16503746
19 25355599 2.55659195322289 29.22012919
19 25377148 1.9436082255671 29.27522092
19 25405450 2.2905601058989 29.33022906
19 25429624 2.35531300401335 29.38560095
19 25456285 0.903497154832419 29.448396
19 25524998 1.30676938620864 29.51047828
19 25572506 1.16954090165261 29.57256056
19 25628115 2.39305882352941 29.63759738
19 25653615 1.73289752324832 29.69862034
19 25675337 0.817633430956856 29.73626223
19 25721091 0.555141833892331 29.77367229
19 25791455 0.845805359969434 29.8127338
19 25846418 1.66041933321143 29.85922157
19 25879232 0.80318709829589 29.91370687
19 25947068 2.06134390335976 29.96819218
19 25973558 2.12041783162473 30.02279705
19 25999310 2.73489433475543 30.07740193
19 26019468 1.997680907345 30.13253147
19 26047065 1.2404873732217 30.187661
19 26091138 0.479715728445858 30.24233329
19 26224813 1.85028029857218 30.30645907
19 26257100 1.13857669632803 30.36619865
19 26302389 2.02350131959281 30.4177635
19 26326260 0.346089361458214 30.46606602
19 26465828 1.49350689505906 30.51436854
19 26498170 0.404574845885821 30.56267106
19 26617562 0.675114410387399 30.61097359
19 26692730 1.16763514295636 30.66172102
19 26735925 0.673678309731324 30.71215667
19 26810848 1.05864339947145 30.7626302
19 26858526 1.33222477366907 30.81310374
19 26896413 1.25237498920459 30.86357727
19 26942729 2.56517725258493 30.9215818
19 26969809 1.68624833110814 30.99104634
19 27011004 1.11473962930274 31.06051089
19 27073319 0.169094657609515 31.12997543
19 27484633 0.637731523931781 31.19952692
19 27593693 0.371649273582975 31.2690784
19 27730529 2.45335588033982 31.31993322
19 27755366 0.76472925622223 31.38086735
19 27838415 0.487188992346104 31.44437737
19 27930133 0.899508817135035 31.48906151
19 27979809 1.11369123252859 31.53374565
19 28011289 0.798543988812569 31.56880434
19 28059915 0.768366350561872 31.60763442
19 28120338 1.06074134199134 31.65406177
19 28149906 1.19962738446138 31.68542585
19 28185868 0.374246817968709 31.72856642
19 28301046 0.675404647373122 31.7716715
19 28364867 0.672035047785348 31.81477658
19 28429008 0.417433324940443 31.85788166
19 28532270 1.07921684484615 31.90098675
19 28572211 1.9112607557052 31.94409183
19 28598941 0.925480008659306 31.99518031
19 28658992 1.20658877692842 32.05075598
19 28705040 2.36936142565435 32.1063167
19 28726588 1.72320985492016 32.1573718
19 28760845 2.13857651496457 32.21640403
19 28789212 2.45911546252532 32.27706944
19 28818832 1.7430874496204 32.34990856
19 28861508 2.1514967462039 32.42429644
19 28896083 3.72693599793264 32.49868433
19 28919301 0.49665750816693 32.5852163
19 29104193 2.1269199676637 32.67704454
19 29142540 1.84052443922914 32.75860505
19 29186854 3.69673208539183 32.84016555
19 29208917 1.46473789127741 32.92172605
19 29264600 2.57623617219779 33.00328655
19 29309618 4.54321766561514 33.1192636
19 29342903 4.8436077643909 33.27048459
19 29372783 4.23937946485184 33.41521202
19 29396440 2.5219108455251 33.51550336
19 29425558 3.01557611209359 33.58893644
19 29454962 3.42143849359469 33.67760618
19 29480878 0.807748954126119 33.76627591
19 29591551 2.9075189683806 33.85567155
19 29622260 1.76955039635315 33.94495806
19 29671837 2.01593943016537 34.03268667
19 29711989 2.02700197880921 34.11363054
19 29751912 2.56600383690125 34.19455412
19 29784751 2.5785281545038 34.278819
19 29817268 2.58043270858339 34.36266456
19 29849761 1.91572071351895 34.44651012
19 29893544 1.98080055379103 34.53038605
19 29942660 0.965802009640973 34.62767515
19 30048251 1.92946767346632 34.72965511
19 30101489 2.0570939554995 34.83237565
19 30156994 2.4186435558447 34.94655444
19 30200033 0.948318979940473 35.05065072
19 30313595 2.88442789800729 35.15834393
19 30350931 2.18932100329364 35.26603713
19 30398295 4.41306553053358 35.36973202
19 30422940 4.59185354691076 35.47849242
19 30444790 1.9218389921647 35.57882416
19 30470826 1.51254812691454 35.62886093
19 30506409 1.14727575034106 35.6826817
19 30553321 1.41371767830638 35.73650247
19 30591724 1.26913366683809 35.79079305
19 30634502 1.44633295148787 35.84508362
19 30672039 1.29483173936893 35.89937419
19 30713968 1.78654028436019 35.95366477
19 30745618 0.478189537066793 36.01020827
19 30863864 0.640227456621415 36.06675178
19 30952848 1.417485202707 36.12372149
19 30999985 0.701602512910611 36.19053732
19 31093900 2.75856150046052 36.25642832
19 31117786 1.67675008853736 36.32231931
19 31151670 1.2089920260892 36.37913467
19 31201959 1.55303144730085 36.43993404
19 31235062 2.87190659739679 36.49134385
19 31252963 0.557636310496747 36.54275365
19 31345344 0.947332610014896 36.59426853
19 31399723 1.23454357819683 36.6457834
19 31453018 0.745970820256171 36.71157852
19 31547330 3.1350652822958 36.78193223
19 31569771 0.340609720114652 36.85228594
19 31759563 1.12669060234244 36.91693053
19 31816939 1.38339389935029 36.98157512
19 31862344 2.40693592562589 37.04438815
19 31888267 4.44408831908832 37.10678317
19 31902307 0.61553645961208 37.16917819
19 32004132 1.39028880706269 37.23185524
19 32049214 0.711001360450892 37.2945323
19 32136685 1.27515941792021 37.35672414
19 32185613 2.9310814619938 37.41911468
19 32206899 1.83854427582142 37.48150523
19 32240834 2.75821701936065 37.54389577
19 32263044 0.792005984824196 37.60515555
19 32356614 2.2192256981901 37.67926352
19 32389986 0.717971184605338 37.75332374
19 32510963 0.814298839367746 37.84018173
19 32617629 1.57537070283928 37.92703972
19 32677785 1.2336514301337 38.02180795
19 32754596 3.12563572790846 38.11656568
19 32779764 1.26102719899114 38.19523137
19 32849546 4.07773090386859 38.28322835
19 32871828 2.39792663476874 38.3740883
19 32911956 4.69178183979789 38.47031197
19 32932143 1.45410301681124 38.56502542
19 32997278 1.12113902239956 38.65973886
19 33052413 0.540571038291933 38.72155256
19 33187115 3.53853630090388 38.79436807
19 33207693 1.34115337518708 38.86718357
19 33259142 2.13249065117285 38.93618412
19 33291499 1.59551197435414 39.00518466
19 33339226 2.02432404487412 39.08133401
19 33377912 1.07564514799241 39.1596466
19 33450686 1.1613381576606 39.23792529
19 33518122 1.0902620357307 39.31624151
19 33581205 1.65352149828541 39.38501865
19 33626697 2.50366495156515 39.46024112
19 33661486 1.69273732951372 39.54734112
19 33716989 1.83111392940182 39.64129279
19 33769030 1.07265471370735 39.73658535
19 33855480 0.620722420827408 39.82931606
19 34005974 1.60906934369306 39.92273115
19 34064148 1.82491651472004 40.01633722
19 34112959 1.01200201946025 40.1054136
19 34200111 2.61808359059606 40.1936119
19 34233799 0.507966823742206 40.2818102
19 34401871 0.524788766326513 40.36718488
19 34459982 0.747689688715953 40.39768077
19 34501102 0.471817149172628 40.42842625
19 34566248 1.31970447485518 40.45916335
19 34590070 0.825047281017643 40.49060088
19 34628669 1.34473439743265 40.52244723
19 34652351 0.985883227044765 40.55429359
19 34684653 1.39638691572393 40.58613994
19 34707459 0.928977994613 40.6179863
19 34746813 0.56764242812992 40.65454543
19 34815409 0.501596974435045 40.69348309
19 34890238 1.08170264272746 40.73101688
19 34924937 1.95407774390244 40.76855068
19 34951177 2.1731761728765 40.81982586
19 34981210 1.89806904622586 40.88509326
19 35015390 0.977342573064176 40.94996971
19 35081770 2.16211883603415 41.01484615
19 35110465 2.46204400419088 41.07688846
19 35131463 2.78546409807356 41.1285866
19 35152019 0.501071020068628 41.1858443
19 35248189 1.38058719166714 41.23403271
19 35283135 1.31433978745087 41.28227848
19 35317480 2.09026930655907 41.32741994
19 35338794 1.2485497295631 41.37197216
19 35374477 1.81447624756481 41.41652439
19 35401169 1.87931788369042 41.46495635
19 35428613 1.65244136870434 41.51653186
19 35459825 1.66174142480211 41.56810738
19 35492040 0.725501347923515 41.62164025
19 35579953 0.677392048788465 41.68542168
19 35683912 0.88628242074928 41.75584231
19 35735962 0.585363011304044 41.80197327
19 35804610 10.3766827533655 41.84215678
19 35808547 1.66937212863706 41.88300977
19 35834667 0.480722465402131 41.92661346
19 35925135 0.491334683772226 41.97010304
19 36005109 0.931587110115458 42.00939705
19 36045730 0.586391089751916 42.04723874
19 36107322 0.961936427716452 42.08335607
19 36144917 1.05708690187367 42.11952013
19 36179128 1.41094768054309 42.15568418
19 36204759 1.75967623252391 42.19184824
19 36225144 1.22930417364463 42.22771951
19 36255597 1.49199824803747 42.26515556
19 36285278 0.634798838656159 42.30943946
19 36362430 1.16368474825956 42.3584151
19 36404517 0.762153750389045 42.40739074
19 36468777 2.16938341601701 42.45636638
19 36491353 0.544968017057569 42.50534202
19 36585153 0.419609271569568 42.55645974
19 36727912 1.33626814952116 42.6163623
19 36773230 1.9151486401012 42.67691952
19 36804850 0.728967153348335 42.73747675
19 36919504 2.63161023947151 42.8210559
19 36949779 1.16491630360009 42.90072766
19 36993389 1.38287432731877 42.95152929
19 37037615 2.01921305434926 43.01268873
19 37068011 1.3971162875231 43.07406443
19 37101024 0.585666011599482 43.12018734
19 37184476 1.63851893173419 43.16906259
19 37213158 0.436443065214781 43.21605903
19 37321431 1.20767048333164 43.26331357
19 37360907 2.02730549077804 43.31098715
19 37384492 1.3599499133115 43.35880086
19 37426020 0.851933103935328 43.41527688
19 37492571 1.85733473104894 43.47197351
19 37523097 0.509892879647133 43.52867013
19 37634187 1.46232743423613 43.5853143
19 37677866 1.22337117237432 43.64918683
19 37730281 0.64014814962713 43.71330962
19 37830450 1.21037545493975 43.7774324
19 37883479 2.42894985808893 43.84161735
19 37909904 1.42826947893027 43.9058023
19 37954850 0.440784352796857 43.96999759
19 38115441 0.833878716145652 44.04078375
19 38201619 0.520733508664481 44.11264598
19 38340404 0.999847816161924 44.18491548
19 38412685 1.11835748792271 44.25718498
19 38456569 1.7828547474324 44.30626253
19 38489966 1.17444119551779 44.36580462
19 38540923 1.73247338091058 44.42565017
19 38567126 2.29670512536055 44.47104599
19 38585154 0.97233260113039 44.5124508
19 38625671 1.38199772907133 44.55184653
19 38654734 0.332343157859897 44.59201131
19 38775588 0.958820720935784 44.63217609
19 38817478 1.06989691270877 44.67234086
19 38855019 0.864023576990922 44.71250564
19 38901505 0.8630581460312 44.75267041
19 38948043 0.699464012251149 44.79283519
19 39005507 0.619775898124161 44.83302892
19 39069585 0.522664053965787 44.87274258
19 39158382 0.543017099311586 44.91915332
19 39243941 1.59648339572101 44.96561377
19 39273060 1.49508296148681 45.0121013
19 39296143 2.90145767624243 45.04661222
19 39319605 0.813560741068545 45.11468612
19 39403214 0.596360133685547 45.18270722
19 39471733 0.997599126955256 45.22356934
19 39512968 0.603583114463046 45.26470486
19 39581121 0.91877195730493 45.30584037
19 39625810 1.42744402725629 45.3468998
19 39654574 0.595875272752868 45.38795923
19 39725609 0.190194607078827 45.4302871
19 39948160 0.521108679181749 45.47261498
19 40043192 1.9842049989498 45.52213688
19 40066997 2.68578832675658 45.56937061
19 40083976 0.224932375953356 45.61497311
19 40276585 1.23373124737401 45.65829719
19 40317046 2.32468681600149 45.70821514
19 40338519 1.16961503315448 45.7581331
19 40381198 1.69853568624774 45.80805105
19 40410495 0.673469663955393 45.8578131
19 40484384 2.20037479503397 45.90757515
19 40505729 0.54750830564784 45.95454262
19 40591514 0.489403318940852 46.00151106
19 40687629 1.50593280453989 46.04855041
19 40718643 2.17647607064635 46.09525508
19 40740102 0.938193957726216 46.14195974
19 40794320 1.49189501154271 46.19282715
19 40834172 1.25917568323401 46.2522822
19 40886021 2.18683088901567 46.31756908
19 40915818 0.347663002881229 46.38272976
19 41103238 1.94162395641943 46.44788917
19 41134261 1.22698687468501 46.50812399
19 41179898 0.880632933489613 46.56412006
19 41260096 3.00762156178149 46.63474507
19 41283582 1.53384327057183 46.70538188
19 41329470 0.756640830762285 46.77576733
19 41422493 0.562227733213094 46.84615277
19 41559996 2.27175572519084 46.92346046
19 41594056 3.5466765950776 47.00083635
19 41619572 2.76177188698989 47.09133349
19 41653976 2.82637049113511 47.18634914
19 41688325 1.56392231791479 47.28343194
19 41758457 3.25271270662205 47.39311262
19 41788040 2.04893373556642 47.48933801
19 41836105 1.14540590835078 47.58782045
19 41922085 1.61978388998035 47.68630289
19 41972985 2.37688464429411 47.76874955
19 41995602 2.31789676796913 47.8225075
19 42018405 1.38914324880055 47.87536236
19 42054880 2.31926580308509 47.92603131
19 42076727 1.50473673269385 47.97670027
19 42110400 2.08531566384065 48.02736922
19 42134698 0.397886369095121 48.07803818
19 42263765 2.28823136818687 48.12939223
19 42286240 1.31704861250957 48.18082051
19 42311069 1.63636027918313 48.21352129
19 42338148 0.488263734336114 48.25783252
19 42429361 0.414408591458261 48.30236828
19 42529926 0.30758976323898 48.34404362
19 42655200 37.9723865877712 48.38257667
19 42656214 0.570697030699547 48.421081
19 42735694 0.701879126460132 48.4664403
19 42800671 0.187903495670201 48.51204599
19 43045717 0.291907807256379 48.55809134
19 43203647 0.95439393939394 48.60419249
19 43256447 0.622190678968536 48.65458435
19 43345214 2.24149480539619 48.70981439
19 43377459 2.0485309996022 48.78209094
19 43412653 2.49024390243902 48.85418674
19 43441353 0.945274769624 48.92565709
19 43515688 1.71676364338306 48.99592428
19 43551951 1.47903321824027 49.05817953
19 43593946 2.05106275940133 49.12029157
19 43617799 1.78026514515858 49.16921581
19 43647594 1.09296136551344 49.22225879
19 43680285 0.917925273462745 49.2579885
19 43722064 0.588000687639677 49.29633881
19 43780234 1.00111049416991 49.33054247
19 43807249 0.460821245579851 49.35758769
19 43876534 0.69055910024873 49.38951551
19 43922769 0.630066700872242 49.42144333
19 43973443 0.923724644810324 49.45337115
19 44008002 0.412135539795114 49.48529392
19 44085411 0.362085598520015 49.5171972
19 44173520 3.61727974568574 49.54910048
19 44182328 1.0689858822206 49.58096198
19 44217886 0.680287382128424 49.61897315
19 44273561 1.18597347242085 49.65684858
19 44309222 1.82044103712637 49.69914143
19 44332440 1.73388850145629 49.7414083
19 44356817 1.89478638992245 49.78367517
19 44379124 0.780842416404951 49.82594204
19 44433254 0.844664268585132 49.86820891
19 44483294 1.73626271970398 49.91047578
19 44494104 0.651967532159301 49.92924489
19 44536238 0.576207475850483 49.95671469
19 44583858 1.09690185888467 49.98415418
19 44608873 1.51263736263736 50.01159367
19 44630713 0.578044024383817 50.04462938
19 44687636 1.03060105866508 50.0775332
19 44719563 1.54684728269634 50.11043702
19 44750568 1.1795076803799 50.1583966
19 44791842 0.470774594126928 50.20707987
19 44870438 0.691308356382533 50.24408069
19 44930093 1.34485201764839 50.28532088
19 44961144 2.45566361556064 50.32707997
19 44978624 1.53864076277869 50.37000474
19 45006522 0.934056311464367 50.4129295
19 45051060 2.36204608517312 50.45453008
19 45067638 1.45395811673845 50.49368818
19 45094570 1.99146150562118 50.53284627
19 45115651 0.327629922516357 50.5748285
19 45228449 1.09159494498311 50.61178431
19 45265165 1.22440046852845 50.65186377
19 45297607 1.03005063650561 50.69158545
19 45339869 2.14702142228309 50.73511767
19 45360315 0.903289625997096 50.77901615
19 45407828 1.16412483912484 50.82193368
19 45438908 0.820731562015966 50.85811443
19 45480873 0.396853725416036 50.89255657
19 45565481 0.448728400176407 50.92613345
19 45640308 0.532883669258848 50.95971034
19 45703318 0.632835764634928 50.99328722
19 45756376 0.706429037977046 51.0268641
19 45809961 1.32814332942306 51.06471851
19 45838092 0.500696864111498 51.1020807
19 45912712 0.936600411240576 51.13944288
19 45962318 0.54133001352109 51.18590429
19 46083610 0.341869853796501 51.25156341
19 46302825 1.12567552540865 51.32650678
19 46347790 1.75424256254927 51.37712238
19 46371891 0.906529300400652 51.41940173
19 46417317 1.07359803947128 51.46058221
19 46455674 1.10004006945372 51.50176269
19 46493109 1.75817607377679 51.54294317
19 46516531 1.01807214022596 51.58412365
19 46556980 2.04215224398711 51.62530414
19 46577145 0.521670243276308 51.66648462
19 46627006 0.575370804059329 51.69249592
19 46678246 1.04265101145848 51.72197748
19 46706522 1.21168926822928 51.75145903
19 46729603 0.657862124267976 51.77942571
19 46770756 0.479437559409581 51.80649896
19 46826513 0.542099677985948 51.83323098
19 46881169 0.335333961243262 51.86286045
19 46980971 0.337328145788816 51.89632726
19 47080183 2.13415427509294 51.92979408
19 47101703 0.915760544867965 51.97572151
19 47151917 0.874249851115489 52.02170578
19 47195575 0.539407712853193 52.05987414
19 47280939 0.503493422294958 52.1059204
19 47360374 0.95431243176532 52.14591587
19 47402508 0.551194152646452 52.18612456
19 47486375 0.616369003887204 52.23235181
19 47561236 1.53163380468698 52.27849425
19 47591362 1.05918710443038 52.32463669
19 47631810 0.48431479214833 52.36747869
19 47720046 1.13446069712496 52.4102127
19 47757715 0.319923002887392 52.45294671
19 47887590 0.672210447978515 52.49449689
19 47949401 1.08364525010054 52.53604708
19 47981728 0.925357620155423 52.57107842
19 48022134 0.70407682892383 52.60846815
19 48075239 1.06460522194698 52.64585788
19 48110360 0.999540488103748 52.68324761
19 48149532 0.311105932235245 52.72240138
19 48282551 1.68531867236815 52.76378471
19 48307106 1.34317367220593 52.80516805
19 48337796 0.913729662632442 52.84638995
19 48382910 1.70294859600513 52.88761185
19 48407091 1.53700357934208 52.92879092
19 48436426 0.939454372954867 52.97387855
19 48488073 1.4034433948638 53.02239875
19 48522690 1.04068793747585 53.07098213
19 48569264 1.76199651010615 53.11945119
19 48596772 0.803624425911495 53.16792024
19 48657085 0.720465095452035 53.2163893
19 48724082 1.78339706426545 53.2646586
19 48748403 1.10206570622761 53.30803231
19 48787760 0.641361566215177 53.35140603
19 48855388 1.38642247578867 53.39477975
19 48886675 0.899140836203385 53.43815692
19 48940681 0.709480881901728 53.4867158
19 49009124 1.90837372555574 53.53527468
19 49039039 1.16389619836125 53.59236411
19 49085782 2.34227523251808 53.6467682
19 49109006 2.0289000074677 53.7011649
19 49135788 1.99788868891042 53.75550327
19 49164680 1.49338742203255 53.8132264
19 49207326 0.902977456401531 53.87691342
19 49277856 1.71625110092022 53.94060044
19 49310783 1.68535390586175 53.99711162
19 49353040 2.07059165576392 54.06832922
19 49387435 1.51627669313803 54.13954681
19 49434404 2.13983773912523 54.21076441
19 49467807 1.35148469787172 54.28224093
19 49522734 1.55486555048199 54.35647356
19 49572009 0.712993069619665 54.43308956
19 49679651 2.20380142000718 54.50983733
19 49715848 2.62433899248539 54.58960815
19 49744592 2.14740803218063 54.66504254
19 49775418 2.64451307713359 54.73123884
19 49800997 1.97796992481203 54.79888289
19 49827597 2.02790533380431 54.85149716
19 49858738 2.42645815722739 54.91464796
19 49884764 1.49777936112101 54.97779877
19 49926869 3.01582898952704 55.04086249
19 49947780 0.811177489394814 55.10392622
19 50027458 2.36369953188999 55.1685593
19 50054802 0.907039407207814 55.23319238
19 50126058 1.05739263346257 55.29782477
19 50179706 2.14571471950201 55.3545519
19 50206052 0.170403183692579 55.41108259
19 50539250 1.00907496199275 55.46786064
19 50582005 2.29851374678961 55.51100316
19 50605756 0.998843463734327 55.56559497
19 50660229 0.940600905853473 55.62000489
19 50718075 1.36201464388729 55.67441481
19 50763145 2.57257794166946 55.73580099
19 50787009 2.12375327570697 55.7971931
19 50812576 1.65163014016882 55.85149123
19 50838402 1.63878115000485 55.89414623
19 50879654 1.34810845269638 55.96174939
19 50929851 1.6105876754699 56.02942075
19 50971881 0.684691868974915 56.09711379
19 51070946 0.83208664127392 56.16494325
19 51158110 1.32579958843431 56.2374717
19 51186781 1.87198653532003 56.27548412
19 51206982 1.65688721631274 56.31329982
19 51233023 0.629775647389171 56.3564466
19 51303537 1.96023616764324 56.40085432
19 51325894 2.02955732122588 56.44467944
19 51347919 0.756246933631088 56.48938093
19 51407028 2.81251788951436 56.53408242
19 51427990 0.962408472803347 56.5930382
19 51489174 1.3548157010722 56.65192184
19 51532636 1.13305102770849 56.71080454
19 51584353 1.91345494892798 56.76940267
19 51614996 1.68658532221705 56.82803715
19 51642943 1.14366540589541 56.87517191
19 51674934 0.950901751074761 56.91175921
19 51713082 0.674280865507 56.94803398
19 51772007 0.774042038690476 56.98776559
19 51815015 0.730372374075609 57.02105566
19 51860856 1.05107678784454 57.05453617
19 51892710 0.623036993232144 57.08801669
19 51938367 0.721631700449022 57.11646313
19 51977786 0.241056093077049 57.14490957
19 52093647 0.969184856161294 57.17283881
19 52122464 0.244036105738233 57.20076805
19 52237238 1.19263117448662 57.22877669
19 52260661 0.872488573970124 57.25671156
19 52293262 0.222835549378909 57.28515537
19 52421343 1.11518774664947 57.31369661
19 52446936 0.197451348004455 57.34223784
19 52591483 0.917068311805154 57.37077908
19 52622605 1.03383199913066 57.39932032
19 52650212 0.432983904000485 57.42786155
19 52716129 0.709005092535089 57.45640279
19 52756384 0.998967978671559 57.48494403
19 52791267 1.0470538745831 57.51979084
19 52824548 1.10286894221444 57.55463765
19 52856511 1.44434169460178 57.58988827
19 52882464 0.984739841882699 57.62737346
19 52920537 1.33443538550427 57.66486531
19 52951691 1.11617354883746 57.70643869
19 52988937 1.02500061638601 57.74801206
19 53029496 2.0037152277899 57.78958544
19 53051029 1.69001884604233 57.83273135
19 53078621 1.21907923975844 57.87936243
19 53116872 1.18217771580682 57.92599351
19 53156317 1.85448158398978 57.97262458
19 53184499 1.77270877145377 58.02488784
19 53213981 1.53823057937457 58.07715109
19 53253282 0.987632941791508 58.13760551
19 53314493 2.39706806975744 58.19805992
19 53344712 1.734727111622 58.27049707
19 53386469 1.82690754945499 58.34293423
19 53426101 2.1592404083698 58.41533872
19 53459698 2.03936413778749 58.48788278
19 53498134 1.38306882010184 58.56626797
19 53555283 1.20074750451997 58.64530942
19 53621102 0.964145707615734 58.72434161
19 53689211 2.54257172726217 58.79000859
19 53715038 2.68444935001226 58.85567556
19 53739500 4.02018779342723 58.92134254
19 53762930 1.65327043454595 59.01553542
19 53829068 2.57234534736214 59.12487973
19 53869271 2.95270670262448 59.22829537
19 53899677 4.25427523460201 59.3180756
19 53920670 4.18702717848137 59.4073852
19 53942084 3.59917453766172 59.49704583
19 53967282 1.58609547456676 59.58773821
19 54026083 3.17635038485117 59.68100184
19 54055445 1.17914601694295 59.77426546
19 54137367 0.850114416475973 59.87086312
19 54230885 3.94445204542345 59.9503638
19 54260121 3.61529101602109 60.06568416
19 54299569 5.61347955552328 60.20830063
19 54327107 3.82765538793935 60.36288433
19 54378945 8.0088424437299 60.56130227
19 54403825 4.80085551330798 60.76056212
19 54454321 9.28753736491147 61.00298639
19 54480415 5.68422512551663 61.24533518
19 54516466 2.37398272192313 61.45025705
19 54548414 12.8414006179197 61.52610123
19 54554240 4.32944824022507 61.60091526
19 54571657 3.91887091354232 61.67632098
19 54592488 4.21658765711303 61.75795546
19 54615481 4.48243430152144 61.85490759
19 54637171 2.91615905466524 61.95213178
19 54675422 3.08223266095606 62.06367748
19 54711612 2.49857708355622 62.17522318
19 54758347 3.19297743428272 62.29199385
19 54800269 4.06870229007634 62.42584935
19 54835639 6.35785288270378 62.56975911
19 54858274 3.08277553735501 62.71366887
19 54906380 7.59351931741923 62.86196891
19 54927242 3.26857793166905 63.02038468
19 54968541 4.99849137931035 63.1553734
19 54996381 5.1112457319088 63.29453156
19 55023618 1.83430067295107 63.4337468
19 55099255 3.60997549147416 63.57248761
19 55137609 1.31678839040121 63.71094498
19 55243039 1.34175812499051 63.84977359
19 55308916 3.15037544460545 63.9381646
19 55339280 0.996830260952837 64.03382287
19 55443705 2.74996790345359 64.1379167
19 55474861 3.93983861753785 64.22359422
19 55502869 0.989504693609124 64.33394089
19 55613871 1.9269539024259 64.44377803
19 55669644 2.25917846253006 64.55125025
19 55709983 1.53224213108053 64.64238293
19 55768695 3.64462643214459 64.73234407
19 55793483 1.44510473487368 64.82268682
19 55861130 2.3500143726971 64.92044393
19 55899397 2.75739196360879 65.01037195
19 55924458 1.62431200197158 65.0794753
19 55973150 3.66604722839142 65.15856653
19 55995213 2.81968213087533 65.23945072
19 56024722 2.49106810035842 65.32265646
19 56059597 1.58020091010561 65.40953272
19 56117832 4.6979989592696 65.50155591
19 56138971 2.43291139240506 65.60086648
19 56179656 2.2068312041558 65.69984985
19 56224509 3.26752741913092 65.79883321
19 56253321 2.45774703041378 65.89297719
19 56291626 3.48024102620975 65.98712116
19 56318677 2.03269715520346 66.08126514
19 56346447 3.17092987093765 66.13771356
19 56372171 3.39339227161416 66.21928266
19 56396264 3.16535667247313 66.30103999
19 56419801 1.86188035167101 66.37554328
19 56454720 3.44220135170719 66.44055861
19 56477506 2.61933904528764 66.51899255
19 56506918 4.07652031895475 66.59603274
19 56527736 4.03697655429838 66.68089818
19 56553455 3.87024266597085 66.78472482
19 56580282 4.82534739973045 66.88855145
19 56601799 1.2134290026212 66.99237809
19 56677337 2.53540825916303 67.08403822
19 56713515 4.51885756133284 67.1757646
19 56738094 3.06714921077876 67.28683328
19 56761028 2.88117793705204 67.35717572
19 56793118 0.801867348712473 67.44963304
19 56913931 1.36369242575818 67.54650947
19 56986902 2.47929207182178 67.64601944
19 57025776 5.33022690437601 67.7423992
19 57043052 1.47055913703964 67.83448457
19 57105720 3.89113865932048 67.92664142
19 57127500 3.78526924788607 68.01138998
19 57154464 2.89881443152418 68.11345608
19 57189637 2.62477372016123 68.21541584
19 57231068 1.6027756070736 68.324163
19 57300170 3.99406103429372 68.43491778
19 57333004 2.99785118299234 68.56605878
19 57376749 9.5901843892971 68.69719979
19 57391175 6.44768606981405 68.83554754
19 57412632 4.62881451714178 68.97389528
19 57444484 4.33746236137971 69.12133197
19 57485333 2.86590453197948 69.29851307
19 57541666 4.4587833545108 69.45995821
19 57579442 3.33276651702716 69.62839311
19 57623548 7.21997347349806 69.77538843
19 57643905 3.93280727564531 69.92236569
19 57681290 2.38332576030585 70.06939395
19 57745113 38.4984794728839 70.221505
19 57749059 1.50080422445449 70.3734202
19 57847912 1.03651341745029 70.52177961
19 57986053 7.51514823631249 70.66496486
19 58004537 6.41797597042514 70.80387436
19 58026177 5.0031426094495 70.94275979
19 58053861 5.74478150807154 71.08126701
19 58077958 3.25831275994751 71.21969919
19 58122919 3.72259377726083 71.36619617
19 58164187 1.03531749679993 71.51982019
19 58305590 3.82378233273426 71.66621672
19 58349547 2.3922517470574 71.8342989
19 58419808 6.69820159593473 72.00238108
19 58444997 5.48293903548681 72.1711024
19 58475769 7.78706750867206 72.33982372
19 58498255 2.39546074568051 72.51492332
19 58577431 1.21242556631788 72.70458665
19 58706069 3.29479628882614 72.86055053
19 58730859 1.57325595370959 72.9422287
19 58789100 2.7585216102592 73.03385632
19 58822163 1.83439463762044 73.12506088
19 58869903 2.79440987292789 73.21263469
19 58908149 2.16923573561456 73.31950937
19 58957713 0.685515329111132 73.42702554
19 59116398 4.10898330003393 73.53580689
19 59142925 4.01706346281418 73.64480565
19 59170059 2.54296246179689 73.7538044
19 59212922 3.31687054957093 73.86280315
19 59245784 1.77067156177914 73.9718019
19 59307342 4.67929663872807 74.08080065
19 59330488 3.14133650443761 74.18910795
19 59364966 2.29623970800441 74.29741524
19 59412090 6.1504132231405 74.40562276
19 59437500 4.70712198995944 74.56190525
19 59472757 4.97732013278886 74.72786438
19 59506796 4.11313087068672 74.89728764
19 59547890 3.89247287924595 75.06631281
19 59592874 2.89509853461344 75.24141229
19 59652244 6.82574541035545 75.41329407
19 59675285 4.08215586307356 75.57056573
19 59702745 3.65176378107497 75.68266144
19 59743453 3.68849315068493 75.8313176
19 59783603 2.82966342529047 75.97941017
19 59835330 4.13321705003816 76.12577984
19 59872022 3.69615872087355 76.27743626
19 59913050 3.0384819581495 76.42908177
19 59967673 1.72120879006917 76.59505228
19 60064100 0.739680404777917 76.76102279
19 60282689 2.57367524632698 76.92270913
19 60345512 5.68991614553724 77.08439546
19 60373656 4.61143309580364 77.24453244
19 60405231 4.09018604912596 77.39013801
19 60440813 3.0395223850327 77.53567538
19 60480259 4.4059066440528 77.65557201
19 60507381 2.81076821752834 77.7750693
19 60549895 3.01147300172222 77.8945666
19 60589379 3.0369282631458 78.01347177
19 60628536 2.37618422970412 78.13238899
19 60669702 2.81823158258665 78.23020705
19 60704411 0.9863370143515 78.3280251
19 60816246 2.38511935651271 78.43833193
19 60862494 2.96030808866942 78.54863875
19 60899756 4.31915893339598 78.65894558
19 60925295 2.34843168299884 78.7692524
19 60972033 3.19202582446344 78.87901293
19 61006419 2.408994139982 78.98877346
19 61051982 1.86177593079467 79.09853399
19 61110937 5.46385392308075 79.20829452
19 61131036 2.81263788213048 79.31811236
19 61175458 3.44106365834005 79.44305508
19 61206483 6.02739601759877 79.54981389
19 61228530 2.05260489783185 79.68269976
19 61305462 4.35372089145779 79.84061114
19 61341448 3.03795062267861 79.99728457
19 61387218 5.08534633294529 80.13633158
19 61414706 3.6575958972212 80.27611786
19 61452924 6.06946185433326 80.41590414
19 61476059 5.34002956449229 80.55632069
19 61502442 4.57532670863022 80.697207
19 61533739 4.6234214990262 80.84040143
19 61565573 3.01034529314477 80.98758385
19 61624827 1.14791814145054 81.16595902
19 61780217 4.07018208381808 81.34433418
19 61817178 1.61597943806155 81.49477205
19 61862699 1.57619047619048 81.56833336
19 61915619 1.21812021730241 81.65174487
19 61984095 1.60958666203543 81.73515638
19 62035917 2.21932739598564 81.81856788
19 62073532 1.89351254723599 81.90204812
19 62117725 3.76366223908918 81.98572763
19 62138805 3.64051446945338 82.06506514
19 62160575 3.52365285434821 82.14431893
19 62183067 2.90568543033034 82.22357272
19 62207920 2.32207617768397 82.29578767
19 62249612 4.28156800283161 82.39260001
19 62272214 1.93162837162837 82.48937201
19 62322264 0.219018286618904 82.58604958
19 62519348 1.64144198958056 82.62921421
19 62545645 1.62119124177002 82.67237883
19 62571769 0.521574882471457 82.71473107
19 62643241 0.83756729475101 82.75200882
19 62690793 0.762229196968537 82.79183682
19 62743045 0.546292486215126 82.83166482
19 62815951 0.478427468841192 82.87149282
19 62889285 1.23161442061291 82.90657826
19 62917772 0.722000335626783 82.9416637
19 62947567 0.489749256916394 82.96317523
19 63013172 1.38184972769772 82.99530497
19 63033921 0.0129844894786773 83.02397727
19 63121410 0.0161159600997506 83.02511321
19 63185570 0.0391562843185519 83.02614757
19 63211977 0.00979472751901636 83.02718192
19 63317544 0 83.02821628
19 63367207 0 83.02821628
19 63394562 0 83.02821628
