Chromosome Position(bp) Rate(cM/Mb) Map(cM)
11 0 0 0
11 122657 0.0480446927374302 0
11 159352 0.104506255919446 0.00176297
11 199474 0.156137419725369 0.00595588
11 237780 0.229709859053904 0.0119372
11 265663 0.248291310091322 0.01834178
11 300485 0.418665161917301 0.02698809
11 332384 0.402149440124884 0.04034301
11 365695 0.728467485220555 0.05373869
11 387685 0.159503924525384 0.06975741
11 491137 0.1327266274027 0.08625818
11 671455 0.337330247343911 0.11019139
11 743177 0.604698825293677 0.13438555
11 783187 0.692052421396029 0.1585797
11 818745 1.3649370557904 0.18318812
11 840272 0.523221997003613 0.21257117
11 897007 0.639835878928487 0.24225656
11 943558 0.376348841323191 0.27204172
11 1022700 0.735156029370234 0.30182687
11 1079356 1.41480318186474 0.34347756
11 1108647 1.37126648564779 0.38491868
11 1129271 0.965519211541208 0.41320016
11 1164276 1.53223320337293 0.44699774
11 1186334 0.666643735488864 0.48079531
11 1244479 0.997054720198419 0.51955767
11 1283185 1.260982336332 0.5581495
11 1313643 1.45455566790248 0.5965562
11 1340346 0.986238087546438 0.63539695
11 1371301 1.45056726094003 0.66592632
11 1391662 1.49070963901526 0.69546085
11 1415181 1.3221786218804 0.73052125
11 1447036 1.91615569181552 0.77263946
11 1469542 0.77146738195949 0.81576449
11 1527700 1.842500615713 0.86063197
11 1552062 1.48372062274816 0.90551933
11 1582315 1.11920909589588 0.9504067
11 1622421 0.585946408209806 0.99529407
11 1692581 1.2180316475997 1.03640416
11 1729993 Inf 1.08197279
11 1729993 1.33667570304079 1.11542675
11 1760610 0.587388173685359 1.15635134
11 1833938 1.54019115977588 1.1994235
11 1861245 1.37599869558128 1.24148191
11 1891910 1.16082570572552 1.28367674
11 1928291 1.74350300687285 1.32590896
11 1946915 0.827924721427408 1.35838014
11 1989902 1.0289540456724 1.39396965
11 2025372 1.37519110493398 1.43046674
11 2054152 1.00661786553578 1.47004474
11 2091173 3.90664423885618 1.50731071
11 2101874 1.00586135365912 1.54911552
11 2143332 1.40857171400979 1.59081638
11 2173361 1.59783922635237 1.63311478
11 2199833 1.70952584365656 1.67541319
11 2227925 1.50394588500564 1.72343709
11 2259857 1.48193887002161 1.771461
11 2292247 1.6866369162655 1.81946132
11 2320706 1.23741305927541 1.86746164
11 2359238 2.0456065673457 1.91514206
11 2382261 2.06316185814468 1.96223759
11 2403508 0.505751370060571 2.006074
11 2490183 0.524947400060114 2.04991042
11 2576685 1.16525956529549 2.09531897
11 2615654 2.24474763952741 2.14072753
11 2635883 1.86180211699825 2.18613608
11 2669610 3.23906592070056 2.24892907
11 2690165 1.96944329408981 2.3155084
11 2723971 1.20842307205039 2.38208773
11 2779224 3.25575485069156 2.44885704
11 2799685 2.10131852879944 2.51547339
11 2831387 2.15630282816284 2.58208973
11 2853274 1.02854031198949 2.62928488
11 2884493 1.30450655570385 2.66139463
11 2909967 0.959324480369515 2.69462551
11 2944607 0.473922902494331 2.72785639
11 3014726 0.996730653869226 2.76108727
11 3048066 1.37084173849257 2.79431815
11 3075331 0.598649269939915 2.83169393
11 3138408 1.03795934442122 2.86945466
11 3171417 0.733042157235093 2.90371657
11 3224077 1.80390579612995 2.94231897
11 3246454 1.73409504024929 2.98268519
11 3269560 0.596489661024519 3.02275306
11 3336733 0.963188112124282 3.06282092
11 3378187 1.57049000821243 3.10274894
11 3403758 0.908371274834437 3.14290765
11 3442414 1.07921499101229 3.17802173
11 3483025 1.3790061633282 3.22184964
11 3508985 0.534705367196297 3.25764869
11 3588915 1.96727272727273 3.30038815
11 3610640 1.50527701081207 3.3431276
11 3649393 1.58833965663127 3.40146195
11 3686030 2.11046096274877 3.45965417
11 3715425 2.10967149561314 3.52169159
11 3744831 2.64227714821094 3.58372902
11 3767245 2.04897486547238 3.64295283
11 3796607 1.50402970922882 3.70311434
11 3834575 1.74466035782224 3.76021915
11 3876104 1.21843054972723 3.83267349
11 3935679 0.892671279005694 3.90526156
11 4001011 1.33586824564216 3.96358144
11 4044668 0.62919148241821 4.02190132
11 4130467 2.53170068027211 4.07588568
11 4156192 2.8733786287832 4.14101386
11 4178858 0.28928806211467 4.20614204
11 4403990 1.72398379354384 4.27127022
11 4449404 1.66957393269928 4.34956343
11 4496298 1.31503098913281 4.42785664
11 4555835 4.49727152622207 4.50614985
11 4573244 1.24776937940441 4.58444306
11 4643628 1.09313313128752 4.67226585
11 4730407 1.3345885841364 4.76712656
11 4764132 1.44168101735329 4.81213557
11 4794328 1.12380457380457 4.85566859
11 4832808 1.50967767419814 4.89891248
11 4858124 1.66104567777826 4.93713172
11 4881133 1.4309081489157 4.97535097
11 4908155 0.887030773233673 5.01401695
11 4950432 1.60800576992427 5.05151826
11 4975389 1.910456987969 5.09164957
11 4996418 0.81181922977392 5.13182419
11 5038925 1.20598308520305 5.16633176
11 5067539 1.61013205931401 5.20083934
11 5089726 1.04297885951903 5.23656305
11 5124115 1.05961771396496 5.27243016
11 5157964 1.557856272838 5.30829728
11 5180952 0.625165840374276 5.34410972
11 5238236 0.845500047218812 5.37992215
11 5280592 1.23443469647658 5.41573459
11 5308860 3.79747524213734 5.45062935
11 5318049 1.59487951807229 5.48552411
11 5341289 0.57647479887338 5.52258915
11 5405552 0.902722350728248 5.5596347
11 5444893 0.724523824137155 5.59514897
11 5493772 1.46830299763672 5.63056264
11 5517891 0.67382080407938 5.66597632
11 5570448 1.49760710150521 5.70138999
11 5596358 1.52608617915251 5.74019289
11 5624323 1.18123572343863 5.78286988
11 5660221 0.556242047407291 5.82527404
11 5736454 0.963286872551699 5.86767819
11 5791339 1.73703058777146 5.92054807
11 5821776 2.48162850365494 5.97341794
11 5842433 1.6273451636456 6.02468131
11 5873934 2.02668617063335 6.07594468
11 5899228 1.36842409861682 6.12720805
11 5933786 1.34156734035815 6.17449775
11 5968520 0.606760592723769 6.22109617
11 6045318 0.661730352668016 6.26769458
11 6115951 1.93256124297016 6.31443473
11 6136933 0.813504706734251 6.35498406
11 6192173 1.7593078338488 6.3999216
11 6217716 0.669068507466791 6.44485914
11 6290438 2.19052764271565 6.49351545
11 6312650 1.17038131692427 6.54217175
11 6353928 1.31673480512401 6.5904826
11 6390618 1.40296210251198 6.63879346
11 6425053 0.937728452112649 6.68710431
11 6477854 1.27240209357986 6.73661681
11 6515875 1.7815503590499 6.78499432
11 6543030 1.02352341726466 6.83337183
11 6590132 1.80948001686018 6.88158135
11 6616229 2.29155602761551 6.92880377
11 6636942 1.42289705617843 6.97626833
11 6670300 2.14081934417674 7.02373289
11 6693294 1.23760249902382 7.07295862
11 6729148 1.03738730218776 7.11733198
11 6776731 0.75314101000244 7.16669353
11 6842315 1.48161818128978 7.21608727
11 6876724 1.38061363019278 7.26706808
11 6913554 0.518306681443952 7.31791644
11 7014610 1.16465434816445 7.37029441
11 7059583 0.745348655963498 7.42267237
11 7130154 0.707086657801418 7.47527233
11 7202346 2.12815809222046 7.52631836
11 7226332 1.6243950585838 7.5773644
11 7257740 1.96000662690524 7.62838379
11 7287920 2.81305877877116 7.68753725
11 7308948 2.47486078933463 7.74669071
11 7333551 2.59686646174863 7.80758006
11 7356975 1.63796214018364 7.86840878
11 7394112 2.62329653268932 7.9292375
11 7417300 2.19845314250605 7.99006622
11 7444969 2.83739679832552 8.05089494
11 7470768 3.28481041059008 8.1240969
11 7493053 3.13369043633523 8.19729885
11 7519936 2.74353546538136 8.28154136
11 7550642 3.69744638456295 8.36578387
11 7569713 2.70709162735397 8.43629813
11 7595786 2.03811545849762 8.50688014
11 7635350 1.12253250549879 8.58751659
11 7707184 0.914302560264871 8.66815305
11 7795378 3.03428033866416 8.7487895
11 7821953 2.01323246698125 8.82942596
11 7862006 1.78317081187685 8.91006241
11 7907641 1.15702714049342 8.99143786
11 7988627 3.29133197020593 9.08514064
11 8016015 2.6741559605617 9.17528327
11 8049485 0.748619518136281 9.26478765
11 8158686 2.55047087740617 9.3465372
11 8194895 2.64742138004185 9.43888716
11 8229778 1.3395280328434 9.53123712
11 8293596 0.720704258285774 9.61672314
11 8409065 3.43595675766626 9.69994236
11 8432838 2.73534927332396 9.78162571
11 8462700 2.45139701689625 9.86330907
11 8496021 1.31286457012427 9.94499242
11 8559109 3.78984100573119 10.02781885
11 8580745 3.38235294117647 10.10981537
11 8604987 2.87861565866486 10.19181039
11 8628565 1.00526089976709 10.25968259
11 8726457 1.95080016657743 10.35809009
11 8776884 1.33477843325559 10.45646296
11 8849774 1.24152363937983 10.55375531
11 8928139 2.66672719843828 10.65104766
11 8950166 3.95633437403808 10.70978793
11 8972907 1.5268731438269 10.79975928
11 9031832 3.00310654291631 10.88973063
11 9057906 1.79482889036606 10.96803376
11 9101533 1.76501217203138 11.04633688
11 9145897 2.85190717330322 11.12464001
11 9173346 1.9870011170915 11.20292215
11 9212734 2.75254764425622 11.2811861
11 9242958 1.37311634509053 11.36437897
11 9303545 1.99259897966516 11.44757185
11 9345296 2.49207680555972 11.53076472
11 9378679 2.20486350080294 11.6139576
11 9400474 1.30122049096394 11.66201212
11 9436607 1.57571010149172 11.70902933
11 9465969 1.87037193219195 11.75529507
11 9489683 0.9211138349362 11.7996492
11 9537410 1.63376960667054 11.84361149
11 9566673 0.594898276612953 11.89142055
11 9647038 1.19642142142142 11.93922962
11 9686998 2.36194048265311 11.98703868
11 9707261 1.33971743414661 12.03489828
11 9743288 1.4894615028545 12.0831647
11 9775693 1.44361284914529 12.13143112
11 9809096 0.781148165561518 12.17965231
11 9870777 1.50050962102727 12.22783452
11 9903154 2.97612067334973 12.27641664
11 9924302 0.514288661920974 12.3393552
11 10060004 1.55323600106828 12.40914498
11 10104936 2.50319963632549 12.47893476
11 10133533 0.919783622650237 12.55051913
11 10211360 0.924130273871207 12.6221035
11 10287016 1.47461373300215 12.69201967
11 10334522 1.54611666556313 12.76207219
11 10379831 1.54046968628833 12.83212472
11 10425223 2.52829301804245 12.90205004
11 10452880 1.34331932681631 12.97197537
11 10498811 2.3438665634457 13.03367543
11 10527229 1.4372518556879 13.10028316
11 10573573 8.72929895036931 13.16689089
11 10581290 1.01462796069019 13.234255
11 10647533 4.16069640243433 13.30146733
11 10660514 2.69254252071522 13.35547767
11 10681151 0.981707421413782 13.41104334
11 10739590 1.63236214647471 13.4684131
11 10774736 2.52248348064876 13.52578403
11 10798042 0.636561389697428 13.58457322
11 10894581 2.7650097912587 13.64602626
11 10918582 1.66108082305354 13.71238918
11 10958385 1.37936392571615 13.77850479
11 10998286 2.33805693859313 13.83354289
11 11021785 1.68906787998032 13.88848534
11 11054313 1.65435470854802 13.94342779
11 11086531 1.25909047978844 13.99672784
11 11128883 0.465130017292676 14.05005306
11 11221986 0.966249114730878 14.09335787
11 11267170 0.895513047831619 14.13701668
11 11315109 0.715689176688252 14.17994711
11 11369159 1.75744384468048 14.21862965
11 11392131 1.91462743331832 14.25900161
11 11412114 0.457298045564393 14.29726115
11 11497356 0.773678686706667 14.33624182
11 11547855 0.538176508671157 14.37531172
11 11620452 0.779767019002138 14.41438162
11 11670499 0.749853732188355 14.45340676
11 11723484 1.0219141438823 14.49313758
11 11762363 0.819887051230335 14.5328684
11 11811943 0.324927061268534 14.5735187
11 11937048 1.58771045077198 14.614169
11 11962826 1.09261388314044 14.65509671
11 12001967 0.458073744437381 14.69786278
11 12096347 0.542687925992095 14.74109562
11 12178068 1.41640318099071 14.78544435
11 12209379 0.500878572089152 14.82979309
11 12274257 1.47189155045916 14.86228885
11 12294838 0.404905883124549 14.89258144
11 12371073 1.38020488450902 14.92344923
11 12396746 1.528219349295 14.95888328
11 12422349 1.3540159878188 14.99801038
11 12451246 1.16304024730991 15.03713748
11 12484888 1.10475508450301 15.07626458
11 12519798 1.62325855465297 15.11483194
11 12543557 1.63818708684234 15.1533993
11 12565643 1.08746853146853 15.18957988
11 12601393 0.574083410357673 15.22845735
11 12672799 0.839065661210226 15.26945071
11 12721732 1.00291024083962 15.31050896
11 12765371 1.48258807588076 15.35427475
11 12794891 0.664702398128882 15.39804054
11 12860734 1.77044357618938 15.44180633
11 12882489 0.609811439978171 15.48032206
11 12952122 1.90097437438297 15.52278499
11 12975419 0.752787487945998 15.5670721
11 13041787 3.6073248871414 15.61703326
11 13055521 1.26073237142784 15.66657588
11 13094818 1.19458286052593 15.7161185
11 13135356 1.03775554367474 15.76454479
11 13174635 1.06231268405827 15.8053069
11 13213006 1.20008243537655 15.84606901
11 13246972 1.14754652177585 15.88683112
11 13282493 0.415599510603589 15.92759323
11 13380573 1.13182888838234 15.96835533
11 13420056 1.8256563795486 16.01304348
11 13441766 0.567903405427583 16.05267807
11 13510010 1.60407267911096 16.09143411
11 13534171 1.47120677219755 16.13019016
11 13560514 1.58232964520475 16.1689462
11 13585007 1.68757432938378 16.20770224
11 13607710 0.614918333755381 16.2460157
11 13670894 1.59740527182867 16.2848687
11 13695174 1.79357484620643 16.32365349
11 13720045 2.18337168878226 16.36826186
11 13740468 1.7519849641364 16.41285319
11 13766539 0.994371757985593 16.45852909
11 13814156 1.74405872838124 16.50587845
11 13838267 2.00783277497287 16.54792993
11 13859460 0.97010802434478 16.59048154
11 13903987 1.35540353960085 16.6336776
11 13935855 0.921275461234937 16.67687159
11 13982740 1.04252089799062 16.72006559
11 14026883 1.87057962767255 16.76608607
11 14051485 0.694673805833451 16.81210654
11 14122455 0.445920938839655 16.86140785
11 14229992 1.24804932087468 16.90936073
11 14271516 1.30387963568661 16.96118459
11 14311262 0.268710269519138 17.01300845
11 14504124 0.194471672904988 17.06483232
11 14790793 0.939339474275444 17.12058139
11 14848656 0.680509822088117 17.17493414
11 14928527 0.87638950644731 17.22928688
11 14989250 1.37160965607233 17.28250422
11 15010708 0.946669584883636 17.31193575
11 15051829 0.867510871769451 17.35086384
11 15096210 0.823303303303303 17.38936468
11 15137835 2.07182014166923 17.42363513
11 15154070 1.14521825116542 17.45727105
11 15182386 0.878426698450536 17.48969906
11 15219302 0.828364881089228 17.52212706
11 15258449 0.547886988746473 17.55455506
11 15317275 0.356014740721242 17.58678474
11 15408451 1.11717802045415 17.61924511
11 15443065 1.03180532579113 17.65791522
11 15480543 1.53934954818678 17.69658534
11 15505664 0.324269210280996 17.73525545
11 15625808 0.377748468595211 17.77421452
11 15796403 1.48522627806297 17.83865646
11 15838674 3.10832755718388 17.90143843
11 15858872 3.02204331991566 17.96422039
11 15879740 2.97335255545738 18.0272841
11 15901243 2.63907207696485 18.09122008
11 15927021 1.21809504046483 18.15924981
11 15980030 2.56415643952056 18.22381967
11 16000971 0.63728351288695 18.27751521
11 16110966 2.86816693944354 18.34761305
11 16135406 1.80906148867314 18.41771088
11 16174031 1.97865424206306 18.48758589
11 16210947 2.24232103240321 18.56062967
11 16242950 2.47072212636294 18.63239043
11 16270189 0.981900782718167 18.69969055
11 16324998 1.1500515995872 18.7535071
11 16354068 1.43820407103204 18.78693907
11 16384871 2.0709438618137 18.83124015
11 16405944 0.711205632150191 18.87488106
11 16467306 1.61807126172556 18.91852197
11 16494277 0.504116646916379 18.96216288
11 16591322 0.336997845212116 19.01108479
11 16737044 1.51325033896216 19.06019287
11 16769496 1.7210345552674 19.10930095
11 16798030 0.359586683656283 19.15840903
11 16934584 1.22692026843771 19.20751184
11 16963343 1.26302187345817 19.24279639
11 17005906 1.68444554701067 19.296554
11 17038154 2.27185809023964 19.35087391
11 17062733 1.18274522766713 19.40671394
11 17123238 1.68726569683823 19.47827641
11 17165651 1.37786164006392 19.54983889
11 17217588 4.75044608717818 19.62140137
11 17233280 2.76634559252773 19.69594536
11 17260688 0.516387436628644 19.77176534
11 17361680 0.824782539933576 19.82391673
11 17424910 1.05096246035843 19.87606812
11 17465587 0.275786845981716 19.91881848
11 17643449 0.749103783037563 19.96787083
11 17688360 0.869721190760904 20.00151378
11 17736027 1.37061526762985 20.04297116
11 17766274 1.26355512165816 20.08442853
11 17792906 0.791890652998291 20.11807906
11 17840900 1.58910609223762 20.15608509
11 17867245 1.1573271069602 20.19794997
11 17903221 1.11906681718002 20.23958595
11 17940427 1.41186842997626 20.28122193
11 17969917 0.895609714125922 20.32285791
11 18016406 1.74355108877722 20.36449389
11 18040286 0.916144079917266 20.40612987
11 18085733 1.31215530553717 20.44776585
11 18117464 0.944705375173008 20.48940183
11 18161537 0.737575773077218 20.53103781
11 18200634 0.723573409946503 20.55987489
11 18241010 0.686917827169602 20.58909007
11 18284382 0.899760871983094 20.6188832
11 18320346 1.34143377885784 20.65124223
11 18344213 0.8879180476047 20.68325787
11 18370765 1.01467439959519 20.70683357
11 18396456 0.878239366963403 20.73290116
11 18426786 0.754049988428604 20.75953817
11 18461354 0.408864510434399 20.78560445
11 18524798 1.15033259423503 20.81154446
11 18547348 0.93610530853145 20.83748447
11 18577507 0.740006815024508 20.86571671
11 18615658 1.32475752470288 20.89394896
11 18637619 0.792879641118641 20.92304221
11 18679527 0.973486069199895 20.95627007
11 18713660 1.32588484098799 20.98949792
11 18738721 0.456002634901466 21.02272578
11 18811589 0.974298860006447 21.05595364
11 18845712 1.05610074689353 21.08919968
11 18875569 1.05672371638142 21.12073213
11 18912379 1.09381103856242 21.15963015
11 18948217 0.319102535949296 21.19883004
11 19080278 1.8385077186964 21.24097118
11 19103598 1.42794376098418 21.28384512
11 19138876 2.2766303610973 21.33422027
11 19161003 1.49126702190645 21.38459542
11 19194783 1.59054898805471 21.43497056
11 19227097 0.536133770054034 21.48636765
11 19322963 1.92721886834902 21.53776473
11 19349632 0.49029371643343 21.58916182
11 19454461 0.466613405478034 21.6405589
11 19564610 0.926886877501713 21.69195599
11 19620072 0.400207447811643 21.743363
11 19757938 2.63425399281067 21.79853833
11 19779915 2.3165548602044 21.85643155
11 19802126 1.46710751339642 21.90788416
11 19837210 0.890703946470026 21.95935627
11 19895794 1.00115116747568 22.01153689
11 19947915 1.0201277336946 22.0637175
11 20009919 2.0828848592877 22.12696926
11 20039092 1.04731208741964 22.1877333
11 20097111 0.73012592521388 22.24849733
11 20180335 0.875246605547174 22.30926137
11 20249271 1.18476413283863 22.3695974
11 20303984 2.70813836898396 22.4344192
11 20327920 1.53078881606865 22.499241
11 20370338 0.616630105505066 22.56417404
11 20475641 1.08530979959551 22.62910709
11 20535470 1.01233201334539 22.69404014
11 20599612 2.17645056475321 22.75897318
11 20631927 1.21289254488075 22.82930545
11 20689914 3.23083283568377 22.89963772
11 20711683 2.83448192479749 22.96996999
11 20736496 1.62001574915885 23.04030226
11 20764434 0.884619886463393 23.08556194
11 20798608 1.63133208255159 23.11579295
11 20819928 0.607535268002537 23.15057259
11 20878267 0.624829921210012 23.18601562
11 20941473 0.31667896740167 23.2255088
11 21062062 0.905473579498354 23.26369689
11 21104283 1.17295124720032 23.30192657
11 21136876 1.49945089425792 23.34015625
11 21162372 1.3750645635504 23.37838593
11 21187541 1.11272066154478 23.41299472
11 21221643 1.1174660472823 23.45094049
11 21255440 1.20372908366534 23.48870712
11 21286815 0.612512777245956 23.52647376
11 21348448 0.999391115582146 23.56422524
11 21386222 1.63184058096308 23.60197671
11 21409356 1.42898781134075 23.63972819
11 21435774 0.929812987608995 23.67747967
11 21470638 0.821700507614213 23.70989707
11 21510038 1.52503650666541 23.74227167
11 21531267 1.31993320299772 23.77464628
11 21555819 0.390415706021302 23.80705303
11 21626518 0.886850873355097 23.8346547
11 21656231 1.16819612537128 23.86100522
11 21678788 0.487113277278376 23.88735574
11 21740751 1.37869141397791 23.91753844
11 21768552 1.61967949804986 23.95586752
11 21792140 0.799301225992719 23.99407204
11 21839938 1.50573583895014 24.03227656
11 21862341 1.01027253668763 24.06600984
11 21895731 0.720713598974469 24.09974312
11 21942536 1.27265863878298 24.1334764
11 21969027 0.692439835709712 24.16719019
11 22033060 1.2714056317027 24.21152955
11 22067934 1.67240818979526 24.25586892
11 22095627 0.741878483077341 24.3021832
11 22147126 1.79517902452777 24.34038895
11 22168408 1.3126159554731 24.37859408
11 22197514 0.53503157953702 24.4167992
11 22268921 0.529969898320132 24.45500433
11 22341010 2.55664316199666 24.49320946
11 22362566 1.34448323851845 24.54832058
11 22403523 1.87264493379887 24.60338624
11 22432450 1.90238117241167 24.6575562
11 22464913 2.96694691328369 24.71931303
11 22485728 1.53544168469208 24.78106985
11 22525949 2.31540712339824 24.84282667
11 22555682 2.74427816901408 24.91167022
11 22580674 2.70136436597111 24.98025516
11 22605594 2.17359421948777 25.04757312
11 22633550 2.81215290633099 25.10833829
11 22655158 2.10694891217876 25.16910347
11 22684069 2.34864609995959 25.23001788
11 22713761 2.46965176827945 25.29975371
11 22750633 2.34609982002546 25.39081454
11 22796195 4.03981831945496 25.49770794
11 22822615 1.96777286135693 25.60444018
11 22876855 4.46589506829497 25.71117242
11 22900356 0.881191672648959 25.81612523
11 23014582 1.22663805609284 25.91677995
11 23047670 1.2061779848002 25.95736728
11 23084381 1.94774136403897 26.00164699
11 23109219 1.64082214082214 26.05002452
11 23138703 1.95632658012859 26.09840204
11 23163432 1.39742131209708 26.14677957
11 23197713 0.660494422920487 26.19468451
11 23270242 1.46911800785083 26.24258944
11 23302850 0.785199147680708 26.29049438
11 23363860 1.22562108339732 26.33839931
11 23404233 0.588911238551742 26.38788128
11 23497697 1.53477199743096 26.44292357
11 23536622 2.18831501831502 26.50266457
11 23563922 1.94361036003985 26.56240557
11 23592030 1.04315034351228 26.61703638
11 23638171 2.5695067264574 26.66516816
11 23656903 1.12146135744076 26.71329994
11 23699822 1.18095051156856 26.76143173
11 23740579 0.744939020615366 26.80956351
11 23805191 0.893071219050048 26.85769529
11 23860078 0.724555055018093 26.90671318
11 23927783 1.4258187053886 26.95576947
11 23960426 1.5901661812575 27.00231289
11 23989611 3.20742720901669 27.04872166
11 24003452 1.18278537716983 27.09311534
11 24040955 1.48413125336202 27.13747305
11 24066981 1.67391116488075 27.17609899
11 24090125 1.55084194256894 27.21484003
11 24114711 1.6736759786245 27.25296948
11 24137728 0.996464568831112 27.29149215
11 24183267 1.29806331049323 27.33686982
11 24218585 1.25549044306917 27.38271465
11 24255103 1.02040200206562 27.42856264
11 24318038 1.05234172457699 27.49278128
11 24383225 2.35114608592213 27.56137993
11 24405082 0.75243199747101 27.61276891
11 24474675 3.95050924179555 27.66513338
11 24487930 2.20143426294821 27.71749786
11 24506755 2.24552264721933 27.75893937
11 24526912 1.16761459488119 27.80420216
11 24568406 2.13826070968928 27.85265166
11 24590162 2.18154510466535 27.89917125
11 24611468 0.685960536607683 27.94565129
11 24679227 0.941119947662176 27.99213134
11 24728140 2.36446935326039 28.03816397
11 24750622 2.07339594349302 28.09132175
11 24775964 1.31676022453889 28.14386594
11 24815868 1.56641029665673 28.19641013
11 24847723 0.730522829292386 28.24630827
11 24916560 1.14320405516916 28.29659572
11 24958975 0.887460974370144 28.3450846
11 25014067 0.327207359203021 28.39397636
11 25163431 0.510839116983025 28.44284929
11 25259103 2.06363214119833 28.49172222
11 25282786 2.03138118791305 28.54059514
11 25306845 1.39716981132076 28.58946807
11 25341825 1.77309253246753 28.638341
11 25366465 0.433594876537685 28.68202984
11 25467022 0.486014721345952 28.72563134
11 25557367 0.604041710229461 28.7695404
11 25630059 1.46451204055767 28.81344947
11 25660041 0.438008119943739 28.85735854
11 25760288 1.57436357117246 28.90126761
11 25788178 0.216869909664291 28.94517668
11 25990645 0.78091360181995 28.98908574
11 26051306 1.37546457607433 29.03645692
11 26085746 2.06148497186514 29.08382809
11 26107605 1.21184068891281 29.12888994
11 26144765 1.29146233043678 29.17392219
11 26179634 1.33912216010467 29.21895445
11 26213262 0.491947333544614 29.2639867
11 26317389 1.13570858460447 29.31521196
11 26362493 2.12361409155937 29.36643723
11 26384861 0.172851950498109 29.41393816
11 26656689 2.20533515731874 29.46092462
11 26678619 0.52192802777119 29.5092872
11 26771377 0.589886969197314 29.55769985
11 26896918 0.800863294866793 29.63175521
11 26976381 0.526569628159615 29.69539419
11 27102860 1.27548393847442 29.76199454
11 27150645 0.701386709276115 29.82294404
11 27220739 1.91967259158207 29.87210663
11 27245662 0.635620403109102 29.91995023
11 27312691 1.87243707796194 29.96255512
11 27337126 1.36612821354991 30.00830796
11 27370617 0.87529645780736 30.05406081
11 27422901 0.412889194139194 30.09982457
11 27545205 1.41876569314127 30.15032219
11 27583040 0.976671874521337 30.20400108
11 27648326 2.08478012097433 30.26776391
11 27678911 0.920505376662618 30.33152675
11 27746425 0.787351372042393 30.3936736
11 27830023 0.264666232177771 30.45949509
11 28054041 1.26860410612168 30.51878546
11 28107376 0.802364604456461 30.58644678
11 28191703 2.4257075956127 30.65410809
11 28216046 2.2871252614455 30.71315755
11 28241864 2.2585570340743 30.77220701
11 28267866 0.783977893177055 30.8309338
11 28342775 2.15035770084697 30.8896606
11 28367097 1.10590945597498 30.94196203
11 28414411 1.34492800517716 30.99428716
11 28445316 1.05077535044989 31.03585233
11 28492327 1.80464089253893 31.08525065
11 28518141 0.38026285046729 31.13183613
11 28689341 3.05060756382833 31.19693672
11 28711314 2.68842417385198 31.26396755
11 28736945 2.75886751709521 31.33287486
11 28761952 1.33796520259563 31.40186597
11 28821899 1.07237559393213 31.48207319
11 28896192 1.97961474211735 31.56174357
11 28934504 2.60645289782912 31.63758642
11 28964630 2.48937070333157 31.71610859
11 29002450 4.34708379475821 31.81025623
11 29024122 2.5075180736139 31.90446622
11 29060501 3.17592560463583 31.99568745
11 29089320 6.01755424063116 32.08721449
11 29104530 1.6793279605408 32.17874152
11 29149944 1.66053638430401 32.2550063
11 29204047 2.62425086264302 32.34484673
11 29237085 1.32970761864919 32.43154681
11 29301624 3.40934283452098 32.51736472
11 29333199 3.28968084457192 32.62501511
11 29365973 3.15918226217746 32.7328308
11 29389110 2.50288146446194 32.80592522
11 29415659 1.02442159383033 32.87237382
11 29454559 1.32118847748093 32.91222366
11 29483268 0.93655216630089 32.9501537
11 29523821 0.787128516446455 32.98813328
11 29574227 1.45455878579023 33.02780903
11 29601504 1.70568763165814 33.06748478
11 29624765 1.45680190930788 33.10716053
11 29652000 0.749756314757097 33.14683628
11 29735099 2.2025854808826 33.20913985
11 29758847 2.45912886481607 33.26144642
11 29781002 0.816895073020062 33.31592795
11 29847696 1.69193503307351 33.37040947
11 29879897 2.17901851777787 33.424891
11 29904900 2.05297292942314 33.47937252
11 29929724 1.05736736259407 33.53033571
11 29977957 1.79816916880264 33.58133555
11 30005267 0.791426269137792 33.63044388
11 30067317 0.755610353208324 33.67955222
11 30123686 0.446954751511081 33.72214548
11 30218982 0.77158896677173 33.76473874
11 30282753 2.08113987383076 33.81394352
11 30305738 1.81650634859561 33.86177803
11 30331728 2.26583797273949 33.90898921
11 30352564 1.63822454308094 33.95620039
11 30381289 1.4863909062204 34.00325845
11 30412959 0.394757956672907 34.05033255
11 30532607 2.16263736263736 34.09756479
11 30554447 1.8174504950495 34.14479704
11 30580303 1.95506739890165 34.19178897
11 30604339 0.456711892081017 34.2387809
11 30707231 2.18892310361279 34.28577283
11 30730288 1.50553351430361 34.33624295
11 30763811 1.2889685617424 34.38671307
11 30804812 1.58458542014469 34.43956216
11 30829970 0.459725856841474 34.47942728
11 30916713 1.22233840672321 34.51930479
11 30942534 0.95083804707661 34.55086649
11 30980897 1.51444822718592 34.58734318
11 31004983 0.927214415785611 34.62381987
11 31041776 1.32276466935734 34.65793496
11 31067544 1.19533578818166 34.69201974
11 31096059 0.326914891940035 34.72610452
11 31222933 1.49929717066138 34.76758119
11 31250678 1.76158211230626 34.80917931
11 31274292 31.0056369785795 34.85077743
11 31275179 0.634856879039705 34.87827972
11 31318499 1.47526945223682 34.905782
11 31338818 0.99219851181696 34.93575801
11 31369325 0.843310008782118 34.96602709
11 31404624 0.800882455809949 34.99579517
11 31441793 0.827524154923729 35.02556325
11 31477914 0.618616540775337 35.05545446
11 31529943 0.401090517996048 35.08764036
11 31609905 1.01486918282768 35.11971257
11 31641514 1.37094924612444 35.15179112
11 31665059 1.35882972005894 35.18406991
11 31688814 1.1100166434564 35.21634869
11 31718255 0.220106713987068 35.24902904
11 31882807 0.573064702839832 35.28524822
11 31964009 1.84969508549564 35.33178181
11 31989098 1.56330732830285 35.37818929
11 32020374 0.251766184012688 35.42708352
11 32214578 0.561896662682725 35.47597775
11 32301594 0.78155943186738 35.52487197
11 32373197 0.534250462225639 35.58083394
11 32482451 0.775525395791516 35.63920289
11 32557680 2.21849570309529 35.69754492
11 32583978 2.52139351027323 35.75588696
11 32606999 1.10160912593488 35.81393191
11 32659947 0.425501598460849 35.87226037
11 32798205 0.723170761883552 35.93108895
11 32879031 2.15274876672148 35.98953991
11 32901532 1.4262492474413 36.03797867
11 32936413 1.94622446224462 36.08772794
11 32958635 0.551011012256579 36.13097707
11 33039000 1.55468173998525 36.17525922
11 33067483 1.43847453222453 36.21954136
11 33098267 1.70518695367554 36.2638235
11 33124236 1.38089899928911 36.30810564
11 33160810 1.69548140190681 36.35861073
11 33190598 0.458907836035504 36.40911583
11 33319260 1.7063773066189 36.46815937
11 33343267 0.684956390110286 36.50912445
11 33412632 1.73692302060837 36.55663647
11 33439951 1.06916708365555 36.60408787
11 33483917 1.19628950984883 36.65109463
11 33523211 1.09676537811786 36.69810139
11 33563463 0.532390271477987 36.74224799
11 33637760 0.495760765669029 36.78180263
11 33718317 0.689354090289216 36.8217398
11 33774780 0.890931148141366 36.86066255
11 33818468 0.963679128497153 36.89958529
11 33858858 0.800324875601431 36.93850804
11 33907492 0.985500832986256 36.97743078
11 33945908 0.392357525115013 37.01529019
11 34052418 1.1982949163246 37.05708058
11 34087255 0.636535865678357 37.09882572
11 34129482 0.719767566409597 37.12570507
11 34166826 0.409391373217985 37.15258443
11 34232482 0.340438736479469 37.17946378
11 34311436 0.450460928013135 37.20634314
11 34369905 0.368444374562244 37.23268141
11 34439864 0.136259948294216 37.25845713
11 34617407 0.7758024216798 37.28264916
11 34648625 0.705235977621575 37.30686848
11 34683480 0.40677489284946 37.33144939
11 34743909 0.232836005270671 37.35603031
11 34889621 0.426804491178043 37.38995684
11 34973786 0.759993389765153 37.42587861
11 35028247 0.802800783598735 37.46726824
11 35079804 0.876925358588106 37.50865788
11 35127003 0.480396460504124 37.55004751
11 35213569 1.70588235294118 37.59163322
11 35237947 0.30195011685376 37.63321894
11 35368452 0.95675820040304 37.67262448
11 35409639 1.09000221680337 37.71203002
11 35445727 1.27582406897222 37.75136575
11 35476580 1.92224696009591 37.79072876
11 35499936 0.471616934829794 37.83562521
11 35629397 2.63816187267859 37.8966815
11 35652551 1.74405292679419 37.95776507
11 35687316 0.962249490551377 38.01839716
11 35755527 0.769516467293881 38.08403292
11 35840878 2.09901595060458 38.14971153
11 35871974 0.968332369213426 38.21498218
11 35939393 0.583847151997852 38.28026647
11 36051138 1.19978286541465 38.34550842
11 36103640 1.66238256096274 38.40849947
11 36141532 1.59899464484187 38.47149052
11 36181120 1.76261637109972 38.5347918
11 36218393 3.21434512451686 38.60049021
11 36238832 0.494017818172482 38.66618862
11 36394628 0.671671498918496 38.74315487
11 36481544 1.86925313703403 38.80153423
11 36519717 0.316574754766035 38.87288967
11 36745114 0.613136616341717 38.94424512
11 36861491 0.730691908192327 39.01560057
11 36956995 0.69776084186683 39.08538455
11 37041759 1.06943567066751 39.14452922
11 37079751 1.69883833050186 39.1851592
11 37101530 1.35387194099899 39.22215811
11 37131360 1.00122158329112 39.26254434
11 37164923 0.773619018310509 39.2961488
11 37216915 0.976480307116651 39.33637052
11 37258072 1.35714005723021 39.37655903
11 37283583 1.03578053012625 39.41118081
11 37317009 0.925523952095809 39.44580259
11 37354417 2.10238876311047 39.48042438
11 37376060 1.66337478663741 39.52592626
11 37408868 0.398985828463967 39.58049798
11 37527980 0.858810560745975 39.62802156
11 37583317 0.440114790286976 39.67554514
11 37696567 0.88485545852905 39.72538809
11 37760009 0.649732897970486 39.78152519
11 37846680 1.68339710630157 39.83783853
11 37880132 1.35270666218358 39.89415188
11 37921770 0.622123361314697 39.95047573
11 38023147 0.808688644126338 40.0135444
11 38101318 0.31342528781223 40.07676001
11 38303012 0.229438217636451 40.13997563
11 38522047 0.682525827776665 40.19023105
11 38591933 1.66721426074799 40.23793026
11 38620543 1.26230504890299 40.28562948
11 38658373 1.08401856048344 40.33338282
11 38704708 0.686172804126666 40.38361062
11 38774498 1.7656582477565 40.43149821
11 38796116 0.96554006029264 40.46966796
11 38836917 0.825271494861641 40.50906267
11 38878078 1.28970765521398 40.54303136
11 38904622 1.35018733977519 40.57726506
11 38929977 0.471386989592773 40.61149876
11 39002811 0.517409739175125 40.64583175
11 39088424 0.762273556027633 40.69012832
11 39148207 0.387428671077999 40.73569882
11 39251426 0.820393230782397 40.77568889
11 39298167 0.595375436745995 40.81403502
11 39358843 0.410469383813019 40.85016039
11 39446852 1.29413016492286 40.88628576
11 39475047 0.331651805597215 40.92277343
11 39585066 0.902357418333206 40.95926111
11 39624219 0.490324360540732 40.99459088
11 39700338 0.450439740401529 41.03191368
11 39782773 1.29317211438413 41.0690458
11 39810644 1.47584426758443 41.10508771
11 39833889 1.85803855511885 41.1393941
11 39855261 0.238057487952827 41.17910362
11 40079795 0.42314961982903 41.23255514
11 40219469 1.7419209039548 41.29165804
11 40241594 0.488666537923044 41.33019802
11 40324446 0.93105665229559 41.37068455
11 40377330 0.276135516036588 41.41992215
11 40555641 0.0703174984005119 41.46915975
11 41255865 0.611135055089569 41.51839735
11 41346354 0.754838357956714 41.57369834
11 41419726 1.52483153817584 41.62908191
11 41457420 0.900738117252511 41.68655915
11 41521231 0.369107173819508 41.74403639
11 41676950 0.789551767243156 41.80151363
11 41749747 2.2065107102593 41.85899088
11 41785227 0.847741616933579 41.93727772
11 41878391 1.7064859437751 42.01625675
11 41928191 1.7416641772181 42.1012394
11 41971708 3.36096527142238 42.17703135
11 41992469 1.66023579849946 42.24680804
11 42034454 0.737283564092529 42.3165128
11 42128997 0.914294806517312 42.38621757
11 42207557 2.22150333016175 42.45804449
11 42239087 1.93192305192695 42.5280882
11 42269861 0.313301459486663 42.58754075
11 42468561 1.286738498939 42.64979388
11 42517100 2.21193314055998 42.71225079
11 42545458 2.73840915044093 42.77497677
11 42568364 1.26436438230667 42.83770275
11 42618575 1.59316302603974 42.90118735
11 42659090 0.714977696869045 42.965734
11 42753023 0.70632932273463 43.03289385
11 42850016 0.634133605634783 43.10140285
11 42936195 1.04350059941771 43.15605185
11 42988746 2.2407142565276 43.21088933
11 43013219 1.07498235709245 43.2657268
11 43064231 1.10944728512296 43.32056428
11 43113515 2.29266039637219 43.37524193
11 43137331 1.15595892995452 43.42984419
11 43187684 0.345633120353436 43.48805054
11 43356088 0.77043017868961 43.5462569
11 43431638 0.698921590653786 43.60446325
11 43520658 1.76931608133087 43.66668117
11 43555823 1.19576832242828 43.72889909
11 43607481 0.491036071037382 43.79066971
11 43714298 0.333302234789224 43.84312031
11 43853640 0.308057697388965 43.88956312
11 44020164 2.02786891726292 43.94086233
11 44045461 1.65860519253775 43.99216154
11 44076390 0.6637468138238 44.04346075
11 44153677 1.22607552581262 44.09475995
11 44195517 0.838671178903657 44.14605916
11 44256684 0.890886040776631 44.19735837
11 44314266 1.84416004601503 44.24865758
11 44342083 1.43397439481187 44.29995679
11 44377857 2.10543812846296 44.351256
11 44402222 1.90099825048883 44.40255521
11 44431373 0.710954260977746 44.45797168
11 44510146 0.811363842593993 44.51397523
11 44576268 2.43585036713634 44.5676241
11 44596424 2.50329144225015 44.61672086
11 44616476 0.9449192424984 44.66691647
11 44669598 1.6696381053752 44.71711207
11 44699662 2.38880692904393 44.76730768
11 44720675 1.61247362413089 44.81750329
11 44749584 0.321639219971234 44.864118
11 44928962 0.863268406176092 44.92181272
11 44980969 1.22514019680457 44.96670863
11 45028224 1.56016974840861 45.02460221
11 45064513 2.09177976825546 45.08121949
11 45104816 2.21174659914606 45.16552449
11 45145100 1.19534420877266 45.25462225
11 45234537 2.67338769022459 45.36152975
11 45268510 2.42326743921836 45.45235287
11 45290515 2.14773125437982 45.5056772
11 45313347 0.56415162415403 45.55471399
11 45404810 0.69769719494739 45.60631325
11 45484452 0.382412657838752 45.66187926
11 45608075 0.468919036437951 45.70915468
11 45723065 0.954151330690827 45.76307554
11 45779577 1.11755684055628 45.8169964
11 45827826 1.12232307177514 45.87091726
11 45875642 2.86286811180299 45.92458263
11 45897001 1.27985950576134 45.98573042
11 45952804 1.45241865036034 46.05714992
11 45989436 1.01727861771058 46.11035477
11 46032032 0.587050469075747 46.15368659
11 46124128 2.47649483581122 46.2077512
11 46145719 0.918388837699092 46.26122157
11 46191301 1.2439444923385 46.30308393
11 46227260 0.872309538556829 46.34781485
11 46278924 0.439034217703942 46.39288223
11 46375716 0.52232204561161 46.43537764
11 46440831 1.03060513317778 46.46938867
11 46473832 0.51838134430727 46.5033997
11 46539442 5.5312173731468 46.53741072
11 46544231 0.357792398833882 46.56389955
11 46619009 0.747847719141324 46.59065417
11 46654785 0.764311449159328 46.6174088
11 46694753 1.13333828003265 46.64795653
11 46721707 1.16121184475615 46.67850425
11 46748014 0.774069033774589 46.70905197
11 46788429 0.710966331040139 46.74033618
11 46832327 0.920648967551622 46.77154612
11 46866227 1.31294434394851 46.80275605
11 46889998 0.859275581875775 46.83396599
11 46926303 1.27795709908069 46.86516156
11 46950778 1.2346254952053 46.89643914
11 46977787 1.31054899509885 46.92978547
11 47008188 0.652046544359524 46.96962794
11 47069291 1.45196538574362 47.00947041
11 47096563 0.440952256490678 47.04906889
11 47188387 0.712324910255508 47.08955881
11 47245215 1.27459932617526 47.13003898
11 47276974 1.06245901209307 47.17051915
11 47315095 1.53416666666667 47.21102142
11 47341495 1.0978531931042 47.25152369
11 47378387 1.21777335654481 47.29202597
11 47414576 2.55947727670498 47.33609605
11 47431717 1.15995981174978 47.3799684
11 47469539 1.93877817991541 47.42384075
11 47492472 1.36347728266983 47.46830262
11 47524474 0.944813076549604 47.51193634
11 47561548 0.528610472903078 47.54696401
11 47653385 0.338070876226211 47.59551049
11 47797834 0.384193436756813 47.64434474
11 47933651 0.703547399786967 47.69652507
11 48007818 0.751634508052942 47.7487054
11 48070528 1.7568020872158 47.79584062
11 48097358 2.1543115942029 47.84297583
11 48124958 0.776673237979391 47.90243488
11 48196481 0.542722930475728 47.95798471
11 48285040 1.97855260991273 48.0060475
11 48309332 0.859148639717047 48.05411029
11 48365313 0.462023844591557 48.10220622
11 48429814 0.387886268361299 48.13200716
11 48519745 0.971797485558953 48.16688977
11 48555061 0.750558700056392 48.20120938
11 48602940 1.61539153106176 48.23714494
11 48625186 0.870308722704395 48.2730805
11 48675652 0.250384722638216 48.31700118
11 48869298 0.871736785329018 48.36548735
11 48924918 1.49921152716366 48.41397352
11 48957259 0.907809736572652 48.46245969
11 49010974 0.591981132075472 48.51122291
11 49099590 0.635377365637832 48.56368192
11 49165587 0.195454153969823 48.60561504
11 49409414 0.682807053692543 48.65327228
11 49467653 2.2621416564445 48.69303814
11 49489664 0.951900282939512 48.74283063
11 49541972 0.511131479784092 48.79262311
11 49640162 0.331334908446545 48.84281091
11 49775602 0.809081970143917 48.8876868
11 49831537 2.15340692805482 48.93294322
11 49852553 1.04826033000873 48.97819965
11 49896067 1.58288510254364 49.02381346
11 49924884 1.49658770260516 49.06942728
11 49955362 1.27389070225899 49.11504007
11 49986305 1.33992728828058 49.15445834
11 50014361 1.31336867148045 49.19205122
11 50038320 0.906346991656938 49.22351834
11 50073439 0.745677739774165 49.25534786
11 50116125 1.21008211678832 49.28717738
11 50142429 1.54736180904523 49.3190069
11 50166309 1.03110041303099 49.35595807
11 50202868 0.979572656660309 49.39365442
11 50239045 0.413197199533256 49.42909287
11 50324745 1.25307914747778 49.46450345
11 50352756 0.535248639004529 49.49960368
11 50418333 1.35082084225553 49.5347039
11 50440749 1.42588058014692 49.5649844
11 50461985 0.982861594391067 49.5952649
11 50492793 0.802499179700317 49.6255454
11 50529365 0.961536355672361 49.65489419
11 50565893 0.854651162790698 49.69001764
11 50607517 0.670129064764932 49.72559191
11 50659119 1.64582267689685 49.76017214
11 50682579 0.122492941213794 49.79878284
11 50997789 0.34423087210028 49.83739353
11 51109955 0.658021166373164 49.87600423
11 51168444 0.261413479224638 49.91449152
11 51338068 0.313858868404323 49.95883326
11 51479638 0.523544326722811 50.00326649
11 51567982 0.997545476859301 50.04951802
11 51604649 0.310377051269345 50.08609494
11 51745903 0.964052789916335 50.1299372
11 51791442 1.22689545314814 50.17383887
11 51827225 1.17415142996538 50.21774055
11 51870268 0.457930442563527 50.2682792
11 51979789 0.328048246044361 50.31843185
11 52132672 0.300314307839475 50.3685845
11 52242437 0.998651879737498 50.40154806
11 52281751 0.244923549117586 50.44080937
11 52442050 0.337696630481392 50.48007068
11 52574977 0.963345279739039 50.52496008
11 52621574 0.355070509783916 50.56984947
11 52758789 0.137855681606844 50.61857053
11 53124425 0.335222107543933 50.66897565
11 53270728 0.381183899856099 50.7180196
11 53413882 0.613387081653698 50.77258752
11 53509885 0.182989690721649 50.83147425
11 53855205 0.152736910454498 50.89466428
11 54269486 2.01720133831923 50.9579404
11 54294891 1.84802343665232 51.00918721
11 54322540 0.479915433403805 51.06028284
11 54442682 1.25642661986718 51.11794097
11 54492825 1.31707572019902 51.18094188
11 54540659 2.67277029910385 51.24394278
11 54566436 0.368032203906466 51.31283922
11 54773119 2.22982440711752 51.38890497
11 54807232 2.25323123866548 51.46497072
11 54841971 2.35474775954083 51.54324561
11 54871764 1.07339374375277 51.6134011
11 54932791 2.06298617453469 51.67890735
11 54964544 1.02604217914658 51.7444136
11 55025522 2.62766134397871 51.80697924
11 55049570 0.704105648535565 51.87016953
11 55141346 0.476342371079213 51.93478957
11 55276778 1.72690285428142 51.99930128
11 55308730 1.66908509240481 52.054479
11 55343739 2.25552334691319 52.11291197
11 55369267 0.936066047620768 52.17049109
11 55424621 1.66712095400341 52.22230654
11 55451036 0.51885758721855 52.26634341
11 55535909 1.09523328875319 52.31038028
11 55575538 1.49397727596321 52.35378339
11 55610655 0.773151954555647 52.40624771
11 55677550 2.38291436746372 52.45796752
11 55702015 2.2711550779304 52.51626521
11 55730117 0.823413347401741 52.58008968
11 55824892 3.64465102696389 52.65812914
11 55845438 2.12166165185548 52.73301255
11 55888311 0.654423747268728 52.8239743
11 56025152 0.610607345554178 52.91352679
11 56117126 1.02059077040949 52.96968682
11 56190217 0.147505345617188 53.04428262
11 56694836 0.814948379932493 53.11871663
11 56785789 0.815003569663353 53.19283883
11 56876834 1.62940850861933 53.2670411
11 56902126 1.25942790782959 53.30825176
11 56934848 0.630069105908823 53.34946243
11 57009516 2.12578378150907 53.39650839
11 57033279 1.81154917505892 53.44702363
11 57061281 1.07668754349339 53.49775033
11 57104391 0.939994734603779 53.54416611
11 57153770 0.835250992770594 53.59058188
11 57183233 0.989190846717007 53.61519135
11 57209322 0.482617395695024 53.64099826
11 57262795 0.24894822274489 53.66680517
11 57353356 1.26226574538947 53.6893497
11 57373473 0.36271176756278 53.71474277
11 57443479 0.194701866548348 53.74013443
11 57542646 0.525487848025474 53.75944238
11 57579389 0.963114956736712 53.77875032
11 57599614 0.975150222911417 53.79822978
11 57625409 0.276880063402607 53.82338365
11 57716257 0.0687860266348638 53.84853752
11 57957745 0.544855184176862 53.86514856
11 57988232 0.0551242132715926 53.88175961
11 58288844 0.57232297798496 53.89833094
11 58318233 0.256538307876702 53.9151509
11 58383311 0.515898767034393 53.93184595
11 58415672 0.202887454883517 53.94854099
11 58497959 0.7328797190518 53.96523603
11 58520739 0.450961773243984 53.98193108
11 58557598 0.72779018345812 53.99855259
11 58580437 0.828813559322034 54.0151741
11 58601087 0.72977546640251 54.03228916
11 58625315 0.172279060703498 54.04997049
11 58727945 0.551927579210239 54.06765182
11 58759980 0.795473973095784 54.08533314
11 58782207 0.349461216112204 54.10301447
11 58828979 0.579191283121661 54.11935912
11 58857246 0.267901557795523 54.13573144
11 58918358 1.47216976890567 54.15210375
11 58929479 0.396718866517524 54.16847606
11 58971050 0.332572380496984 54.18496827
11 59035881 0.573321204487673 54.20652972
11 59078754 0.597719038007927 54.23110994
11 59119877 0.476726458853677 54.25569016
11 59181535 0.585203310257022 54.28508428
11 59231803 1.1562377171606 54.31450099
11 59257245 0.304243554028863 54.3439177
11 59352731 0.754199226355824 54.37296894
11 59391250 0.575432319618366 54.40202018
11 59423113 0.721246032525114 54.42035531
11 59453674 0.602087994034303 54.44239779
11 59493904 0.666849135099628 54.46661967
11 59530440 0.378613615169412 54.49098415
11 59594780 0.245435860234554 54.51534367
11 59694032 0.42726188372504 54.53970319
11 59739304 0.352421382501913 54.55904662
11 59794190 0.692205840251932 54.57839004
11 59822134 0.596003967691654 54.59773347
11 59864476 0.51222928126332 54.62296992
11 59913743 0.137572292216197 54.64820636
11 60096854 0.191973183547744 54.67339702
11 60196196 0.854397204426325 54.69246828
11 60218517 0.362897701324403 54.71153954
11 60271069 0.899572738208819 54.73061081
11 60295176 0.445005335303292 54.75229638
11 60343908 0.765992017237116 54.77398196
11 60372219 0.816057967247206 54.79566753
11 60402995 0.531711452862627 54.82078256
11 60445456 0.850059584610146 54.84335993
11 60468952 0.737382344966495 54.86333324
11 60494769 0.785349456498014 54.88237016
11 60517676 0.362968331622073 54.90036052
11 60567347 0.369284805910495 54.91838985
11 60616886 0.748682910767205 54.93668336
11 60641182 0.739133351220821 54.95487336
11 60670998 0.406867903627804 54.97691141
11 60725163 0.500946988576327 54.99894945
11 60775322 1.03695178467299 55.02407666
11 60807905 0.596448179073914 55.05786323
11 60864552 0.796487505893446 55.0916498
11 60906972 0.802999027214274 55.12543637
11 60949119 1.09877465630604 55.15928015
11 60982579 1.46725465937662 55.1960447
11 61007636 0.975317706862468 55.23280925
11 61043046 0.547851330128968 55.26734496
11 61106085 1.16149967550297 55.30188067
11 61126116 0.949578748280605 55.32514654
11 61149380 0.448097484563123 55.34723722
11 61204281 0.155982905982906 55.37183822
11 61361997 0.130566508020069 55.39643921
11 61548155 0.110198031918992 55.42074522
11 61768776 0.522612267126552 55.44505729
11 61812845 0.574487131667288 55.4680886
11 61853060 0.396754250386399 55.49119151
11 61911290 0.152781173317397 55.51429443
11 62021729 0.673053033922599 55.53116786
11 62042659 0.561337117628508 55.54525513
11 62068027 0.275642855783323 55.55949553
11 62120566 0.275522199113844 55.57397747
11 62175861 0.724656296084867 55.58921282
11 62196882 0.245565551733978 55.6044456
11 62263463 0.356247957293823 55.62079604
11 62309358 0.12651642403882 55.63714647
11 62437950 0.219263078687999 55.65341505
11 62519017 0.747194081298079 55.67118985
11 62542806 0.457259996542271 55.68896465
11 62583295 0.862943789697837 55.70747842
11 62610532 0.798136320804104 55.73098285
11 62639185 0.713991712323052 55.75385176
11 62675142 0.333354974420235 55.77952483
11 62752156 0.874487704918033 55.8051979
11 62781436 1.07858069236141 55.83080275
11 62811507 0.407529738689548 55.86323681
11 62893555 1.62347057681103 55.89667336
11 62914151 0.390799688848893 55.9301099
11 62979714 0.215144307009198 55.95573149
11 63105834 0.539057533375715 55.98286595
11 63156170 0.850833680033283 56.0100004
11 63187417 0.147804895867579 56.03658654
11 63379048 0.79263424233905 56.06491097
11 63414618 0.833150531018432 56.09310487
11 63451999 1.53865915715627 56.12424844
11 63472240 0.741783658759615 56.155392
11 63509422 0.735168033871395 56.18297327
11 63547212 1.16116358772883 56.21075507
11 63571138 0.654529467466294 56.23853687
11 63615492 0.261103016566834 56.26756802
11 63726678 0.833842498302783 56.29659916
11 63762030 0.780646698975133 56.32607694
11 63799791 0.77121425222691 56.35555472
11 63838185 0.555033931393511 56.38516441
11 63881213 1.10757588786654 56.40904643
11 63904471 0.52480274022876 56.43480632
11 63953518 0.942050848081239 56.46054672
11 63980697 0.32367460828504 56.4861507
11 64059900 0.501965246172942 56.51178704
11 64098572 0.448740298011871 56.53119898
11 64146758 0.694291035191369 56.55282213
11 64177902 0.980323706759759 56.57444529
11 64199959 0.931584162681487 56.59606845
11 64223170 0.637431341281292 56.6176916
11 64262677 0.556407423773752 56.64287504
11 64307937 0.734278142125595 56.66805848
11 64352461 1.29207766990291 56.70075161
11 64378211 1.19080171796707 56.73402287
11 64406151 0.501431757897275 56.76729414
11 64472503 0.320304602736033 56.8005654
11 64576376 0.168712706641886 56.83383666
11 64780836 0.38531359563693 56.86833117
11 64883516 0.65948793172423 56.90789489
11 64943508 0.250659103119963 56.94745861
11 65103574 0.595579101752496 56.9875805
11 65170393 0.374655013799448 57.02737692
11 65283441 0.985528895527962 57.06973085
11 65326285 1.65590807482646 57.11195499
11 65351784 1.52866242038217 57.15417912
11 65379259 1.27265014241561 57.19617945
11 65412261 0.392351987476939 57.23817977
11 65519583 0.587921477097487 57.28028727
11 65591562 1.70995636010991 57.32260562
11 65616310 0.686899350154071 57.36492397
11 65681864 1.49725510946491 57.40995325
11 65712102 0.191442308098897 57.45522695
11 65948591 0.900795861520095 57.50050065
11 65998851 1.68266557948186 57.54577435
11 66025832 0.60774091179554 57.59117464
11 66096418 0.95050316974775 57.6340731
11 66141532 1.39576261597647 57.67695451
11 66176884 0.756655216831258 57.72629778
11 66242096 0.796456338752168 57.77564105
11 66304348 0.851294094462327 57.82522236
11 66365240 0.515744177886125 57.87705964
11 66473534 2.08364111173289 57.93291146
11 66500339 0.989196273599943 57.98876329
11 66556801 2.66270976353928 58.04461512
11 66577777 2.45795644891122 58.10046815
11 66598672 0.238233070325582 58.15182696
11 66814255 0.680963299712388 58.20318577
11 66889704 0.599005728664085 58.25456377
11 66971573 1.808 58.30360364
11 66999198 1.07976462896371 58.35354965
11 67042024 1.0796935581819 58.39979181
11 67084838 1.79559879739435 58.44601778
11 67108786 0.422799902272172 58.48901895
11 67211111 0.607925244150917 58.53228229
11 67282276 0.688119205508643 58.57554564
11 67345159 1.64659994672552 58.61881711
11 67371438 1.21701589087329 58.66208859
11 67406993 1.22121077753723 58.70536006
11 67445332 1.90759452411995 58.75217983
11 67469876 0.897863690407702 58.7989996
11 67522022 1.82157295112091 58.84581936
11 67549232 1.42192081025854 58.89538437
11 67582999 1.43969570816736 58.94339871
11 67616388 1.56080779197569 58.99146886
11 67649961 0.606865487979011 59.04387027
11 67736102 1.2791739055962 59.09614647
11 67776969 0.994199425648048 59.14842267
11 67829550 1.63757544340356 59.20069888
11 67856557 1.40941595310438 59.24492486
11 67889140 1.55271165810116 59.29084775
11 67918716 0.761912063479894 59.33677064
11 67970890 0.681943131566653 59.37652307
11 68062927 1.28147331454939 59.43928712
11 68111905 1.8105973939005 59.50205116
11 68147744 0.494524241572316 59.56694132
11 68304252 3.63343342404054 59.6443382
11 68325566 1.37126709206928 59.72178148
11 68380416 1.82965292336362 59.79699522
11 68423346 0.405351099294199 59.87554225
11 68620427 3.59689329131022 59.9554293
11 68642637 1.66782561055271 60.03531634
11 68690094 2.00693136744261 60.11446603
11 68715053 1.24173518011012 60.16455732
11 68755556 1.71835144813721 60.21485171
11 68787390 0.676445804887276 60.26955419
11 68845541 1.17228714524207 60.30889042
11 68884476 0.843148483393062 60.35453351
11 68938610 1.95966330527544 60.40017659
11 68962608 1.38134100516674 60.44720477
11 68996672 0.709426130895091 60.4942588
11 69063168 0.746400430366128 60.54143295
11 69126370 0.688598801927843 60.5886071
11 69177619 1.39882612738261 60.62389756
11 69212035 1.86070933989845 60.67203919
11 69238031 1.94989317531342 60.72041001
11 69262838 1.522860610965 60.76878083
11 69292496 1.36841142578423 60.81394602
11 69325299 0.559428706738618 60.8588343
11 69405538 1.18356380877124 60.90372259
11 69443503 1.5526606772633 60.94865635
11 69472443 1.79216613879646 60.99359011
11 69497386 1.28210864452475 61.03829254
11 69532252 2.74594302199784 61.08299497
11 69554436 2.06982071978476 61.14391097
11 69591975 1.78007138389079 61.22160996
11 69619152 0.96941740520122 61.269987
11 69660450 1.23117408906883 61.31002198
11 69692560 0.232117056301665 61.34955529
11 69861436 0.789679453064232 61.388754
11 69910290 0.272120885215264 61.42733271
11 70041919 0.729347803954308 61.46315143
11 70091030 0.882893763864925 61.49897015
11 70131600 1.05429754918882 61.53478888
11 70160570 0.545854508233519 61.56533223
11 70216257 0.359706526241051 61.59572908
11 70300762 1.27109642887012 61.62612594
11 70324676 1.29475657026025 61.65652279
11 70348153 1.01323333333333 61.68691965
11 70378153 0.402662604318453 61.7173165
11 70453643 0.304630266726029 61.74771335
11 70552471 0.547854229174392 61.77781933
11 70611797 0.662553051217603 61.81032165
11 70660335 0.517785947289391 61.84248044
11 70718274 0.560827014064424 61.87248033
11 70764561 0.370049753744095 61.8984389
11 70844153 0.594062002057323 61.92789227
11 70893732 0.174104002506369 61.95734564
11 71062901 0.737042285032441 61.986799
11 71103128 1.07208378475984 62.01644768
11 71130818 0.630080884611447 62.04613357
11 71179653 0.383182390691537 62.07690332
11 71263018 0.601659985319858 62.10884711
11 71316151 1.02639096365018 62.14081548
11 71354308 1.75765191634503 62.1799796
11 71376590 1.54395647717417 62.21914371
11 71401956 0.502003350083752 62.25830783
11 71476581 0.729908135761043 62.29576967
11 71531118 0.309975608425614 62.33557617
11 71659441 0.465048577741924 62.37535292
11 71744974 0.521023263124804 62.41512966
11 71821318 0.496426444312091 62.4549064
11 71885120 0.168745036295997 62.48657914
11 72100433 0.521273339455158 62.5229122
11 72169040 0.401823258317355 62.55867485
11 72258221 0.189299694141139 62.59450968
11 72447524 0.88729046475351 62.63034451
11 72487911 0.74929430214323 62.66617933
11 72535736 1.12951522410641 62.70201416
11 72567462 0.202784551692849 62.73784899
11 72743792 1.04229580831341 62.77360592
11 72778098 0.960173908865989 62.80936286
11 72819729 1.12126959335081 62.84933586
11 72855583 1.97397623490131 62.8895383
11 72875949 1.12120705042392 62.92974074
11 72911805 1.02210627142569 62.96994318
11 72951477 2.1301775147929 63.01049246
11 72984601 1.75219748022268 63.08105248
11 73025557 2.47733381765347 63.15281546
11 73053087 2.56482979123566 63.22101619
11 73079672 2.62309246442849 63.28920256
11 73102935 1.17488365328679 63.35022363
11 73130439 1.38057029601688 63.38253779
11 73161721 0.674460404024887 63.42572509
11 73226816 0.3229674660966 63.46962899
11 73316630 0.232278953490391 63.49863592
11 73431832 0.587746292259691 63.52539526
11 73478626 0.614972306592818 63.55289782
11 73523402 0.11672917787944 63.58043375
11 73761226 0.507367246509499 63.60819507
11 73831130 0.31884175229465 63.64366196
11 73942367 0.842008849978589 63.67912884
11 73984401 1.00319715808171 63.7145222
11 74018181 0.551039588213181 63.7484098
11 74087343 0.886204959473557 63.78652051
11 74124726 1.46530142863461 63.81964976
11 74147335 1.53746290801187 63.85277902
11 74168903 0.913335151349877 63.88593859
11 74205573 1.09703524240078 63.91943076
11 74245610 1.08812089681655 63.96335292
11 74285975 2.02172612197929 64.00727508
11 74307700 0.74247558301774 64.05119724
11 74367904 0.956601758651246 64.09589755
11 74411915 0.295613249776186 64.13799825
11 74557125 0.330366380733642 64.18092471
11 74693404 0.391873267199795 64.22594669
11 74818202 0.284551426393665 64.27485136
11 74990069 0.911888955944478 64.32375602
11 75039779 0.306270139237887 64.36908585
11 75208914 1.41687636761488 64.42088657
11 75245474 1.45700612674124 64.4726873
11 75278281 1.67193148562575 64.52048688
11 75301517 1.62719298245614 64.55933604
11 75330473 0.498366909344769 64.60645289
11 75410689 4.06176708451274 64.6464301
11 75420581 1.48681305447393 64.68660911
11 75445492 1.3643149028438 64.72364694
11 75469474 0.738674543937583 64.75636553
11 75513821 1.4868373275236 64.78912316
11 75535853 0.516984668942894 64.82188079
11 75610538 1.73635385856413 64.86049171
11 75632852 0.950012251899044 64.89923713
11 75673662 1.26511278629813 64.93800735
11 75708285 0.861557526998053 64.98180932
11 75759122 0.651504111585302 65.02560823
11 75826371 0.841941262081576 65.06942113
11 75879965 1.23139150943396 65.11454428
11 75922365 1.46799104486071 65.16675483
11 75957652 0.365198554037531 65.21855577
11 76108140 0.457392776523702 65.27351407
11 76228636 0.873830002529724 65.32862828
11 76291884 0.414517254051946 65.38389635
11 76425215 1.60625197347648 65.43916442
11 76460052 1.00168268800458 65.49512179
11 76515915 1.637606087211 65.55107916
11 76550085 0.923639920402037 65.60703653
11 76609383 0.234449576432617 65.66180652
11 76842994 1.47159911427746 65.71657651
11 76863768 0.303456505988152 65.74714755
11 76981083 1.26326248181399 65.78274787
11 77009264 1.61707926413809 65.81834819
11 77031279 0.587516915866257 65.85394851
11 77091873 0.465816159633628 65.88954884
11 77168298 0.9001175716118 65.92514916
11 77205722 0.594423857420152 65.95883493
11 77262392 1.4941348324554 65.9925207
11 77284983 0.660070008017678 66.026275
11 77336120 0.369675256376545 66.06002931
11 77427392 0.503935479053095 66.09377062
11 77494347 0.212190960876731 66.12751194
11 77667262 1.3921990392199 66.16420254
11 77695156 1.03383648803344 66.20303607
11 77732719 1.55946011673152 66.2418696
11 77757391 0.640236292536817 66.28034501
11 77817486 1.38277729389934 66.31882042
11 77843893 1.49891219572267 66.35533529
11 77868254 0.470659542944372 66.39185016
11 77957346 0.789679849340866 66.43378191
11 78010446 1.0338774101287 66.47571366
11 78051004 1.29383813138326 66.51764541
11 78083413 0.289984670413899 66.55957716
11 78224317 1.36371081337832 66.60043701
11 78254844 0.737192541304386 66.64206669
11 78311315 1.00902175425576 66.68369636
11 78354433 0.897403106371568 66.72720294
11 78402914 1.04863939839476 66.77070952
11 78444403 1.24114511691884 66.8142161
11 78479299 0.415912949376011 66.85752662
11 78580022 1.05897520159761 66.89941828
11 78619581 1.83174464363795 66.94130994
11 78642451 2.03132424962421 66.9832016
11 78663074 1.5690046103847 67.02509326
11 78689536 1.3503431229063 67.06661273
11 78720283 0.920007090784196 67.10813219
11 78765412 0.224964509801797 67.14965166
11 78949970 1.34924677576677 67.19117113
11 78986878 2.37590545177278 67.24096891
11 79007862 2.48166757872743 67.29082522
11 79027963 1.80719487012281 67.34070969
11 79055566 1.74413482046082 67.39059416
11 79084167 2.05357216388717 67.44047863
11 79108452 0.302703318291173 67.49034984
11 79248946 0.298700266549287 67.53287829
11 79412518 2.21127431864466 67.58173729
11 79435597 0.33403410589235 67.63277107
11 79572113 1.43903888871508 67.67837233
11 79604076 1.91911578947368 67.72436815
11 79627826 0.712684116708885 67.76994754
11 79691780 1.84833333333333 67.81552693
11 79716380 1.32335399028251 67.86099597
11 79750751 1.21305887678747 67.90648105
11 79788304 0.310572086444107 67.9520355
11 79945955 0.780925925925926 68.00099734
11 80005355 0.522743885791787 68.04738432
11 80118902 1.43861945272547 68.10674066
11 80160161 2.20521660240417 68.166097
11 80182206 1.35689224068398 68.21471053
11 80231798 0.573157643691868 68.28200137
11 80349202 0.505004639828858 68.3492922
11 80490371 2.26881485048816 68.42058339
11 80513212 2.5797022015164 68.47240535
11 80535106 1.94828309965578 68.52888575
11 80558928 1.92472849831482 68.57529792
11 80582961 1.03180834690281 68.62155491
11 80627792 0.712796632384007 68.66781191
11 80692645 0.813237400259156 68.71403912
11 80751297 2.71856239171602 68.76173751
11 80776116 2.62653543612198 68.8292098
11 80801923 1.99679090855561 68.89699308
11 80835889 0.230965556561693 68.96481639
11 81134059 0.988857458753931 69.03368381
11 81203702 0.476200188857413 69.10255122
11 81336077 0.953455236285918 69.16558792
11 81420297 0.666495468778475 69.24588794
11 81541015 0.640253176224786 69.32634612
11 81671201 3.24795619312047 69.40969779
11 81697133 1.97641509433962 69.49392414
11 81739745 1.35346196016823 69.57814323
11 81800852 2.30130960460498 69.66084886
11 81840635 0.468077868662347 69.75240181
11 82034654 1.60878498445135 69.84321802
11 82088678 1.88617374508995 69.93013129
11 82134757 2.06314313553079 70.01704456
11 82176836 1.1284934355908 70.10385953
11 82253766 3.53328841537878 70.19067451
11 82277513 0.999555375909459 70.27457975
11 82351733 1.56355433503335 70.34876712
11 82402713 0.581571295692743 70.42847702
11 82539250 1.92942798749107 70.50788261
11 82579861 0.906241518073142 70.58623874
11 82664600 3.41731933072268 70.66303287
11 82687072 0.883146455062964 70.739827
11 82774027 1.98593892137752 70.81662113
11 82812502 0.322500179380147 70.89303038
11 83049429 0.895688112111996 70.96943962
11 83118146 1.48140760367978 71.03098818
11 83151735 2.13056590889692 71.08074754
11 83186882 3.19655255934119 71.15563041
11 83211654 2.02477594252278 71.23481518
11 83238656 0.828228200933164 71.28948818
11 83304668 0.427672688327624 71.34416117
11 83445659 0.614131433354429 71.40445923
11 83543625 0.91006482429205 71.46462356
11 83602245 1.00793530834341 71.51797158
11 83655173 2.50879239576582 71.57131961
11 83678318 0.778155990351112 71.62938557
11 83752938 0.97473602927599 71.68745153
11 83812509 1.66087421467718 71.74551749
11 83849914 1.90246516613076 71.80764207
11 83882569 1.69998575769085 71.86976665
11 83924697 2.6655505952381 71.94138383
11 83951577 2.78586692427037 72.01303348
11 83985738 0.855227448372544 72.10820117
11 84097016 0.271157851548142 72.20336886
11 84447985 0.528390345546102 72.29853655
11 84678345 2.0825223236681 72.42025656
11 84738147 1.51453866640723 72.5447956
11 84820376 2.05308145218123 72.66933465
11 84864365 2.25772272795105 72.75964778
11 84904571 3.38322997511976 72.85042197
11 84931500 1.21272838325898 72.94152861
11 85006812 4.29987474625319 73.03286175
11 85029965 4.07647544187259 73.13241642
11 85052992 0.710240986645481 73.22628546
11 85185157 2.62286759779416 73.3201545
11 85223963 4.429352002049 73.42193789
11 85247389 1.84710207216929 73.52570031
11 85302066 1.08421217173822 73.62669438
11 85398026 1.43897159011321 73.73073509
11 85476555 0.869419033183815 73.84373638
11 85606528 0.571860807770899 73.95673766
11 85771451 2.09360571590704 74.05105115
11 85810220 0.730583744384052 74.13221828
11 85937536 1.77907042412605 74.22523353
11 85972950 1.31797068866784 74.28823797
11 86020099 0.946913539753345 74.35037861
11 86081075 2.76206145036537 74.40811721
11 86104476 3.00938320492403 74.47275224
11 86127709 0.833977619532045 74.54266957
11 86216179 1.32470907810456 74.61645194
11 86275817 0.336350680778326 74.69545464
11 86529130 1.21386506297892 74.78065639
11 86601297 1.04090724491428 74.86825743
11 86682554 0.840709552150606 74.95283887
11 86777318 2.96774073384243 75.03250758
11 86804163 3.32091037227427 75.11217628
11 86828285 1.07096389810312 75.19228351
11 86890387 2.96240701973186 75.25879249
11 86912838 1.75194268103153 75.32530147
11 86950801 1.8268035387274 75.39181045
11 86989572 1.88953155124798 75.46263742
11 87027954 2.33925749121053 75.53516127
11 87058957 3.07119078104994 75.60768512
11 87082387 3.25248598806726 75.67964301
11 87104511 1.70041787961311 75.7516009
11 87147107 1.52592327301072 75.82403186
11 87194574 2.51070164991067 75.89646282
11 87223121 1.11565798733286 75.96813617
11 87279961 2.9326110306823 76.03155044
11 87301374 0.983447884481997 76.09434613
11 87364810 1.62298707042327 76.1567319
11 87403249 2.1902339351987 76.21911767
11 87427230 2.214613989965 76.2716419
11 87450947 2.43473594611598 76.32416613
11 87477968 1.56491893918096 76.38995519
11 87520652 1.24623593723764 76.45675208
11 87574251 2.53923059378089 76.52354897
11 87600557 2.76317531231902 76.59034586
11 87624731 0.994189887100649 76.65714274
11 87691339 3.05389390519187 76.72336408
11 87712603 1.39247095784321 76.78830234
11 87767351 1.79399827288428 76.86453769
11 87813671 3.60501670050429 76.94763547
11 87844209 1.23793995277184 77.05772595
11 87933139 1.29212098449549 77.16781642
11 88018340 4.10159686861339 77.2779069
11 88047209 5.98168690250494 77.396316
11 88072000 7.18535235876529 77.54460801
11 88092604 1.25675627336302 77.69265452
11 88204426 1.40153987426715 77.8331871
11 88275211 0.87372535086161 77.93239475
11 88387791 1.49447903694479 78.03075906
11 88435971 3.23300700598525 78.10276277
11 88457524 0.699384971744644 78.17244357
11 88557682 1.07029721186171 78.24249226
11 88617471 2.61330501898967 78.30648403
11 88641958 1.34357940707147 78.37047579
11 88689586 1.45948905109489 78.43446755
11 88733426 2.56088735053493 78.49845168
11 88765206 0.547211240076406 78.57983635
11 88922785 0.676994515832032 78.66606539
11 89047690 1.5190048854856 78.75062576
11 89105412 0.765551959726717 78.83830561
11 89219433 1.98712967459932 78.92559453
11 89260613 1.91665307453923 79.00742485
11 89303530 1.37998892747496 79.08968186
11 89363137 2.4221091833954 79.17193887
11 89396164 0.842629629238742 79.25193423
11 89490915 2.54811221395972 79.33177408
11 89522248 0.875045209938514 79.41161392
11 89613489 2.12815865230835 79.49145377
11 89651005 2.63690752968164 79.57129361
11 89683264 3.92898241660966 79.65635788
11 89708117 1.14699324399652 79.75400487
11 89797815 1.24577791779096 79.856888
11 89870824 2.48559794490599 79.94784079
11 89907416 1.75499790563954 80.03879359
11 89959938 2.3061295971979 80.13096914
11 89999908 0.810836050523917 80.22314469
11 90126264 3.05456580841196 80.32559858
11 90157529 1.4616437434091 80.42109951
11 90202098 2.03346260938743 80.48624355
11 90242322 1.15967365967366 80.56803738
11 90307530 0.977788044637146 80.64365782
11 90391944 3.95108304014243 80.72619644
11 90415535 0.257981613984241 80.81940662
11 90768847 0.669242432010781 80.91055452
11 90905376 2.57309071822238 81.00192507
11 90939669 0.567832860552028 81.09016405
11 91095132 2.24280995934959 81.17844062
11 91134492 1.38739184943274 81.26671718
11 91199101 2.75233357897323 81.35635516
11 91231669 2.06486835133952 81.44599314
11 91275080 0.476827174993224 81.53563112
11 91463253 4.36092345078979 81.62535742
11 91483828 1.94569868673454 81.71508371
11 91524490 3.69759621372525 81.79419944
11 91548577 4.16946772154862 81.88326317
11 91569938 2.76911404948441 81.97232689
11 91602231 1.55462351714896 82.06174968
11 91662672 2.30380522728387 82.15571256
11 91703458 3.93875754527163 82.24967545
11 91727314 1.11759598458538 82.34363833
11 91811390 1.15404611475066 82.43760122
11 91897176 1.0109152755612 82.53660187
11 91983019 2.46925961195096 82.62338171
11 92016623 3.38312003887899 82.70635843
11 92041315 2.18406191173395 82.78989454
11 92079563 3.12773995660956 82.87343065
11 92106297 1.89900526889535 82.95704775
11 92150329 3.43880516059045 83.04066484
11 92176140 3.61764078042949 83.12942338
11 92199563 1.31437396414043 83.21415911
11 92265933 1.68530968664271 83.30139438
11 92317695 0.429424007006184 83.38862965
11 92520944 1.91977814071571 83.47590918
11 92582785 3.34404275385099 83.59462996
11 92614595 1.05875121651386 83.70100381
11 92712210 2.46417076995021 83.80435411
11 92748563 1.58888948012558 83.8939345
11 92804942 0.706074137075625 83.98351489
11 92931923 1.77172216184172 84.07317304
11 92982528 3.49638652050345 84.16283119
11 93007158 2.31248495224847 84.24894735
11 93044539 1.3178273819484 84.33539041
11 93104301 1.28474250012235 84.41414637
11 93165602 1.74424167257264 84.49290233
11 93210754 2.88386622565233 84.57165829
11 93237964 2.87457888150929 84.65012866
11 93258742 1.4598418079096 84.70985624
11 93302992 1.55479551387412 84.7744542
11 93344364 0.385508010812949 84.83877933
11 93511201 0.858876944648461 84.90309666
11 93586086 3.13906410444477 84.96741399
11 93606537 2.70525694034259 85.03161114
11 93630239 0.587055839887203 85.09573153
11 93739462 1.73574828133263 85.15985191
11 93777282 0.187902745983885 85.22549759
11 94074771 1.93007041520691 85.28139621
11 94103600 0.445570877176124 85.33703781
11 94228478 0.252615043765663 85.3926794
11 94448742 1.17042870378169 85.448321
11 94496234 0.86481931064343 85.50390688
11 94560903 2.60131960411876 85.5598338
11 94580909 0.836741969986711 85.61187543
11 94642615 1.09823404255319 85.6635078
11 94689615 1.96891468723745 85.71512444
11 94715801 0.922783811458211 85.76668196
11 94775374 0.225824279939363 85.82165538
11 95028686 0.47131002607058 85.87885968
11 95150279 0.804933544651404 85.93616816
11 95214006 0.437783683571239 85.98746376
11 95323503 0.793686505944861 86.0353993
11 95381284 0.521741109012719 86.08125948
11 95469182 1.65379626557268 86.12711966
11 95502333 3.68695359784802 86.18194432
11 95517203 2.96750846935633 86.23676898
11 95543179 3.76104295720475 86.31385344
11 95567878 2.4133953391702 86.4067476
11 95606369 3.01682255131203 86.49964176
11 95637161 0.553029706329635 86.59253592
11 95802210 2.56007741066921 86.68381261
11 95837864 0.645658946227821 86.7750893
11 95985524 2.47985821841608 86.87042755
11 96024175 1.91028015052864 86.96627696
11 96074398 0.594940005580876 87.06221731
11 96235663 1.82219746110072 87.15816016
11 96285921 1.78106150329138 87.24973967
11 96322228 0.526335854886931 87.31440455
11 96421902 1.59004667515306 87.36686649
11 96454896 2.38229277473202 87.41932842
11 96479338 1.79188969537315 87.47755648
11 96515021 0.676213037776556 87.54149614
11 96609577 0.376915719465267 87.60543581
11 96699491 0.479695057575683 87.63932595
11 96780949 0.996785796280707 87.67840048
11 96820150 1.4812790452049 87.71747501
11 96858022 1.29450079456946 87.77357372
11 96908993 0.429947671206162 87.83955563
11 97062828 1.97365122941036 87.90569647
11 97096340 1.00805518333536 87.97183732
11 97162012 1.3820562187139 88.03803853
11 97200967 1.79261142318258 88.09187624
11 97225356 1.86464743699935 88.13559584
11 97254443 1.46325473479739 88.18983284
11 97291509 0.536047548886951 88.24406984
11 97391280 0.575533219981491 88.29755198
11 97484206 0.449032094808317 88.35103411
11 97602761 1.36443021766965 88.40426878
11 97641811 1.94478639326948 88.45755005
11 97669268 0.60004494887066 88.51094824
11 97758258 2.22163166818834 88.56434644
11 97788926 1.25466360018983 88.63247919
11 97843712 1.7233183744077 88.70121753
11 97883599 2.94318133162064 88.76995587
11 97906954 2.42964167078946 88.83869421
11 97935252 0.760443476539299 88.90744838
11 98000915 1.98448128385809 88.9573814
11 98025466 0.410515966650936 89.00610261
11 98152606 2.32845732330268 89.0582957
11 98174140 1.49344731041878 89.10843714
11 98207714 2.21869664200342 89.15857858
11 98242854 1.08293746701114 89.23654323
11 98314848 1.60882086288731 89.31450787
11 98352350 2.24858389822639 89.3748418
11 98373888 2.64193719550432 89.42327143
11 98394619 0.751437218338245 89.47804099
11 98470286 1.68613822977953 89.53489995
11 98501220 1.28033390621164 89.58705906
11 98541950 0.976986632370708 89.63920665
11 98593268 1.24166026895168 89.68934413
11 98633647 0.899818733286671 89.7394816
11 98689366 1.04549179368313 89.78961908
11 98732077 1.4302695024857 89.83427307
11 98758830 0.39685070759418 89.87253719
11 98859170 0.645712162336823 89.91235681
11 98921066 0.392149376386313 89.95232351
11 99031070 0.810027227490376 89.99546184
11 99084325 0.949193566131978 90.03860017
11 99129772 1.39562965360958 90.0817385
11 99160662 0.327950858307105 90.12484954
11 99292200 0.46837037963239 90.16798787
11 99396169 0.57959008783832 90.21668414
11 99480187 0.985709080604024 90.2653804
11 99529589 0.349694441053335 90.31407667
11 99668842 2.01539607648373 90.36277293
11 99693004 1.75222835697016 90.4114692
11 99720715 1.3376605479301 90.46002488
11 99756997 2.1136215227896 90.50855739
11 99779968 0.979514897382138 90.55710954
11 99831957 1.16500490356326 90.60803384
11 99868665 1.0622885666296 90.65079844
11 99910936 2.26079641054403 90.69570233
11 99932332 1.58290519977748 90.74407401
11 99962891 1.00346437091588 90.79244568
11 100011096 2.30694391453644 90.84081736
11 100032064 1.41970081851538 90.88918904
11 100067494 2.49739337669431 90.93948934
11 100087635 1.28547552543615 90.98978963
11 100131313 2.65558855418847 91.0459368
11 100152526 4.67522859517872 91.10226969
11 100164556 1.64366938221317 91.15851221
11 100199908 1.40521739130435 91.21661931
11 100241308 2.8100275322417 91.27479542
11 100262011 0.680757595076096 91.33297153
11 100348284 0.634473356414959 91.39170244
11 100450241 1.34582811848144 91.45639165
11 100498181 2.50983364427861 91.52091021
11 100523909 2.41010752688172 91.58548334
11 100551809 0.925922333628351 91.65272526
11 100634290 0.790295542034025 91.72909577
11 100730926 2.05006308216788 91.80546629
11 100768179 2.76867179980751 91.8818368
11 100788959 2.23299049097613 91.93937017
11 100814724 2.54965654775094 91.99690354
11 100837289 1.55248951599824 92.05443691
11 100880450 2.97017504985597 92.12144386
11 100903015 1.73611912239099 92.18846555
11 100949824 1.5966756390357 92.2697316
11 101000721 0.921018891473308 92.35099764
11 101088856 3.11500825050846 92.4321718
11 101114915 1.9823678812152 92.51334596
11 101155863 2.21796340128783 92.59452012
11 101195154 1.82331214922417 92.68166583
11 101243618 2.48064364299582 92.77003123
11 101277612 1.48971659919028 92.85435791
11 101333187 2.5248580326067 92.93714918
11 101360482 2.01356646096581 93.00606563
11 101401318 3.38599924727136 93.08829207
11 101427888 1.26323053698512 93.17825839
11 101497443 1.6070620635389 93.26612242
11 101538111 1.57354098271699 93.33147876
11 101574968 2.14438879875855 93.38947493
11 101603322 0.518019322848331 93.45027646
11 101720696 1.15720756727951 93.51107799
11 101773238 2.2738219895288 93.57187952
11 101799978 0.871571733738584 93.63268105
11 101869729 0.565949056170799 93.69347378
11 101987388 0.917005096581954 93.76006245
11 102074309 2.93399403817119 93.8397691
11 102100140 2.51655752171288 93.9155574
11 102121671 2.36294708427613 93.96974098
11 102146862 0.912599547321653 94.02926585
11 102206507 1.0818151429049 94.08369778
11 102254371 1.04529297998014 94.13547729
11 102292633 0.8811606336337 94.17547229
11 102338022 1.07909252002895 94.21546729
11 102378089 0.60129757897045 94.25870299
11 102455618 1.88218680653621 94.30532118
11 102480403 1.48814034194021 94.35197148
11 102511812 1.79733483634607 94.39871273
11 102536651 1.44990419278361 94.44335706
11 102567442 1.36857862339116 94.48800139
11 102603182 1.4288441994395 94.53691452
11 102635653 1.74297743569502 94.58331022
11 102666055 0.615661670733124 94.63630035
11 102752125 1.71561476169871 94.68929047
11 102784479 1.48224405968908 94.74479775
11 102822945 2.36580912863071 94.80181356
11 102847045 2.16758670575247 94.85882937
11 102873312 1.18764942848721 94.91576581
11 102934378 1.74235927187119 94.98829031
11 102981952 3.45790401567091 95.07118158
11 103007477 11.586246638494 95.15944478
11 103015286 1.70515067563747 95.24992194
11 103068347 1.27681861147013 95.3403991
11 103120186 0.7544948113587 95.40658798
11 103219634 3.12242419165689 95.48162125
11 103243510 1.18987217947046 95.55617272
11 103304846 2.99141213300618 95.62915475
11 103328484 2.40187659560359 95.69986572
11 103358645 3.55636256563773 95.77230844
11 103379022 2.63788584740827 95.84477596
11 103406494 2.3774046698321 95.91724347
11 103426923 1.24767635623033 95.96581185
11 103480933 3.74414961788579 96.03319902
11 103502000 1.31441426428929 96.11207732
11 103562010 1.02509109054447 96.19095561
11 103668223 5.2197659921358 96.2998335
11 103689077 1.86994368549146 96.40868648
11 103745368 4.90786886745005 96.51394781
11 103767239 9.09583933564952 96.6212878
11 103779040 2.45122678649541 96.7286278
11 103804187 3.90600758489916 96.79026891
11 103827391 0.612211001054763 96.8809036
11 103992357 1.11706461621476 96.98189798
11 104066487 2.64754322421923 97.06470572
11 104095753 2.34841505545791 97.14218828
11 104128751 2.24169053197952 97.21968092
11 104163320 4.02054401975047 97.29717355
11 104186003 2.02426685790708 97.38837153
11 104237596 0.73029081397138 97.49280972
11 104400071 3.18115767178745 97.61146364
11 104437370 2.11328395588 97.73011756
11 104493671 3.60494593907913 97.84909796
11 104529094 3.57417978669375 97.97679581
11 104578319 6.69334153613175 98.15273461
11 104599450 3.2744825945603 98.294172
11 104624672 1.37120599303626 98.3767607
11 104681538 2.43420847251272 98.45473602
11 104713571 3.69539326377972 98.53271134
11 104734562 3.55418098510882 98.61028129
11 104756387 3.63583189972966 98.68785125
11 104776732 3.02070401829467 98.76182215
11 104801220 1.85052410377004 98.83579306
11 104841193 0.309248075391558 98.90976396
11 105082281 2.21925881827653 98.98431978
11 105115876 2.23972602739726 99.0588756
11 105149164 7.16925195043598 99.13343142
11 105160059 3.58657145506816 99.21154075
11 105181625 3.1387463671917 99.28888891
11 105209496 2.44884488448845 99.3763691
11 105256158 4.66014060019654 99.49063722
11 105282616 0.661367061991428 99.61393529
11 105469045 1.95478335342257 99.73723335
11 105532097 4.28700290688963 99.86048594
11 105565466 5.64712616453498 100.0035393
11 105590798 3.36647963424771 100.1465927
11 105629294 4.00354088722608 100.2761884
11 105659230 3.49903562172262 100.3960387
11 105692412 4.21943378896753 100.512144
11 105729430 4.87813176616146 100.6683394
11 105761760 1.73462845418991 100.8260496
11 105839745 1.05420422568799 100.9613249
11 105923613 1.67299046489798 101.0497389
11 105964095 2.98468549230539 101.1174649
11 105990867 2.24128888268936 101.1973714
11 106026712 0.343360983153059 101.2777107
11 106271801 1.75191875013142 101.3618648
11 106319358 7.74600223131276 101.4451807
11 106330114 1.25530643233289 101.5284967
11 106392020 2.72096812654002 101.6062077
11 106417182 0.869165321989145 101.6746728
11 106485352 1.42318763326226 101.7339235
11 106522872 1.24143476246286 101.7873219
11 106559561 1.87066699523575 101.8328691
11 106583909 0.768074113664707 101.8784162
11 106640039 0.0011001100110011 101.9215284
11 106692761 0 101.9215868
11 106745440 0 101.9215868
11 106932443 0 101.9215868
