Chromosome Position(bp) Rate(cM/Mb) Map(cM)
4 0 0 0
4 190991 0.00905968085339889 0
4 373227 0.0270611838675534 0.00165131
4 436528 0.0159137007174788 0.00336444
4 535625 0.0387960029246893 0.00494115
4 740775 0.156405839151328 0.0129001
4 806949 0.0553931574393737 0.02324962
4 1045047 0.101655112939069 0.03643899
4 1195792 0.502241035856574 0.05176288
4 1219888 0.0534667019961138 0.06386524
4 1446328 0.302076777847703 0.07597222
4 1479697 0.27996400878609 0.08605177
4 1517484 0.535198248601314 0.0966309
4 1538039 0.303692108924667 0.10763145
4 1578287 0.315073951667721 0.11985435
4 1620950 0.205117864390904 0.13329645
4 1697818 0.0638094276773998 0.14906389
4 1945493 0.377681685699269 0.16486832
4 1987351 0.32074095163529 0.18067762
4 2043549 0.223328079820305 0.1987025
4 2124130 0.414624842936636 0.21669862
4 2168698 0.385599793174767 0.23517743
4 2230586 0.222801600701473 0.25904109
4 2337789 0.237090575175693 0.28292657
4 2472826 0.251001695443064 0.3149426
4 2617331 1.26958301907122 0.35121369
4 2645174 1.58464606181456 0.38656222
4 2665234 0.298019252128841 0.41835043
4 2773274 0.229744482579006 0.45054817
4 2913421 0.304542684356101 0.48274591
4 3020076 0.128184031224926 0.51522681
4 3314200 0.29559763220824 0.55292893
4 3441745 0.217975995004741 0.59063106
4 3614709 0.572109256449165 0.62833318
4 3680609 0.223935471991732 0.66603531
4 3848970 0.488945578231293 0.70373744
4 3932466 1.29718755109827 0.74456251
4 3969160 1.18602200287888 0.79216154
4 4008064 0.260666452010145 0.83830211
4 4185091 1.13470493418107 0.88444676
4 4229759 1.11507818158579 0.9351314
4 4276701 0.761577745122288 0.98747538
4 4345432 2.17213046725869 1.03981936
4 4369530 2.63111375937236 1.09216333
4 4389669 1.40498401205042 1.14515137
4 4427510 0.315902055270679 1.19831786
4 4595809 0.949939342039535 1.25148436
4 4651861 1.85420868629824 1.30473077
4 4681609 1.18035530130563 1.35988955
4 4733002 1.1077100243318 1.42055117
4 4786841 2.25278585728856 1.48018945
4 4813314 1.50808173223544 1.53982772
4 4852662 0.805019040574231 1.59916766
4 4925664 0.656046618068967 1.65793561
4 5015243 1.80837064790277 1.71670356
4 5037129 1.18083998611593 1.75628141
4 5071701 0.91580474994817 1.79710576
4 5115112 1.3662319835278 1.83686194
4 5144252 1.38362831858407 1.87667383
4 5173632 1.29284806350359 1.91732526
4 5212181 0.666760749915868 1.96716322
4 5304298 1.54812457487125 2.02858336
4 5345462 2.27085384980122 2.0923102
4 5372879 2.33681714386088 2.15456998
4 5395651 1.95855723224144 2.20778413
4 5422821 1.02757005437056 2.26099828
4 5482596 2.78209408194234 2.32242119
4 5505661 1.6139896373057 2.3865899
4 5545419 1.23614523151992 2.45075862
4 5604442 2.68465982264415 2.52372004
4 5631619 0.636177168633985 2.59668146
4 5758865 2.32417323924173 2.67763246
4 5795000 0.250369390624628 2.76161638
4 6130688 0.397258694998497 2.84566206
4 6330228 0.954341019072018 2.92493056
4 6418053 0.658187444141526 3.00874567
4 6551202 0.860805932668916 3.09638302
4 6653146 2.27133600985809 3.18413721
4 6678303 0.774900849858357 3.24127733
4 6766553 1.93385801983315 3.30966188
4 6798318 2.43495322657365 3.37109133
4 6823546 1.25107431620537 3.43252079
4 6872647 1.16851696486059 3.49395024
4 6923900 2.47515412305019 3.55384062
4 6948069 1.71338286787941 3.61366278
4 6983196 2.32247355824905 3.67384832
4 7009102 1.38665095613324 3.73401386
4 7049839 2.77685102014628 3.7905021
4 7073218 1.97091593551717 3.85542209
4 7106157 1.36413294797688 3.92034208
4 7140757 1.47077706442329 3.96754062
4 7167859 1.651465134287 4.00740135
4 7192396 1.46669286102883 4.0479232
4 7225482 0.692535107169254 4.09644982
4 7295838 0.638844091308395 4.14517342
4 7372107 1.59614754635393 4.19389702
4 7402633 2.32997785383531 4.24262063
4 7427468 2.03553460225873 4.30048605
4 7455891 1.11323668338057 4.35834209
4 7510935 1.14326876603339 4.41961916
4 7564729 1.7213471849866 4.48112025
4 7600537 3.18299310407818 4.54275776
4 7622434 1.49163392587301 4.61245603
4 7658831 1.44204416032918 4.66674683
4 7686050 1.53516799581645 4.70599775
4 7716646 1.30322759384956 4.75296726
4 7752741 1.22442945028776 4.80000703
4 7803131 2.18072768002312 4.86170624
4 7830808 1.40855073482877 4.92206211
4 7873471 1.38364567884589 4.98215509
4 7917973 1.32610078900484 5.04373057
4 7965121 1.65883102066806 5.10625368
4 8002812 1.60965323336457 5.16877678
4 8036956 2.48168292354025 5.22373719
4 8059203 0.738134887593672 5.27894755
4 8140871 0.564389645189398 5.33922944
4 8247604 1.38193417363855 5.39946877
4 8292905 0.646357957771927 5.46207168
4 8389760 1.65876348944766 5.52467459
4 8427382 1.03625618380424 5.58708053
4 8487620 1.74956482677298 5.64950238
4 8523238 1.66289756586643 5.71181871
4 8559144 2.58164481525626 5.77152683
4 8579280 0.5415666019673 5.82351082
4 8670471 2.18249181457867 5.87289716
4 8693683 0.504782781984854 5.92355682
4 8794043 1.26065651641291 5.97421647
4 8834042 1.0948332861056 6.02464135
4 8886977 0.939074779227092 6.0825965
4 8948692 1.26440774238651 6.14055165
4 8994466 2.39901907809967 6.19842871
4 9018525 0.625479529248575 6.25614648
4 9110803 1.21141361256545 6.31386426
4 9158553 1.00405115017438 6.37170908
4 9215327 1.30394447498626 6.42871349
4 9258983 0.612229664093256 6.48563852
4 9356778 1.16082537457286 6.54551202
4 9402430 1.43485280663043 6.59850649
4 9439592 1.40214047174525 6.65182876
4 9477621 0.593945013909426 6.70515103
4 9557423 0.740395021645022 6.75254922
4 9623951 1.16658069903962 6.80180646
4 9664664 1.15467874597687 6.84930121
4 9706609 0.797555310281205 6.89773463
4 9767312 1.07662909955933 6.94614873
4 9818598 1.76509509349529 7.00136522
4 9849883 2.21670722497273 7.05658651
4 9873717 2.18653083303282 7.10941948
4 9895901 0.811849629699072 7.15792547
4 9949236 1.22333662946744 7.20122549
4 9984631 1.42036725678304 7.24452551
4 10014964 0.645805512626225 7.28760921
4 10081611 1.27107302183611 7.33064971
4 10115683 1.38703169134308 7.37395768
4 10147900 1.43597163120567 7.41864329
4 10183150 0.44896004257395 7.46926168
4 10295895 2.13587071184438 7.51988008
4 10319594 0.792193564542381 7.57049848
4 10383490 1.98790401759416 7.62111687
4 10408953 0.82398203020455 7.67173527
4 10471725 0.229173398251632 7.72345809
4 10697650 0.647289002237808 7.7752344
4 10777639 1.3149496435729 7.8270107
4 10817058 1.38581650970074 7.87884421
4 10857725 2.16238429926643 7.93520103
4 10883762 2.49543480187927 7.99150328
4 10906324 1.58101601284013 8.04780553
4 10933115 1.50618650035208 8.09016303
4 10962938 0.959438677431757 8.13508208
4 11009756 1.09876859928168 8.18000112
4 11052634 1.86260584539743 8.22711422
4 11078261 1.99761456371626 8.27484765
4 11102156 1.41739594766976 8.32258109
4 11135865 1.75220038139944 8.37035999
4 11163133 1.71780398360538 8.4181389
4 11190947 0.794362322904566 8.46591781
4 11265836 2.97445 8.52540662
4 11285836 1.0182985279014 8.58489542
4 11344256 1.51346430036931 8.64438423
4 11383248 1.91581988767328 8.70339721
4 11414051 1.58785470750893 8.76241019
4 11451300 1.55047579101895 8.82155609
4 11489447 2.53910436915251 8.880702
4 11511465 1.70256595590893 8.93660808
4 11541902 0.956595244220662 8.98842926
4 11596320 1.82355311695961 9.04048507
4 11628579 2.0684582941197 9.09931079
4 11657268 4.49325551232166 9.15865294
4 11672688 1.72374673466849 9.22793921
4 11712883 1.14591452325279 9.29722549
4 11774467 2.57263679778353 9.36779593
4 11801898 0.683499807090496 9.43836636
4 11895206 0.965323432730688 9.50214209
4 11963350 2.27036203014031 9.56792344
4 11992215 1.57999801616823 9.6334571
4 12032541 0.92960665569144 9.69717254
4 12100573 1.46272407106961 9.76041576
4 12151115 1.04752391073326 9.83434448
4 12221690 0.989603261514916 9.9082732
4 12297483 0.907831033648027 9.98327802
4 12380103 0.652155011259793 10.05828283
4 12495114 0.406185142436016 10.13328764
4 12679653 1.93462419933008 10.20824482
4 12713687 2.48822528822529 10.27408805
4 12740142 1.50102613216582 10.33991423
4 12783996 2.67020931364595 10.40574041
4 12808648 0.850952344526887 10.47156659
4 12860940 1.52091072939272 10.5160647
4 12888127 0.296130313001387 10.55741339
4 13071992 0.683367667483851 10.61186153
4 13179271 3.07074641869817 10.68517281
4 13203145 1.16966351293138 10.7584841
4 13265822 0.908519786515429 10.83179538
4 13352573 1.12984574605161 10.91061073
4 13434062 1.42269966618138 11.00268092
4 13502063 2.83903449886171 11.09942556
4 13536325 2.20128350670713 11.19669633
4 13579488 1.52933567880795 11.29171049
4 13637472 3.02206883449957 11.38038752
4 13669055 2.74760747379614 11.47583354
4 13695387 0.241078886027112 11.54818345
4 13981534 1.80832546922512 11.61716723
4 14019682 1.06132857917991 11.686151
4 14084187 1.29086452342792 11.7546116
4 14137222 0.818035213555895 11.82307221
4 14220315 1.17918603844286 11.89104561
4 14277959 0.629664010416039 11.95901902
4 14360908 2.12644945288257 12.01124897
4 14385400 0.678765525420636 12.06332982
4 14462129 0.254717371228515 12.11541066
4 14679782 1.86620643205927 12.17085085
4 14709477 0.746230584064861 12.2262683
4 14792978 0.697763742847225 12.28857978
4 14882279 1.6840427431078 12.35089126
4 14921490 1.05641429397776 12.41692443
4 14983726 0.474488323085361 12.4826712
4 15122290 0.821527512712856 12.54841796
4 15203507 1.33198913998243 12.61514018
4 15253599 1.39840545259482 12.68186241
4 15301136 0.841752882473994 12.74833864
4 15372082 1.10557250682512 12.80805733
4 15434352 2.1242646646871 12.87690165
4 15470050 3.69324469567294 12.95273379
4 15495171 1.42480591325368 13.04551169
4 15559704 1.53748945102028 13.13745844
4 15605917 3.08639833448994 13.20850995
4 15628973 1.90628514633955 13.27967002
4 15667206 2.56033244009476 13.35255263
4 15692955 1.50227873484641 13.41847813
4 15736839 1.11248137222104 13.48440364
4 15802601 1.90240794674433 13.55756226
4 15841057 1.7269487210571 13.63072087
4 15882302 1.34715261097346 13.70194875
4 15935175 2.68663246831623 13.77317663
4 15961687 1.59257685858021 13.84440451
4 16006412 0.531407673292472 13.91563239
4 16124536 1.45338373888504 13.97840397
4 16162098 2.56168176059312 14.03299577
4 16183409 2.92738327767626 14.08758758
4 16215151 0.555345867160424 14.1437915
4 16299403 0.636237650933041 14.22729718
4 16372283 1.52609926276988 14.27366581
4 16402667 0.724426401593865 14.32003445
4 16496025 1.64964846183512 14.38766513
4 16529734 1.38194289122493 14.44327301
4 16569973 1.38377029911967 14.49888089
4 16611662 0.532692344970632 14.55656891
4 16714836 0.544444114238165 14.61152905
4 16815783 0.58313081682249 14.6664892
4 16910014 1.42495202530989 14.72143843
4 16948576 1.5105008521634 14.77638766
4 16984954 1.22081437313667 14.83133689
4 17035938 2.79131479574322 14.89357855
4 17065068 2.57095536959554 14.97488973
4 17122428 1.56956303365143 15.12236017
4 17182158 4.16978350990327 15.21611025
4 17203868 0.774445126101974 15.30663674
4 17322859 0.545322118575028 15.39878846
4 17508210 1.57995718950674 15.49986487
4 17572213 1.77083197105429 15.60098674
4 17618092 1.39969156497251 15.68223068
4 17677748 1.45699725048598 15.76573108
4 17734849 0.80833601977219 15.84892679
4 17809297 0.595808678059567 15.90910555
4 17921004 1.48699092019328 15.97566196
4 17958670 1.6210998552822 16.03167135
4 17993220 2.29859577482395 16.08768074
4 18017219 0.897603202238964 16.14284524
4 18078676 0.829022707804211 16.19800973
4 18145217 2.0338458135162 16.25317423
4 18172340 1.59272412299697 16.30833873
4 18206975 1.59932102815736 16.36350322
4 18242028 1.40954389135728 16.41956462
4 18281865 1.76794307814945 16.47571639
4 18315736 1.15253719371288 16.53559836
4 18368097 2.32197008945532 16.59594643
4 18397050 0.559953356655006 16.66317484
4 18517110 4.10402295342165 16.73040325
4 18533491 2.42648504934989 16.79763166
4 18560948 1.2325 16.86425585
4 18609348 1.07260245076419 16.92390847
4 18661495 1.92328308207705 16.97984109
4 18691345 2.83842578858894 17.03725104
4 18711571 1.24277519212036 17.09466098
4 18757766 0.693270813588068 17.15207093
4 18837954 0.389971040804976 17.20766316
4 18994381 1.52843982316185 17.2686654
4 19034870 1.93250122228294 17.33055058
4 19069641 1.50269288170787 17.39774547
4 19115874 0.54812263338563 17.46721901
4 19200647 1.04268019028812 17.51368537
4 19245211 1.0781541924592 17.56015173
4 19289636 1.82150873055122 17.60804921
4 19315923 1.46620938849251 17.65593154
4 19348580 0.830981760122178 17.70381386
4 19406201 0.758190426424715 17.75169619
4 19469354 1.13349166411927 17.79957851
4 19511881 0.720688933409084 17.84778237
4 19578767 0.716435202376532 17.89598624
4 19646092 1.2978739578846 17.94422002
4 19685555 1.95899789634729 17.99543781
4 19711700 0.717982505326904 18.0466556
4 19783036 0.519573531351126 18.09787339
4 19881613 0.868187810831626 18.14909118
4 19958222 1.96153628598903 18.21560168
4 19993580 2.14219746171721 18.28495754
4 20027146 3.38468330312747 18.35686243
4 20048665 1.98323805832768 18.42969752
4 20089949 2.4536137758446 18.51157333
4 20123515 1.50066507534484 18.59393136
4 20178396 3.02197923164422 18.67628938
4 20205649 0.723881439226831 18.75864741
4 20303118 1.91612137909922 18.82920335
4 20329251 1.46240714599773 18.8792778
4 20372464 1.08949847603214 18.94247291
4 20430208 1.34375066709361 19.00538503
4 20477053 3.02322895277207 19.06833319
4 20500429 2.31579119834846 19.13900449
4 20530946 3.35990108426859 19.20967578
4 20551974 3.13757882582823 19.28032796
4 20574492 2.11824668705403 19.35098013
4 20607846 2.10752145381121 19.42163231
4 20637561 3.10884400163778 19.48425688
4 20652215 2.54856088192747 19.52981422
4 20672262 1.94974049763395 19.58090509
4 20698466 1.8695679536801 19.63199597
4 20730245 2.53327932460666 19.69140928
4 20753698 1.14617737003058 19.7508226
4 20802748 2.05201279548004 19.80704272
4 20826819 1.29508288530466 19.8564365
4 20862531 1.63366404850489 19.90268625
4 20891559 1.37002692192641 19.95010862
4 20924989 0.940412528647823 19.995909
4 20974731 1.04768774214822 20.04268679
4 21023255 1.02404464331636 20.09352481
4 21062141 1.25232615633569 20.13334582
4 21106635 2.20620710235751 20.18906651
4 21130092 2.03381074383636 20.24081758
4 21153901 0.736622904987679 20.28924009
4 21223292 1.32856923784696 20.34035519
4 21255897 1.57009955223232 20.38367307
4 21278900 1.02301362220466 20.41978991
4 21321918 0.718515006865886 20.46379777
4 21383090 0.48366969650285 20.50775037
4 21473964 1.1249114820435 20.55170296
4 21513504 0.701514195583596 20.5961824
4 21576904 0.813967861557478 20.64065838
4 21635152 1.28307489277466 20.68807073
4 21671524 1.21349123591042 20.73473871
4 21711802 0.283164358959504 20.78361527
4 21884412 1.51705548549811 20.83249183
4 21916132 0.634058277282004 20.88061309
4 21998943 1.4372485150412 20.93311969
4 22035476 1.0769089161161 20.98562629
4 22084365 1.9154842465255 21.03827541
4 22111851 1.35445650512154 21.09092452
4 22151097 0.612103905674282 21.14408165
4 22237945 1.11671288127048 21.19724138
4 22285549 1.15945822155336 21.25040112
4 22331398 2.5803320066013 21.30356085
4 22352000 1.86589084790914 21.35672058
4 22380529 0.37257876118932 21.40995236
4 22561170 1.49098551045238 21.47725582
4 22606375 1.96891686227977 21.54465579
4 22645142 2.52677685950413 21.62098494
4 22675392 2.96210116159388 21.69741953
4 22702596 1.25558120362737 21.77800068
4 22763246 1.64036985525164 21.85415159
4 22802072 0.969848787098935 21.91784052
4 22867741 1.29172138993389 21.98152945
4 22912664 0.749262323710421 22.039557
4 22995695 0.350140986171536 22.1017694
4 23173372 1.73741047448523 22.16398179
4 23209116 0.59488663032962 22.22608362
4 23313509 1.71193075311501 22.28818544
4 23349785 1.60341845033694 22.35028727
4 23388516 1.87234684032803 22.41238909
4 23421684 0.412262226461082 22.47449092
4 23572668 2.21091674429838 22.53673613
4 23601651 0.92977236816117 22.60081531
4 23682659 3.46958323739351 22.6761345
4 23704374 1.76381681553949 22.75147685
4 23739639 1.07030973376722 22.81367811
4 23798948 1.74915954808487 22.87715734
4 23835238 1.73580307092371 22.94063389
4 23863959 0.462360306051472 22.9904875
4 23971784 1.22826381531942 23.04034111
4 24012373 2.10745688197497 23.09019472
4 24036029 2.02026178222636 23.14004833
4 24060706 0.807273787162381 23.18990195
4 24122462 2.44518994062847 23.23975556
4 24143179 0.907212896265034 23.29041243
4 24206205 2.04487903465494 23.34759037
4 24239851 2.64186153668932 23.41639188
4 24265894 2.81811194502215 23.48519339
4 24288012 0.53265774557719 23.54752399
4 24416098 1.68717835205578 23.61575007
4 24452240 1.61548243522492 23.67672854
4 24489986 6.86148306515134 23.73770701
4 24498873 1.60392445683624 23.79868548
4 24536891 1.30417486525793 23.85966395
4 24583647 1.99470068694799 23.92064242
4 24614217 2.24986991749052 23.98162089
4 24641123 0.358096669941875 24.04215625
4 24810069 1.34741367992648 24.10265546
4 24840537 0.378366368844524 24.14370852
4 24966563 0.395530971027986 24.19139253
4 25057858 1.57358962203163 24.22750219
4 25081061 1.57776286353468 24.26401417
4 25103411 0.477581173666965 24.29927713
4 25187336 0.709202346554592 24.33935794
4 25244441 1.66562873229824 24.3798571
4 25267885 1.21412616963477 24.41890622
4 25301015 0.566897196518678 24.45913042
4 25373746 1.29125301431211 24.50036133
4 25405677 0.757967114115987 24.54159225
4 25466615 0.541441451868656 24.58778118
4 25553014 1.51406285399877 24.63456153
4 25583911 0.633339772535194 24.68134188
4 25666737 1.84145223221961 24.73379879
4 25701635 1.55397301349325 24.79806211
4 25742989 2.11155104712042 24.86232543
4 25773549 0.77780977752178 24.92685433
4 25856883 2.8789835625629 24.9916725
4 25880731 2.53014760147602 25.06033078
4 25907831 2.99798105295853 25.12889811
4 25933587 1.00247971437845 25.20611369
4 26010612 1.01828710360513 25.28332927
4 26087114 3.68271703467234 25.36123067
4 26109668 1.54465592972182 25.44429072
4 26163625 1.92813222376329 25.52763539
4 26206885 2.06902873259298 25.61104661
4 26235250 2.18968447159326 25.66973503
4 26257023 1.5112245693351 25.71741067
4 26282681 0.941940969270011 25.75618569
4 26323846 1.48424442229548 25.79496071
4 26349932 0.855440511656007 25.83367877
4 26397933 0.706686171585922 25.87474087
4 26456038 0.855946580039704 25.91580297
4 26511448 1.91473392386233 25.96323081
4 26541026 1.79670700989126 26.01986466
4 26573580 1.54355483124803 26.07835458
4 26611624 1.23656935098763 26.13707759
4 26648480 1.05203301127214 26.18265245
4 26688224 0.714661744094623 26.22446444
4 26746730 0.842185831973735 26.26627643
4 26796377 1.42557108762359 26.30808842
4 26825707 1.46822108294122 26.34990041
4 26854185 0.685998166350398 26.39171239
4 26901086 0.950700195753652 26.42388667
4 26934291 0.671993879372636 26.45545456
4 26981345 0.783739959087961 26.48707411
4 27021431 1.23622275627745 26.51849094
4 27045565 0.611235172399664 26.54832549
4 27094376 0.896161239937523 26.57816003
4 27127668 0.852404217022371 26.60799458
4 27162669 0.928715953307393 26.63782913
4 27194794 0.842868039664378 26.66766368
4 27230191 0.558422802850356 26.69749823
4 27282816 0.371571974952644 26.7268854
4 27365699 0.408491617147708 26.75768277
4 27441091 1.37378317108948 26.78848015
4 27463588 0.426348461856808 26.81938604
4 27536078 0.800643965264904 26.85029192
4 27587323 0.946457856928372 26.891321
4 27630616 0.631233459986103 26.932296
4 27698255 1.50953548562866 26.97499186
4 27727619 0.559050549894057 27.01931771
4 27806907 0.703268657662799 27.06364356
4 27869991 1.99004395013006 27.10800839
4 27892289 0.515077948092667 27.1523826
4 27984145 1.13774197426957 27.1996959
4 28025730 0.967215818505012 27.24700921
4 28080299 0.586795872184193 27.29978965
4 28186796 1.63561782864876 27.3622818
4 28222267 1.87450733091597 27.42029855
4 28253982 1.11854182569678 27.47974824
4 28307693 1.74851519739141 27.53982578
4 28342041 1.42152520052676 27.59988384
4 28367100 1.28670095152915 27.63550575
4 28407351 0.437401820853673 27.68729636
4 28525757 1.9311321457852 27.73908696
4 28552591 2.31052889106356 27.79090736
4 28575072 1.04413154287387 27.84285041
4 28650211 1.17790640283573 27.92130498
4 28717072 2.12383436067647 28.00006069
4 28755034 1.7207709053656 28.0806854
4 28801888 0.807934388708754 28.16131012
4 28896262 1.78203659990184 28.23755783
4 28939049 0.351750710273342 28.31380554
4 29093215 0.252442632909408 28.36803377
4 29348370 1.83562268452551 28.43244555
4 29383460 1.46512118512962 28.49685732
4 29426122 0.72635084821489 28.55936274
4 29499983 0.584676908345889 28.61301124
4 29571000 0.662465298828935 28.6545337
4 29633678 0.232184535928887 28.69605616
4 29794774 0.971026358882257 28.73345994
4 29832636 0.42634657314583 28.77022495
4 29919319 1.53675918979745 28.80718215
4 29943313 1.24117607884923 28.84405489
4 29973345 0.281831241494027 28.88132963
4 30105605 0.349291577645339 28.91860437
4 30212321 0.333850840360844 28.95587911
4 30297344 0.816435125262462 28.9842638
4 30332111 1.1557071547421 29.01264849
4 30362161 0.508723101937979 29.04737743
4 30430428 1.33250153562654 29.08210637
4 30456476 0.635637762109697 29.11681582
4 30511081 0.478482476666936 29.15152527
4 30585439 0.880230125523012 29.18710395
4 30629415 1.00183756923236 29.22581288
4 30668053 1.35595558546433 29.26452181
4 30697773 1.53008144581178 29.304821
4 30731415 0.956865752278708 29.35629598
4 30788794 0.695965216950399 29.41119976
4 30867683 0.754760705289673 29.46610354
4 30947083 0.834814630229532 29.52603181
4 31019317 1.85946957878315 29.58633368
4 31051367 0.565215960239288 29.64592975
4 31172894 1.75588997162946 29.71461881
4 31205322 0.23432952947716 29.77155834
4 31449986 0.444627894177926 29.8288904
4 31578995 0.83746488764045 29.88625127
4 31635955 0.825363359052575 29.93395362
4 31680539 1.21168196243246 29.9707513
4 31715516 1.00667875421725 30.0131319
4 31759087 2.88108382972541 30.05699435
4 31772853 0.486620124412598 30.09665543
4 31854356 1.58816932996916 30.1363165
4 31879325 0.380579091974561 30.17597173
4 31983419 1.45465227289418 30.21558799
4 32010653 0.656067595945566 30.25520425
4 32071130 0.242988862078333 30.29488089
4 32258867 0.340232251135525 30.34049851
4 32392946 0.267010834255211 30.38611612
4 32563793 0.561550200700206 30.43173373
4 32641770 1.91136987891214 30.47552174
4 32667619 1.32914559345744 30.52492853
4 32704791 0.254932987722788 30.57433532
4 32903859 0.803548609063206 30.62508418
4 32964897 1.07257357404618 30.67413077
4 33009376 0.3935114402623 30.72183778
4 33122529 0.841274939540508 30.76636501
4 33175457 1.22911088414718 30.81089224
4 33211684 1.54367013988465 30.85541947
4 33243067 1.05810106503512 30.90386479
4 33287197 1.18118981050016 30.95055902
4 33325825 0.908905791459544 30.99618611
4 33375916 1.26256239600666 31.04171382
4 33411976 0.977748945831982 31.08724153
4 33458221 5.84714858399069 31.1324575
4 33465954 1.93895223541397 31.17767346
4 33491475 1.84538504568339 31.22715767
4 33518290 1.1617873651772 31.27664188
4 33555283 1.21785512083197 31.31961964
4 33588842 1.09676899957063 31.3604892
4 33626106 1.05808990774106 31.40135876
4 33665235 0.966511488211443 31.44276114
4 33711848 1.1503127792672 31.48781289
4 33751013 0.930835605019488 31.53286464
4 33795400 1.47544413318677 31.57418197
4 33823601 1.54694881889764 31.61579129
4 33843921 85.3205479452055 31.64722503
4 33844286 0.970004672169444 31.67836683
4 33876391 0.778627862786279 31.70950864
4 33916387 0.590784959036482 31.74065045
4 33959230 0.904295349662762 31.76596187
4 33987400 0.149006546456874 31.79143633
4 34161540 0.202183280218796 31.81738413
4 34289879 0.807758401221996 31.84333192
4 34321303 0.304530122739623 31.86871512
4 34406687 0.426999458830089 31.89471718
4 34467666 0.799078965190302 31.92075527
4 34504581 0.496398761443188 31.95025333
4 34564005 1.10404970431919 31.97975139
4 34590723 0.309514815747503 32.00924945
4 34686027 0.523924549749565 32.03874751
4 34742329 0.856741885282348 32.06824557
4 34778313 0.67817153918916 32.09907441
4 34823772 0.258626041290907 32.12990325
4 34942975 0.12909479960973 32.16073209
4 35181784 0.504663296918311 32.19156094
4 35243114 0.988755071398908 32.22251156
4 35274417 0.28827702427224 32.25346218
4 35347999 0.740088105726872 32.27467409
4 35381822 0.987338776476157 32.29970632
4 35407175 1.02228777450016 32.32473856
4 35431583 0.937193102660729 32.34969094
4 35457854 0.828236956302351 32.3743119
4 35487581 0.559288537549407 32.39893285
4 35531603 0.672094099708661 32.42355381
4 35568330 1.13641176741402 32.44823813
4 35590051 0.23011737067318 32.47292245
4 35697318 0.819446192573946 32.49760678
4 35729098 0.714952890385294 32.52364922
4 35765927 1.0332727122427 32.54998046
4 35790121 1.07815358434376 32.57497937
4 35813626 0.959276018099548 32.60032094
4 35840146 1.11089648903534 32.62576086
4 35866549 1.20773285020176 32.65509169
4 35890835 1.00153904032286 32.68442253
4 35920074 0.565666711738685 32.71370637
4 35971843 0.592628558817038 32.74299022
4 36039808 0.89113883039041 32.7832685
4 36089192 0.411113921441887 32.82727651
4 36195941 1.22473697429744 32.87116258
4 36231774 0.351116089287143 32.91504866
4 36356764 1.66990645122099 32.95893473
4 36381457 1.05444177364087 33.00017015
4 36420563 2.12584420271176 33.04140556
4 36439960 0.896833503575077 33.08264098
4 36480099 0.43410963470972 33.11863925
4 36585084 1.14203022026211 33.16421407
4 36624991 1.1273964131107 33.20978889
4 36665416 0.746059961882422 33.25536372
4 36719984 0.612841991081114 33.29607497
4 36786360 0.679326042403468 33.33675292
4 36841497 0.672740328516291 33.37420924
4 36897202 1.37145622580242 33.41168374
4 36929230 3.27627358842396 33.45560826
4 36942637 1.8741137744767 33.49953277
4 36966333 1.77458913823309 33.54394143
4 36990307 0.457224538927819 33.5864858
4 37083351 0.858359226827004 33.62902737
4 37132913 1.48171432434259 33.67156895
4 37162499 1.09311447162582 33.71540732
4 37206606 2.18846171304072 33.76362103
4 37228637 1.47639757468017 33.81183474
4 37260138 0.967707032875572 33.85834228
4 37308198 1.44345127250155 33.90484982
4 37340418 1.52752035065748 33.95135736
4 37372358 1.29694497960818 34.00014652
4 37412325 1.09945184025059 34.05198163
4 37451912 0.835235232512275 34.09550538
4 37525435 1.9751431011037 34.15691423
4 37557056 0.445928246013667 34.21936979
4 37697536 1.67361328737073 34.28201378
4 37735828 1.45286624203822 34.3460996
4 37781358 1.47056189836579 34.41224848
4 37834962 1.42233571546672 34.49107691
4 37889395 0.834010190561343 34.56849911
4 37982226 3.46717420510524 34.64592131
4 38004556 3.0571988887073 34.72334352
4 38029032 3.53535809377679 34.79817148
4 38051191 3.6070309306445 34.87651116
4 38073208 2.09958484957204 34.95592672
4 38112230 2.16766198076313 35.03785668
4 38150074 0.544922832350798 35.11988972
4 38301044 0.881063305015073 35.20215632
4 38363077 2.2349434737924 35.2568115
4 38387402 0.683075200597126 35.31117663
4 38467787 2.0236041261334 35.36608585
4 38495028 0.720572203784006 35.42121103
4 38577586 2.15973097940311 35.48069974
4 38606134 2.44230540701129 35.542356
4 38631379 2.8584689780234 35.60401226
4 38654540 1.01728447107712 35.67021716
4 38720958 0.515159228039706 35.73778347
4 38854540 0.870779976717113 35.80659906
4 38933568 0.762149470606477 35.87541466
4 39023860 1.2423731411927 35.94423025
4 39056475 1.10527096885899 35.98475065
4 39096904 0.315422093430564 36.02943602
4 39253919 1.09177082644446 36.07896215
4 39299282 0.767907877744296 36.12848828
4 39345742 0.408882012492121 36.16416557
4 39432997 0.694368887088373 36.19984286
4 39484834 1.05768270106667 36.23583732
4 39518865 0.845020209818793 36.27183177
4 39562903 0.442585126247309 36.30904523
4 39646984 0.914841310814465 36.34625869
4 39687661 1.39471000427674 36.38347215
4 39718058 1.20152243589744 36.42586745
4 39753002 1.26023532236763 36.46785357
4 39786318 0.523976105982345 36.5098397
4 39865501 1.20050653083293 36.55132989
4 39900642 1.15422708618331 36.5935169
4 39937192 0.282891244311099 36.63570391
4 40104843 0.886126584171371 36.68313117
4 40158341 0.679876870926334 36.73053674
4 40238582 0.24349327413816 36.7850905
4 40502117 0.892523798467611 36.84925968
4 40545187 1.41355360098666 36.8877007
4 40575998 1.47292772836417 36.93125419
4 40605567 0.520230107758363 36.97480767
4 40689180 1.30522714997299 37.01830616
4 40722506 0.339312768449824 37.06180466
4 40850556 0.58327743943337 37.10525333
4 40925102 2.06108351076414 37.14873414
4 40946237 1.74259786476868 37.19229499
4 40974337 1.28189219613079 37.24126177
4 41012536 4.08200120971226 37.29022856
4 41024109 1.39898720682303 37.33746939
4 41057877 1.21373516263296 37.38471021
4 41096799 0.652617182643292 37.43195104
4 41169186 1.45676528843773 37.47919187
4 41201498 1.64319625776723 37.52626261
4 41230144 0.405945461131138 37.57333336
4 41346098 0.870472455510748 37.6204041
4 41400156 1.23077602449364 37.66745969
4 41434124 0.350679263614587 37.70926641
4 41553518 0.379552320671432 37.75113528
4 41668377 0.701730303184368 37.79473015
4 41727384 0.198569987875492 37.83613717
4 41815635 0.872505293508132 37.85366126
4 41837832 0.668334598661053 37.87302818
4 41866810 0.241438633672007 37.8923951
4 41947025 0.723134941378538 37.91176201
4 41973807 0.709335970406183 37.93112893
4 42001110 0.49083438012306 37.95049585
4 42048079 0.50878335701879 37.9735501
4 42098743 0.175688023347789 37.99932707
4 42245395 0.701374710766299 38.02509164
4 42282130 1.08846527748426 38.05085622
4 42305789 0.702052833892206 38.07660839
4 42342470 0.558572971243451 38.10236056
4 42392476 0.417375192385279 38.13029258
4 42459399 0.97151004536617 38.15822461
4 42497974 0.636854233780892 38.19570093
4 42583028 0.194657533732712 38.24986757
4 42849609 0.575829199818014 38.30176002
4 42939726 1.30658939145773 38.35365246
4 42979411 0.61320864688435 38.40550444
4 43056618 0.774689756051526 38.45284802
4 43120197 0.591617968665973 38.50210212
4 43203876 0.514277055693986 38.55160839
4 43292970 1.58777168252205 38.59742704
4 43321772 1.02308776482695 38.64315817
4 43366471 0.418613379224488 38.68888929
4 43475715 0.924677917577036 38.73462042
4 43528807 0.515374899053693 38.78371314
4 43625393 0.78553069111171 38.83349069
4 43681028 0.170113648978154 38.87719368
4 43942271 0.977690373331614 38.92163442
4 43988798 0.488612357111851 38.96712315
4 44057908 0.692429541569298 39.00089147
4 44121669 0.399688577869112 39.04504169
4 44232130 1.22945520412429 39.08919191
4 44268015 0.877188642423243 39.133311
4 44304396 1.33827598439163 39.16522406
4 44332586 0.895253915519696 39.20294975
4 44374726 0.537388090070537 39.24067543
4 44433702 1.40197292754136 39.27236855
4 44456308 0.321923026135359 39.30406167
4 44554757 0.723046019816282 39.33575479
4 44599064 0.674494113703968 39.367791
4 44646802 0.762648034107058 39.39999022
4 44689022 1.30661893332248 39.43218944
4 44713603 2.08369015181004 39.46430779
4 44729017 1.29179905884246 39.49642614
4 44753880 1.12265371037086 39.52854449
4 44782489 0.992707072587903 39.56066285
4 44814712 1.25199917982366 39.5926512
4 44839097 1.94294932004737 39.62318079
4 44863584 2.17395476353667 39.67075808
4 44885469 1.60903214832454 39.71833549
4 44908985 0.270962382647179 39.75617369
4 45048628 1.48546085615118 39.79401188
4 45074558 1.60893854748603 39.83253028
4 45095680 0.372210354074815 39.86651378
4 45161683 0.561367013372957 39.89108047
4 45208793 0.802364231624722 39.9175265
4 45248806 0.499914358231731 39.94963179
4 45313027 1.29340907259689 39.98173708
4 45337849 0.512008803266139 40.01384238
4 45400553 0.521413043478261 40.04594767
4 45446553 0.730492781872449 40.06993245
4 45479387 0.313251814295656 40.09391724
4 45539741 0.329838273521869 40.11282343
4 45597060 0.869303724265556 40.13172963
4 45618675 0.395823468131452 40.15051933
4 45682029 0.959854705058837 40.17559652
4 45708458 0.719075881961393 40.20096482
4 45744514 0.736395137468757 40.22689136
4 45779722 0.638470252167061 40.2528179
4 45820330 0.52778484001017 40.27874444
4 45875396 0.505127224694105 40.30780755
4 45932932 0.309979854826847 40.33687065
4 46026751 0.488773109243697 40.36595281
4 46086251 1.24911949145262 40.39503497
4 46109533 0.359985193411068 40.42411713
4 46190578 1.32848356893703 40.45329196
4 46212366 0.959174205520761 40.48223729
4 46242543 0.421342998966476 40.51118263
4 46311240 0.374886131817657 40.54012796
4 46389181 0.168159163894612 40.56934685
4 46562939 0.446773582523046 40.59856574
4 46618372 1.37635759806122 40.62333167
4 46640654 1.16900078678206 40.65399946
4 46666074 0.731829515531424 40.6837159
4 46708987 0.868606912552458 40.71512103
4 46738296 0.201652316490689 40.74057907
4 46864543 0.561855157084564 40.7660371
4 46894686 0.67748196433149 40.78297293
4 46921993 1.0271643633946 40.80147294
4 46943050 0.470499471857552 40.82310174
4 46989439 0.329579143389199 40.84492813
4 47056564 0.760244416059654 40.8670515
4 47085531 0.5850846196764 40.88907369
4 47123170 0.681307519468128 40.91109587
4 47155659 0.651710697271546 40.93323121
4 47190294 0.590277594008839 40.95580351
4 47228083 0.594215071261713 40.97810946
4 47266182 0.284479744242969 41.00074888
4 47346258 0.326628153981659 41.02352902
4 47423462 0.731126222266342 41.04874599
4 47463756 0.996653519780089 41.07820649
4 47488857 1.01230121798244 41.10322392
4 47513570 0.749842640050355 41.12824135
4 47546933 1.09148825517899 41.15325878
4 47570007 0.987059754649782 41.17844421
4 47595277 0.629953276928905 41.20338726
4 47634872 0.65827391932991 41.22833032
4 47674986 1.25544686527345 41.25473609
4 47697476 0.536034353995519 41.28297103
4 47751036 1.10357714895889 41.31168126
4 47781004 0.166816314314478 41.34475298
4 48001522 0.326820843137721 41.38153879
4 48127741 1.5582703462823 41.42279026
4 48150497 4.09194053208138 41.4582503
4 48155609 0.892533322191117 41.47916864
4 48179542 0.327136009311301 41.50053009
4 48244839 0.357057081098391 41.52189154
4 48307294 0.758721741557354 41.54419105
4 48335958 0.59397901154951 41.56593942
4 48370072 0.527914592949792 41.58620239
4 48408851 0.23549301547184 41.60667454
4 48496688 0.476043557168784 41.62735935
4 48540768 0.410172208213609 41.64834322
4 48591927 0.307333610258747 41.6693271
4 48666556 0.733348234242289 41.69226269
4 48697874 0.401829768017528 41.7152293
4 48757663 0.666561894284667 41.73925388
4 48795841 0.813502972955694 41.7647023
4 48827123 1.14581785153992 41.79015071
4 48851345 0.282600507493458 41.81790444
4 48952233 0.650359056195144 41.84641502
4 48996098 0.640284540986917 41.87494271
4 49040661 0.540029525323643 41.90347555
4 49093497 0.647419916270756 41.93200839
4 49136015 0.685410097099504 41.95953568
4 49168044 0.541563751842089 41.981489
4 49216223 0.647966064291494 42.00758117
4 49257006 0.484306167400881 42.03400765
4 49318750 1.47654552636777 42.06391035
4 49339002 1.10919222257351 42.09381305
4 49364306 1.37476220672162 42.12188003
4 49384807 0.883498328197732 42.15006356
4 49415313 1.04231346005755 42.17701576
4 49439986 1.27743959542986 42.20273249
4 49461342 1.58362102032988 42.23001387
4 49482198 0.825104582157797 42.26304158
4 49523314 1.30263776666239 42.29696638
4 49546705 0.876882992423108 42.32743634
4 49580096 0.596759400794864 42.35671664
4 49629161 0.317918030695974 42.38599694
4 49723245 0.912767084584143 42.41590839
4 49751560 0.419411898347993 42.44175345
4 49813182 0.821465499414076 42.4675985
4 49842196 0.523320975946202 42.49143264
4 49888592 0.187312554572719 42.51571294
4 50020297 1.14488636363636 42.54038304
4 50042121 0.199974463534726 42.56536859
4 50167432 0.613845136320212 42.59042773
4 50208255 1.02005189147634 42.61548686
4 50239474 0.475696104206501 42.64733208
4 50306418 0.450387902695595 42.6791773
4 50382468 7.42107396149949 42.71342902
4 50387403 0.168649003031174 42.75005219
4 50634502 0.345097552910053 42.79172543
4 50755462 0.422949798571414 42.83346893
4 50855001 0.238091599720573 42.87556899
4 51038233 1.08274595453192 42.91919532
4 51078525 0.828337874659401 42.96282165
4 51114124 0.83706142840922 42.99230958
4 51149352 0.920335709052155 43.02179751
4 51179378 0.391094296484806 43.04943166
4 51252859 0.260345702275692 43.07816939
4 51363243 0.848309178743961 43.10690712
4 51407748 1.4147493067526 43.14466079
4 51434434 0.547944803718857 43.18241446
4 51502627 0.311894451962111 43.21978049
4 51576527 0.376839263965239 43.24282974
4 51637285 0.587292625727438 43.26572544
4 51683337 1.09391684193496 43.29277147
4 51708061 1.20418479933184 43.3198175
4 51730810 0.357674536278779 43.34721168
4 51805909 1.04521576715047 43.37407261
4 51831608 0.158448606400236 43.40093354
4 52001133 1.15106960950764 43.42779447
4 52030583 0.436620236401981 43.46169359
4 52112139 0.322847508561045 43.49730216
4 52226611 0.659490381492042 43.53425896
4 52282025 1.11977952088192 43.57080352
4 52315044 0.830037041194298 43.60777732
4 52359589 1.6184723134165 43.64475113
4 52382434 0.348758677935406 43.68172493
4 52488450 1.39655957040138 43.71869873
4 52510424 1.26031970464632 43.74938706
4 52535885 0.286892517202522 43.78147598
4 52661012 1.1029587980459 43.81737367
4 52693559 0.262129251999006 43.85327136
4 52830377 1.07531046354359 43.88913572
4 52862909 0.542878425773612 43.92411772
4 52927347 0.49581843046497 43.95909972
4 53003395 0.492017052578785 43.99680544
4 53087136 1.18790268012121 44.03800776
4 53121127 0.453412808676556 44.07838528
4 53210379 1.35976581826178 44.11885375
4 53246761 1.09593054801953 44.16832506
4 53292836 0.561160406790649 44.21881986
4 53366879 0.485458914182737 44.26037004
4 53463433 0.731765017600969 44.30724336
4 53516271 1.07398890348956 44.34590799
4 53543667 0.418350371813283 44.37533136
4 53613998 0.650706592653206 44.40475473
4 53659215 1.08676220728374 44.43417811
4 53686289 1.09002333938428 44.46360148
4 53713282 0.86246519126484 44.49302485
4 53747397 1.18914787925105 44.52244823
4 53768333 0.907319116036338 44.54734455
4 53799375 0.918623613829093 44.57550944
4 53830035 0.489894246155987 44.60367433
4 53887527 0.154733227127651 44.63183923
4 54068936 0.940872829657438 44.65990943
4 54098770 0.881512420312156 44.68797962
4 54130613 0.776323637767096 44.71604982
4 54159114 0.543369351669941 44.73817538
4 54199834 0.680779052952217 44.76030094
4 54232335 0.695961248112733 44.78242649
4 54264127 0.185685922284202 44.80455205
4 54391051 0.277323214356299 44.82811973
4 54466948 0.46591223835714 44.84916807
4 54517494 0.612475998227561 44.87271801
4 54558116 0.807608660369396 44.89759805
4 54588923 0.910454861492297 44.92247808
4 54616250 0.806059448793839 44.94735812
4 54647672 0.263124992896194 44.97268636
4 54735653 0.293971986945866 44.99583628
4 54814402 0.129373697181721 45.01898619
4 54993341 0.59235368156073 45.04213611
4 55031477 0.686229836872323 45.06472625
4 55064396 0.479482547849727 45.08731639
4 55119203 0.213500895419674 45.11359547
4 55247076 0.862985171089009 45.14089696
4 55274927 0.886130200251238 45.16493174
4 55301993 0.699143313489182 45.18891545
4 55336428 0.641732030345892 45.21299084
4 55367536 0.562480628891832 45.23295334
4 55403027 0.724746649231775 45.25291584
4 55430558 0.491366120218579 45.27286894
4 55471733 0.187087348116366 45.29310061
4 55579875 0.296796150686539 45.31333228
4 55648043 0.226952183418353 45.33356396
4 55737238 0.0745227645100289 45.35380677
4 56022265 0.589031875942279 45.37504796
4 56059409 0.675823496693653 45.39692736
4 56091771 0.827060574166152 45.41879845
4 56119324 0.338190108038458 45.44158656
4 56189947 1.07280898876404 45.46547055
4 56212197 0.158354375220119 45.48934038
4 56379720 0.751203488701365 45.51586793
4 56415034 0.778609374541399 45.54239548
4 56449105 0.235425670698698 45.56892302
4 56561786 0.175041572056825 45.59545057
4 56680255 0.246312513065899 45.61618753
4 56766357 0.775819101370666 45.63739548
4 56793643 0.812577787539352 45.65856445
4 56820961 0.849586650336804 45.68076238
4 56847089 0.588675578433175 45.70296031
4 56885166 1.02893370456769 45.72537502
4 56911744 0.968594748048261 45.75272209
4 56939924 0.721553128421502 45.78001665
4 56977371 0.73772729754819 45.80703698
4 57013997 0.679881906368621 45.8340573
4 57056675 0.759263135859326 45.86307343
4 57094891 0.313778075762655 45.89208956
4 57187364 1.03807666214383 45.92110569
4 57210948 0.556492443206414 45.94558813
4 57264079 0.672757059318756 45.97515494
4 57308028 0.419967899095209 46.00472175
4 57378431 0.657495057564833 46.03428856
4 57421426 1.20432363404178 46.06255713
4 57443352 1.27870216306156 46.08896278
4 57463786 0.578407933767211 46.11509163
4 57508960 0.397023538344723 46.14122047
4 57574810 0.540869313362435 46.1673644
4 57623147 0.675857795678104 46.19350834
4 57661880 0.454667753770893 46.21968585
4 57710940 0.4696802646086 46.24199159
4 57754476 1.26683146720954 46.2624398
4 57775107 0.771900031134132 46.28857569
4 57810438 0.869511263841161 46.31584816
4 57841866 0.28460302026075 46.34317483
4 57942652 0.670265217899287 46.37185845
4 57985447 0.615652173913043 46.40054207
4 58032022 0.796308315376827 46.42921621
4 58070541 0.9089532743573 46.45988949
4 58104227 0.711097694076121 46.4905082
4 58147290 0.594267305788973 46.52113001
4 58198819 1.16904128299932 46.55175182
4 58241282 1.73369887891594 46.6013931
4 58269915 1.34077942720899 46.65103438
4 58305146 0.946769317967126 46.69827167
4 58326318 0.370732374669383 46.7183166
4 58392104 0.534471423562412 46.74270514
4 58437736 0.592612354781596 46.76709368
4 58478967 0.66487074829932 46.79152769
4 58515717 0.843631268357091 46.8159617
4 58552828 1.51416384626084 46.84726978
4 58574397 0.986885444051612 46.87992852
4 58607490 1.51370567873515 46.91258727
4 58628868 1.60539081090976 46.9449468
4 58650720 0.53190522360926 46.98002753
4 58716728 0.626243005310618 47.01513789
4 58772842 0.517566072883921 47.05027857
4 58841554 0.989510294936004 47.08584114
4 58877494 0.934370579915134 47.1214037
4 58916379 1.01285124888492 47.15773689
4 58952251 0.264729026711161 47.19407009
4 59089497 1.00180042933315 47.23040328
4 59132820 1.44621913322418 47.27380447
4 59162747 0.900921759643528 47.31708573
4 59208529 1.63300993212409 47.35833208
4 59234606 0.596902626105044 47.40091652
4 59296142 0.852900264292669 47.43764766
4 59339276 1.23952156334232 47.47443642
4 59368956 1.3985036330064 47.51122517
4 59410657 5.34154607070892 47.56954384
4 59421575 1.51668966706917 47.62786252
4 59467951 1.68987072027277 47.6982004
4 59503146 2.50084097216382 47.75767546
4 59526928 0.643494053547366 47.81715052
4 59612273 0.603165031156918 47.87206921
4 59666996 0.834184189243833 47.90507601
4 59706564 1.24016141109909 47.93808281
4 59730602 0.973611156471472 47.96789397
4 59761221 3.48056042031524 47.99770512
4 59769786 1.0922353112805 48.02751627
4 59797205 1.33175736371803 48.05746384
4 59818356 0.59221978096844 48.08563185
4 59877069 1.5644994375703 48.12040267
4 59899294 0.97805968889764 48.15517348
4 59934845 1.17935759590272 48.1899443
4 59964328 0.439024083189606 48.22471512
4 60043761 0.588583509513742 48.25958841
4 60083966 0.694522717456138 48.28325263
4 60132585 1.07716440613512 48.31701998
4 60164141 0.410273208133159 48.35101053
4 60246569 0.820877646833381 48.38482862
4 60288317 0.334197047303405 48.4190988
4 60371292 1.2077054242131 48.44682903
4 60392991 0.897983014861996 48.47303458
4 60421251 0.247674712130333 48.49841146
4 60524249 0.516961607376538 48.52392184
4 60573920 0.52753980482794 48.54959966
4 60622595 0.396406644696121 48.57527749
4 60682372 1.03232552060643 48.59897356
4 60705326 0.925697320103133 48.62266964
4 60730924 0.795152992147306 48.64636571
4 60760468 1.01023704636039 48.66985773
4 60784303 0.723927574793952 48.69393688
4 60815121 0.405356388223693 48.7162469
4 60871913 0.612904579992444 48.73926839
4 60919555 1.15712304339211 48.76846846
4 60944790 1.16913623458951 48.79766853
4 60970503 0.536871254633632 48.82773045
4 61038754 1.34688445692201 48.86437246
4 61066181 1.09894392384352 48.90131389
4 61099796 1.00247463499134 48.93825533
4 61136165 0.944477580975597 48.97471428
4 61174726 0.500479978058146 49.01113426
4 61247646 1.57123175614586 49.04762939
4 61270873 1.48823216405387 49.08412451
4 61295304 0.820569009062546 49.12048322
4 61322228 0.248414590267158 49.14257618
4 61411164 0.766240072139562 49.16466913
4 61439997 0.363326404569993 49.18676209
4 61506868 0.808982084470506 49.21105821
4 61543875 0.434138725745298 49.24099582
4 61611130 0.670709576643006 49.27019386
4 61654663 1.09384482823212 49.29939191
4 61681356 0.866847826086956 49.32858995
4 61714108 0.4235566164404 49.35698131
4 61781138 0.998180947821924 49.38537266
4 61812473 0.319681946639843 49.41665077
4 61916858 1.24121038713313 49.45002123
4 61939925 1.03962954986 49.47865207
4 61967783 0.724494924112976 49.50761426
4 62007579 0.912145275079882 49.53644653
4 62039188 0.931145073141997 49.5652788
4 62069745 0.400639265548656 49.5937319
4 62140764 1.38716782379698 49.62218501
4 62161649 0.812011540939522 49.65115563
4 62197348 0.920370840741681 49.6801441
4 62228844 1.25663256459164 49.70913256
4 62251912 1.18267703709737 49.73812103
4 62276469 0.421141553306742 49.76716394
4 62333882 1.03443997604176 49.79134328
4 62357256 0.974915581283165 49.81552263
4 62386278 0.46374483708123 49.84381706
4 62447290 0.805478670281067 49.8721115
4 62482335 0.311282158728758 49.90033995
4 62573018 1.38623974856357 49.92856841
4 62593381 0.714466019417476 49.95679687
4 62634581 0.821294048715159 49.98623329
4 62670422 0.887866209468808 50.01566971
4 62703668 1.00111921315923 50.04518806
4 62733153 1.60720897310247 50.07470641
4 62751519 0.221329114398614 50.10422476
4 62884886 0.692520645645646 50.13374311
4 62927510 0.649479238720133 50.16326147
4 62978109 0.427623288246661 50.19612457
4 63049527 0.893060794806562 50.22666473
4 63083724 0.630881115327818 50.25720489
4 63146701 0.518349880624666 50.29693589
4 63223350 0.952953988565206 50.33666689
4 63260080 1.72067643299577 50.37166903
4 63280422 0.980365795591407 50.40667116
4 63316125 0.272735064712437 50.44167329
4 63444462 1.52013104577981 50.47667542
4 63467660 0.790211984045175 50.51193911
4 63512286 0.312678171628819 50.5472028
4 63656108 0.321184496853496 50.5921725
4 63826138 1.0585223803485 50.64678319
4 63890011 1.0558444600609 50.71439413
4 63954046 1.60170028818444 50.78200506
4 63988746 1.73130988401412 50.83758381
4 64020474 0.778481597318448 50.89251448
4 64096251 1.46218611886126 50.95150515
4 64136752 1.57114427860696 51.01072519
4 64156852 1.31032925682032 51.04230482
4 64183427 0.228186980865378 51.07712704
4 64383640 0.238863917841388 51.1228133
4 64527362 0.515469885097392 51.15714361
4 64596464 0.653591272405073 51.1927638
4 64650637 0.282784150487751 51.22817125
4 64776521 0.698022978987683 51.26376969
4 64824826 0.829409883649423 51.29748758
4 64865479 1.12562176598231 51.33120547
4 64895434 1.01499586321015 51.36492336
4 64924442 1.09624692828952 51.39436606
4 64951300 1.02696198116498 51.42380876
4 64979970 1.41763766959298 51.45325146
4 65005030 0.65806510943535 51.48877703
4 65059400 0.432154265819604 51.52455606
4 65170844 0.942948917707409 51.57271683
4 65212561 0.208165317246124 51.61205417
4 65401531 0.818123206189426 51.65139152
4 65449613 0.287402351600009 51.69072886
4 65586456 1.17569434848694 51.73005794
4 65615404 1.38793205375793 51.76409198
4 65640777 0.915129151291513 51.79930796
4 65679259 1.22493273542601 51.83452395
4 65712709 0.922837837837838 51.87549802
4 65757109 1.85701183561165 51.91647209
4 65780006 0.381740299008903 51.95899172
4 65887160 1.18414196387216 51.99989711
4 65921704 1.5154677445966 52.04080249
4 65945948 1.72071748878924 52.07754344
4 65968248 1.42042083006514 52.11591558
4 65997571 1.78453299057412 52.15756658
4 66020911 0.678708773302047 52.19921758
4 66082279 2.05686061350853 52.24086857
4 66103436 1.69794226044226 52.284386
4 66129484 1.87191618790132 52.32861416
4 66153156 1.63025642912328 52.37292607
4 66180337 1.08439664138403 52.41723799
4 66219758 0.85464345482602 52.45998556
4 66265769 0.572117799609827 52.49930896
4 66351372 0.875134903989086 52.5482841
4 66400481 1.92484289903645 52.59126073
4 66424351 0.556375 52.63720667
4 66504351 0.995640841272694 52.68171652
4 66548855 1.5766438941076 52.72602637
4 66576959 0.640767940459242 52.77033621
4 66647902 1.20918063011767 52.8157942
4 66684784 1.32033173513023 52.86039104
4 66715652 1.07723211925781 52.90114739
4 66753486 0.936098889587262 52.94190374
4 66791670 0.510855107671676 52.97764762
4 66882641 0.483521829016174 53.02412047
4 66948425 0.488841178487019 53.05592833
4 67059279 1.37863322884013 53.1101181
4 67099154 0.807445091370266 53.16509105
4 67168542 1.24585078331007 53.22111843
4 67207224 1.03130818121509 53.26931053
4 67253953 0.673580633438627 53.31750263
4 67325499 2.20095351609058 53.36569473
4 67350669 2.26243152575481 53.42109304
4 67374218 0.892359920444414 53.47437116
4 67432542 0.336066844022006 53.52641762
4 67587410 1.71830186537516 53.57846408
4 67613839 0.578546404229569 53.62387744
4 67692334 0.943975516091932 53.66929081
4 67743633 0.791597871950101 53.71771563
4 67803594 0.793841047390743 53.76518105
4 67863247 0.418519500739993 53.81253612
4 67980140 2.85870491337688 53.86145787
4 68001266 0.900775173289592 53.92185099
4 68076862 1.35904377077569 53.9899458
4 68127101 3.09976212437497 54.0582225
4 68147700 0.35236445502053 54.12207415
4 68319156 0.974338571712751 54.18248901
4 68369426 0.81165740817511 54.23146857
4 68429731 0.788507983362404 54.28041562
4 68489355 0.540023930159387 54.32742953
4 68557052 1.38295322238203 54.36398705
4 68586254 0.462008377239831 54.40437183
4 68669575 1.07953111416473 54.44286661
4 68705234 0.616447378990152 54.48136139
4 68767481 0.941418167503199 54.51973351
4 68808125 0.298738308271264 54.55799621
4 68936207 0.93846267046012 54.5962589
4 68976979 0.553678379279841 54.6345216
4 69045936 0.994097204476925 54.67270176
4 69085070 0.257051742427737 54.71160523
4 69236841 0.437723697644934 54.75061784
4 69325968 0.824707952593975 54.78963045
4 69373135 1.03661355983314 54.82852972
4 69412929 0.776942780728519 54.86978095
4 69466023 1.24207552370452 54.91103219
4 69495047 0.342418045596207 54.94708215
4 69607030 1.89259332217079 54.98542697
4 69627336 0.358414548845885 55.02385778
4 69734561 0.487684479017296 55.06228858
4 69813364 1.36665003208099 55.10071939
4 69841418 0.85084663012361 55.13905925
4 69886479 0.794726696100989 55.17739911
4 69934722 1.87448680351906 55.21573897
4 69955182 1.17329186809126 55.2540907
4 69987659 1.25867175673007 55.29219563
4 70018045 1.40470856135454 55.33044204
4 70045272 1.51434947867629 55.36868846
4 70073949 0.339514811311167 55.41211569
4 70201858 1.5211242582525 55.45554293
4 70230001 2.83427342256214 55.4983518
4 70250921 2.07688535500368 55.55764497
4 70279470 0.541825060311426 55.61693814
4 70388902 1.69024470778149 55.67623131
4 70416159 1.75330871037242 55.72230215
4 70442151 0.466879521894412 55.76787416
4 70539870 1.11523892773893 55.81349669
4 70581054 1.00717409128177 55.859427
4 70610326 1.22652757078987 55.88890881
4 70638508 1.3323406310367 55.92347498
4 70663356 0.885311961315454 55.95658073
4 70708025 1.4980540014595 55.99612692
4 70740913 0.302003685360792 56.04539476
4 70904262 0.870237087214225 56.09472722
4 70960950 2.53468349476568 56.14405969
4 70981392 2.17386196769457 56.19587374
4 71005227 0.984363636363637 56.2476878
4 71032727 0.625705329153605 56.2747576
4 71077387 1.26075378943056 56.30270116
4 71101797 0.948890491067852 56.33347622
4 71151729 2.19078004346419 56.38085576
4 71173356 0.378380105096711 56.4282353
4 71298574 0.302426325667122 56.47561483
4 71447235 0.889096235652942 56.52057341
4 71497071 1.52118236748146 56.56488278
4 71526199 0.501283230318455 56.60919214
4 71619713 0.244130901656666 56.65606881
4 71823194 0.94072867747311 56.70574434
4 71876002 0.240369322988422 56.75542275
4 72082867 1.25333114897335 56.80514664
4 72119491 1.33570897883933 56.85104837
4 72155832 0.534685401201838 56.89958908
4 72246360 0.616525072919718 56.94799336
4 72324871 0.34303046624193 56.99639765
4 72465978 0.727604081083907 57.04480194
4 72532921 1.46335407272105 57.09350976
4 72567959 0.846983613056694 57.14478293
4 72628495 1.23126707895872 57.1960561
4 72670213 0.38624588908411 57.24742204
4 72803395 0.479455869309626 57.29886332
4 72900357 2.05231326152216 57.3453522
4 72923009 0.329093045645033 57.39184107
4 73064273 1.4451100321584 57.43832995
4 73095991 1.51851515701579 57.484166
4 73129045 0.70910092676311 57.53435915
4 73199829 1.97186642268984 57.58455231
4 73230433 1.99126795834981 57.64489896
4 73260781 2.20721719537928 57.70533033
4 73288742 1.85971623941922 57.76704588
4 73321939 1.33197411003236 57.82878242
4 73368289 2.59311995967742 57.89051896
4 73392097 1.92231286586125 57.9522555
4 73424213 1.22536073012798 58.01399204
4 73463439 1.67278246655769 58.06205766
4 73493416 1.24367979188838 58.11220282
4 73535701 1.4714737401718 58.16479181
4 73571440 1.51235153711213 58.21738079
4 73606213 1.09571830399 58.26996978
4 73654208 2.21718195641156 58.32255877
4 73677884 1.6468189233279 58.37505301
4 73709760 1.17925322577487 58.42754726
4 73760833 1.72487865977767 58.48777566
4 73792768 1.24304575271942 58.54286005
4 73828897 1.05043442283823 58.58776985
4 73877237 1.08125718666156 58.63854773
4 73924199 0.648831260758353 58.68932562
4 73986360 1.10356404265034 58.72965798
4 74023593 1.36907086424945 58.77074728
4 74056882 1.02342135992096 58.81632276
4 74101414 0.484524651791466 58.86189824
4 74196113 1.54795924519202 58.90778199
4 74229287 0.699321747657442 58.9591338
4 74302711 1.17630936363183 59.01048045
4 74342845 0.470216760539341 59.05769029
4 74454166 0.413545395764008 59.11003536
4 74580984 1.10793053912456 59.1624808
4 74628320 1.0577089235839 59.21492624
4 74678087 2.44991105701713 59.26756567
4 74699449 2.51622674167027 59.31990073
4 74720248 0.611427579020493 59.37223579
4 74806618 2.09050537673872 59.42504522
4 74833865 0.704340299245703 59.48200485
4 74914735 1.64407980607869 59.53896447
4 74941550 2.21219709208401 59.58305036
4 74966310 2.72746558784351 59.63782468
4 74986579 2.90913989028213 59.69310803
4 75006995 2.67544055320098 59.75250059
4 75029410 1.55891756999142 59.8124709
4 75067879 2.34538356431778 59.87244122
4 75093494 0.869688043914848 59.93251809
4 75168184 1.63194055677134 59.99747534
4 75207482 0.459242612415479 60.06160734
4 75308936 0.672051776098019 60.10819968
4 75369659 1.19643612372064 60.14900845
4 75405126 1.32564823492659 60.19144246
4 75437136 1.41725393273438 60.23387646
4 75467077 2.00611698738371 60.27631047
4 75490618 0.925691436187937 60.32353604
4 75541635 1.19814902705268 60.3707616
4 75566919 0.825800139762404 60.40105523
4 75602694 0.202216120049505 60.43059782
4 75757830 0.844661973896466 60.46196931
4 75785106 0.946162937604434 60.48500798
4 75809643 0.345707691162237 60.50822384
4 75876798 1.23356568364611 60.53143971
4 75895448 0.568147581063394 60.55444524
4 75935941 1.13123862909967 60.57745077
4 75956278 0.746321716791655 60.6004563
4 75994815 0.868177976334219 60.62921725
4 76027943 0.745524915336236 60.6579782
4 76069283 0.432381866745443 60.6887983
4 76150526 0.747064172261023 60.72392624
4 76202215 0.867598575761572 60.76254128
4 76247713 0.606900156821746 60.80201528
4 76312755 0.609524103641024 60.84148928
4 76377517 1.1477153984991 60.88096329
4 76409098 1.08591691496959 60.91720973
4 76449707 0.443543682484762 60.96130734
4 76549129 0.12219636463195 61.00540496
4 77016647 0.734457355978177 61.06253361
4 77081533 1.30062235050059 61.11019004
4 77114794 1.00015995612632 61.15344967
4 77158556 0.805833688067961 61.19721873
4 77212587 0.648258298007808 61.24075895
4 77272270 0.916014441832853 61.2794494
4 77313539 0.880449972051425 61.31725237
4 77356475 1.57087055890297 61.35505534
4 77380540 0.463141516484324 61.39285831
4 77462163 0.456287945539475 61.43066127
4 77545012 1.88835606174135 61.46846424
4 77565031 0.530144305608145 61.50626721
4 77636338 1.7135669280631 61.54407018
4 77658399 0.843214668094219 61.58187315
4 77703231 0.774937476938215 61.61967612
4 77752013 1.04174933862434 61.65747909
4 77788301 0.826195803885947 61.69528206
4 77833438 1.20670463370437 61.73257384
4 77864342 1.1997554933565 61.76986563
4 77895425 1.68393390049441 61.80715742
4 77917876 0.324735614307932 61.84496307
4 78046476 1.63053373615307 61.88672433
4 78071301 0.634960649286768 61.92720197
4 78120093 1.19017771288151 61.95818303
4 78148172 1.02322904368359 61.99160192
4 78182052 0.4052353916495 62.02626917
4 78281567 0.18289961888034 62.06659578
4 78519550 1.2323615750582 62.1101229
4 78559066 0.234480149723251 62.15882135
4 78759970 0.201363759775318 62.20592933
4 78984643 0.986255949516017 62.25117032
4 79040740 1.15645575970402 62.30649605
4 79088581 1.07761973989234 62.36182177
4 79139483 0.810713073255694 62.41667443
4 79207232 2.24188524590164 62.47159984
4 79231632 0.825034567864524 62.52630195
4 79298891 0.716560690359941 62.58179277
4 79369347 1.16825176443365 62.63227839
4 79412562 0.622821093700837 62.68276402
4 79476126 0.527529642914258 62.72235327
4 79563668 2.37814392492771 62.76853384
4 79581997 1.9350398877882 62.81212318
4 79604811 1.89581722923645 62.85626872
4 79628097 1.8972602739726 62.90041426
4 79651895 1.02922336957761 62.94556513
4 79695764 3.39839911237914 62.99071601
4 79708382 0.320939740475203 63.03359666
4 79843398 0.666051830674168 63.07692849
4 79908456 1.97277486910995 63.12026033
4 79930421 0.602075836100652 63.16359217
4 80002392 0.421835966024828 63.20692401
4 80106468 1.72041043943788 63.25082704
4 80128883 1.76312179956108 63.28939043
4 80150755 1.72194686313909 63.32795381
4 80173150 0.746198807697536 63.3665172
4 80224647 0.434292653033432 63.40494392
4 80312765 1.10640801216747 63.4432134
4 80347612 0.619413670962394 63.48176801
4 80400688 1.43801836164456 63.51464405
4 80423235 0.934911402678209 63.5470675
4 80460200 1.000882637663 63.58162621
4 80495322 1.39188600831189 63.61677962
4 80520587 1.46322300234035 63.65194529
4 80544515 0.244769611337051 63.68695688
4 80687621 1.06744655832605 63.72198483
4 80720788 0.559428625604399 63.75738859
4 80784074 0.277369517870294 63.79279235
4 80911716 0.385979831016626 63.82819611
4 81003441 0.645258486879348 63.86359987
4 81058202 0.859795118865124 63.89893467
4 81099299 0.410422997659716 63.93426946
4 81185186 0.327548576619516 63.96951964
4 81269949 0.806485294970706 63.99728411
4 81304427 2.3110039893617 64.02508987
4 81316459 1.14442112194921 64.05289563
4 81340756 0.439627503992158 64.08070138
4 81404005 0.966417521293238 64.10850714
4 81432770 0.416151381956344 64.13630608
4 81499885 0.357870518310219 64.16423602
4 81578120 1.23546024181449 64.19223379
4 81600782 0.808629852125693 64.22023156
4 81635406 1.54767906547802 64.24822934
4 81651671 1.09705395275865 64.2734024
4 81674617 0.712476322411015 64.29857546
4 81709988 0.494224470985076 64.32377641
4 81760979 0.560287054088432 64.34897736
4 81813652 0.555697823303457 64.3784894
4 81866760 1.08078810517835 64.40800144
4 81894066 1.04058390042664 64.43751348
4 81922427 0.950900238838876 64.46702552
4 81965971 0.459066920927757 64.50843161
4 82056167 1.08769400167785 64.54983771
4 82094311 1.49472205209497 64.59132632
4 82122068 1.70593422096817 64.63281493
4 82144750 0.999509208792912 64.6715093
4 82183463 0.861187153635575 64.71020368
4 82228394 1.56853059076001 64.74889805
4 82253091 0.814892677696722 64.78763575
4 82300658 0.859201750058979 64.82639809
4 82347285 1.18785465997207 64.8664596
4 82380944 0.420293200969641 64.90644181
4 82476237 2.71912059843094 64.9464932
4 82498161 0.597031507343267 65.00610734
4 82600772 1.464462607774 65.06736904
4 82649833 1.09735162049058 65.13921744
4 82715307 0.597228185896089 65.21106583
4 82824766 2.26621330754593 65.27643808
4 82856823 0.70688838559114 65.34908622
4 82972946 2.68781031877384 65.43117269
4 83000740 1.68375226328683 65.50587727
4 83038296 1.07363100756647 65.56911208
4 83071733 0.867298323059944 65.60501142
4 83108884 0.548572414387993 65.63723228
4 83166849 0.956647668877885 65.66903057
4 83198958 1.04818290394131 65.69974795
4 83228263 0.803141746348639 65.73046532
4 83266331 1.43573608828363 65.7610391
4 83287626 0.493839122781519 65.79161288
4 83349549 0.811158570556867 65.82219272
4 83387242 0.940553426476357 65.85276777
4 83420381 0.220585157864448 65.88393693
4 83573297 1.04770927162603 65.91766814
4 83605492 0.735249407138659 65.95139936
4 83654829 1.56932727666018 65.98767463
4 83677944 0.315849425037969 66.02394991
4 83806996 0.456951637855653 66.06471083
4 83896198 1.20916229640112 66.10547175
4 83932237 0.332258108053392 66.14904912
4 84080423 0.897855721206204 66.19828557
4 84133681 0.555794333992362 66.24610379
4 84215114 1.73263915473547 66.29136424
4 84241236 1.13229260482338 66.33662469
4 84281208 0.450266574786015 66.38188513
4 84391496 1.742696053306 66.43154463
4 84416859 1.94014918824046 66.47574468
4 84439649 0.753112704603907 66.51996048
4 84498360 1.52384891094568 66.56417628
4 84527376 0.840033437191276 66.60839209
4 84580012 1.49638002868657 66.65260789
4 84609294 0.97409036683567 66.69642473
4 84636118 1.55371737084551 66.72255396
4 84656307 0.392575998398058 66.75392213
4 84736210 1.48197534173144 66.78529029
4 84766058 1.6958437081019 66.82952414
4 84792163 1.36661424155323 66.87379377
4 84829041 2.01877445525362 66.92419225
4 84856898 1.92969976288281 66.9804291
4 84886841 1.44939858979676 67.03821043
4 84915773 0.913248003500711 67.08014465
4 84961478 0.899489936294948 67.12188422
4 85008727 1.74342982662587 67.16438422
4 85034221 1.36077518905183 67.20883168
4 85066884 0.512434794545621 67.25327915
4 85154300 1.61598124098124 67.29807384
4 85182020 0.846672903521169 67.34286853
4 85232259 1.67556921137635 67.38540445
4 85257645 0.538606028682456 67.42794037
4 85358264 0.481155611588078 67.48213416
4 85470897 1.69236304170074 67.53632795
4 85501472 0.936398083487301 67.5880715
4 85565338 1.985629531971 67.64787576
4 85595678 0.655984046900369 67.70812009
4 85687447 1.34950398532026 67.76831863
4 85722325 1.12638141116464 67.815387
4 85782318 1.5713862734648 67.88296181
4 85832979 1.41673683054508 67.96256982
4 85887613 1.66556709863982 68.03997144
4 85934298 2.41942292124436 68.11772877
4 85968886 2.6504537901061 68.20141172
4 86000178 1.15317230821568 68.28434928
4 86035452 0.983614756245683 68.32502585
4 86077441 1.25561522612896 68.36632653
4 86107048 0.869715756228799 68.40350125
4 86149793 1.68613933236575 68.44067752
4 86171841 0.50788990367196 68.47785379
4 86251880 1.2715755888517 68.51850493
4 86283849 1.70235457583837 68.55915607
4 86310478 0.763303955866523 68.60448839
4 86369934 1.05899609742969 68.64987125
4 86407089 1.76185841039272 68.68921778
4 86433800 0.531465926026284 68.73627861
4 86522372 0.549976048883644 68.78335141
4 86607963 1.06442775077331 68.83042422
4 86653223 0.470032684521196 68.8786007
4 86755718 1.51975829239664 68.92677719
4 86778721 1.14501695553881 68.96173656
4 86821185 1.37599049128368 69.01035824
4 86856521 0.667215566808009 69.05897993
4 86929394 1.69971334685031 69.10760162
4 86958000 2.217708493319 69.15622331
4 86984044 1.2576360421188 69.21398153
4 87033808 0.502803843434668 69.27656663
4 87158280 1.56885045117105 69.33915172
4 87198287 0.514697454784409 69.40191718
4 87329160 1.88329846675317 69.46927695
4 87366923 0.711778627728589 69.54039572
4 87461569 1.9080521865968 69.60776284
4 87498590 0.689605783658437 69.67840052
4 87601224 1.22549165199313 69.74917794
4 87648361 2.31294640745471 69.80694398
4 87669502 0.188695042914696 69.85584181
4 87954952 2.6077463083999 69.90970443
4 87975607 2.60526963802019 69.96356705
4 87995912 1.02948326494098 70.0164671
4 88047331 0.726828866884275 70.06940244
4 88120245 0.79833692360996 70.12239866
4 88186628 1.04810880303133 70.17539489
4 88230965 0.668680126391127 70.22186515
4 88309768 1.24536774437512 70.27455894
4 88352080 0.488953224025462 70.32725274
4 88459849 2.44486371304271 70.37994653
4 88482375 1.66773570898293 70.43501959
4 88516050 1.28883534136546 70.49118064
4 88559625 1.510443583118 70.54734169
4 88596777 1.70834278455746 70.60345727
4 88618820 1.22902994869347 70.64111439
4 88652344 1.33318716014734 70.68231608
4 88686550 0.468564089391215 70.72791908
4 88783875 0.778181632026211 70.77352208
4 88842477 2.59687030667119 70.81912508
4 88863118 0.892963610625364 70.8727269
4 88923163 1.49374564702605 70.92634485
4 88959058 1.08984105044921 70.9799628
4 89008256 2.40514959852869 71.03358075
4 89030549 1.01117719736804 71.08719869
4 89065352 1.21931952047675 71.12239022
4 89094214 0.871479412665865 71.15758176
4 89136643 0.799711019506183 71.19455756
4 89183705 0.516946678964636 71.23219318
4 89269356 0.959121635984865 71.27647005
4 89316398 0.263666440646262 71.32158861
4 89487474 0.84601533298775 71.36669511
4 89524127 0.198044844440996 71.39770373
4 89717462 0.674298998455488 71.435993
4 89780265 1.58856008661133 71.47834081
4 89807975 0.586536795959973 71.52235987
4 89883024 1.54768456375839 71.56637893
4 89912824 1.9283140381814 71.61249983
4 89938910 0.698163749670363 71.66280207
4 90010959 7.64123993314086 71.7131043
4 90017540 0.540707431472955 71.7633912
4 90110496 1.12292225201072 71.8136534
4 90155256 0.495739140726713 71.8639156
4 90256644 2.6581574493074 71.91417781
4 90285593 1.7533142820309 71.99112869
4 90332134 2.13997571769866 72.07272945
4 90357667 1.50135788387377 72.12736901
4 90394489 0.890561880279104 72.18265234
4 90432611 1.36983522397947 72.21660244
4 90456765 0.33186881832379 72.24968894
4 90552815 1.08570270817856 72.28156495
4 90582429 0.975695816631852 72.31371715
4 90617855 1.02707707707708 72.34828186
4 90657815 0.989226059919497 72.38932419
4 90699304 0.689647647345185 72.43036651
4 90758875 1.04208096590909 72.47144955
4 90798299 1.26881620803607 72.51253258
4 90830678 0.293695445479436 72.55361562
4 90970561 0.404979780818107 72.59469866
4 91071208 1.58805178599282 72.63545838
4 91096852 1.08255357387041 72.67618255
4 91148043 1.06274810624221 72.73159957
4 91200188 3.03173273776289 72.78701659
4 91221680 2.46064360175253 72.85217477
4 91248156 1.4650928393845 72.91732246
4 91292803 1.54857621440536 72.98273464
4 91335787 1.80583474930162 73.04929884
4 91370510 2.69951835512203 73.11200302
4 91395217 1.98718100538812 73.17870046
4 91428995 1.50468171864381 73.2458235
4 91455481 1.49492915461502 73.2856768
4 91482794 0.93859649122807 73.32650747
4 91525544 1.00760316389723 73.36663209
4 91558162 0.82604016010225 73.3994983
4 91587893 0.5660287195661 73.42405765
4 91629746 0.579072641552616 73.44774719
4 91673440 0.663973904844423 73.47304876
4 91712681 0.683714705573633 73.49910369
4 91750789 0.93995090518564 73.52515861
4 91783379 0.74064497243499 73.55579119
4 91824373 0.625659413122321 73.58615363
4 91872901 1.12165207432857 73.61651607
4 91899970 0.807607394600346 73.64687775
4 91937565 1.08906501880709 73.67723944
4 91959897 0.887830301420794 73.70156053
4 91990021 0.996984812388326 73.72830561
4 92016885 0.821246077991932 73.75508858
4 92050350 0.354362698874466 73.78257161
4 92150036 0.753469575852107 73.8178966
4 92206455 1.08131571577688 73.86040682
4 92245734 0.24013494906782 73.90288001
4 92398977 0.786907528390406 73.9396786
4 92444591 1.20321769733534 73.9755726
4 92474426 1.38016147635525 74.01147104
4 92500436 0.422117226708038 74.04736948
4 92585519 0.392573727127648 74.08328497
4 92677005 1.34930785434848 74.11920046
4 92703589 0.753797348683796 74.15507045
4 92751188 0.595622158053702 74.1909508
4 92811446 2.09753326073576 74.22684131
4 92832567 1.09671989107563 74.27114367
4 92872962 2.1560464339402 74.31544602
4 92896910 0.873660387405978 74.36707856
4 92926956 0.939596195561488 74.3933283
4 92956921 0.506083258804273 74.42148372
4 93016182 0.68744126343778 74.45147431
4 93059809 0.157275382687175 74.48146491
4 93250500 1.12830151350282 74.5114555
4 93270718 1.02121774329567 74.53426787
4 93300363 0.812416537927784 74.56454138
4 93338554 1.8235833006151 74.59556836
4 93361477 0.678281622911694 74.61692948
4 93392902 1.07553739025129 74.65868601
4 93412720 0.45403229242108 74.68000105
4 93459666 0.674632062035132 74.7013161
4 93491261 0.827950075642965 74.72263114
4 93517701 0.922431684538222 74.74452252
4 93540829 0.892188022750084 74.76585697
4 93564741 0.928261977573904 74.78719142
4 93588285 0.343443060219035 74.80904628
4 93652019 0.673418701415992 74.83093492
4 93683022 0.398574781065766 74.85181272
4 93752906 0.162019158302884 74.87966708
4 93945303 0.372902037251923 74.91083897
4 94028896 0.571122266655322 74.94201086
4 94087661 1.50232766338406 74.97557275
4 94110001 1.2137451171875 75.00913463
4 94134577 1.72521401762746 75.03896339
4 94158290 0.582059781594846 75.07987336
4 94227977 1.57004064253919 75.12043585
4 94253812 0.283511913212684 75.16099833
4 94373553 1.83375479595396 75.19494627
4 94396489 0.285230848524306 75.23700561
4 94543945 1.57618797781442 75.27906495
4 94570629 2.51476174033149 75.32112429
4 94593797 2.06224563083553 75.37938626
4 94623036 1.41861598440546 75.43968406
4 94649712 1.13922628659692 75.47752705
4 94678198 1.50067052023121 75.50997861
4 94699823 0.845775406305071 75.54243017
4 94740679 0.383317871299654 75.5769848
4 94835535 0.56680372311585 75.61334525
4 94879799 1.02882732612952 75.63843434
4 94907377 1.038540899042 75.66680752
4 94934517 0.135849238480817 75.69499381
4 95141997 0.259250742726796 75.72318011
4 95250718 0.438906069977564 75.75136641
4 95316682 0.398632753359886 75.78031847
4 95402548 0.48944019446629 75.81454772
4 95472483 1.71991432958862 75.84877696
4 95497229 1.64017881228564 75.89133777
4 95523178 0.431716337592705 75.93389857
4 95625384 1.71575342465753 75.97802288
4 95650788 0.870416966211359 76.02161018
4 95700864 1.01474836905871 76.06519747
4 95743784 2.05616651720395 76.10875066
4 95764971 1.47905251904316 76.15231476
4 95794903 1.83079918796868 76.19658543
4 95819040 2.63466686776517 76.24077576
4 95845561 2.37593473827328 76.31064928
4 95874981 1.1821314007366 76.38054913
4 95908649 1.23073987081621 76.42034865
4 95942709 1.83731947734393 76.46226778
4 95968883 1.13481516144127 76.51035805
4 96011623 1.33462813157051 76.55886027
4 96039684 0.838430196113549 76.59631102
4 96084352 1.03266954463167 76.63376177
4 96120257 0.455190532311923 76.67083987
4 96201713 0.670439751193404 76.70791797
4 96257017 1.72071653981808 76.74499607
4 96278565 0.656015569709837 76.78207417
4 96335085 0.393425576164 76.81915227
4 96429329 0.327792069546705 76.85623037
4 96542059 0.326381152248448 76.89318266
4 96657850 0.255141032392217 76.93097514
4 96805972 0.349179556711586 76.96876761
4 96914389 0.617788751053836 77.00662411
4 96980813 0.430471326736887 77.04766059
4 97084202 0.554757809189041 77.09216677
4 97164428 1.168767966681 77.13667296
4 97208607 0.25152457703002 77.18830813
4 97420797 1.67061069897017 77.24167925
4 97452744 0.520926464559705 77.29505038
4 97555198 0.693590902244314 77.3484215
4 97634866 1.64538605842242 77.40367861
4 97668449 1.10511892821321 77.45893572
4 97724281 0.231966284063154 77.52063635
4 98037486 0.506971715551215 77.59328903
4 98180851 2.80222791016259 77.66597139
4 98208590 0.285561493381721 77.74370208
4 98479733 1.06496240060447 77.82113046
4 98535319 2.03352339080855 77.88032747
4 98564433 1.3473762998209 77.93953163
4 98601842 1.30508041216026 77.98993526
4 98640953 1.47833498636251 78.04097814
4 98673217 0.780293487329658 78.088675
4 98734344 1.78219930501065 78.13637186
4 98761107 1.64733715548802 78.18406872
4 98790061 1.2456451907759 78.23176558
4 98828352 1.72978167839269 78.27946244
4 98855926 0.170293138963714 78.32715929
4 99171476 2.48065737235712 78.38089481
4 99193138 0.845608313597598 78.43463032
4 99270409 0.569112984705431 78.49997166
4 99385221 0.764105380783727 78.565313
4 99490819 2.30418641841339 78.64600058
4 99525837 0.723378311740709 78.72668817
4 99637372 2.15786097971619 78.80736969
4 99674791 3.50624241373331 78.88811488
4 99697859 1.43610038953416 78.96899648
4 99754080 1.59992891513561 79.0497358
4 99790656 3.06610845295056 79.10825489
4 99815736 1.94842720532045 79.18515257
4 99864153 2.55756384137964 79.27948985
4 99906367 2.12399813720925 79.38745502
4 99947166 1.36246513691684 79.47411178
4 100010270 3.13312742535836 79.56008889
4 100048151 3.67392674958446 79.67877508
4 100083045 2.96013519563076 79.80697269
4 100127721 3.7629896252382 79.93921954
4 100151336 0.672419995748369 80.02808266
4 100273642 0.847114023539194 80.11032365
4 100374665 0.703193945718535 80.19590198
4 100496364 1.48120326779286 80.28148031
4 100554140 0.915509259259259 80.36705864
4 100649180 1.24071797737114 80.45406882
4 100720770 2.15153406635617 80.54289171
4 100762424 3.97282082856892 80.63251166
4 100785162 0.993675778985118 80.72284583
4 100878296 2.69874641292856 80.81539113
4 100911401 1.90340449103072 80.90473285
4 100958339 2.77224143840952 80.99407456
4 100990430 1.32966828466417 81.08303812
4 101054913 1.74174741503646 81.16877934
4 101104140 1.0374458067223 81.25452057
4 101189944 2.18705539077383 81.34353801
4 101231413 1.74796669621863 81.43423258
4 101283299 1.80457874249522 81.52492714
4 101328770 2.24440249934913 81.60698309
4 101359498 2.82937582179596 81.67594956
4 101385356 0.294826175786712 81.74911172
4 101633509 0.86086521093764 81.82227388
4 101689426 2.04751810058052 81.87041124
4 101720088 1.13836808703536 81.93319204
4 101775238 2.44316458096322 81.99597284
4 101796334 0.182076064915888 82.04751374
4 102079408 1.41974492466187 82.09905463
4 102115711 1.03712572440438 82.15059552
4 102165407 0.887731162020425 82.20213641
4 102223375 2.80417518664701 82.2535963
4 102244404 1.23439365066069 82.31256529
4 102292157 1.11165926037508 82.37151138
4 102345265 1.50938050386707 82.43054949
4 102384442 1.59197630586968 82.48968204
4 102421582 2.76368736699555 82.5488077
4 102442258 1.62783807651768 82.60595009
4 102477361 1.18549839977957 82.66309249
4 102524542 1.56886009200045 82.71902521
4 102560194 2.17741551642075 82.77495794
4 102585406 2.63921342372229 82.8298546
4 102606205 0.985010223719028 82.88474768
4 102672717 0.650725069527215 82.95026262
4 102773397 0.388386637816048 83.01577755
4 102942082 0.980339441066578 83.08129249
4 103014613 2.27655970640821 83.15239719
4 103046494 1.60042307803761 83.22497619
4 103081003 1.56798817363258 83.28020477
4 103118208 1.9940176193403 83.33854216
4 103142613 0.760524990885575 83.38720588
4 103200214 0.605973927350968 83.43101268
4 103279224 0.596908116194988 83.47889094
4 103359434 1.57504181315493 83.52676921
4 103388731 1.91390104975757 83.57291341
4 103409974 1.38672600277033 83.61357059
4 103443905 1.80249097973911 83.66062399
4 103472729 0.546996139321067 83.71257938
4 103567790 2.38462242144262 83.76457787
4 103589653 0.582998746627579 83.81671277
4 103683799 2.44699787460149 83.87159993
4 103706383 1.67099056603774 83.92686248
4 103739455 0.297836841594723 83.98212504
4 103945635 1.80797880170764 84.0435332
4 103979600 2.35224274406332 84.10494135
4 104004614 0.873034007952994 84.16377987
4 104072010 0.798613256868828 84.22261838
4 104152919 0.361139000446229 84.2872331
4 104332199 2.43973198624851 84.3519778
4 104360705 1.66554384959029 84.42152456
4 104402564 1.81666102092399 84.49124218
4 104440941 1.47884177421104 84.5609598
4 104487046 1.97234516474298 84.62914206
4 104521615 2.03024745181755 84.69732431
4 104554874 0.621951551813401 84.76484858
4 104664971 1.95777104300092 84.83332407
4 104699947 3.39995034756703 84.90179957
4 104720087 2.77451290628814 84.97027506
4 104742208 0.32491131239016 85.03165006
4 104956725 0.381283570880475 85.10134902
4 105140478 1.75324025421608 85.1714111
4 105180444 0.399063706673653 85.24148076
4 105356030 1.38295253102226 85.31155041
4 105416954 4.86425602288473 85.39580529
4 105439327 2.36787474756249 85.50463322
4 105485378 1.77144388849178 85.61367651
4 105546934 6.41401088223863 85.7227198
4 105567518 0.952388721034188 85.85474573
4 105720759 3.42471731254803 86.00069091
4 105757195 3.2230510830534 86.12547375
4 105800360 0.600669009235526 86.26459682
4 106025469 1.54131607828791 86.39981258
4 106069205 1.53260246667497 86.46722394
4 106109340 1.5899856527977 86.52873489
4 106144190 1.21954333624157 86.58414638
4 106191183 2.30643502114527 86.64145655
4 106217430 2.1742879251262 86.70199391
4 106244569 0.919056148275056 86.76100217
4 106308774 0.454819015424956 86.82001042
4 106435387 0.987143444871092 86.87759634
4 106493723 1.35512413225085 86.93518226
4 106536218 2.67742235447275 86.99276817
4 106557726 1.40512833000536 87.05035409
4 106598792 0.923499191780164 87.10805727
4 106661275 1.77985811227637 87.16576045
4 106693695 2.16817714039106 87.22346364
4 106723818 0.846509349843646 87.2887752
4 106803445 1.14435624915916 87.35618019
4 106848043 1.73029766987922 87.40721569
4 106880831 1.5856727364694 87.46394874
4 106912463 0.743720955220673 87.51410723
4 106986917 1.78991767456042 87.56948012
4 107016434 2.48781508696865 87.62231289
4 107037936 0.422278270813914 87.67580605
4 107165603 2.31066002918204 87.72971702
4 107188905 1.45834470213734 87.78355978
4 107232885 2.8527168122736 87.84769737
4 107256350 1.3394100547581 87.91463626
4 107300727 1.23937112950645 87.97407516
4 107348686 0.853554863075664 88.03351406
4 107418323 0.803071022458709 88.09295296
4 107492370 0.713554392088424 88.15241786
4 107578320 1.29642547614518 88.21374779
4 107625627 1.4663807932986 88.27507772
4 107665738 1.56297831632653 88.3338954
4 107703370 1.28440407040224 88.39271308
4 107749164 1.55068615594931 88.45153075
4 107787202 0.642658346951914 88.51051598
4 107888167 1.44200724492744 88.57540194
4 107933164 1.6982887929715 88.64028791
4 107965831 1.39989568120175 88.69576638
4 108013761 2.03716690042076 88.76286328
4 108046559 2.18434418882581 88.82967819
4 108083376 3.33152691018905 88.91009898
4 108107549 1.95408063993082 88.99063231
4 108153804 0.281323999505111 89.08101869
4 108501357 3.83115550116458 89.17879412
4 108526688 3.87201052295918 89.27584145
4 108551776 0.848000488856686 89.37298233
4 108666329 0.485683144258508 89.4701232
4 108866338 0.407871769050017 89.56726408
4 109104658 0.426199744212548 89.66446829
4 109391615 0.869001122968592 89.78676951
4 109533204 3.48100585523152 89.90981076
4 109568557 2.08186779866586 90.03287455
4 109634517 0.666514583040087 90.17019476
4 109840544 2.69920564019605 90.30751496
4 109881961 1.55844083397253 90.41930776
4 109953666 2.39148299319728 90.53105576
4 109990416 3.39041706568042 90.61894308
4 110020699 3.29828888546323 90.72161503
4 110053134 2.68541852181656 90.8285948
4 110098054 5.36601829647393 90.94922378
4 110120572 5.73237645348837 91.07005545
4 110142588 1.06715597571494 91.19625899
4 110260850 2.75133173944046 91.32246253
4 110308532 3.00501570132589 91.45365196
4 110354388 2.79884004884005 91.59144984
4 110396976 1.97627622292922 91.71064635
4 110458897 3.60323209807746 91.83301946
4 110491198 1.27236154535715 91.94940705
4 110582672 2.78827471440137 92.06579465
4 110627140 0.927711425012793 92.18978386
4 110730711 2.34746598999084 92.28586804
4 110759085 1.77871796133222 92.35247514
4 110799739 0.709783129701547 92.42478732
4 110901966 1.40661833126551 92.49734661
4 110953550 1.72822023337487 92.5699059
4 110997685 2.04485303638482 92.64618041
4 111036300 2.22309186632507 92.72514286
4 111071819 3.42976133960554 92.80410531
4 111094990 2.61225042301184 92.88357664
4 111124540 3.26619884023868 92.9607687
4 111148338 3.27451738945414 93.03849768
4 111174187 3.33125 93.12314074
4 111199627 1.63320231372616 93.20788749
4 111257888 3.43314575815035 93.3030399
4 111290586 1.4593069318999 93.41529705
4 111372627 5.18179643010959 93.53502016
4 111393524 5.14961778091998 93.64330422
4 111416155 4.44468982923847 93.75984564
4 111441512 4.56476115896633 93.87255013
4 111467052 2.15297408716137 93.98913425
4 111528180 2.03016635068192 94.12074138
4 111593584 4.39957112223016 94.2535224
4 111618766 4.37887830520533 94.36431239
4 111644067 2.90751021007068 94.47510238
4 111684958 2.70672827235445 94.59399291
4 111740797 2.23459412187276 94.74513434
4 111804831 4.48823123273914 94.88822404
4 111836695 7.45243098672271 95.03123713
4 111857633 3.04810563210504 95.18727589
4 111911556 1.86927121068569 95.3516386
4 111965385 1.89601404202382 95.45225937
4 112024066 1.00372403795686 95.56351941
4 112144097 10.2523278420137 95.68399702
4 112153870 2.73592252150127 95.78419352
4 112194449 1.98236885985294 95.89521431
4 112231032 2.52021809700905 95.9677356
4 112262761 3.155960457453 96.04769978
4 112288556 2.13259559610295 96.12910767
4 112324070 1.62636384518204 96.20484456
4 112358898 2.5738628618167 96.2614874
4 112380905 0.875116418076426 96.31813025
4 112452844 1.37672860847018 96.38108538
4 112499124 0.949239489702825 96.44480015
4 112565987 1.0520248447205 96.5082695
4 112606237 1.05807096451774 96.55061326
4 112646257 0.910839123233453 96.59295703
4 112692746 1.49239607975667 96.63530079
4 112719377 1.82325145990282 96.67504454
4 112741810 1.30447579053157 96.71594527
4 112769671 1.56225822932633 96.75228973
4 112797073 2.45274760256257 96.79509923
4 112822204 0.804431260814696 96.85673901
4 112899067 0.327609579755987 96.91856978
4 113089385 0.227325775804982 96.9809195
4 113394423 0.744950390808281 97.05026268
4 113481806 1.81531489873301 97.1153582
4 113503432 1.50225458155794 97.15461617
4 113527605 1.64720696915899 97.19093044
4 113551826 1.67649028801072 97.23082776
4 113575714 1.91393702930769 97.27087608
4 113597756 1.2238758340586 97.31306346
4 113632226 1.27961253216286 97.35525083
4 113665261 0.791936874461146 97.39752285
4 113718615 1.90888849305308 97.43977582
4 113741071 1.58266167907138 97.48264166
4 113767002 1.30022555179636 97.52368216
4 113804244 0.791852696757373 97.57210544
4 113865614 1.71651767064918 97.62070135
4 113889552 1.19209403429676 97.66179163
4 113914394 0.95781396704115 97.69140568
4 113945281 1.14332612101768 97.72098993
4 113972087 0.477614946870121 97.7516378
4 114051515 0.724896305585029 97.78957331
4 114103350 0.596777949778758 97.82714809
4 114176347 1.40996244317059 97.87071135
4 114211760 1.36767964112804 97.92064191
4 114248319 0.946589049133751 97.97064274
4 114313081 1.09165538856044 98.0319453
4 114369237 1.95632240877269 98.09324786
4 114401519 1.95122313264458 98.15640155
4 114435203 0.456579676963529 98.22212681
4 114602924 0.743774743774744 98.29870434
4 114711032 1.70978279756733 98.37911213
4 114739807 2.81996169397744 98.4283112
4 114763302 2.66570211397798 98.49456658
4 114788184 2.61938767134532 98.56089472
4 114812550 1.08269806838137 98.62471911
4 114860955 0.914656707040385 98.67712738
4 114918253 1.89396841458567 98.72953566
4 114945924 1.28481012658228 98.78194393
4 114973258 5.39960024600246 98.81706298
4 114979762 1.26357769559858 98.85218203
4 115007344 0.319907210387096 98.88703359
4 115127185 1.68393413106268 98.92537146
4 115153844 1.84270585337821 98.97026351
4 115178206 0.654526367970607 99.01515556
4 115246793 1.48838906581741 99.0600476
4 115276937 1.06456595613222 99.10491377
4 115319018 0.95968294772922 99.14971173
4 115365698 1.38979064737627 99.19450969
4 115413321 2.62197358081054 99.26069588
4 115440044 2.44623901903367 99.33076266
4 115461900 0.645241159127559 99.38422795
4 115523291 1.45112976950757 99.42383976
4 115554138 1.39666146645866 99.46860266
4 115586188 1.33799946044783 99.51336556
4 115619549 1.7203090168345 99.55800221
4 115645567 2.30977574992719 99.60276119
4 115666169 1.35529899844948 99.65034676
4 115713895 0.807109679816684 99.71503025
4 115794630 1.11966046943194 99.78019264
4 115852828 1.58401301097194 99.84535503
4 115894024 2.43244543100259 99.91061023
4 115921054 0.459239148971002 99.9763597
4 116067653 0.780528034898484 100.0436833
4 116159806 2.18413700959553 100.1156112
4 116192738 2.8366482504604 100.187539
4 116219888 2.50634600364488 100.2645538
4 116250616 1.93603158300167 100.3415685
4 116281772 2.15020664101468 100.4018871
4 116309840 4.34976221357544 100.4622395
4 116323718 1.4704978787731 100.5226055
4 116364732 2.10686089568923 100.582917
4 116393358 2.22140099282956 100.6432285
4 116420553 1.2645427333431 100.7036391
4 116468326 1.31077503905572 100.7640498
4 116514414 1.50961477438599 100.8244604
4 116561685 1.0529860861387 100.8958219
4 116633987 3.21246156474206 100.9719544
4 116657403 1.84192389827218 101.0471771
4 116698611 2.35575160156166 101.1230787
4 116744972 5.61512535204765 101.2322939
4 116766631 4.64656917026232 101.3539118
4 116792820 3.39090513052512 101.4756007
4 116822661 3.53779455982099 101.5767883
4 116851263 2.78057761534445 101.677976
4 116887654 2.58128536889928 101.7791636
4 116925293 1.54133049905793 101.8763202
4 116987390 2.34693977918214 101.9720322
4 117028057 0.918022227349639 102.0674757
4 117132073 4.17703326736406 102.1629646
4 117153295 4.36103870555255 102.2516096
4 117173628 1.60719627858047 102.3402827
4 117234465 3.1700125683617 102.4380602
4 117263904 2.8323461328976 102.531382
4 117293280 2.28879922974646 102.6145848
4 117315091 1.53206304994619 102.6645058
4 117346685 1.24055564098621 102.7129102
4 117385703 12.0449075432932 102.7613146
4 117389110 0.557623842945784 102.8023521
4 117467758 1.28020550544414 102.8462084
4 117502015 1.09821204988231 102.8900648
4 117541949 1.78116352615628 102.9339211
4 117572305 2.69475839475839 102.98799
4 117596725 2.78626151329948 103.0537964
4 117619959 0.993778899975663 103.1185324
4 117685703 0.772339921884247 103.1838676
4 117770193 1.08665160264457 103.2491228
4 117829938 2.80792353271917 103.3140444
4 117853059 3.00279597713141 103.378966
4 117877022 3.9702466647471 103.4509219
4 117897860 1.84593898766152 103.5336537
4 117939032 0.466051037632807 103.6096546
4 118090097 0.916617357001972 103.6800589
4 118150937 0.974816258791918 103.7358263
4 118188898 0.536009154378748 103.7728308
4 118257936 1.16609945169219 103.8098354
4 118289670 0.455098878394333 103.8468399
4 118370982 1.41375358166189 103.8838444
4 118397157 0.996860239713872 103.9208489
4 118433784 0.691174800287737 103.9573607
4 118486610 1.37233429394813 103.9938725
4 118512635 0.776128012305589 104.029588
4 118559443 1.48858840401557 104.0659173
4 118583848 0.886181241614831 104.1022466
4 118624843 1.51096020548186 104.1385759
4 118653264 1.51096020548186 104.1815185
4 118681685 0.696436081701318 104.224461
4 118736372 1.41807626146789 104.2625472
4 118764276 1.72988404778637 104.3021175
4 118787044 0.924707756459812 104.3415033
4 118829731 0.911676410175383 104.3809761
4 118861376 1.27005430223831 104.4098264
4 118884027 1.38360908041554 104.4385949
4 118904819 0.841218784724253 104.4673634
4 118939017 1.0729621817086 104.4961319
4 118965565 0.572286736046932 104.5246169
4 119015339 0.754945397815913 104.553102
4 119047389 0.669131659034671 104.5772982
4 119082548 0.533916305133767 104.6008247
4 119126804 0.690984979865377 104.6244535
4 119160825 0.959415924019915 104.6479612
4 119184726 0.230066385894782 104.670892
4 119282789 0.331868815490192 104.6934534
4 119334228 0.166892908629816 104.7105247
4 119429259 0.614481919332406 104.7263848
4 119452267 0.251453979546465 104.7405227
4 119508492 0.489558839013091 104.7546606
4 119536985 0.0759259751655189 104.7686092
4 119612203 0.123389623955432 104.7743206
4 119658155 0.0192762722024166 104.7799904
4 119689852 0.00737054153335703 104.7806012
4 119732047 0 104.7809124
4 119789043 0 104.7809124
4 119814992 0 104.7809124
4 119841669 0 104.7809124
