Chromosome Position(bp) Rate(cM/Mb) Map(cM)
3 0 0 0
3 243576 0.0439628088647364 0
3 290684 0.247209152135806 0.00207079
3 312362 0.0322010250845356 0.00743003
3 518784 0.216360989810772 0.01407713
3 553134 0.14888178913738 0.02150881
3 614169 0.157682561621746 0.03059601
3 692307 0.164133661802792 0.04291679
3 771462 0.137579286679838 0.05590832
3 867632 0.156050152428542 0.06913975
3 954886 0.706605581786733 0.08275529
3 976277 0.865595104714298 0.09786987
3 999483 0.761581886236731 0.11795713
3 1032077 1.0162531728486 0.14278028
3 1056503 0.304844383847565 0.16760342
3 1175321 1.27199365612464 0.20382402
3 1196759 1.27081339712919 0.23109273
3 1219749 0.719257215024089 0.26030863
3 1262507 0.157051870904526 0.29106276
3 1458455 0.78854501812982 0.32183638
3 1497617 0.733001609834626 0.352717
3 1531782 0.773496310650667 0.37775984
3 1572033 0.544923347574768 0.40889426
3 1635697 0.827378135352579 0.44358612
3 1686409 0.968424838168305 0.48554405
3 1728119 0.53192257578374 0.52593706
3 1791820 0.433435217039707 0.55982154
3 1864779 1.48521126760563 0.59144494
3 1886079 0.776204730591815 0.62307971
3 1926835 0.325798146240989 0.65471449
3 2023935 0.755302849749753 0.68634926
3 2053306 0.717420293368893 0.7085335
3 2086302 0.518219334445518 0.7322055
3 2131858 1.03398041334123 0.75581339
3 2160551 0.188728150560212 0.78548121
3 2329148 0.531939411145811 0.81729984
3 2389027 0.416268023462195 0.84915162
3 2448186 0.295968324460258 0.87377757
3 2560323 0.286114362509212 0.90696646
3 2675658 1.60618500273673 0.939965
3 2697582 1.39342684777379 0.97517929
3 2724601 0.645457009390495 1.01282856
3 2787324 0.239176926530709 1.05331386
3 2956592 1.16209652628343 1.09379916
3 2989122 0.773660600313651 1.1316021
3 3043960 1.73947681820048 1.17402853
3 3068311 0.357448001090727 1.21638675
3 3200333 0.732952345552819 1.26357765
3 3264902 1.90001204674136 1.31090382
3 3289805 0.625094501942178 1.35821934
3 3366523 1.77736424876251 1.40617584
3 3393392 1.05628659573129 1.45393217
3 3441041 0.631281925794513 1.50426294
3 3506427 1.40283442088091 1.54553995
3 3535851 0.65115515883434 1.58681696
3 3596795 0.934620819594913 1.62650051
3 3639255 0.847858134814657 1.66618406
3 3686060 2.2603520451909 1.7058676
3 3705887 2.10833256859686 1.7506835
3 3727681 1.05774205469327 1.79663222
3 3781801 1.60468796900156 1.85387741
3 3818448 0.580944128395434 1.91268456
3 3924620 1.68875260102946 1.97436474
3 3961144 0.631015440099177 2.03604492
3 4058747 0.758700124419479 2.09763415
3 4139924 2.60132623754013 2.15922338
3 4163600 3.1840736889021 2.22081262
3 4183793 2.0708162504659 2.28510821
3 4210623 1.54970174598337 2.34066773
3 4233590 0.702445701112992 2.37626008
3 4289116 1.59659905757017 2.41526392
3 4313521 1.3404311424616 2.4542286
3 4343859 2.02419113987058 2.49489417
3 4363949 1.19794829708658 2.53555974
3 4400504 1.528473564026 2.57935112
3 4428969 0.93013716190232 2.62285876
3 4475775 0.933134737789589 2.66639428
3 4522436 1.20445366528354 2.70993548
3 4558586 1.74740526679963 2.75347669
3 4583155 1.20163217094843 2.79640918
3 4620406 0.619847074468085 2.8411714
3 4692598 1.1156598269715 2.88591927
3 4732707 0.996976962368394 2.93066714
3 4780672 1.47059180760939 2.97848734
3 4813605 0.809099804305284 3.02691875
3 4874925 1.03776573200384 3.07653246
3 4919754 0.456805640109189 3.1230545
3 5021596 0.489682944133017 3.16957655
3 5121673 0.56825118656444 3.21858207
3 5190148 1.08530265930186 3.25749264
3 5225270 0.890857249696177 3.29561055
3 5268058 0.917914028017655 3.33372845
3 5309746 1.37222979272753 3.37199405
3 5337632 0.882871507073541 3.41025965
3 5380397 0.859399540208954 3.44801567
3 5424330 0.994233048057933 3.48577169
3 5462305 1.05910484710383 3.52352771
3 5497852 3.85188804975566 3.56117582
3 5509107 0.35567069471544 3.60452922
3 5631085 1.16558606955958 3.64791294
3 5674271 1.37929144861221 3.69825006
3 5710768 1.12607270373541 3.74858983
3 5758661 1.92385991989123 3.80252131
3 5785874 1.92090523766273 3.85487515
3 5812298 2.16224346822715 3.90563355
3 5836564 1.72464911415705 3.95810269
3 5866987 0.565602643715728 4.01057183
3 5949598 2.16996546786827 4.0572972
3 5973344 0.641917480566075 4.10882522
3 6053616 1.69835813922445 4.16035323
3 6083582 2.22492469879518 4.21124654
3 6110142 1.57042795362288 4.27034039
3 6147833 1.65622245600068 4.32953175
3 6183004 2.30247292049867 4.38778286
3 6207469 6.96213808463252 4.44411268
3 6215551 0.258616653116127 4.50038041
3 6450474 1.87119551984417 4.56113573
3 6487437 2.28271474718175 4.63030101
3 6517775 1.94947078031753 4.69955425
3 6553299 1.12316160019093 4.76880749
3 6620341 1.50021915843162 4.84410634
3 6670533 1.53334636816893 4.91940518
3 6721678 2.62947546531303 4.99782789
3 6751228 3.74625138614339 5.07552888
3 6771969 1.74653920823837 5.15322987
3 6819357 0.974765325560579 5.2359948
3 6906499 1.17102052632304 5.3209382
3 6979040 3.18702633751032 5.40588542
3 7005694 1.6472235634959 5.49083263
3 7057469 1.19312849162011 5.5761181
3 7111169 1.92538180410001 5.64018936
3 7152486 1.03540422747508 5.71974039
3 7238069 4.0032979444319 5.8083529
3 7260204 0.777694287540378 5.89696542
3 7375986 4.49891678975874 5.98700879
3 7396296 3.72917406574326 6.07838172
3 7421637 3.16942705992186 6.17288262
3 7450558 2.46732314324907 6.26454582
3 7491382 6.60724090597117 6.3652723
3 7508866 2.95118025751073 6.48079318
3 7548010 0.582547693550015 6.59631406
3 7746150 0.934865714193151 6.71174055
3 7869618 1.70786062612123 6.82716704
3 7909195 3.9159626500667 6.89475893
3 7931685 1.59252829915735 6.9828293
3 7986987 2.31400738471207 7.07089968
3 8025174 0.771339347675225 7.15926449
3 8134690 0.871036594796919 7.2437386
3 8231671 1.1147330089533 7.32821272
3 8328060 2.24162679425837 7.43566116
3 8372368 1.07724929319807 7.53498346
3 8480602 1.62133108863345 7.65157874
3 8553069 1.42743242367278 7.76907137
3 8630204 2.96042533818939 7.87917598
3 8660956 0.698962787350239 7.97021493
3 8779061 0.183966679146387 8.05276619
3 9227789 0.712771009437302 8.13531745
3 9343606 0.674312431709032 8.21786872
3 9461667 2.49891202984147 8.29747847
3 9493837 1.67601976184444 8.37786864
3 9541201 2.91185532976304 8.45725202
3 9568463 2.18716076594572 8.5366354
3 9604758 2.76721162896085 8.61601878
3 9633445 1.67034060055378 8.69540216
3 9670644 2.81743152548522 8.75753688
3 9692696 0.333764213186093 8.81966684
3 9863664 2.50747376757078 8.87673021
3 9883868 3.09931906614786 8.92739097
3 9904428 1.61694029282651 8.99111289
3 9943837 0.781547712481436 9.05483482
3 10026656 1.39873904640384 9.1195614
3 10079949 1.70111821086262 9.19410395
3 10123769 1.38790579483308 9.26864649
3 10178076 1.26110695717192 9.3440192
3 10235585 1.05466364191606 9.41654385
3 10304351 0.696818979163993 9.4890685
3 10397843 1.14542784344257 9.55421535
3 10454359 1.48461150353179 9.61895
3 10497963 3.05860632455974 9.68368464
3 10519087 4.1063164167246 9.74829424
3 10539225 1.56744607713519 9.83098697
3 10592171 2.50944936651447 9.91397653
3 10625242 0.449742475836361 9.99696608
3 10836096 1.17006261924563 10.09179613
3 10917860 1.35805622968734 10.18746503
3 10988321 3.49296064547999 10.2831551
3 11012613 0.74648878407805 10.36800652
3 11117776 0.428007523921162 10.44650956
3 11301191 0.690033902800918 10.52501259
3 11421830 2.36079884176461 10.60825718
3 11445314 0.498800078800795 10.66369777
3 11556988 2.51197294250282 10.71940045
3 11579163 0.834220532319392 10.77510313
3 11622558 1.3851256281407 10.81130406
3 11652408 0.275036752722362 10.85264995
3 11802737 0.0914844725742147 10.89399585
3 12252715 1.73435715192283 10.9351623
3 12276352 1.23874840822267 10.97615729
3 12303837 0.391786705777592 11.01020379
3 12399292 0.96973940101128 11.04760158
3 12437857 0.180336843185726 11.08499936
3 12671675 1.88987134895026 11.12716555
3 12695538 0.508541852256966 11.17226331
3 12784219 0.464632753754336 11.21736107
3 12877045 0.376663547716078 11.26049083
3 13006362 1.31893560717436 11.30919995
3 13040372 1.56237769080235 11.35405742
3 13068988 1.13543783015035 11.39876658
3 13108364 0.625273074822501 11.44347574
3 13181604 1.05674266199003 11.48927121
3 13224940 0.451885693986699 11.53506668
3 13326282 0.352469399590977 11.58086214
3 13457326 0.277828571428571 11.6270511
3 13623576 2.16264289182151 11.67324005
3 13646233 1.1060593019753 11.72223933
3 13692707 0.798771284061118 11.7736427
3 13768233 0.975552062993126 11.83397034
3 13831224 0.640254639035622 11.89542181
3 13927203 0.593532541956611 11.95687329
3 14037138 1.17835194007055 12.0221229
3 14092136 0.607370330976663 12.08693009
3 14172051 0.892521560046338 12.1354676
3 14226434 0.895888826942534 12.18400606
3 14274863 0.209148312982616 12.227393
3 14537753 1.3913987031891 12.28237603
3 14575538 1.15063266156444 12.3349496
3 14621139 2.43186874304783 12.3874193
3 14642715 1.73107911768591 12.43988901
3 14672999 1.44518263266713 12.49231324
3 14709274 1.92163043876691 12.54473747
3 14736555 2.39551868044515 12.5971617
3 14756683 0.658413078692675 12.64537886
3 14830146 1.42059833827545 12.69374769
3 14864207 2.53486170995899 12.74213472
3 14883225 0.894778848117007 12.79034269
3 14937102 0.315354977137287 12.83855066
3 15089971 0.20945079761268 12.88675862
3 15325549 2.36477137827991 12.93610051
3 15349978 2.65326560927692 12.99386931
3 15370847 1.37182568193643 13.04923996
3 15411210 1.72464036549978 13.10461062
3 15443604 2.06413951082539 13.16047894
3 15470670 0.749889272148926 13.21634725
3 15545177 0.374911695909493 13.27221878
3 15736278 2.78160699225638 13.34386502
3 15762364 0.852305162389147 13.41642589
3 15847499 1.58248459151112 13.48898675
3 15893253 2.55225571756567 13.56139209
3 15926790 4.10075216787237 13.6469875
3 15947663 1.31173008790525 13.73258291
3 16015122 3.1883870445999 13.82107069
3 16039853 1.2226531060218 13.89992224
3 16094521 2.86050601112507 13.96676229
3 16122386 1.0843162055336 14.04646997
3 16185636 1.4253164556962 14.11505298
3 16221976 1.19748462569936 14.1668488
3 16265230 0.671558966912146 14.21864462
3 16342358 1.16560480875301 14.27044044
3 16386777 0.57928773621849 14.32221528
3 16476154 2.23611471020126 14.37399011
3 16499308 0.307022403307183 14.42576494
3 16667185 7.93319993843312 14.47730716
3 16673682 1.34490136728943 14.52884938
3 16712006 0.474971658202531 14.5803916
3 16820503 0.511377732789504 14.63192449
3 16921270 0.289986381388648 14.68345423
3 17098968 0.542115542889432 14.73498397
3 17180375 1.4892994329614 14.77911643
3 17218644 1.46657403118728 14.83610996
3 17257506 0.149618432831315 14.89310349
3 17638435 0.160894311678698 14.95009703
3 18024788 0.396065311512043 15.01225944
3 18182310 0.79619443841805 15.07464857
3 18260669 2.95095071421814 15.1370377
3 18281811 1.16620085708962 15.19942683
3 18335481 0.601971627795143 15.26201636
3 18439456 2.44813902134605 15.32460588
3 18470703 1.11898721905347 15.4011031
3 18532592 2.40310005568962 15.47035579
3 18564914 2.05871370784365 15.54802861
3 18606693 1.48100764515463 15.63403937
3 18664769 1.25967505854801 15.72005012
3 18733089 1.75846427330868 15.80611132
3 18782030 0.414619361583435 15.89217252
3 19009687 1.98148808197817 15.9865634
3 19054577 0.924179163967914 16.07551267
3 19154932 1.68998357963875 16.16825834
3 19209742 1.51227874473006 16.26088674
3 19270701 1.83021428571429 16.3530733
3 19298701 1.33641057737443 16.40431904
3 19337047 1.67969960261332 16.45556478
3 19366741 1.60371049162406 16.50544209
3 19397842 0.468828520822177 16.55531941
3 19494950 0.374199155508041 16.60084596
3 19624969 1.85833237844238 16.64949938
3 19651150 0.491589320226194 16.69815281
3 19776883 1.48895360030805 16.75996178
3 19818435 0.45868981776664 16.82183111
3 19953317 1.07179135992695 16.88370043
3 19988363 0.230835267738638 16.92126255
3 20165420 0.235567611470937 16.96213369
3 20357488 0.571717299311564 17.0073782
3 20436653 2.10544660284413 17.0526378
3 20458171 0.61558293530178 17.09794287
3 20531867 0.601005345040254 17.14330921
3 20607264 0.603593277266124 17.18862366
3 20682293 0.67190392243279 17.23391082
3 20727673 0.454326737513831 17.26440171
3 20805399 0.106952052167242 17.29971518
3 21131274 2.608837485172 17.33456818
3 21144762 1.86574552575749 17.36975571
3 21163145 0.893223605396114 17.40405421
3 21201543 0.536154814348647 17.4383527
3 21265103 0.900617030028795 17.47243065
3 21301568 0.373765747361253 17.50527155
3 21383804 0.398241609603517 17.5360087
3 21442949 0.769639848357203 17.55956236
3 21480933 0.558663276425717 17.58879664
3 21533240 0.627016972797024 17.61801818
3 21576250 0.774319513035489 17.64498598
3 21611078 0.441006688361597 17.67195378
3 21672229 1.30952497671454 17.69892159
3 21692628 0.428082144100244 17.72563462
3 21764453 0.672469958013609 17.75638139
3 21819709 0.627171717171717 17.79353985
3 21879109 0.430736856710102 17.83079369
3 21965598 0.683168102982786 17.86804753
3 22011897 1.30152694975058 17.89967719
3 22044773 1.59992526158445 17.94246634
3 22071533 0.749571241785672 17.9852803
3 22130424 0.480137429885512 18.02942331
3 22221525 0.3823112960179 18.07316457
3 22335937 0.947533739141737 18.11690584
3 22382100 1.40484280040197 18.16064711
3 22402997 0.818366110541523 18.19000438
3 22445913 0.479725292765678 18.22512506
3 22519009 1.73477308917197 18.26019116
3 22539105 1.7314990512334 18.29505325
3 22562293 1.24957206436152 18.33520338
3 22594424 0.18106677215989 18.37535352
3 22832038 1.87187117101348 18.418378
3 22854890 1.38251801773072 18.46115425
3 22886248 0.55865526772514 18.50450704
3 22964033 0.331810032424185 18.54796214
3 23095108 1.08661042829608 18.59145447
3 23135057 1.77188067240155 18.63486394
3 23160399 0.26779013701246 18.67976654
3 23369869 1.29323815954471 18.73586016
3 23411337 0.706678782371649 18.78948767
3 23488372 0.708638150529796 18.84392658
3 23565194 1.65488294488764 18.89836548
3 23603552 2.48007339449541 18.9618439
3 23630802 2.56468445220295 19.02942608
3 23657153 2.05620779852789 19.09700826
3 23690031 0.335502057061752 19.16461273
3 23891532 0.804914929335985 19.23221721
3 23975521 0.967583540377236 19.29982168
3 24043542 1.02378781087222 19.36563812
3 24108239 0.875326326610667 19.43187379
3 24182168 1.40342128519126 19.49658534
3 24229694 0.852149322578028 19.56328455
3 24315977 0.459708088680862 19.63681076
3 24507405 1.29339055541675 19.72481146
3 24575444 1.22362293616821 19.81281217
3 24639221 1.46358135365307 19.89085113
3 24692765 3.03744186046512 19.96921665
3 24718565 0.455737642240288 20.04758217
3 24927806 1.03652108873748 20.14294081
3 25013373 1.85639044185896 20.23163284
3 25059700 0.405334283762512 20.31763347
3 25228045 2.31961110922256 20.38586923
3 25257462 2.14816098837026 20.45410499
3 25289191 1.23418049792531 20.52226392
3 25347031 0.946612563153917 20.59364854
3 25422442 1.98221662882 20.66503317
3 25458993 2.00182355704142 20.73748546
3 25495186 1.50699634612191 20.80993775
3 25543354 0.670878003696858 20.88252645
3 25651554 2.13455227379278 20.95511516
3 25685682 0.325923089499454 21.02796361
3 25918108 2.51643603843132 21.10371662
3 25951206 0.817757414831398 21.18700577
3 26066448 2.85008579427436 21.2812461
3 26099667 3.77827969132317 21.37592307
3 26126232 3.21752857602245 21.4762934
3 26160439 1.98800643028738 21.58635536
3 26215802 4.05295330681986 21.69641733
3 26242958 1.41166521449439 21.8064793
3 26301491 3.98716654650324 21.88910844
3 26322296 2.32613666735961 21.97206097
3 26355969 3.09673085535154 22.05038919
3 26380532 1.64122088146093 22.12645429
3 26427023 1.63322837007048 22.20275591
3 26473706 1.12120231757889 22.27899997
3 26541708 0.951389321343613 22.35524403
3 26621999 1.11310710785142 22.43163172
3 26681173 1.08626888317171 22.49749838
3 26741809 1.12425078656425 22.56336503
3 26798702 1.85684834054415 22.62732722
3 26833141 2.80993843447669 22.69127479
3 26855881 1.50259847148736 22.75517238
3 26898406 0.973855903102953 22.81906997
3 26962474 1.7164997942669 22.88146327
3 26998929 1.14349439660688 22.94403859
3 27053628 1.53653651400923 23.00658631
3 27098063 1.34789717324929 23.07486214
3 27148828 0.808753136780199 23.14328831
3 27239287 1.71839620425612 23.21644741
3 27281861 1.19467279963463 23.28960651
3 27343169 1.84426146950697 23.36284925
3 27382883 1.44583851399721 23.43609199
3 27435965 1.76794274082343 23.51283989
3 27481652 1.92759468295826 23.5936122
3 27523555 1.40577368827702 23.67438451
3 27580503 4.02429051258336 23.75444026
3 27601046 1.59015088532362 23.83711142
3 27657579 0.479941913232892 23.92700759
3 27844885 2.28208773354996 24.01690376
3 27884277 3.18746232670283 24.10679994
3 27912480 3.02395229309436 24.19669611
3 27942832 2.40948756391035 24.28847959
3 27968845 0.718783045189894 24.35115724
3 28047336 1.87694766280463 24.4075749
3 28082378 0.617502088946889 24.47334678
3 28188891 1.30555664177062 24.53911865
3 28240037 0.599867321691111 24.60589273
3 28351585 0.170739922328313 24.67280696
3 28743491 0.529419812801301 24.73972119
3 28867744 0.451917680739367 24.80550367
3 29008513 1.80221843003413 24.86911969
3 29043673 1.77283228091791 24.93248617
3 29076138 2.61159619768592 24.99004097
3 29099387 2.25252708893899 25.0507576
3 29126889 0.875133885788376 25.11270704
3 29197845 1.27756403662175 25.17480262
3 29246450 1.24364092381649 25.2368982
3 29294295 1.06680292598967 25.29640069
3 29350071 1.33707179197287 25.35590317
3 29394296 0.667170628786768 25.41503531
3 29482927 1.25019561401654 25.47416745
3 29530214 0.944180920895022 25.53328588
3 29592827 0.500768564815633 25.5924043
3 29706025 2.00783777953549 25.64908985
3 29733839 1.17639871924503 25.70493581
3 29781311 1.57815016814084 25.76078178
3 29816698 0.487751701061146 25.81662774
3 29968515 3.55363238617241 25.89067627
3 29989314 1.64473844901282 25.96458838
3 30038444 0.597342907326736 26.04539433
3 30167683 2.43922268490978 26.12259441
3 30197941 1.98932643324978 26.19640041
3 30235042 3.10853725308512 26.27020641
3 30258785 1.07145345798734 26.34401241
3 30327669 2.72961884595024 26.41781841
3 30350337 1.13576198425948 26.47969379
3 30417425 2.91819856704197 26.55589008
3 30441850 1.22923169785289 26.6271673
3 30499835 0.955384213277574 26.69844453
3 30576355 2.54038494884689 26.7715505
3 30605190 2.40249262053132 26.84480268
3 30635680 2.01083973655324 26.91805487
3 30672120 1.68061696658098 26.99132979
3 30701295 0.799651542649728 27.04036158
3 30770170 1.33610039078618 27.09543803
3 30811369 2.17868592995414 27.15048416
3 30836010 1.44667258958413 27.2041693
3 30859647 2.53885865773685 27.23836396
3 30881148 1.95175155813454 27.292952
3 30909066 1.79452641285733 27.3474413
3 30939430 1.45786065924658 27.4019306
3 30976806 1.49489711934156 27.4564199
3 31013256 0.545927261797415 27.5109092
3 31113066 0.84164271501216 27.5653985
3 31149250 0.983013848147895 27.59585263
3 31178568 0.626368148421075 27.62467236
3 31224707 0.503808215757273 27.65357245
3 31280770 0.827449831551194 27.68181756
3 31314905 1.040370058873 27.71006266
3 31343441 1.0882437793004 27.73975094
3 31371171 1.41787337738413 27.76992817
3 31392510 1.21235278549689 27.80018465
3 31422738 1.21508554165435 27.83683179
3 31453191 0.716100213633715 27.87383522
3 31504681 1.70490590465622 27.91070725
3 31526308 0.756021391247551 27.94757928
3 31575300 1.87170028266181 27.98461804
3 31596173 1.56315768415156 28.02368572
3 31621166 0.57403135514774 28.06275341
3 31689225 0.473585957766626 28.10182109
3 31771719 0.664762149322719 28.14088877
3 31834027 1.03037388989776 28.18230871
3 31874226 1.87107557482947 28.22372865
3 31896363 1.45119627355494 28.26514859
3 31919978 0.53407304015972 28.29941887
3 31976577 1.10655036770994 28.32964669
3 32005812 0.325892779412533 28.36199633
3 32120678 1.2029349238219 28.39943047
3 32154546 0.220791045997708 28.44017165
3 32350034 1.72117876939028 28.48333323
3 32375111 0.902643428952635 28.52649481
3 32423079 0.537636277845382 28.5697928
3 32503613 1.64620472081797 28.6130908
3 32529922 0.278061842441225 28.65640081
3 32682665 0.923463537219118 28.69887308
3 32723652 1.8573389996731 28.73672328
3 32754242 2.57750970604548 28.79353956
3 32775878 1.71266808209483 28.84930634
3 32811203 2.52751484780995 28.9098066
3 32832755 1.12452736766295 28.96427931
3 32877187 1.68483468687349 29.01424451
3 32906616 0.606449777103291 29.06382784
3 32959331 0.375982210751895 29.09579733
3 33046125 1.16943200143343 29.12843037
3 33074030 0.4811842260849 29.16106342
3 33141686 1.37449271005561 29.19361851
3 33168298 1.20020212557867 29.23019657
3 33198972 1.52038171536287 29.26701152
3 33224436 1.00390907774721 29.30572636
3 33258971 0.946749538048043 29.34039612
3 33294689 1.01577002793548 29.37421257
3 33327980 0.716781511714195 29.40802902
3 33375145 1.14790669247224 29.44183637
3 33404596 0.798163188214185 29.47564373
3 33446952 0.861807892321811 29.50945109
3 33486180 0.420889016727144 29.54325844
3 33576572 0.756488534436467 29.58130296
3 33626853 0.566618533225959 29.61934045
3 33698875 0.806438226227176 29.66014899
3 33749479 1.3849221420433 29.70095753
3 33781075 1.67188377084365 29.74471566
3 33811360 2.18939461285448 29.79534868
3 33833858 1.83507190224275 29.84460561
3 33860700 2.2174852563814 29.89386255
3 33882913 0.3468624570332 29.94311948
3 34025174 1.16337201606142 29.99246447
3 34070500 1.0141167926284 30.04519593
3 34114561 1.84973302822273 30.08987934
3 34149958 2.9030375442305 30.15535411
3 34171719 1.11926590100074 30.21852735
3 34231275 0.74181399728005 30.2851866
3 34307747 1.64491865388901 30.34191429
3 34325695 0.536679326197961 30.37143754
3 34380726 0.51698988388593 30.40097142
3 34446265 1.61572729033508 30.4348542
3 34466917 0.75536211074217 30.46822229
3 34511489 0.750922509225092 30.50188981
3 34556475 0.27586880519498 30.5356706
3 34704926 1.35256621969747 30.57662368
3 34735204 1.89211790796526 30.61757675
3 34756848 0.265984611097526 30.65852983
3 34932689 0.701154942252887 30.70530076
3 34999359 1.68377093074372 30.7520469
3 35024382 0.70455241542531 30.79417995
3 35096212 1.29710545722714 30.84478845
3 35139604 1.78440396089882 30.90107256
3 35171112 0.413221696396068 30.95729596
3 35308462 0.242092825852354 31.0140519
3 35542901 0.423108483839358 31.07080783
3 35668422 1.16001572636131 31.12391639
3 35714205 1.80015565255642 31.17702495
3 35743758 0.398312796491333 31.23022446
3 35877826 1.66103211693348 31.28362562
3 35918054 0.315231168142619 31.35044513
3 36159480 0.919708999504526 31.42654995
3 36242229 2.23005245113839 31.50265478
3 36276356 1.60105099010958 31.57875961
3 36323169 0.67385305495004 31.65370994
3 36402532 3.33126645714771 31.70718909
3 36414305 1.78913491246138 31.74640835
3 36441493 0.181623684298959 31.79505135
3 36709316 2.16925549009106 31.84369436
3 36731720 0.310902705365311 31.89229417
3 36888039 0.981586245146977 31.94089398
3 36942129 1.4916427948686 31.99398817
3 36982274 0.776329570580705 32.05386997
3 37059611 1.44703670675568 32.11390916
3 37101102 0.960280373831776 32.17394834
3 37170438 0.635403246585932 32.24053068
3 37275225 1.25968942622501 32.30711302
3 37329898 0.623526535933511 32.37598354
3 37440352 1.74084926623202 32.44485406
3 37481305 2.92361453339904 32.5161471
3 37503626 2.45055570306869 32.58140503
3 37529989 0.78623575066699 32.64600929
3 37612449 1.44460680724788 32.71084228
3 37656931 0.164964982908473 32.77510157
3 38058592 1.23725585390447 32.84136116
3 38112146 0.34781160555462 32.90762075
3 38385360 0.62786257020152 33.002648
3 38536710 1.28554544620933 33.09767525
3 38634859 2.84453522265484 33.22385007
3 38681860 0.474170598473596 33.35754626
3 38963961 2.43762262525721 33.49131032
3 38984858 1.98637570268582 33.54224977
3 39010474 0.485869420513113 33.59313259
3 39115636 2.8021978021978 33.64422806
3 39137840 2.51377400015178 33.70644806
3 39164194 0.906493164656917 33.77269596
3 39224981 1.97599451303155 33.82779854
3 39252683 0.86048959839105 33.88253738
3 39316327 0.834782211531142 33.93730269
3 39382010 2.74157197416191 33.99213389
3 39403219 1.90054905549382 34.0502802
3 39433817 2.30091817996327 34.1084327
3 39458322 1.6762493682552 34.16481664
3 39491959 1.75274332431844 34.22120057
3 39524128 0.504895834269941 34.27758451
3 39635345 0.819288228392648 34.33373776
3 39699270 0.350848445124172 34.38611086
3 39836580 0.831269143694234 34.43428627
3 39904161 0.708557734754367 34.49046443
3 39983446 2.66688820318063 34.54664259
3 40004511 0.920603706799076 34.60282074
3 40065534 1.01850810183085 34.6589989
3 40120645 0.812983970054576 34.71512995
3 40190639 1.64585232452142 34.77203424
3 40221355 1.48039474069519 34.82258836
3 40255504 396.157407407407 34.87314249
3 40255612 0.743773671525307 34.91592772
3 40325316 0.896795686368788 34.96777129
3 40383550 0.97205600090324 35.01999518
3 40436692 1.0492472362624 35.07165246
3 40473689 1.34978328384697 35.11047133
3 40502990 1.77089283496833 35.15002178
3 40527149 0.664439652486071 35.19280447
3 40607376 0.366160419285484 35.24611054
3 40752957 0.709923155805932 35.29941661
3 40828044 0.520267450774889 35.35272268
3 40931091 1.1999164865396 35.40633461
3 40971803 0.722611113439801 35.45518582
3 41043374 2.99053175210406 35.50690396
3 41064286 0.877080367542384 35.56944196
3 41141556 0.808166343194096 35.63721377
3 41222449 2.66521038344079 35.70258898
3 41246025 1.68200408997955 35.76542427
3 41283189 0.412726349151839 35.82793443
3 41422962 0.929626989013838 35.88562202
3 41484676 0.800099307766452 35.94299299
3 41553150 1.50465518661943 35.99777911
3 41589561 0.703060635226179 36.05256523
3 41667486 1.55546354635464 36.10735135
3 41695261 0.359997590838302 36.15055437
3 41811484 0.485931715814929 36.19239422
3 41898737 1.34676958261864 36.2347934
3 41930219 1.77542816464972 36.27719258
3 41954100 1.30621384586677 36.31959175
3 41986254 0.627183955861103 36.36159219
3 42031928 0.855440382347464 36.3902378
3 42080261 0.698778447121821 36.43158337
3 42140021 0.855377229353066 36.47334213
3 42190428 1.24469916985787 36.51645928
3 42229337 1.98381890246394 36.56488965
3 42253810 0.882379704447842 36.61343928
3 42308758 0.214549638250326 36.66192467
3 42534743 0.452374065815132 36.71041006
3 42641922 1.99268282542718 36.75889545
3 42665975 2.24081133229799 36.80682514
3 42687224 0.839016052580571 36.85443997
3 42743975 0.60712099571516 36.90205479
3 42822391 0.927062728400443 36.94966272
3 42882045 0.492104126827463 37.00496558
3 42979311 3.17448303335386 37.05283036
3 43006924 3.2078917251331 37.14048709
3 43047118 0.846617289771648 37.2694255
3 43199821 2.83922784668678 37.39870624
3 43235617 1.2901296222311 37.50033897
3 43325725 1.43790896818936 37.61659024
3 43422768 2.63991196396025 37.75612941
3 43451847 3.11295406784749 37.83289548
3 43478495 1.41667987196146 37.91584971
3 43541601 3.40850968369102 38.00525098
3 43568347 4.02740589833139 38.09641501
3 43588963 1.79890631083425 38.17944446
3 43645469 2.52124807213193 38.28109304
3 43687614 0.715296662546354 38.38735075
3 43784694 1.58693195910381 38.45679147
3 43820981 1.17130824100774 38.51437614
3 43873693 3.13605139609587 38.57611788
3 43893928 0.464493663197959 38.63957594
3 44017413 0.799566594979725 38.69693362
3 44078326 0.43932095758691 38.74563799
3 44189188 2.38049329548791 38.79434237
3 44209622 0.804169215255162 38.84298522
3 44270113 0.427621560364061 38.89162989
3 44383061 0.674807646656333 38.93992924
3 44454674 1.13545603248914 38.98825376
3 44490132 0.604454434000817 39.02851502
3 44563542 0.431553482295059 39.07288826
3 44661509 0.60339575412662 39.11516581
3 44746203 0.900385859879224 39.16626946
3 44803996 2.44240997881855 39.21830575
3 44825241 0.723994541428498 39.27019462
3 44902917 0.177734168376954 39.32643137
3 45281021 0.9180350263654 39.39363348
3 45354223 1.07051819952186 39.46083559
3 45417384 0.266894292255467 39.52845033
3 45670724 1.51379892686889 39.59606507
3 45717503 0.842713538298748 39.66687881
3 45802558 1.86853493222106 39.73855589
3 45840918 0.804568584814723 39.81023296
3 45930136 1.48841935015655 39.88201525
3 45978363 3.4849014467424 39.95379699
3 45998961 0.842762080915024 40.02557873
3 46093035 1.13272945479483 40.1048612
3 46163027 0.886404899923439 40.18414366
3 46254457 0.948999498854525 40.26518757
3 46366201 1.11133817503485 40.37123254
3 46461622 1.48748699317472 40.47727751
3 46518323 3.57381355932203 40.56161964
3 46541923 4.17862270180151 40.64596178
3 46563516 3.52483418751884 40.73619126
3 46590052 4.11158706361105 40.82972588
3 46613397 3.5038694604658 40.92571047
3 46640791 1.01645379986289 41.02169505
3 46680174 0.570881493801451 41.06172631
3 46751723 0.563774119699117 41.10257267
3 46825107 0.352917994585518 41.14394497
3 46941831 0.928231821356948 41.18513945
3 46986210 1.9557467057101 41.22633393
3 47013530 0.770880005310234 41.27976543
3 47073791 0.403129225420127 41.32621916
3 47182508 0.880244429540204 41.37004624
3 47222765 1.21094897994054 41.4054821
3 47252028 0.968090293013505 41.44091796
3 47293050 1.44600203903292 41.48063105
3 47320514 0.929872623396085 41.52034415
3 47363222 1.75209564987206 41.56005724
3 47385888 0.558589912711555 41.59977034
3 47457146 1.47536973201379 41.63957438
3 47484125 4.71334175493149 41.67937842
3 47494416 1.93765829654823 41.72788379
3 47522054 2.02416212003118 41.78143725
3 47547714 1.54369018605481 41.83337725
3 47581360 1.03524207300497 41.88531642
3 47621823 0.992042628774423 41.92720517
3 47664048 1.43009798231539 41.96909393
3 47693339 1.33294087698084 42.01098268
3 47724765 0.834467838108807 42.05287143
3 47762667 1.16100879604178 42.08449912
3 47791771 1.35691912296201 42.11828903
3 47816673 0.916655800408571 42.15207894
3 47862687 0.98838727410156 42.19425827
3 47906346 0.992648753874132 42.23740983
3 47945387 1.08661680060062 42.27616341
3 47981350 1.19989001924663 42.31524124
3 48010446 0.885619339945714 42.35015279
3 48049867 1.47842438638163 42.38506435
3 48075127 0.781047391977245 42.42240966
3 48122941 1.38003480855296 42.45975497
3 48155117 1.21186648836003 42.5041588
3 48191758 1.04884731670446 42.54856262
3 48234094 1.72268777157045 42.59296645
3 48259870 1.58386737787329 42.63737027
3 48285929 1.30148160959299 42.67864475
3 48320621 1.28236429707018 42.72379526
3 48355845 0.893663583010047 42.76896571
3 48406110 2.14288995215311 42.81388539
3 48432235 0.789946304823387 42.86986796
3 48497604 0.955010814708003 42.92150551
3 48539214 0.541375480795276 42.9612438
3 48613050 1.12517805253262 43.00121637
3 48648152 0.415737440458673 43.04071271
3 48739895 1.44413312634887 43.07885407
3 48766306 2.06586503067485 43.11699543
3 48786681 0.7493156042237 43.15908738
3 48845492 1.02565925678078 43.20315547
3 48893311 1.61855261855262 43.25220174
3 48923614 2.43881457908607 43.30124893
3 48943725 0.57603673014966 43.35029611
3 49045222 0.429676072591493 43.40876259
3 49181271 1.39751834939154 43.46721944
3 49223098 1.08299324775544 43.5256737
3 49277006 0.603880210924286 43.58405608
3 49377516 5.42497677953221 43.64475242
3 49389359 8.63340304750523 43.70900051
3 49396053 1.09612044006948 43.7667925
3 49449590 1.66320423548369 43.82547547
3 49484344 0.950005495627051 43.88327843
3 49548031 25.3361415332772 43.94378156
3 49549218 1.2565296697326 43.97385589
3 49574985 0.222744324303275 44.00623244
3 49729063 0.244321629949977 44.04055253
3 49898786 0.297335652257932 44.08201968
3 50064380 0.565344692968355 44.13125704
3 50151472 1.41755822247031 44.1804944
3 50183719 0.274713852182848 44.22620663
3 50351115 0.457038343571609 44.272193
3 50466206 0.90934243476856 44.32479354
3 50515722 0.433577222111904 44.36982077
3 50646656 5.35089424572317 44.42659069
3 50656944 2.55125584775401 44.48164049
3 50678961 0.192760677315418 44.53781164
3 50970701 1.22585286103542 44.59404774
3 51016576 0.77959811860823 44.65028385
3 51086099 0.351181837030894 44.70448379
3 51240435 0.269704071934355 44.75868372
3 51441396 0.2026560295763 44.81288366
3 51708637 1.04402206448302 44.86704212
3 51755409 1.16841351319088 44.91587265
3 51797294 2.40989070234769 44.96481167
3 51817697 1.4146938431025 45.0139804
3 51841394 0.189582031635371 45.04750485
3 52084666 2.08496111412552 45.09362507
3 52106782 1.27187192809999 45.13973605
3 52142387 1.66850889797723 45.18502141
3 52169528 0.656669676108791 45.23030676
3 52204972 0.746342512908778 45.25358225
3 52242156 0.166747057134654 45.28133381
3 52416306 0.998961351336577 45.31037254
3 52452892 0.189011839356187 45.34692074
3 52646737 1.31593455769162 45.3835599
3 52674670 0.237872207295079 45.4203182
3 52783346 0.456515585748151 45.44616967
3 52839872 0.145771827931593 45.47197418
3 53026170 0.886845646184404 45.49913068
3 53057384 0.348780364882572 45.52681287
3 53136752 1.39284744228158 45.55449506
3 53158842 1.45195817100677 45.58526267
3 53183227 1.74432456183176 45.62066887
3 53203710 1.70894915578514 45.65639781
3 53224617 0.631624535973131 45.69212675
3 53281187 0.685922451411984 45.72785742
3 53333206 0.509125605519401 45.7635384
3 53435391 1.31362364154416 45.81556353
3 53475050 2.16008790115267 45.8676603
3 53499168 1.74527792768484 45.91975707
3 53525110 0.76821818014155 45.96503345
3 53568487 0.796465686509267 45.99835677
3 53610249 0.462168144672913 46.031619
3 53682080 1.10959590895418 46.06481682
3 53711999 0.679117911791179 46.09801465
3 53760883 1.0274070174352 46.13121247
3 53793174 0.480265563078543 46.16438805
3 53861557 0.642273242852114 46.19722976
3 53912691 1.2162397774918 46.23007147
3 53936780 0.514939538807649 46.2593694
3 53993676 0.311770402136784 46.28866734
3 54087649 1.34795347998558 46.31796527
3 54109833 0.0493815584003161 46.34786836
3 54909666 1.03904789719626 46.38736515
3 54943906 0.45879292536438 46.42294253
3 55022327 0.844022951864839 46.45892195
3 55053697 0.261439168594616 46.48539934
3 55162621 0.510462087320913 46.51387622
3 55233257 0.963385837708698 46.54993292
3 55269254 0.433626085690718 46.58461201
3 55372299 0.0672602471663179 46.62929521
3 56036629 0.510890568367615 46.67397841
3 56124090 0.684957107843137 46.71866161
3 56189370 1.2782293219338 46.76337593
3 56224927 0.608485969781067 46.80882615
3 56306002 2.41220159151194 46.85815948
3 56326737 0.450179650424587 46.90817629
3 56437786 0.482513683606322 46.95816876
3 56535348 1.1010463800905 47.00524355
3 56570708 1.3255433113848 47.04417634
3 56600019 0.264729329199741 47.08302904
3 56746784 0.527421062634051 47.12188174
3 56820450 0.87266448242274 47.16073444
3 56865622 0.449629595756356 47.20015483
3 56953094 1.01975731176105 47.23948497
3 56991662 1.1726437462952 47.27881511
3 57032150 0.411156274323273 47.32629286
3 57147780 0.20700685114334 47.37383515
3 57372560 0.400837414802891 47.42036665
3 57489348 0.990215389885668 47.46717953
3 57536054 1.7690247541799 47.51342901
3 57562191 0.51133596718112 47.55966575
3 57667740 1.30487130397788 47.6136372
3 57714750 2.13568349861583 47.6749793
3 57743287 0.834334771295535 47.73592567
3 57860119 3.52326685660019 47.83340271
3 57886444 8.03962357602774 47.92615262
3 57896539 1.09113592568803 47.96585147
3 57937017 0.627039495892877 48.051479
3 58008113 0.727350440880812 48.09605918
3 58071282 0.378071565883107 48.14200521
3 58219537 0.951880747199701 48.19805636
3 58278370 0.273869248447509 48.25405847
3 58482880 2.39098629445893 48.31006775
3 58506666 1.84117861334844 48.36693963
3 58531373 0.339192077337906 48.41242951
3 58692329 1.07763215032964 48.4670242
3 58742991 0.619115932932843 48.52161888
3 58832215 0.957961186937445 48.57685884
3 58889876 0.170282949714118 48.63209545
3 59162716 0.804683305332802 48.67855551
3 59220453 2.17716441430686 48.72501557
3 59241394 1.35457311616252 48.77060758
3 59274916 0.632952668652334 48.81601551
3 59345757 1.64335715594649 48.86085476
3 59373042 1.24001659292035 48.90569402
3 59409202 0.711933568321108 48.95053327
3 59472184 2.10731569797491 48.99537253
3 59493467 1.34026448061273 49.0402227
3 59526891 0.496442661465491 49.08501923
3 59617127 1.49892299407647 49.12981575
3 59643125 1.89638677714188 49.16878455
3 59666539 1.4949471367108 49.21318614
3 59696522 1.33449446230797 49.25800928
3 59730110 0.316057925036579 49.30283242
3 59876368 0.344441767713269 49.34905848
3 59951086 0.487158333514253 49.37479407
3 59997147 0.216368166812094 49.39723307
3 60108314 1.15020084162204 49.42128574
3 60129226 0.571805539046713 49.44533842
3 60171291 1.00717905405405 49.46939109
3 60197339 1.30647605783804 49.49562654
3 60221752 0.358479538736471 49.5275217
3 60310725 0.768497656813266 49.55941685
3 60355109 1.66497375272075 49.59352624
3 60378540 0.894684451522994 49.63253836
3 60418724 0.293377942796524 49.66848989
3 60541269 1.51111111111111 49.70444141
3 60566649 0.928794567062818 49.74279334
3 60625549 1.63785060525539 49.79749899
3 60659419 1.28893916174074 49.8529732
3 60700528 1.14908934615591 49.90596032
3 60737754 1.17295597484277 49.94873589
3 60762240 0.77102953196631 49.97745703
3 60790379 0.605727308759413 49.99915299
3 60830747 0.780257969658491 50.02360479
3 60860673 0.629278283835498 50.04695515
3 60897779 0.564747489736361 50.07030552
3 60938213 0.360325351625185 50.09314073
3 61001775 0.571850160480796 50.11604353
3 61048198 0.671902268760907 50.14259084
3 61093465 0.718385374840569 50.17300579
3 61135803 0.588155366189801 50.20342074
3 61187320 0.210891171803224 50.2337209
3 61330996 0.426062531918516 50.26402106
3 61401488 1.03681341429754 50.29405501
3 61430472 1.04071554373727 50.3241058
3 61459429 0.750181261580601 50.35424174
3 61496668 0.462493584755724 50.38217735
3 61557071 1.03030640668524 50.41011296
3 61583996 0.455725605838454 50.43785413
3 61644697 0.59627530015304 50.46551698
3 61691090 1.06736890843848 50.49317983
3 61717007 0.94316340061883 50.52084268
3 61744155 0.926946976626818 50.54644797
3 61775858 1.5836781515015 50.57583533
3 61800267 1.60972304845 50.61449173
3 61830525 0.439355944434422 50.66319843
3 61941385 1.87105957505902 50.71190514
3 61970189 2.93307664099743 50.76579961
3 61992005 1.40266117188014 50.82978743
3 62037624 0.531704682371515 50.89377524
3 62157969 0.988906638267661 50.95776306
3 62225577 2.22951352522662 51.02462095
3 62253266 2.4374328571997 51.08635385
3 62278399 1.06398607766558 51.14761398
3 62327816 1.92625293083236 51.20019274
3 62355112 0.865869434890985 51.2527715
3 62386805 1.39352434195201 51.28021339
3 62408270 0.582951472355769 51.31012517
3 62461518 1.4581688287272 51.34116611
3 62482794 1.36800143330646 51.37218999
3 62505120 1.2336501258405 51.40273222
3 62531741 1.06125716947623 51.43557372
3 62566088 0.951066022893723 51.47202422
3 62602954 0.479025520859865 51.50708619
3 62681478 0.953963414634146 51.54470121
3 62720838 0.374379324785132 51.58224935
3 62821132 0.344246513802683 51.61979749
3 62930205 0.634280718539168 51.65734562
3 62990828 0.626123908905953 51.69579727
3 63051776 1.89950223992036 51.73395812
3 63071866 1.04430518307701 51.77211896
3 63108408 1.0173824948679 51.81027981
3 63145917 0.964776285223715 51.84844065
3 63185521 1.12871228670957 51.88664991
3 63219395 0.4860666158149 51.92488385
3 63298055 0.340889724164497 51.96311779
3 63383722 1.19581507718767 51.99232083
3 63408143 0.706513148440868 52.02152387
3 63463815 0.666491619622774 52.06085687
3 63532368 0.441563702653433 52.10654714
3 63660730 1.23458941407101 52.16322723
3 63706640 2.57005531876304 52.21990731
3 63728694 2.3509892571239 52.2765874
3 63752803 2.35440724432998 52.33326749
3 63776877 2.21761414765836 52.38994757
3 63802436 1.7686522919462 52.44662766
3 63834483 1.75666496238405 52.50330775
3 63861865 1.80975703817971 52.55140924
3 63887795 0.746012759170654 52.59833657
3 63950495 6.0234 52.64511146
3 63955495 1.46518619084562 52.675228
3 63976119 0.683340074603389 52.70544554
3 64020621 0.810067131902248 52.73585604
3 64058308 0.364409989347852 52.76638544
3 64142798 0.97662247034194 52.79717479
3 64174324 2.61354270285633 52.82796414
3 64188398 1.62297345272376 52.86474716
3 64213749 1.60480536703331 52.90589138
3 64239387 0.62719512195122 52.94703561
3 64304987 1.04151478331308 52.98817983
3 64344491 2.00741458686697 53.02932405
3 64365126 0.546419902912621 53.07074666
3 64440934 0.18400081732734 53.11216927
3 64666058 0.964486098486036 53.15359188
3 64697961 0.264916616047269 53.18436211
3 64842833 0.548926278503431 53.22274069
3 64915105 1.54422921116594 53.26241221
3 64942259 0.706925618720075 53.3043443
3 65001575 0.854281254645459 53.34627638
3 65055391 1.46444641612269 53.39225035
3 65086949 1.83588842521414 53.43846582
3 65109714 0.62792809919101 53.48025991
3 65157057 0.868579476416657 53.50998781
3 65193269 0.45587334558334 53.54144075
3 65268371 1.52050317844033 53.57567817
3 65290709 1.28864994026284 53.60964302
3 65315819 0.82924275551997 53.6420015
3 65348292 0.598167223619389 53.66892935
3 65406346 1.64808015909439 53.70365567
3 65432494 1.24085816034048 53.74674973
3 65467033 1.71990843005743 53.78960822
3 65491932 0.599669588851288 53.83243262
3 65566990 1.57630662020906 53.87744277
3 65595690 1.5040243128611 53.92268233
3 65625633 0.993930699624807 53.96771776
3 65670943 1.60146963475254 54.01275318
3 65698705 1.33151461578322 54.0572134
3 65731512 1.06331239959106 54.10089605
3 65772594 1.06473462673569 54.1445787
3 65813932 1.02124875936118 54.18859254
3 65858264 0.896535225868187 54.23386702
3 65908426 1.25721580817052 54.27883926
3 65944458 0.54771475209141 54.32413889
3 66042478 3.21090927593752 54.37782632
3 66062131 2.49383496680367 54.44092983
3 66087435 1.7380022115739 54.50403333
3 66128130 3.097792582281 54.57476142
3 66148244 1.16624553128568 54.63707053
3 66201671 9.76188951160929 54.69937963
3 66207916 2.69602593010147 54.76034293
3 66229204 1.04451468947564 54.81773595
3 66256094 0.748571702914206 54.84582293
3 66297752 0.466138071674058 54.87700659
3 66367875 1.18909381934592 54.90969313
3 66395364 0.63120310582745 54.94237966
3 66445077 1.19820991668989 54.97375882
3 66477366 1.13898374941121 55.01244816
3 66511334 0.964015823216478 55.0511375
3 66547989 0.843844776119403 55.08647391
3 66589864 1.39860608997056 55.12181032
3 66616695 1.67020365435858 55.15933588
3 66637711 1.0937455599443 55.19443644
3 66672902 0.711861856213085 55.23292617
3 66726064 0.334139751717318 55.27076974
3 66839322 0.938761377127028 55.3086133
3 66869646 1.11027860624136 55.33708001
3 66897140 0.86734750667854 55.36760636
3 66933076 0.658978702807357 55.39877494
3 66974396 0.837345530412454 55.42600429
3 66999320 0.430282662928066 55.44687455
3 67047823 0.463201543339912 55.46774482
3 67092920 0.288068510908238 55.48863358
3 67165434 0.914419541236211 55.50952233
3 67188278 0.691780368260697 55.53041108
3 67218474 0.274234626897022 55.55129983
3 67294646 0.414075768211771 55.57218859
3 67338807 0.546119575380892 55.59047417
3 67375169 0.483370948141167 55.61033226
3 67415490 0.454587862107571 55.62982183
3 67458364 2.8027034800115 55.64931139
3 67465318 0.186125921616131 55.66880096
3 67570161 0.585759740649577 55.68831532
3 67603475 0.881033003747348 55.70782969
3 67625624 0.482019363762102 55.72734406
3 67666112 0.373274795077182 55.74686033
3 67708933 0.772521596051008 55.76284457
3 67730812 0.843539452013775 55.7797465
3 67750849 0.774440946153225 55.79664843
3 67775623 0.434364653499258 55.81583471
3 67819418 0.576429347289424 55.83485776
3 67859926 0.267423033067275 55.85820751
3 67947626 0.753720333547146 55.8816603
3 67978806 0.722352000983586 55.90516081
3 68011340 0.67452791064171 55.92866132
3 68047509 0.359734015984016 55.95305839
3 68111573 0.38902854496742 55.97610405
3 68172039 0.75382383169095 55.99962656
3 68205121 1.04838990426458 56.02456445
3 68228101 0.842436534023358 56.04865651
3 68256699 0.639146813816522 56.07274857
3 68294393 1.06844614767613 56.09684063
3 68316834 1.1383468641694 56.1208172
3 68337897 0.282871056531865 56.14479377
3 68422911 1.16533037094281 56.16884134
3 68443615 1.90240839574831 56.19296811
3 68465912 1.34811984971427 56.23538628
3 68497585 1.27977809495597 56.27808556
3 68534718 1.40313949339993 56.32560767
3 68562748 1.25340087291726 56.36493757
3 68594137 0.741229888089227 56.40428046
3 68647215 1.35498449561259 56.44362335
3 68677529 1.31671955696596 56.48469878
3 68709671 1.06966809993536 56.52702046
3 68745254 0.955971367575035 56.56508211
3 68785069 0.933006495894105 56.60314376
3 68825864 0.858621476952738 56.64120541
3 68865283 1.00175334323923 56.6750512
3 68898933 1.31974786625949 56.70876058
3 68924475 0.306515117072062 56.74246996
3 69034450 1.47017126755603 56.77617934
3 69057163 1.23244998892744 56.80957157
3 69084257 1.61968162083936 56.84296381
3 69104987 1.18819449359473 56.87654001
3 69133245 0.80381125661344 56.91011621
3 69175016 1.01751135548649 56.94369241
3 69208480 1.04114886961467 56.97774257
3 69243645 1.774968516904 57.01435482
3 69264291 0.536851203469038 57.05100102
3 69332552 0.6099026379296 57.08764723
3 69392637 1.65308317913852 57.12429343
3 69415876 0.759389578556179 57.1627098
3 69466464 0.985718975705844 57.20112616
3 69503016 1.10524700828475 57.23715635
3 69535606 0.839430846976084 57.27317645
3 69578547 0.957945664309639 57.30922227
3 69616165 1.1330627752353 57.34525869
3 69650908 0.608613269959535 57.38462506
3 69713184 0.391797879623291 57.42252685
3 69821278 0.879090635768635 57.4648779
3 69864517 0.821807716904711 57.50288854
3 69911427 1.65392900224022 57.54143913
3 69934639 0.865110628428377 57.57983039
3 69961802 1.2467545049409 57.60332905
3 69982446 0.948691485440472 57.62906726
3 70009576 0.527955487944652 57.65480548
3 70057563 0.621638434299933 57.68014059
3 70099359 0.634450087907794 57.70612231
3 70140311 0.321591246658085 57.73210403
3 70221103 0.648496193685261 57.75808575
3 70261168 0.828586918391428 57.78406748
3 70292525 1.04791481810115 57.8100492
3 70317319 0.312916908352668 57.83603092
3 70427655 0.72139514099579 57.87055656
3 70470174 0.168325796821494 57.90122925
3 70652398 0.204107027595339 57.93190194
3 70802677 0.529472347145456 57.96257463
3 70860935 0.760312128783845 57.99342015
3 70909761 0.760840402039089 58.03054331
3 70958214 1.94200875578961 58.06740861
3 70989736 1.85452452361477 58.12862424
3 71022745 2.28528763952664 58.18983987
3 71049532 1.19495640980633 58.2510555
3 71100805 0.464257949306095 58.31232491
3 71230722 1.04036447245167 58.37264001
3 71277694 0.946141989300934 58.42150774
3 71310781 0.422103826570784 58.45281227
3 71386985 0.342531396492853 58.48497795
3 71473380 0.422654498193296 58.51457073
3 71543397 1.33773786615352 58.54416351
3 71566782 1.35048782631625 58.57544699
3 71589536 1.38024008252837 58.60617601
3 71610862 1.33395268739237 58.63561143
3 71632928 0.413988551497166 58.66504685
3 71704029 0.762249057764787 58.69448227
3 71743032 1.12714622376838 58.72421183
3 71769765 0.511327190347707 58.75434426
3 71828694 0.932388526162701 58.7844767
3 71861011 1.04909128890746 58.81460913
3 71889733 0.0905044243003118 58.84474157
3 72222667 0.435814988869651 58.874874
3 72307570 0.378766404006727 58.91187556
3 72443741 0.187669708435344 58.96345264
3 72735786 0.459072923342715 59.01826018
3 72879334 1.28704299502779 59.08415883
3 72930619 0.260761075639968 59.15016523
3 73165865 1.00323820426854 59.21150864
3 73227010 1.99663629396236 59.27285204
3 73250496 0.598684598596119 59.31974537
3 73352214 1.71227330240405 59.3806428
3 73387779 0.338592921239617 59.44154022
3 73567641 1.61987217598098 59.50244011
3 73594553 1.34993011219825 59.54603409
3 73621024 0.510315713605416 59.58176851
3 73698721 0.469747859406784 59.62141826
3 73783277 0.41164034324089 59.66113792
3 73879769 1.22379738770309 59.70085758
3 73904881 1.25619973754164 59.73158955
3 73934600 0.464104126005395 59.76892236
3 74015041 0.513397595266135 59.80625517
3 74083822 0.25188313170509 59.84156693
3 74224014 0.868406167769225 59.87687869
3 74264677 0.83085841567194 59.91219045
3 74299695 0.991990238102687 59.94128533
3 74331656 0.364140359420507 59.97299021
3 74438439 0.254029228648518 60.01187425
3 74591508 1.87656473533619 60.05075829
3 74613876 1.55238729242945 60.09273363
3 74640915 0.57664303769645 60.13470898
3 74713707 0.251136771568745 60.17668433
3 74880847 0.250686698354312 60.21865967
3 75048315 1.79325957883046 60.26064167
3 75071726 1.25250802966018 60.30262367
3 75096945 1.49792908374583 60.334211
3 75126642 0.447420983428852 60.37869474
3 75226273 1.20042601077084 60.42327154
3 75251155 1.0670861774744 60.45314042
3 75279283 0.324593975008879 60.4831558
3 75372196 0.649894410205577 60.51331515
3 75418602 0.259060102905933 60.5434745
3 75535019 0.783513457341785 60.57363385
3 75573511 0.497672606875061 60.60379321
3 75624856 1.04333999266115 60.62934576
3 75649383 0.406261410722507 60.65493581
3 75712372 0.479734037708352 60.68052587
3 75767267 0.54630003390761 60.70686089
3 75829200 1.30224312032683 60.74069527
3 75855146 1.62222893125162 60.7744833
3 75878332 1.86590931640044 60.81209651
3 75898490 0.518578263087507 60.84970971
3 75971021 1.16188666205943 60.88732292
3 75999961 0.898174927695223 60.92094787
3 76040069 0.982605581561916 60.95697185
3 76079162 1.73675892897458 60.99538481
3 76101309 1.50403896894662 61.03384902
3 76125944 1.35162149345201 61.07090103
3 76153357 0.477003034217562 61.10795304
3 76219931 1.40257457932428 61.13970888
3 76242692 0.619085022414652 61.17163282
3 76294890 1.44887892376682 61.2039474
3 76323880 1.10264353030741 61.24595049
3 76361973 0.517923563325274 61.28795358
3 76404989 1.03799639386077 61.31023218
3 76427728 0.932194448953092 61.33383562
3 76452372 126.391304347826 61.35680906
3 76452556 1.04354026471768 61.38006463
3 76474995 0.991313234542667 61.4034809
3 76498479 0.842301098019188 61.42676076
3 76525892 1.06862294177169 61.44985096
3 76547634 1.08175807803334 61.47308479
3 76569112 0.0970773303734147 61.49631862
3 76835786 0.260759972900809 61.52220615
3 76936158 1.30441066533765 61.54837945
3 76956223 0.82017014896183 61.57455274
3 76986902 0.763198596458829 61.5997149
3 77030221 0.635328098938204 61.63277591
3 77079383 0.748621279832652 61.66400954
3 77121451 0.765297508501966 61.69550259
3 77162912 0.245910385598362 61.72723232
3 77279121 0.424774796396742 61.75580899
3 77341620 0.58177332438808 61.78235672
3 77387827 1.19269042880405 61.80923873
3 77409935 0.234209427711111 61.83560675
3 77522518 0.369335904637407 61.86197477
3 77599781 0.823754041699186 61.89051083
3 77635657 1.98659739032887 61.92006393
3 77652594 0.78978672985782 61.95371132
3 77694794 1.32753126742611 61.98704041
3 77719900 0.520788324344488 62.0203695
3 77784239 0.482125692314734 62.05387625
3 77849780 1.03945308756349 62.08547497
3 77881083 0.803705075954057 62.11801325
3 77921568 1.38323169394112 62.15055152
3 77944361 0.544435837851794 62.18207934
3 78002456 0.64311863236056 62.21370881
3 78060366 1.10951231864629 62.25095225
3 78093933 0.277099158633375 62.28819568
3 78240718 0.813968355441905 62.32887012
3 78290774 1.27976878612717 62.36961381
3 78317589 0.832130947451015 62.40393126
3 78363470 1.02153903783379 62.4421099
3 78400844 0.800935638163968 62.48028853
3 78448512 0.307239082161362 62.51846717
3 78583612 0.727698970197095 62.55997539
3 78642264 1.59204630321135 62.60265638
3 78669044 1.5769714454801 62.64529161
3 78696080 0.969550188747896 62.68792683
3 78740054 0.209229825441972 62.73056206
3 78919364 1.15351842446815 62.76807913
3 78954806 1.07103898276727 62.80896188
3 78984691 1.70747903640153 62.84096943
3 79005322 0.780505655355955 62.87619674
3 79050412 1.4567921507451 62.91138981
3 79074771 0.460169876158983 62.94687582
3 79151886 1.04292561690041 62.98236183
3 79180051 0.512742155525239 63.01173606
3 79253351 1.48712064258299 63.04932019
3 79278624 0.56303957099502 63.08690432
3 79346502 1.32535205551723 63.12512199
3 79371143 1.17788357498377 63.15777968
3 79398869 1.18821175186465 63.19043737
3 79426354 1.80256646817076 63.22309506
3 79450200 1.87932843651626 63.2660791
3 79473072 0.221712868638225 63.30906315
3 79667436 0.356664870425709 63.35215632
3 79769501 0.332268202142917 63.38855958
3 79864325 0.453388301268704 63.42006663
3 79936367 0.973786666666667 63.45272924
3 79973867 0.570221081910608 63.4892462
3 80057275 0.963904989663978 63.53680756
3 80106617 0.586261980830671 63.58436893
3 80186745 1.05524997216346 63.63134533
3 80231650 0.861383615747229 63.67873125
3 80286593 1.39250928267772 63.72605785
3 80323759 1.83320135567451 63.77781135
3 80355330 1.16942501279645 63.83568686
3 80408079 2.15707941392454 63.89737273
3 80436676 1.99424644923724 63.9590586
3 80467092 1.7071443110116 64.01971552
3 80491657 1.26129831777672 64.06165171
3 80529583 1.67671098326727 64.10948755
3 80558090 1.20213274314026 64.15728585
3 80597851 1.40300677542237 64.20508414
3 80632240 1.24442415868943 64.25333262
3 80672772 0.819326605340716 64.3037715
3 80717560 0.92156229825694 64.34046787
3 80764030 1.66451738960531 64.38329292
3 80789620 0.492438504665163 64.42588841
3 80886294 1.83452793834297 64.47349428
3 80912244 1.06867691437194 64.52110016
3 80954660 1.56977506848258 64.56642905
3 80980579 0.935004150142949 64.6071156
3 81023951 1.69843527738265 64.64766816
3 81048556 1.41068052930057 64.68945771
3 81078180 2.20196583196817 64.73124726
3 81095272 2.32292309591408 64.76888293
3 81111474 1.3586502448862 64.80651859
3 81139242 0.883624591917917 64.8442452
3 81175693 0.721894832275612 64.8764545
3 81219813 1.26078101131957 64.90830437
3 81245344 0.996470916013993 64.94049354
3 81277647 2.42250332889481 64.97268272
3 81292667 1.01490989537724 65.00906849
3 81336061 0.615759965325839 65.05310901
3 81407584 1.50205058099795 65.09714954
3 81436844 1.71071581487681 65.14109912
3 81462535 1.04478676365711 65.1850487
3 81504601 1.14521718737786 65.22899828
3 81542978 1.30636470128856 65.27294786
3 81568588 0.824355374010722 65.30640423
3 81607758 0.874962984897838 65.33869457
3 81634774 1.50569520816968 65.36233208
3 81655142 1.49044525128989 65.39299978
3 81676074 1.76188849995731 65.424198
3 81699500 1.3783712234025 65.4654716
3 81729719 0.906681951456097 65.50712438
3 81775080 0.865579290750289 65.54825248
3 81822595 1.52869461790068 65.58938058
3 81849499 0.811164007818904 65.63050867
3 81912935 0.14209818480304 65.68196588
3 82286944 1.77236043486961 65.73511188
3 82316930 2.62205470600905 65.78825788
3 82340145 0.60453390658589 65.84912878
3 82442485 1.08692902319044 65.91099713
3 82499405 1.22554573907531 65.97286548
3 82549887 2.0779203331766 66.03473382
3 82579661 0.672160560794459 66.09660217
3 82699491 1.2513248008925 66.17714757
3 82764029 0.59027219645399 66.25790579
3 82867300 0.656754384990502 66.31886378
3 82957323 1.73788947677837 66.37798661
3 82991343 1.47966564056361 66.43710943
3 83031300 1.60925984005018 66.49623225
3 83056808 0.99594118038459 66.53728154
3 83101895 0.703307230923026 66.58218571
3 83149911 0.299808832298572 66.61595587
3 83263947 1.23006327942863 66.65014486
3 83290970 1.39999143578983 66.68338488
3 83314323 0.900088003960178 66.71607915
3 83350685 0.553997835351417 66.74880813
3 83409817 0.231368475720592 66.78156696
3 83552304 0.591356693620845 66.81453384
3 83607954 0.939307070390361 66.84744285
3 83652605 0.425425334623448 66.8893837
3 83751821 1.03105877763963 66.93159292
3 83792840 6.51344410876133 66.9738859
3 83799460 1.67570537048431 67.01700476
3 83822214 1.03165132176868 67.05513426
3 83872828 1.34417760045014 67.10734993
3 83911927 1.42350015542431 67.15990558
3 83944097 0.820144408271648 67.20569962
3 83999080 0.72525210286762 67.25079334
3 84061257 2.0737640836974 67.29588707
3 84083002 1.09191728412998 67.34098079
3 84124300 2.39872041996473 67.38607452
3 84148683 0.681979904932684 67.44456221
3 84218949 0.70354916302587 67.49248249
3 84280062 1.35309667673716 67.53547876
3 84311838 1.40514395895291 67.57847503
3 84342437 1.96113847837986 67.6214713
3 84364361 1.53894485971184 67.66446757
3 84392054 1.54884591840409 67.70708546
3 84419825 0.5882740362885 67.75009895
3 84497260 1.65955043899596 67.79565189
3 84524709 0.238086034912718 67.84120483
3 84685109 1.64047020903446 67.87939389
3 84706206 1.94440003552713 67.91400265
3 84728724 1.80134112226428 67.95778696
3 84753032 0.687020707243045 68.00157385
3 84808713 1.17773467565654 68.03982751
3 84841194 0.922056065778718 68.07808118
3 84882788 2.28753680078508 68.1164335
3 84903168 0.953751789000204 68.16305311
3 84952078 2.16132919312231 68.20970062
3 84973655 1.51865963266901 68.25633578
3 85004363 1.25501224467827 68.30297095
3 85041522 0.994065036161873 68.34960611
3 85077748 0.330042031401973 68.38561703
3 85192900 1.86007243539546 68.42362176
3 85213332 3.04502844323371 68.46162649
3 85225813 0.642725473947675 68.49963122
3 85284944 1.75178612583545 68.53763595
3 85306639 0.942654463377731 68.57564068
3 85346956 0.892135988207492 68.61364541
3 85389695 0.9538688614815 68.65177447
3 85429668 0.648655973980422 68.68990354
3 85492390 1.19786520818631 68.73058844
3 85526398 0.946068422887306 68.77132512
3 85566560 0.98191027496382 68.80932146
3 85605256 1.8700913805878 68.84731779
3 85625501 1.68169502065473 68.88517771
3 85648014 0.965816326530612 68.92303763
3 85687214 1.3754268691419 68.96089754
3 85714740 1.08537398996763 68.99875746
3 85755209 1.04828047063316 69.04268162
3 85797110 0.4337744271053 69.08660577
3 85910918 1.18882984539351 69.13597318
3 85956647 1.55845897944948 69.19033686
3 85993921 0.53447598162936 69.24842695
3 86090597 1.27889366139484 69.30009827
3 86130874 1.76476634233247 69.35160848
3 86160062 1.82620718995958 69.40311869
3 86188268 2.3844943300162 69.4546289
3 86209873 2.31370699721549 69.50614604
3 86232139 0.9595092372209 69.55766318
3 86267431 1.32723894776844 69.59152643
3 86291114 1.58804254914997 69.62295896
3 86312172 1.75770882594219 69.65640041
3 86332895 1.07979115660305 69.6928255
3 86366796 0.617152664434386 69.72943124
3 86426227 1.3011919965943 69.76610959
3 86454415 0.990093129977055 69.80278794
3 86491460 1.20413657255417 69.8394663
3 86521920 0.683228139173459 69.87614465
3 86584978 1.45898108890235 69.9192272
3 86614696 0.929312414266118 69.96258496
3 86661352 0.770658182399886 70.00594272
3 86717613 0.444945356373359 70.04930048
3 86833180 1.40169072948328 70.10072163
3 86875292 1.57827226154628 70.15974957
3 86900863 4.27263591598834 70.20010737
3 86910814 0.470792921476839 70.24262482
3 87014847 1.16371159814276 70.29160281
3 87056414 1.49099951348722 70.33997482
3 87093412 1.58887198689445 70.39513873
3 87127596 1.16954207743963 70.44945301
3 87183588 1.08380160774214 70.51493846
3 87234840 2.15721082723602 70.57048499
3 87259851 1.53349040727028 70.6244392
3 87286590 1.13022009029345 70.665443
3 87329118 0.980289820690746 70.71350912
3 87379701 1.44302610326682 70.76309544
3 87418087 1.17902135980001 70.81848732
3 87458490 2.28995389934691 70.8661229
3 87479314 0.576928195511463 70.91380882
3 87561969 1.3621666766092 70.96149475
3 87595495 0.416599009313909 71.00716264
3 87705116 0.543759565882844 71.05283054
3 87791360 0.29674817388529 71.09972663
3 87929221 0.567828242922922 71.14063683
3 88002627 0.593128490845842 71.18231913
3 88074780 1.36085850556439 71.22511464
3 88106230 1.48230165046192 71.26791324
3 88135131 1.40296620305505 71.31075295
3 88164394 1.63734076433121 71.35180785
3 88189514 1.37540128410915 71.39293795
3 88219418 0.899862165532632 71.43406806
3 88265125 2.02403716063859 71.47519816
3 88287299 0.936821941958232 71.5200788
3 88346291 2.00758675765936 71.57534362
3 88373839 2.16440228000312 71.63064889
3 88399453 0.929293436422666 71.68608747
3 88459207 0.93569090352023 71.74161693
3 88521220 1.02257242615835 71.79964149
3 88574205 1.2960721462061 71.85382271
3 88616009 1.72966601178782 71.90800393
3 88656729 3.25682265377706 71.97843617
3 88680107 0.951019133151113 72.05457463
3 88744132 8.54996817313813 72.11546372
3 88750416 2.82365145228216 72.16919194
3 88770660 2.12049737711288 72.22635405
3 88796395 1.7941567065073 72.28092552
3 88821997 2.36391939080315 72.32685938
3 88845766 1.44810734218212 72.38304769
3 88880347 1.56789504993895 72.4331242
3 88912286 1.44527845922888 72.48320071
3 88939597 1.48172583124039 72.52267237
3 88966274 1.12902064994741 72.56220019
3 89002400 0.9704951578747 72.60298716
3 89044427 1.52996335417116 72.64377413
3 89072261 1.626126470139 72.68635927
3 89098449 0.890142283499292 72.72894442
3 89141532 1.98039519966894 72.76729485
3 89160864 1.82762077525301 72.80557958
3 89181812 1.15031049445267 72.84386431
3 89220299 0.870890230322921 72.88813678
3 89288551 1.93183605422918 72.94757635
3 89320342 3.15932893716059 73.00899108
3 89340966 2.67754263406616 73.07414889
3 89365301 1.41585623218676 73.13930671
3 89411264 1.17839746491625 73.20438415
3 89466489 0.684456247958098 73.26946158
3 89561376 0.685476541197856 73.33440798
3 89625190 1.39447904148002 73.37815074
3 89652649 1.41729537366548 73.41644216
3 89680749 0.955541159816694 73.45626846
3 89722428 1.32704674952517 73.49609477
3 89752439 1.26146193771626 73.53592107
3 89775559 2.90901111761264 73.5650857
3 89789231 1.49828592955359 73.60485806
3 89815776 2.30517201029722 73.64463041
3 89837141 2.35313009299204 73.69388004
3 89858003 1.07681088964511 73.74297067
3 89888858 1.37426301853486 73.77619568
3 89917183 1.59424849180206 73.81512217
3 89944202 1.66840963668758 73.85819706
3 89970020 0.404387417218543 73.90127195
3 90037668 1.24178660483836 73.92862758
3 90060527 1.09258825497741 73.95701314
3 90090412 1.41578879477147 73.98966514
3 90113669 1.4206143757011 74.02259241
3 90136847 0.602451742749977 74.05551969
3 90191502 0.365041358293426 74.08844696
3 90292570 0.877676277476449 74.1253405
3 90334606 1.22662655382174 74.16223404
3 90364854 0.294220734937275 74.19933688
3 90490960 0.702419619178164 74.23643971
3 90558078 0.459992656471732 74.28358449
3 90658847 2.12307058123025 74.32993714
3 90680680 1.0312583429741 74.3762898
3 90725628 0.956388929021073 74.42264245
3 90774079 0.519961027889417 74.4689808
3 90856189 2.53597669666536 74.51167524
3 90879190 1.98495882392976 74.57000484
3 90908576 1.60097710929352 74.62833443
3 90945010 1.41858391296594 74.68666403
3 90978652 2.21850278632945 74.73438815
3 91004313 1.85444366689993 74.79131684
3 91035751 1.7002995321913 74.84961663
3 91065464 1.84730311471259 74.90013805
3 91085209 0.701985419128029 74.9366131
3 91154615 2.49269978401728 74.98533523
3 91177765 0.509741742038177 75.04304099
3 91258808 1.27476139978791 75.08435228
3 91296528 1.84742045935444 75.13243676
3 91322521 2.31622364802933 75.18045645
3 91343250 0.466108030954762 75.22846964
3 91446239 0.714859497939303 75.27647334
3 91512964 0.76096806100635 75.32417276
3 91575646 1.71772438408636 75.37187219
3 91598620 2.13471408457101 75.41133558
3 91620637 1.19519702867028 75.45833604
3 91659946 0.886747170096566 75.5053183
3 91712863 1.98344539763506 75.5522421
3 91734428 1.90553998706618 75.59501546
3 91757623 0.864197304483359 75.63921414
3 91812158 1.0458005103739 75.68634281
3 91857223 2.38935601938866 75.73347147
3 91877441 0.371451419432227 75.78177985
3 92007493 2.09267734553776 75.83008823
3 92031091 2.15035924232528 75.87947156
3 92054056 1.29929234735485 75.92885489
3 92092069 0.476284381202794 75.97824507
3 92169655 1.38540905770635 76.01519836
3 92202511 1.88570363312482 76.06071697
3 92226650 1.48248941840414 76.10623558
3 92258545 1.07652027411607 76.15351979
3 92302468 1.8562829490912 76.200804
3 92327886 1.87405999155049 76.2479874
3 92351556 1.00464284096571 76.29234598
3 92395710 1.48295656817373 76.33670456
3 92418182 0.96813861087361 76.37002975
3 92457948 1.88336780744641 76.4085284
3 92479220 0.558334405788398 76.44859127
3 92549153 0.617347710525747 76.48763709
3 92595430 2.09892524480535 76.51620586
3 92616365 2.04035104011887 76.56014654
3 92637901 1.91990618077575 76.60408722
3 92660924 0.577019476789724 76.64828913
3 92737528 1.91225620848669 76.69249104
3 92761165 2.41422027227563 76.73769128
3 92776664 0.657514195177661 76.77510968
3 92838833 1.30533402382185 76.81598671
3 92858143 0.472015990862364 76.84119307
3 92928183 1.03830293123305 76.87425316
3 92955100 0.501033874597093 76.9022008
3 93020872 0.563508891928865 76.93515443
3 93079352 0.861502547897629 76.96810806
3 93114479 1.81471734892788 76.99836986
3 93134999 0.909379735079916 77.0356076
3 93175917 0.564591627659043 77.07281805
3 93235948 0.678234070807547 77.10671151
3 93275859 0.303584647479755 77.13378039
3 93365017 0.999704524469067 77.16084779
3 93392092 0.853210587938199 77.1879152
3 93435651 0.908413179507235 77.22508045
3 93476563 0.872935920459025 77.2622457
3 93522225 0.471416910235142 77.30210615
3 93598179 1.09834355828221 77.3379118
3 93630779 1.07579488277486 77.37371744
3 93668143 0.223385995025747 77.413913
3 93782331 0.149856219659256 77.43942147
3 93976377 1.19445248232814 77.4685009
3 94000568 1.17151798132327 77.49739596
3 94020700 6.36057173678533 77.52098075
3 94024408 0.843203641005717 77.54456554
3 94060442 0.262498492081273 77.57494919
3 94176496 1.39630407391852 77.60541366
3 94200306 1.29103253614067 77.63865953
3 94226523 0.641694148881007 77.67250625
3 94274736 0.221833495833709 77.70344408
3 94396787 0.197685521683983 77.7305189
3 94537121 0.213020470366598 77.75826061
3 94667700 1.17056131052758 77.78607692
3 94692606 0.550228883781121 77.8152305
3 94744379 0.456712732869465 77.84371748
3 94806753 0.83011335489699 77.87220446
3 94841070 0.406840902599257 77.90069144
3 94911090 0.42898232087462 77.92917841
3 94977496 0.464101269122367 77.95766539
3 95038877 0.341059563005088 77.98615237
3 95122402 0.500484914743171 78.01463935
3 95179113 0.730974271807154 78.04302216
3 95217942 0.261153840936529 78.07140497
3 95291661 0.406494795295707 78.0906573
3 95339022 0.764176386116073 78.10990962
3 95367573 0.178122573048627 78.13172762
3 95487322 0.593164475334074 78.15305811
3 95515235 0.17530339549241 78.16961489
3 95609831 0.389409416461195 78.18619821
3 95652416 0.358567040476926 78.20278153
3 95707435 0.912168222436302 78.22250959
3 95737538 0.399740191499299 78.24996817
3 95806050 1.11690753142991 78.27735514
3 95831583 1.00595374398901 78.30587342
3 95853418 0.319207095614941 78.32783871
3 95905732 0.859521291181886 78.34453761
3 95931259 0.78913646017062 78.36647886
3 95959040 0.419988966531813 78.38840213
3 96013420 0.599920865207069 78.41124132
3 96051330 1.05651094561047 78.43398395
3 96073485 0.554786565855277 78.45739063
3 96115676 1.03922031896043 78.48079731
3 96141071 1.21731778944558 78.50718805
3 96163545 0.704390017291661 78.53454556
3 96202292 0.61034264533044 78.56183844
3 96246536 0.562853107344633 78.58884267
3 96294680 0.558663253932213 78.61594084
3 96343126 1.03152517029407 78.64300595
3 96367202 0.841535470590478 78.66784141
3 96393435 0.413756911254803 78.68991765
3 96446790 0.593351695830633 78.71199388
3 96483822 0.352525044708563 78.73396737
3 96547009 0.363745381474039 78.75624231
3 96608717 0.820484702269986 78.7786888
3 96636074 0.87007310563571 78.80113528
3 96661927 0.658460496723175 78.8236295
3 96703278 0.565048664577583 78.85085702
3 96751465 0.792548391791588 78.87808455
3 96785820 1.30332025643479 78.90531207
3 96806722 0.955189340813464 78.93255428
3 96835242 0.668219921696731 78.95979649
3 96876875 0.510455416525758 78.98761615
3 96947843 0.842263891417359 79.02384263
3 96997280 1.24400353072111 79.06548211
3 97023337 1.25922616735296 79.09789722
3 97049079 1.48379566053282 79.13031234
3 97070925 0.924931696951299 79.16272745
3 97093984 0.459616650039269 79.18405572
3 97141095 0.72218715742617 79.20570889
3 97171198 0.694125159642401 79.22744854
3 97202518 0.372198407838334 79.24918818
3 97259673 0.784016126163515 79.27046111
3 97293407 0.676817565319753 79.29690959
3 97332484 0.514582563184622 79.32335807
3 97383881 0.578107846302874 79.34980656
3 97430336 0.422118135236239 79.37666287
3 97493958 0.536611814460379 79.40351918
3 97530845 0.79067169927592 79.42331313
3 97556809 0.682834331337325 79.44384204
3 97586869 2.28803923754319 79.46436799
3 97595840 1.76729891113453 79.48489395
3 97607228 0.968189983788284 79.50501998
3 97630051 0.266495411073724 79.52711684
3 97712968 0.943203183070264 79.5492137
3 97735839 0.525582301919891 79.57078596
3 97776883 0.43035489188403 79.59235821
3 97818135 0.463603404386619 79.61011087
3 97857026 0.69651339687665 79.62814073
3 97889235 0.590885430222269 79.65057521
3 97927657 0.340639963517519 79.67327847
3 97993442 0.142432495400609 79.69568758
3 98117915 0.710959157272223 79.71341672
3 98150381 0.746724467018213 79.73649832
3 98181292 0.520023073680474 79.75957993
3 98226365 0.681188061263042 79.78301871
3 98260774 0.703831855876465 79.8064575
3 98295744 0.618681346303698 79.83107001
3 98335527 1.05359946176273 79.85568252
3 98357822 0.90807235946314 79.87917274
3 98383527 0.881704398320712 79.90251458
3 98409014 0.97138334652393 79.92498622
3 98433021 0.5154046766565 79.94830575
3 98478267 0.622597180692012 79.97162529
3 98515723 0.590918305290898 79.99494482
3 98555187 0.614508946217292 80.01826436
3 98593136 0.969082446808511 80.04158389
3 98617200 0.757167440501315 80.06490343
3 98647999 0.312717956971941 80.08822296
3 98722555 0.32644030295294 80.11153762
3 98793061 0.474117865161596 80.13455338
3 98841608 0.942161277118297 80.15757051
3 98866038 0.636584826365848 80.18058764
3 98902206 0.881841510590218 80.20361159
3 98928315 0.345892674719067 80.22663554
3 98994879 1.04104362571296 80.2496595
3 99020827 1.01789886200919 80.27667225
3 99047365 2.45843576436311 80.303685
3 99058348 0.867056292347709 80.33068589
3 99089489 0.162853816971152 80.35768678
3 99255288 0.302374887509342 80.38468767
3 99320849 1.57198660714286 80.40451181
3 99342353 0.513277330704839 80.43831608
3 99410326 0.89303719852841 80.4732052
3 99432343 1.53297988460939 80.49286757
3 99445169 0.796765062676911 80.51252995
3 99469899 0.363683384769228 80.5322335
3 99527900 0.314729089952657 80.55332796
3 99584930 0.446551412020275 80.57127738
3 99629122 1.00279926710098 80.59101126
3 99648770 0.270842979708566 80.61071451
3 99722200 0.252799633918471 80.63060225
3 99800871 0.493524199045671 80.65048999
3 99840480 0.769929602391159 80.6700377
3 99865907 0.765427756282487 80.68961468
3 99891494 0.486079323960665 80.70919946
3 99931255 0.610659711773164 80.72852604
3 99961162 0.828754359978977 80.74678857
3 99982091 0.336299829378005 80.76413349
3 100033667 0.367533320619583 80.78147841
3 100080860 0.694651915165555 80.79882333
3 100105897 0.625476515859886 80.81621559
3 100133703 0.779071850922774 80.83360784
3 100156027 0.598641224848032 80.8510001
3 100186790 0.832963951332037 80.86941639
3 100208899 0.204786051063073 80.88783268
3 100298827 0.52512505684402 80.90624897
3 100334011 0.394592401170365 80.92472467
3 100380834 0.122754375594336 80.94320036
3 100536470 0.703605494788789 80.96230562
3 100563623 0.21638672118336 80.98141087
3 100651914 0.765314862398987 81.00051612
3 100678767 0.524681467917906 81.02106727
3 100718088 0.62435687732342 81.04169786
3 100751713 0.853689141709888 81.06269143
3 100775621 0.0886147326078368 81.08310118
3 101054051 0.770806697108067 81.10777383
3 101086901 0.588462964679707 81.13309477
3 101130049 1.10027299909 81.15848582
3 101153126 0.516381607044803 81.18387687
3 101202297 0.543972406110075 81.20926792
3 101248974 0.935413271245634 81.23465896
3 101270449 0.894397436950628 81.25474661
3 101294795 0.711455108359133 81.27652184
3 101330325 0.871515323697574 81.30180026
3 101358484 0.468464857022869 81.32634141
3 101410870 0.810415428307245 81.35088257
3 101441152 0.935330337826593 81.37542372
3 101471197 0.535434276093131 81.40352607
3 101529996 0.783586811844029 81.43500955
3 101575825 0.283377719309504 81.4709209
3 101700489 1.43741422554541 81.50624744
3 101721620 0.718775143168157 81.53662099
3 101763878 0.441129910681868 81.56699453
3 101832733 1.42983571058702 81.59736808
3 101853976 0.435064097973215 81.62774162
3 101923791 0.28570322780401 81.65811517
3 102040062 1.55626444752658 81.69133405
3 102061692 0.479235773978161 81.72499624
3 102131933 1.47124125874126 81.75865843
3 102154813 0.890434874616443 81.79232062
3 102192617 0.980147442967435 81.82598281
3 102227071 0.8610622402407 81.85975255
3 102266290 0.493393374347265 81.89352229
3 102360892 0.602675343456254 81.94019873
3 102438340 2.13532183539961 81.98687517
3 102460199 0.776520132496629 82.03355161
3 102520276 0.420434574933083 82.08020262
3 102631235 2.72378494987522 82.12685364
3 102654876 2.31277239910836 82.19124661
3 102684933 2.48484178893406 82.26076185
3 102707561 0.743635185356628 82.31698875
3 102783172 1.27704892385401 82.37321565
3 102827915 1.50659575028305 82.43035485
3 102865894 3.86789381417481 82.48757394
3 102881866 0.397226416149416 82.54935194
3 103060696 1.13853959367551 82.62038816
3 103106423 2.22873697252387 82.67245064
3 103133865 0.919482646164948 82.73361194
3 103205924 0.605504453204847 82.79986887
3 103342904 1.7286626746507 82.88281083
3 103393004 2.20942144270692 82.9694172
3 103418775 1.98334557923096 83.02635631
3 103455522 1.42453830520456 83.09923843
3 103500790 0.930282461134224 83.1637243
3 103569295 2.7455779674166 83.22745319
3 103595075 7.39291632145816 83.29823375
3 103604731 1.6568322057102 83.36962005
3 103655132 1.63219768119697 83.45312557
3 103716888 1.12527578255893 83.5539234
3 103777171 0.404123748190424 83.62175861
3 103945028 0.342098234879938 83.68959382
3 104150963 1.11149677358282 83.7600441
3 104214346 2.01706588342533 83.83049438
3 104253840 2.98990272133974 83.91015607
3 104278203 2.08545907412179 83.98299925
3 104313132 3.33082670052249 84.05584244
3 104333611 1.3727415169172 84.12405475
3 104374457 1.98443593561654 84.18012618
3 104402663 2.63588415352013 84.23609918
3 104423898 2.49167186247439 84.29207219
3 104446352 2.63197113131503 84.3480204
3 104467690 2.1122686926433 84.40418132
3 104494278 1.17297417631345 84.46034224
3 104543690 1.69886526448507 84.51830108
3 104578588 1.24325313329064 84.57758856
3 104611381 1.45465753869115 84.61835807
3 104642202 1.22856438221029 84.66319181
3 104678695 1.18555844940173 84.70802555
3 104705188 0.976308473347033 84.73943406
3 104738280 0.312934146410428 84.77174228
3 104844379 1.2984747751271 84.80494457
3 104869949 0.847782386320263 84.83814686
3 104909248 1.1675836691782 84.87146353
3 104937783 0.821895551257253 84.90478019
3 104976558 0.847870020741371 84.93664928
3 105014164 0.774979947986292 84.96853443
3 105055307 0.870953473585271 85.00041957
3 105091480 0.653034574247575 85.03192426
3 105139724 1.57003300330033 85.06342894
3 105162449 1.80489935284075 85.09910816
3 105187636 1.55350066050198 85.14456796
3 105219430 0.800679472102443 85.19396013
3 105257695 0.287638506185144 85.22459822
3 105394151 0.36823475905163 85.26384789
3 105495293 0.41595775887357 85.30109155
3 105566882 1.43356441363374 85.3308698
3 105587654 0.65265418840135 85.36064804
3 105633280 0.562744663564517 85.39042628
3 105687436 8.13134009610251 85.4209022
3 105691182 0.56497694159149 85.45136208
3 105745609 0.729849045855882 85.48211252
3 105787741 1.3073949793994 85.51286297
3 105811284 1.05545261135131 85.54364327
3 105840426 0.343979484788437 85.57440154
3 105909058 0.624756216479766 85.59800962
3 105941874 0.773641173641174 85.61851175
3 105973059 0.656693125252254 85.64263786
3 106010224 0.31271109556549 85.66704395
3 106101711 0.50740283280666 85.69565323
3 106164052 0.467686848525172 85.72728484
3 106231687 0.320906611301091 85.75891645
3 106329943 0.718278737072304 85.79044795
3 106373841 0.730147364530882 85.82197945
3 106417135 0.853290503698105 85.85359085
3 106454181 0.778981154741347 85.88520225
3 106507457 0.860138571533869 85.92670289
3 106561725 1.60368617517664 85.97338061
3 106591729 2.36847133757962 86.02149772
3 106613709 2.60656472580565 86.0735566
3 106633786 0.47103170319191 86.12588872
3 106744942 2.01951874419085 86.17824645
3 106773991 2.51572327044025 86.23691103
3 106797523 0.511380814581264 86.29611148
3 106913288 1.43337933706206 86.35531193
3 106954589 0.58729182845802 86.41451239
3 107047301 0.864887618139941 86.46896143
3 107110256 1.08819649852107 86.52341047
3 107160292 1.62580438610533 86.57785951
3 107191527 1.84930808448653 86.62864139
3 107218987 2.24381114419396 86.67942327
3 107242497 0.66372249273393 86.73217534
3 107321976 0.981416629010393 86.78492741
3 107375088 1.41333404906329 86.83705245
3 107412346 1.84579637954076 86.88971052
3 107445270 3.01264128494944 86.95048139
3 107465442 3.91289284830488 87.01125226
3 107485647 2.63229348147661 87.09031272
3 107516068 3.04556345795459 87.17038985
3 107542361 5.35202007528231 87.25046697
3 107562286 2.27794670433596 87.35710636
3 107604053 1.47638643352696 87.45224892
3 107671366 2.57834940192823 87.55162865
3 107696363 2.29773891230882 87.61607992
3 107725066 1.56979982386404 87.68203154
3 107767079 2.89237786159109 87.74798316
3 107789881 2.7970125253893 87.81393479
3 107813513 2.04567519015403 87.88003428
3 107839676 2.39839910124982 87.93355489
3 107861039 1.5070149122033 87.98479169
3 107895038 1.27156307170586 88.03602849
3 107939860 0.874321690900914 88.09302205
3 108006570 1.94430658169308 88.1513482
3 108042032 1.63728490331737 88.22029689
3 108087128 0.474362516141881 88.2941318
3 108242779 1.91930065860819 88.36796672
3 108280586 1.51242472201098 88.44052977
3 108329239 0.800619855501218 88.514114
3 108428617 3.87945373783196 88.59367803
3 108449779 1.11541474218729 88.6757753
3 108523825 1.7832045582078 88.75836713
3 108570159 0.64822298102762 88.84098978
3 108669145 2.60355534854836 88.90515515
3 108694909 3.12470303256161 88.97223281
3 108716376 1.56390416705509 89.03931047
3 108759284 2.60407134548274 89.10641478
3 108785074 1.59573332095269 89.17357365
3 108828152 1.11845795503161 89.24231425
3 108870226 1.57102228816965 89.28937189
3 108902575 2.35054129014941 89.34019331
3 108924929 1.96239765865224 89.39273721
3 108951922 2.7584484543041 89.4457078
3 108974145 1.13375632183908 89.50700901
3 109028520 0.792619156132313 89.56865731
3 109111898 1.21303102712365 89.6347446
3 109166721 0.615178306903058 89.70124616
3 109230852 1.46450826334327 89.74069847
3 109267762 0.441300842437804 89.79475347
3 109389314 1.09201242565078 89.84839452
3 109430841 1.55761452031115 89.89374269
3 109459766 1.27530570652174 89.93879624
3 109495094 1.86802011122115 89.9838498
3 109521348 1.52222360171333 90.03289311
3 109553566 0.673263957299708 90.08193643
3 109609397 1.02234648067981 90.11952519
3 109659293 1.69946028784648 90.17053617
3 109689309 2.4915014164306 90.22154715
3 109709783 0.39392862934676 90.27255813
3 109839276 0.448393940194188 90.32356911
3 109952877 2.33072523450011 90.37450747
3 109974732 0.862873308149679 90.42544583
3 110033765 2.02094573151381 90.47638419
3 110058973 0.407213198618749 90.52732845
3 110184077 1.92321488622352 90.57827271
3 110210840 2.08075207906472 90.62974364
3 110235731 2.09777633764024 90.6815358
3 110260420 0.876524003584896 90.73332796
3 110319557 1.14613275549463 90.78516256
3 110364783 1.68849148180722 90.83699716
3 110395482 1.17090543428164 90.88883176
3 110419349 0.398301098869775 90.91677817
3 110489512 0.4963998528407 90.94472457
3 110546593 1.15951221508368 90.97305976
3 110571030 0.862170875873186 91.00139496
3 110608250 1.3761310519319 91.03348518
3 110631569 1.46355651436937 91.0655754
3 110657527 1.28737220226582 91.10356607
3 110693717 0.324174011081932 91.15015606
3 110839179 1.72450994733762 91.19731104
3 110866523 0.920103445653001 91.24446602
3 110932258 0.91450554180566 91.30494901
3 111006602 0.615593564100939 91.37293744
3 111117045 1.8746835443038 91.44092588
3 111153385 1.13496043315285 91.50905163
3 111213410 0.96942497254349 91.57717738
3 111287163 3.45910052671859 91.648675
3 111309376 0.723498615845276 91.72551228
3 111415578 2.01393403314328 91.80234957
3 111453112 6.01723668692733 91.87794096
3 111464135 1.06920286934795 91.94426891
3 111526170 2.87019993652809 92.01059686
3 111551378 1.69537913581404 92.08294873
3 111594054 4.10069188191882 92.15530059
3 111615734 2.50125674263605 92.24420366
3 111651143 3.55076083615125 92.33277115
3 111677167 2.9741864881393 92.42517656
3 111708236 4.1301679731243 92.51758198
3 111730561 2.81428300635011 92.60978796
3 111751663 3.12238409338965 92.66917538
3 111772736 1.74449064449064 92.73497358
3 111806406 2.14282581682626 92.79371053
3 111833768 0.871025233547697 92.85234281
3 111901099 2.39030340944636 92.91098998
3 111933069 2.38900608015883 92.98740796
3 111965305 2.34583767511868 93.06441977
3 111991216 0.951559517105932 93.12520262
3 112064027 1.07960179272597 93.19448633
3 112139666 1.53574182385797 93.27614663
3 112192839 2.96224009068046 93.35780692
3 112221070 2.28234394626181 93.44143355
3 112257692 1.62536495692607 93.52501764
3 112313178 2.75247222561348 93.61520276
3 112345942 1.10130754862103 93.70538468
3 112427851 0.385086936661957 93.79559141
3 112662102 2.59333199090988 93.88579813
3 112696865 1.571299239952 93.97595029
3 112744362 1.76121298721918 94.05058242
3 112794750 3.06037865748709 94.13932652
3 112823800 1.02486272787173 94.22823075
3 112914860 1.14270673930342 94.32155496
3 112996545 2.98952695128591 94.41489701
3 113027768 2.64164360528252 94.50823905
3 113056315 2.28835129557441 94.58365004
3 113091203 2.65169303563507 94.66348636
3 113125018 2.97088245137778 94.75315293
3 113151909 3.40044266621265 94.83304328
3 113175403 1.34985806974858 94.91293363
3 113234587 1.00289659312622 94.99282398
3 113301217 3.20626541473757 95.05964726
3 113324328 10.7481137550784 95.13374696
3 113331220 1.55062288073124 95.20782328
3 113385484 1.28053995647476 95.29196631
3 113451193 1.28561930354323 95.37610935
3 113523387 4.62820384960606 95.46892309
3 113543441 5.40417762196903 95.56173684
3 113563979 5.07662010533547 95.67272786
3 113585814 3.6537519249615 95.78357616
3 113614386 3.21627778119805 95.88797073
3 113646872 2.97615721942504 95.99245454
3 113677657 1.64168413696716 96.08407571
3 113734897 1.7714225322342 96.17804524
3 113782207 0.693837018422066 96.26185092
3 113880893 2.83686818632309 96.33032249
3 113901073 2.99433133355378 96.38757004
3 113922242 0.993512446230872 96.45095736
3 113978966 1.60869828945772 96.5073135
3 114011938 1.4543709027073 96.56035507
3 114048395 1.94112478031634 96.6133771
3 114075707 1.97800319548174 96.6663928
3 114102620 2.06502403391242 96.71962666
3 114129041 1.66856113113391 96.77418658
3 114165111 1.57916141897565 96.83437112
3 114203223 3.51152805003267 96.89455565
3 114224649 2.17571092308671 96.9697937
3 114256087 3.2744506678156 97.03819391
3 114276976 1.74299431195533 97.10659412
3 114315302 2.02600990170051 97.17339614
3 114343176 2.27640916693034 97.22986912
3 114365299 2.19869981339915 97.28023025
3 114398525 1.94935739001483 97.35328407
3 114438985 2.19335910342334 97.4321554
3 114474944 3.73088930936613 97.51102673
3 114496084 1.62056655189168 97.58989806
3 114543423 1.10059008320598 97.66661384
3 114590535 3.617234926286 97.71846478
3 114612444 0.90049182329888 97.79771527
3 114702517 1.3732759178916 97.87882514
3 114764289 2.64527289690561 97.96365498
3 114790013 1.69383000753012 98.03170184
3 114832509 2.19540054362765 98.10368283
3 114865252 2.29037378232859 98.17556659
3 114897383 2.23551810237204 98.24915862
3 114929423 1.99413061528331 98.32078471
3 114964350 2.45268866429552 98.39043329
3 114992747 2.2606472425272 98.46008186
3 115021886 2.375 98.52595508
3 115049622 1.62653398849354 98.59182831
3 115090121 2.1064009622574 98.65770153
3 115120882 1.32312085327958 98.72249676
3 115180417 0.821945204343861 98.80126896
3 115276921 1.32451116268973 98.88058987
3 115336808 2.47432024169184 98.95991077
3 115363288 2.89344502158168 99.0254303
3 115390626 3.33750314835026 99.10453132
3 115414448 3.07382446355256 99.18403757
3 115440266 1.31166536022233 99.26339768
3 115510431 1.8166304685076 99.35543065
3 115571668 2.79237361818408 99.46667523
3 115611923 3.4068510161432 99.57908229
3 115644940 3.05879153749932 99.69156635
3 115681714 1.53060280310246 99.8040504
3 115755204 3.81910035597426 99.91653446
3 115783015 5.41488656640326 100.0227472
3 115802630 5.27635370094387 100.12896
3 115822760 66768 100.2351727
3 115822761 1.07595972309629 100.3019407
3 115902211 1.85289370532626 100.3874252
3 115949918 1.10837209885522 100.4758217
3 116029671 2.23290571363762 100.5642181
3 116069348 1.69578390217193 100.6528134
3 116124138 2.89942268684662 100.7457258
3 116156183 4.57334120889939 100.8386381
3 116176499 0.911616601313562 100.9315505
3 116320078 6.0880180928644 101.0624399
3 116341744 6.23210381878227 101.1943425
3 116363243 4.07580174927114 101.3283264
3 116396171 4.25017153111311 101.462534
3 116434065 6.33876362491638 101.6235901
3 116459478 5.44841848323558 101.7846768
3 116488975 4.0805382759934 101.945389
3 116528360 3.37814772775045 102.1061013
3 116575934 5.7950401676563 102.2668136
3 116604564 4.56868633781315 102.4327253
3 116644521 3.3460600839489 102.6152766
3 116699078 2.19183065784576 102.7978278
3 116782365 4.94272861554989 102.980379
3 116812153 4.25544538024312 103.1276132
3 116836256 3.05106131469394 103.2301827
3 116875170 3.86653645833333 103.348912
3 116905890 5.29723944164474 103.4676924
3 116928313 5.18848556327262 103.5864728
3 116951206 3.83349940535502 103.7052532
3 116982317 3.18020372246814 103.8245171
3 117019819 2.02368751484712 103.9437809
3 117078753 9.30406950160036 104.0630448
3 117091875 3.48524122180988 104.1851328
3 117126905 5.03987619085903 104.3072209
3 117151782 3.79856302583575 104.4325981
3 117178644 1.68568138195777 104.5346353
3 117243769 1.31037942030024 104.644415
3 117327502 4.35332857256209 104.7541367
3 117352708 2.46727574210749 104.8638671
3 117383465 3.20664505672609 104.939753
3 117404443 2.84273855441892 105.0070216
3 117428295 1.80481247837313 105.0748265
3 117465864 2.66250825852085 105.1426313
3 117491595 2.63460272684532 105.21114
3 117512865 3.26509498741131 105.2671775
3 117534710 1.40135543696609 105.3385038
3 117583993 3.1639397003401 105.407567
3 117605751 1.27632237610546 105.4764084
3 117659688 2.50578024142081 105.5452499
3 117687109 3.03668184027931 105.6139605
3 117709736 1.45647675541454 105.682671
3 117760479 0.507189892332826 105.756577
3 117939828 2.40884277201317 105.8475408
3 117987822 4.62064045656309 105.963151
3 118013054 2.45847204079053 106.079739
3 118060516 3.6367513207307 106.1964232
3 118091938 3.04540399793865 106.3106976
3 118128807 3.68318349422049 106.4229789
3 118152944 3.35046644442722 106.5118795
3 118191641 4.11284429901198 106.6415326
3 118223118 4.46622162883845 106.7709928
3 118253078 3.65708587197071 106.9048004
3 118289679 0.582728915574144 107.0386535
3 118493870 3.5820500019202 107.1576411
3 118519909 2.87434351979134 107.250914
3 118548280 2.66575136478049 107.332462
3 118578871 2.22999237804878 107.41401
3 118615607 2.46122773097638 107.4959311
3 118644571 2.39402042499929 107.5672185
3 118679724 0.993169997262524 107.6513752
3 118752784 2.62494556539411 107.7239365
3 118780340 3.43600699164886 107.7962699
3 118800936 2.09733082485743 107.8670379
3 118834954 2.11649570280011 107.9383849
3 118871024 1.84896703722541 108.0147274
3 118912313 2.49390183440754 108.0910699
3 118942568 1.42080220212348 108.166523
3 118993428 0.641956476519706 108.2387847
3 119094385 0.114351955593118 108.3035947
3 119661144 3.12186897880539 108.3684046
3 119681904 2.38473709386614 108.4332146
3 119709081 3.0581400863091 108.4980246
3 119730168 2.11723576131967 108.5625114
3 119759630 0.33233878676369 108.6248895
3 119940617 2.22321197560525 108.6850387
3 119967672 1.14825420460837 108.745188
3 120020055 2.79347018391232 108.8053373
3 120041587 2.7718895863512 108.8654866
3 120066439 2.61093844754397 108.9343731
3 120092823 1.37054266701725 109.0032596
3 120142264 1.1494494284257 109.071021
3 120208922 1.58596956756084 109.1476408
3 120257160 2.14748070175439 109.2241451
3 120292785 2.97603201175942 109.3006494
3 120317276 1.15261210032244 109.373535
3 120380233 2.78439786791941 109.4461003
3 120402371 2.7669105435612 109.5077413
3 120424650 0.504517776468277 109.5693855
3 120546834 0.513060384263495 109.6310297
3 120634274 3.80122013218099 109.6758913
3 120646076 1.50784004297754 109.7207529
3 120675859 2.08524065178487 109.7656605
3 120697093 1.14588374469 109.8099385
3 120734287 1.35532323447834 109.8525588
3 120757722 0.593187967531434 109.8843209
3 120782854 0.0601065751445087 109.8992285
3 120804998 0.0551412710249399 109.9005591
3 120829136 0 109.9018896
3 120928899 0 109.9018896
3 120957517 0 109.9018896
