Chromosome Position(bp) Rate(cM/Mb) Map(cM)
10 0 0 0
10 328444 3.26930935839804 0
10 504628 0.513170244228523 0.576
10 948925 0.188932739944579 0.804
10 1044197 1.3523435626948 0.822
10 1177669 2.29034095129621 1.0025
10 1218056 0.774053719328122 1.095
10 1243894 0.572327943911862 1.115
10 1257872 1.362239195231 1.123
10 1300816 2.30298913043478 1.1815
10 1374416 3.81219903691816 1.351
10 1376908 0.247675973779369 1.3605
10 1437471 3.90055409740449 1.3755
10 1464903 1.01635335473025 1.4825
10 1530333 0.535937372945881 1.549
10 1665610 1.70232591477619 1.6215
10 1749319 0.6467342780614 1.764
10 1836681 0.921802762571971 1.8205
10 1942452 0.266829729279004 1.918
10 2032397 1.81927158622149 1.942
10 2174212 4.18734166614324 2.2
10 2221975 0.485587493424336 2.4
10 2296112 2.14211528474987 2.436
10 2342328 1.44020883028039 2.535
10 2364547 6.34081334365059 2.567
10 2387809 4.20970571038782 2.7145
10 2413464 0.666362324389598 2.8225
10 2549276 0.337783062206131 2.913
10 2697300 2.12647719282328 2.963
10 2785474 1.11004731576684 3.1505
10 2929612 3.63963346750021 3.3105
10 2999674 2.42606834218663 3.5655
10 3062739 0.50853936572513 3.7185
10 3209237 1.51762069667957 3.793
10 3258327 0.112994350282473 3.8675
10 3284877 4.46130355949996 3.8705
10 3305835 6.13096241361873 3.964
10 3329567 0.539515893846601 4.1095
10 3398147 3.15242327499078 4.1465
10 3460480 0.485403231398663 4.343
10 3518164 3.38997974817293 4.371
10 3540878 1.14711786636077 4.448
10 3582722 7.06371191135733 4.496
10 3611602 4.1698604936379 4.7
10 3676832 0.251448071483091 4.972
10 3899542 0.848250212062566 5.028
10 3945519 2.06741573033708 5.067
10 4001144 1.60530327528063 5.182
10 4044438 1.96011911493083 5.2515
10 4124025 0.367926046864581 5.4075
10 4210999 0.829469345698092 5.4395
10 4308049 4.58015267175577 5.52
10 4328354 1.34350816852966 5.613
10 4393482 4.05939907015475 5.7005
10 4436715 1.69288167907565 5.876
10 4558401 4.77522800032284 6.082
10 4595572 1.66218327479472 6.2595
10 4680701 0.328680409024507 6.401
10 4803921 7.74590163934426 6.4415
10 4828321 1.77953934197489 6.6305
10 4877772 0.839426692381339 6.7185
10 4949845 1.94281426695607 6.779
10 4987162 0.37593984962406 6.8515
10 5029722 3.01297109590441 6.8675
10 5049304 0.127173728733731 6.9265
10 5155458 0.51123655341357 6.94
10 5202403 0.721179624664875 6.964
10 5388903 0.220215811495266 7.0985
10 5425231 1.11566895059503 7.1065
10 5469599 3.35389838930067 7.156
10 5493750 0.447471089172598 7.237
10 5565263 2.17212834370938 7.269
10 5623731 0.492617974760575 7.396
10 5830788 0.392460213634864 7.498
10 6006602 2.53500368459836 7.567
10 6040527 1.69637722829213 7.653
10 6075307 0.499035799608901 7.712
10 6296734 0.50321517345726 7.8225
10 6444782 0.269970729489331 7.897
10 6515160 1.0650777969869 7.916
10 6547552 0.896586641913852 7.9505
10 6594954 1.62987799199032 7.993
10 6616428 0.613960042272658 8.028
10 6715783 1.58440941139187 8.089
10 6741029 5.29457749982236 8.129
10 6755100 3.88751960564644 8.2035
10 6799730 0.0384437951714566 8.377
10 6942796 0.449052109568709 8.3825
10 7096453 1.96297394915462 8.4515
10 7153764 1.36971204559409 8.564
10 7217281 0.130257910663112 8.651
10 7317083 0.340842435675893 8.664
10 7380162 3.15593171711379 8.6855
10 7401075 2.26743473464885 8.7515
10 7433711 0.821610578791343 8.8255
10 7523778 3.04548450889916 8.8995
10 7561703 4.16280028868956 9.015
10 7600499 0.257135510413937 9.1765
10 7619944 5.36546184738955 9.1815
10 7651069 3.0039896737855 9.3485
10 7672374 2.29090550014811 9.4125
10 7723009 5.55446963773783 9.5285
10 7753705 3.46198370574231 9.699
10 7799488 4.01366353543979 9.8575
10 7858038 4.01195797181892 10.0925
10 7960731 3.42634386540829 10.5045
10 8009471 2.71524316892937 10.6715
10 8096756 0.161318200149798 10.9085
10 8270326 0.399230573803188 10.9365
10 8297879 1.35392638652091 10.9475
10 8367676 0.932238368369367 11.042
10 8437937 7.22783676602274 11.1075
10 8461388 2.09648265030967 11.277
10 8528882 0.293887147335434 11.4185
10 8554402 1.54576570608369 11.426
10 8581573 0.703940844484155 11.468
10 8663256 1.24787294384575 11.5255
10 8707331 3.16984122491722 11.5805
10 8742664 1.28201290991988 11.6925
10 8842897 1.12350268484097 11.821
10 8903422 5.50458715596333 11.889
10 8932852 0.422679873003283 12.051
10 9296011 0.718076802997217 12.2045
10 9344056 1.01430981851904 12.239
10 9499334 0.537815834985468 12.3965
10 9546748 1.06392218169184 12.422
10 9592804 10.9418371957911 12.471
10 9608295 0.253196607165459 12.6405
10 9647790 1.59410353102503 12.6505
10 9706130 1.19693022600859 12.7435
10 9748739 3.28815763152633 12.7945
10 9788731 5.15988372093008 12.926
10 9795611 5.1741188104825 12.9615
10 9823925 0.679180607342432 13.108
10 9933616 1.56275241085288 13.1825
10 10075993 1.23882122091709 13.405
10 10186582 2.42563933706509 13.542
10 10232137 0.586381294436708 13.6525
10 10259423 1.21265591949589 13.6685
10 10530316 0.96534473128202 13.997
10 10612670 0.419036627922952 14.0765
10 10685456 1.0073311321283 14.107
10 10721194 10.4286261002679 14.143
10 10742098 2.30078847957812 14.361
10 10820984 1.04920231878502 14.5425
10 10925349 0.0895856662933964 14.652
10 10992324 3.6169767928079 14.658
10 11016239 0.461592990380725 14.7445
10 11137558 1.67248667524354 14.8005
10 11164763 2.45668217551742 14.846
10 11214627 0.984361839234426 14.9685
10 11313168 0.738356464656953 15.0655
10 11399847 0.186704173460631 15.1295
10 11480188 0.892965864350341 15.1445
10 11529462 0.80874741200835 15.1885
10 11544918 1.32551413881746 15.201
10 11594710 0.562420253844606 15.267
10 11654274 0.833378625649966 15.3005
10 11709471 3.90476190476187 15.3465
10 11735721 3.98202608409747 15.449
10 11763094 1.50461761959115 15.558
10 11820916 0.372420846673783 15.645
10 11910868 0.0608553832671917 15.6785
10 11951949 1.70920453830506 15.681
10 11999632 0.821149609453242 15.7625
10 12049562 0.965377315269341 15.8035
10 12110678 1.59696947188588 15.8625
10 12137604 0.56328054589932 15.9055
10 12168672 0.895023851924297 15.923
10 12277049 3.766147601764 16.02
10 12302672 1.12712667141505 16.1165
10 12438859 1.32010711726323 16.27
10 12465372 1.03740066719101 16.305
10 12539114 3.57809107312153 16.3815
10 12571813 1.1277447316631 16.4985
10 12662259 0.867191999581132 16.6005
10 12815051 1.30715603854825 16.733
10 12854067 0.382491087957683 16.784
10 12919428 0.920184036807349 16.809
10 12969418 1.60464020727827 16.855
10 13037346 4.03884764439468 16.964
10 13058763 6.23040105627991 17.0505
10 13082999 1.47198305063871 17.2015
10 13164182 1.18653349675325 17.321
10 13202529 0.990615922142965 17.3665
10 13277230 2.70942179579308 17.4405
10 13328717 1.55101833252816 17.58
10 13368046 0.617913885274012 17.641
10 13474857 7.0099809701347 17.707
10 13500606 0.369382507579528 17.8875
10 13604834 2.19978637912621 17.926
10 13644156 3.3726593223429 18.0125
10 13682553 1.31838056139649 18.142
10 13742475 1.71516079632468 18.221
10 13775125 3.98085507846644 18.277
10 13796854 3.22196350246394 18.3635
10 13833788 3.95205581119181 18.4825
10 13860736 0.581958790499716 18.589
10 14066077 1.44111096554432 18.7085
10 14157673 0.962391917902509 18.8405
10 14257944 0.427094900486864 18.937
10 14316479 1.26210147498607 18.962
10 14415124 3.04878048780486 19.0865
10 14450712 0.967480420949584 19.195
10 14581464 5.84007187780777 19.3215
10 14601498 2.7411577036616 19.4385
10 14656037 0.14433624571803 19.588
10 14707999 3.24932838684915 19.5955
10 14747084 0.475565908285449 19.7225
10 15077217 3.99962794158676 19.8795
10 15098719 2.22371089897471 19.9655
10 15152458 0.281468971749406 20.085
10 15287464 1.1827238826738 20.123
10 15323398 5.0572491973747 20.1655
10 15358595 1.48425319613346 20.3435
10 15438770 1.31851979941207 20.4625
10 15485034 3.06023512301547 20.5235
10 15518038 3.02421853697231 20.6245
10 15558379 0.348845321984245 20.7465
10 15601378 1.32507674949488 20.7615
10 15639489 1.4701635556955 20.812
10 15677580 0.907038898813235 20.868
10 15749793 0.370101031088501 20.9335
10 15826799 0.666056115227733 20.962
10 15898865 2.44671946429711 21.01
10 15929927 0 21.086
10 15955819 2.8587617183476 21.086
10 15994647 3.28965555371261 21.197
10 16030821 0.239306293286294 21.316
10 16137379 3.57017697564387 21.3415
10 16160207 2.38668909396745 21.423
10 16182204 0.987028495878236 21.4755
10 16346333 1.3861425491112 21.6375
10 16446972 7.8114995517992 21.777
10 16454781 5.00493186716833 21.838
10 16509527 0.611728881759627 22.112
10 16546308 23.353839143313 22.1345
10 16555086 0.599117850613061 22.3395
10 16651895 2.54647986606751 22.3975
10 16708640 0.911686379885304 22.542
10 16875364 1.11396328764468 22.694
10 16896011 2.9169286662475 22.717
10 16924637 4.96210174717365 22.8005
10 16955773 0.751567413619198 22.955
10 17006334 3.53843505537177 22.993
10 17058617 1.16865151924696 23.178
10 17121510 4.52191670921154 23.2515
10 17148932 1.30100309223924 23.3755
10 17228486 0.62053403535166 23.479
10 17281666 0.205157663664485 23.512
10 17330409 0.688069926051394 23.522
10 17396536 2.0069663294079 23.5675
10 17426681 1.45371176802088 23.628
10 17504757 0.108237603186519 23.7415
10 17574049 0.690459110473505 23.749
10 17629809 0.0708255425236416 23.7875
10 17700405 1.26298369008993 23.7925
10 17746328 1.31357939618416 23.8505
10 17792766 1.71374223881135 23.9115
10 17848492 0.626962921295641 24.007
10 17933824 0.303877476601417 24.0605
10 17974959 1.89784003676532 24.073
10 18033710 0.804420817011741 24.1845
10 18062302 2.85479427708164 24.2075
10 18107314 1.85854234697434 24.336
10 18136100 2.24054232614252 24.3895
10 18170913 0.762614392158823 24.4675
10 18250901 0.612955425881395 24.5285
10 18312080 0.746578967263936 24.566
10 18417896 0.90514120202755 24.645
10 18442754 2.41080038572799 24.6675
10 18464531 2.78459788011262 24.72
10 18514628 1.56572354848218 24.8595
10 18541772 1.43495477167873 24.902
10 18596826 2.00133422281516 24.981
10 18652289 0.225719636368149 25.092
10 19055444 1.18674707108061 25.183
10 19127911 2.86722540802834 25.269
10 19155115 0 25.347
10 19189831 0.586757146319366 25.347
10 19268228 0.543755792181274 25.393
10 19373974 0.165154419382111 25.4505
10 19573787 1.61362474437626 25.4835
10 19605083 3.91241451867437 25.534
10 19635499 3.35895962063523 25.653
10 19663335 1.54147367805846 25.7465
10 19731776 2.5060183906232 25.852
10 19757115 0.99563753553505 25.9155
10 19833448 0.770046887299389 25.9915
10 19862667 6.72329803937363 26.014
10 19887506 0.636185682326629 26.181
10 19959026 0.866897839423816 26.2265
10 19996516 0.289739024158965 26.259
10 20091429 2.7333974975939 26.2865
10 20117404 1.84471813791975 26.3575
10 20154266 0.352526439482975 26.4255
10 20175541 0.537697253068374 26.433
10 20218316 0.571428571428575 26.456
10 20284816 1.14954540704362 26.494
10 20313523 0.526944424927942 26.527
10 20370455 1.63566510707911 26.557
10 20396744 1.51589555266131 26.6
10 20443581 0.482967351407063 26.671
10 20490168 1.03227208518962 26.6935
10 20526980 1.03827784315087 26.7315
10 20555874 0.608238871993355 26.7615
10 20664384 0.772134522992412 26.8275
10 20716836 5.33342278277212 26.868
10 20746648 1.09020293673416 27.027
10 20834705 0.117554858934174 27.123
10 20860225 1.64289582957214 27.126
10 20887920 1.97289478139882 27.1715
10 21023761 0.371613521937171 27.4395
10 21065471 2.87840112963671 27.455
10 21102297 0.745174991927299 27.561
10 21142556 0.496725532999572 27.591
10 21219057 0.201554851713224 27.629
10 21271152 1.71769413718891 27.6395
10 21297641 1.23338358229409 27.685
10 21363314 3.80277032736894 27.766
10 21390531 0.604022791793366 27.8695
10 21440198 1.31453864892163 27.8995
10 21507522 2.05112022720099 27.988
10 21545550 0.231453828694319 28.066
10 21679486 0.454173857752722 28.097
10 21734531 0.356175535828915 28.122
10 21862277 0.162081559440717 28.1675
10 21908550 0 28.175
10 21957034 0.675913539393062 28.175
10 22028049 0.205757929910636 28.223
10 22149551 2.47503505107435 28.248
10 22184500 1.15674829157184 28.3345
10 22212596 1.92140220892138 28.367
10 22284939 1.3726553895218 28.506
10 22345770 0.688073394495343 28.5895
10 22382830 2.8997842481345 28.615
10 22433351 2.74585244742594 28.7615
10 22494170 1.03598825879974 28.9285
10 22615793 0.000980766386545818 29.0545
10 25164820 0.245862826754741 29.057
10 25329546 0.0358844806797936 29.0975
10 25677886 0.252916200432266 29.11
10 25808364 0.336876777960785 29.143
10 25875154 0.277000824246334 29.1655
10 26023168 0.372721076844476 29.2065
10 26070120 0.156851263175512 29.224
10 26117936 1.8099978565815 29.2315
10 26201914 0.0897456607972826 29.3835
10 26257627 1.59139548921692 29.3885
10 26294073 0.476485443369712 29.4465
10 26399008 1.74618023074524 29.4965
10 26447113 1.39610170634653 29.5805
10 26521248 2.26542416452439 29.684
10 26552368 2.02655969013694 29.7545
10 26624658 0.153302575483274 29.901
10 26693150 2.7694438033695 29.9115
10 26732147 3.24970418260077 30.0195
10 26790460 9.06148867313914 30.209
10 26816725 3.17879908316744 30.447
10 26936267 0.501525129697687 30.827
10 27057896 1.31712259371834 30.888
10 27319451 0.0657372875042051 31.2325
10 27547632 0.720072007200705 31.2475
10 27575407 0.556633480708676 31.2675
10 27638285 0.211139069103553 31.3025
10 27924826 0.0760527455041225 31.363
10 28095760 0.710198449738172 31.376
10 28120401 0.340549024253008 31.3935
10 28187939 0 31.4165
10 28233868 1.17238292157823 31.4165
10 28280781 0.447937131630665 31.4715
10 28344406 0.196917583427424 31.5
10 28382493 0.623856263516877 31.5075
10 28490691 0.927610040014586 31.575
10 28518181 1.06886007135169 31.6005
10 28588817 1.80863996204821 31.676
10 28622544 2.45656349100019 31.737
10 28644933 2.63209202573596 31.792
10 28691094 4.61533353255646 31.9135
10 28721211 13.0032899890331 32.0525
10 28727594 0.428346722094264 32.1355
10 28870002 0.628361735283732 32.1965
10 28909788 2.89700388808419 32.2215
10 28936022 2.13581255103957 32.2975
10 28967860 2.55893998020344 32.3655
10 29056764 1.06345885634576 32.593
10 29085444 1.10550572994516 32.6235
10 29149668 0.887626486774399 32.6945
10 29217264 0.535236396074953 32.7545
10 29278919 2.03756656336147 32.7875
10 29337322 1.70403587443938 32.9065
10 29387497 0.196221192921598 32.992
10 29581156 2.28348189721576 33.03
10 29617504 1.25313283208025 33.113
10 29688127 6.9368930218604 33.2015
10 29714796 1.5247629218833 33.3865
10 29792513 2.61251754484817 33.505
10 29890120 0.114975486090809 33.76
10 30242369 0.238472251368885 33.8005
10 30294786 4.65127665303919 33.813
10 30335635 0.128093456986283 34.003
10 30374669 0.245573536995604 34.008
10 30456111 0.0346299444139887 34.028
10 30961454 0.478660984497589 34.0455
10 31188128 0.232425087606346 34.154
10 31244060 1.92379669136905 34.167
10 31310855 1.0700585503736 34.2955
10 31360385 6.70327156257131 34.3485
10 31382240 2.26078753476575 34.495
10 31443723 0.995664709908976 34.634
10 31491932 0.78669128136264 34.682
10 31539600 2.6513572937475 34.7195
10 31609187 2.10088883758499 34.904
10 31652502 2.329234602676 34.995
10 31707885 2.23529659855327 35.124
10 31755306 0.329210949680422 35.23
10 32077288 0.331961226928747 35.336
10 32137536 0.934248032623672 35.356
10 32210857 0.191491868960613 35.4245
10 32278745 4.92738589211618 35.4375
10 32303809 1.86900761476092 35.561
10 32433557 0.786756269464052 35.8035
10 32494567 0.349863440398976 35.8515
10 32538870 0.290542268089228 35.867
10 32581893 2.63876982426064 35.8795
10 32619221 0.810956929176459 35.978
10 32646966 2.20125786163506 36.0005
10 32675586 1.89640867606976 36.0635
10 32700897 3.57977790765648 36.1115
10 32721429 1.43721633888045 36.185
10 32833799 1.82769548234951 36.3465
10 32901644 3.75776846365062 36.4705
10 32922401 10.4431272932544 36.5485
10 32943659 0.757832598767554 36.7705
10 33094088 0.692758275374838 36.8845
10 33166985 0.355109132645927 36.935
10 33245834 0.617267562257715 36.963
10 33396498 2.73434915874666 37.056
10 33441847 0.225563909774445 37.18
10 33475097 0.509965322358042 37.1875
10 33558436 3.05093738945891 37.23
10 33592360 0.307796299202155 37.3335
10 33675207 2.09556826119566 37.359
10 33713860 1.31192275398854 37.44
10 33723388 4.19173172916934 37.4525
10 33739014 0.893262250453754 37.518
10 33809542 0.815245672259625 37.581
10 33896019 1.05778284067002 37.6515
10 33982048 0.572893932780467 37.7425
10 34092016 0.558226713389294 37.8055
10 34214726 0.295700514518836 37.874
10 34282362 0.950048558037447 37.894
10 34306045 1.12889983579643 37.9165
10 34335277 0 37.9495
10 34336811 1.96323398179549 37.9495
10 34381635 0.41855598186259 38.0375
10 34424640 1.24925488604514 38.0555
10 34503487 5.30488515798057 38.154
10 34529218 4.65549348230903 38.2905
10 34537810 0.0813790042168801 38.3305
10 34605395 0.0742592638431673 38.336
10 34807390 0.195782489214189 38.351
10 34947852 1.676125115481 38.3785
10 34985737 2.89127707162728 38.442
10 35040730 0.43135055859899 38.601
10 35110279 0.413299044820001 38.631
10 35208271 0.0893818796115286 38.6715
10 35432030 0 38.6915
10 35483160 0.0412144072379187 38.6915
10 35786452 0.236171535114958 38.704
10 35947352 0.665494129391211 38.742
10 35989426 1.12240316721751 38.77
10 36013927 0.32358270774008 38.7975
10 36091187 0.365757015422768 38.8225
10 36140400 0.21949078138719 38.8405
10 36256578 3.29163923633982 38.866
10 36261135 0.384936870353225 38.881
10 36306597 1.57959209989046 38.8985
10 36353128 2.37473284255508 38.972
10 36374183 2.04154091958106 39.022
10 36413614 0.0498802873104804 39.1025
10 36513854 0.588250338883249 39.1075
10 36552953 0.106218001827004 39.1305
10 36600026 0.0271567924569046 39.1355
10 36692084 0.491966241986572 39.138
10 36790668 0.0217300604964687 39.1865
10 36905716 0.822614418187359 39.189
10 36939146 0.648266696919099 39.2165
10 37000849 0.0244891562016116 39.2565
10 37102935 0.685667430090156 39.259
10 37173669 0.545690680694602 39.3075
10 37265296 0.457703990346624 39.3575
10 37337395 0.0982559567673595 39.3905
10 37439170 0.74440367948101 39.4005
10 37476784 0.795861520095458 39.4285
10 37539609 0.670622662981654 39.4785
10 37588817 0 39.5115
10 37593009 0.126521129028662 39.5115
10 37636480 0.186692554700926 39.517
10 37676653 0.479570305006667 39.5245
10 37713144 1.16381918905072 39.542
10 37734625 0.318868512797268 39.567
10 37805187 0.161200189141561 39.5895
10 37851713 0.183938490968584 39.597
10 37906079 0 39.607
10 37928146 0.755512045628649 39.607
10 37975134 0.0538967338580324 39.6425
10 38021519 1.12041730952906 39.645
10 38075963 0.161185465369271 39.706
10 38262084 0.728195739014724 39.736
10 38310148 0.804459884608666 39.771
10 38407729 0.751992031872491 39.8495
10 38508129 0.918616835487269 39.925
10 38651279 2.06221000171859 40.0565
10 38674555 0.0988025135359481 40.1045
10 38750464 0.930563075257049 40.112
10 38780016 0.921953122229827 40.1395
10 38808217 0.18672741531908 40.1655
10 38861771 1.19007949731035 40.1755
10 38882778 1.3358268768369 40.2005
10 38908979 1.08943657629134 40.2355
10 38957628 0.346342836114912 40.2885
10 39096219 0.0812611734113856 40.3365
10 39157749 0.254940999368555 40.3415
10 39198935 1.02637592470663 40.352
10 39302211 0.163771805046027 40.458
10 39409067 1.49260803639126 40.4755
10 39451275 0.81452175936701 40.5385
10 39562997 0.27124773960218 40.6295
10 39618297 1.5539254115803 40.6445
10 39654013 2.4474811339995 40.7
10 39693237 0.468603561387084 40.796
10 39795669 1.25605020520086 40.844
10 39904343 0 40.9805
10 39952909 0.222479309424232 40.9805
10 40020331 0.251769251192502 40.9955
10 40129558 0.305030977590306 41.023
10 40203321 2.40630376779807 41.0455
10 40243424 2.81317534838655 41.142
10 40297100 0.348063375379468 41.293
10 40333013 1.65509631741076 41.3055
10 40354764 0.141942223837161 41.3415
10 40442828 0.683601760958097 41.354
10 40479399 1.93497761846164 41.379
10 40535472 0.941909371532013 41.4875
10 40642701 1.31458925792776 41.5885
10 40717249 1.80953617449446 41.6865
10 40778867 2.15907879304829 41.798
10 40853899 0.326157860404139 41.96
10 40861564 1.63196165922994 41.9625
10 40934176 0.38622757892105 42.081
10 41110238 2.21641547291304 42.149
10 41131669 0.659549287440205 42.1965
10 41212785 0.0946046942849116 42.25
10 41318488 1.36261202243074 42.26
10 41375731 0.301503749952901 42.338
10 41534933 0.548984650171757 42.386
10 41626921 0.300527883760991 42.4365
10 41703453 1.69029718956563 42.4595
10 41762910 1.24560737795519 42.56
10 41823523 2.92832938318994 42.6355
10 41874576 1.71961462995222 42.785
10 41919935 6.65987952829393 42.863
10 41955296 1.1054609772274 43.0985
10 41986957 0.698979489944755 43.1335
10 42037030 0.523089155315602 43.1685
10 42084823 1.83259631090392 43.1935
10 42109924 1.5206747050323 43.2395
10 42156285 0.131980290943224 43.31
10 42292669 2.00061557402268 43.328
10 42347902 0.125179946172628 43.4385
10 42491695 0.0728024578110129 43.4565
10 42629053 0 43.4665
10 42682359 0.531779120224442 43.4665
10 42705865 0.4903000106011 43.479
10 42819061 1.25326250675499 43.5345
10 42906034 1.6150022735468 43.6435
10 42969811 2.93746848209788 43.7465
10 43009471 0.0293813463707894 43.863
10 43094559 0.109501439943991 43.8655
10 43185882 0.727502000630529 43.8755
10 43227119 0.817272286386525 43.9055
10 43338465 0.0291073362130754 43.9965
10 43424354 0.255405305000337 43.999
10 43532026 0.380321827258886 44.0265
10 43625368 1.06769062826172 44.062
10 43729799 0.272615748103059 44.1735
10 43839844 0.0407099820876287 44.2035
10 43962664 0.82975425705682 44.2085
10 44154287 0.0460795517380788 44.3675
10 44208541 2.11781206171123 44.37
10 44244191 0.239699758930505 44.4455
10 44317199 0.764777266521686 44.463
10 44396307 2.52064938763894 44.5235
10 44431417 0.385703265620997 44.612
10 44470307 0.156673017146242 44.627
10 44550091 0.430871411156383 44.6395
10 44597669 0.843563389348987 44.66
10 44642716 0.387133881957311 44.698
10 44687920 2.23592127535947 44.7155
10 44727501 0.699255561771136 44.804
10 44773979 1.08595144399285 44.8365
10 44820482 0.410630399789851 44.887
10 44850923 0.236723743391378 44.8995
10 44926961 0.0639729778142949 44.9175
10 44966040 0.360646278130375 44.92
10 45014564 0 44.9375
10 45070592 0.0840402048339958 44.9375
10 45159835 0.236002883526109 44.945
10 45276359 0.837130626898719 44.9725
10 45334295 0.132233153496199 45.021
10 45428825 0 45.0335
10 45477793 0.736311960651656 45.0335
10 45511746 0.0884573741605094 45.0585
10 45653057 0.816430204289011 45.071
10 45680616 0.933376247183814 45.0935
10 45727221 0 45.137
10 45777873 1.7729903321847 45.137
10 45807766 0.259080781387677 45.19
10 45884962 0.406158406528919 45.21
10 46095471 0.39700781478541 45.2955
10 46286903 0.187807534838394 45.3715
10 46340149 0.0960984047663935 45.3815
10 46392179 0.408474667818979 45.3865
10 46540291 1.65801939995479 45.447
10 46584621 1.13438398898022 45.5205
10 46609304 3.44064880806116 45.5485
10 46637787 0.938379730997644 45.6465
10 46672954 1.67055644269758 45.6795
10 46713659 2.87030027756753 45.7475
10 46745363 1.06449592986847 45.8385
10 46809243 0.477777426793423 45.9065
10 46935871 0.209062147207635 45.967
10 47007620 1.9318616304108 45.982
10 47057313 1.25565460351248 46.078
10 47117441 1.87748329913109 46.1535
10 47140344 0.57823369469261 46.1965
10 47253620 2.71275771198237 46.262
10 47266522 0.786642306130885 46.297
10 47286226 1.33023975251351 46.3125
10 47318551 0.699692135460424 46.3555
10 47350708 0.70398096276831 46.378
10 47451563 10.6007067137813 46.449
10 47452978 3.04201717586594 46.464
10 47498507 5.30785562632717 46.6025
10 47502746 0.285056694609272 46.625
10 47550105 0.766400980993285 46.6385
10 47638179 1.24469850636162 46.706
10 47670717 1.20571322574684 46.7465
10 47697672 0.962691749258141 46.779
10 47729354 2.65867656988531 46.8095
10 47753050 1.4643311046029 46.8725
10 47789244 1.60084074689608 46.9255
10 47871076 0.379245301849311 47.0565
10 48171673 1.04892319403755 47.1705
10 48284646 0.380257053768272 47.289
10 48337242 2.57377049180345 47.309
10 48367742 1.58102766798411 47.3875
10 48417077 3.97592558818172 47.4655
10 48444492 1.31777665906599 47.5745
10 48545799 1.09998395856731 47.708
10 48589436 0.734528165816296 47.756
10 48626875 2.79162741538967 47.7835
10 48670398 1.07993288351001 47.905
10 48726420 0.0698143636071547 47.9655
10 48869657 3.3963866220106 47.9755
10 48912055 1.34955801974842 48.1195
10 48956514 0.937936371742454 48.1795
10 49075392 1.22894856622672 48.291
10 49108347 2.98641793487156 48.3315
10 49132791 3.48347015753265 48.4045
10 49155326 1.92658689920935 48.483
10 49179981 7.20387606783116 48.5305
10 49203510 1.61761907233437 48.7
10 49261311 2.00037590956691 48.7935
10 49335797 1.83012724291616 48.9425
10 49422403 2.73767175838733 49.101
10 49451077 0.294053400097548 49.1795
10 49510590 1.09487598041153 49.197
10 49535707 0.768124468850053 49.2245
10 49566301 2.92037633390166 49.248
10 49597975 1.33232622059975 49.3405
10 49645636 1.00983199058963 49.404
10 49690693 1.66284908818602 49.4495
10 49736097 0.224312177296373 49.525
10 49858694 1.71821305841911 49.5525
10 49882556 0.618189968692859 49.5935
10 50020863 1.56690692572846 49.679
10 50043200 0.24346929422549 49.714
10 50147936 0.878220140515256 49.7395
10 50185512 0.486974708071472 49.7725
10 50283053 0.442791356712734 49.82
10 50316929 1.11515151515133 49.835
10 50337554 1.60524290907174 49.858
10 50375243 0.241573533712201 49.9185
10 50532545 2.54446181982039 49.9565
10 50570274 0.120690154579909 50.0525
10 50673845 0.696146134996685 50.065
10 50727713 0.448305526274356 50.1025
10 50975312 0.422029964127433 50.2135
10 51041658 0.0845022815615253 50.2415
10 51071243 1.15348079793735 50.244
10 51093350 1.61717998776184 50.2695
10 51161988 0.0607024487368131 50.3805
10 51244357 0.449163657270137 50.3855
10 51300016 0.23194106841339 50.4105
10 51353909 0.0174913243031297 50.423
10 51496837 0.152618497361886 50.4255
10 51565636 0.0482616165710648 50.436
10 51617437 0.785303603982774 50.4385
10 51653092 0.601453110715284 50.4665
10 51673875 1.32656155245608 50.479
10 51713451 0.0886179149976153 50.5315
10 51741662 1.26713751557971 50.534
10 51765732 0.778084217986835 50.5645
10 51830635 1.75215650030796 50.615
10 51856603 0.670130385862756 50.6605
10 51917039 1.03177878662811 50.701
10 51948538 4.85637055023602 50.7335
10 51970365 0.0474284304983348 50.8395
10 52023076 2.71258544046656 50.842
10 52064918 0.0651499752429502 50.9555
10 52103291 0.607555784667524 50.958
10 52157607 0.53915455626757 50.991
10 52400580 2.11582350703686 51.122
10 52442644 0.770416024653296 51.211
10 52494564 4.17981072555212 51.251
10 52519924 0.244583494690509 51.357
10 52716176 0.765052406089665 51.405
10 52729247 0.490653646394256 51.415
10 52771028 0.104552202914969 51.4355
10 52818851 0.527366822298496 51.4405
10 52889959 0.528417097228766 51.478
10 52932539 0.536130536130446 51.5005
10 52975439 0.589154435308365 51.5235
10 53014478 0.024495394865743 51.5465
10 53116538 0 51.549
10 53160800 0.236399167874938 51.549
10 53224252 0.173208161568662 51.564
10 53253119 0.332942680587996 51.569
10 53290663 0 51.5815
10 53444027 0.237376326933722 51.5815
10 53496686 0.298537167877412 51.594
10 53597176 0.630553167096477 51.624
10 53649511 0.0183861383226314 51.657
10 53785483 0.22823546596545 51.6595
10 53840251 0.0734882616634646 51.672
10 54017150 0.364644763971246 51.685
10 54128217 0.223730807092975 51.7255
10 54206436 0.0317415979989808 51.743
10 54285197 0.127560131846181 51.7455
10 54383190 0.216966804078933 51.758
10 54429280 1.26528139145308 51.768
10 54457337 7.99573560767621 51.8035
10 54463903 0.328260220829474 51.856
10 54480658 1.22373382135696 51.8615
10 54526011 0.237502612528657 51.917
10 54578642 0.209595899106587 51.9295
10 54662136 0.272659176029944 51.947
10 54829011 0.645810492167659 51.9925
10 54962177 0.0993028936863164 52.0785
10 55213932 2.66038309516652 52.1035
10 55220510 0.339038216387636 52.121
10 55257379 0.463248919085873 52.1335
10 55312425 0.596412350323446 52.159
10 55465004 0.183271021186094 52.25
10 55519568 2.32528235571461 52.26
10 55566229 0.343482083974578 52.3685
10 55639013 0.331837431262259 52.3935
10 55670655 2.54441763544636 52.404
10 55693450 1.33234182313935 52.462
10 55725724 0.548955885904977 52.505
10 55771265 0 52.53
10 55907151 3.05558033722902 52.53
10 55929569 1.17757042949859 52.5985
10 55985192 2.12737667863308 52.664
10 56030318 4.12048129327825 52.76
10 56068299 0.564588979223147 52.9165
10 56108151 0.439274256175313 52.939
10 56235634 1.06514468518252 52.995
10 56373174 1.10307057076393 53.1415
10 56489667 0.506477581702808 53.27
10 56658480 0.712006942831661 53.3555
10 56822102 0.779058896852632 53.472
10 56841356 0.279400558801128 53.487
10 56959466 1.03020405671457 53.52
10 57024987 0.697964881345997 53.5875
10 57065820 0.0601265061689248 53.616
10 57107399 0.132465536882826 53.6185
10 57220636 0 53.6335
10 57331007 0.0905665845531384 53.6335
10 57358611 0.438596491228045 53.636
10 57415611 0.709125559544414 53.661
10 57483300 3.2887572417998 53.709
10 57506257 1.03854790419166 53.7845
10 57559697 0 53.84
10 57596356 0.412215718374181 53.84
10 57681263 0.365230094959839 53.875
10 57710012 0.141908383947195 53.8855
10 57727629 0.605838076005163 53.888
10 57782099 0.651041666666075 53.921
10 57785939 1.58643821956322 53.9235
10 57808001 0.655038179368105 53.9585
10 57834717 0.198158648862846 53.976
10 57900321 1.22754613527563 53.989
10 57924760 0 54.019
10 57972522 0.119360229171871 54.019
10 57993467 0.0681929770326079 54.0215
10 58103449 0.499395792744512 54.029
10 58184547 1.17181454376626 54.0695
10 58229776 0.0972138510294753 54.1225
10 58332642 0.0948784606919023 54.1325
10 58385341 0.297331281520521 54.1375
10 58605634 1.08846962651417 54.203
10 58673160 18.2706607180791 54.2765
10 58677867 0.186178135240157 54.3625
10 58691295 0.116901638960955 54.365
10 58776837 0.487202806288183 54.375
10 58838413 0.0691161427662416 54.405
10 58910755 1.21810831793977 54.41
10 58948108 0 54.4555
10 58965337 0.390624999999645 54.4555
10 58971737 5.63314165004129 54.458
10 58980258 0.507305194805094 54.506
10 58999970 2.41907614330155 54.516
10 59026013 0.816041035206373 54.579
10 59038880 0.170532060027251 54.5895
10 59097520 0.407830342577552 54.5995
10 59146560 0.0674345210800339 54.6195
10 59257779 1.42457389977098 54.627
10 59277434 1.90544855288914 54.655
10 59306561 0.603864734299349 54.7105
10 59343821 0.260053675078595 54.733
10 59391888 0.0634711079516027 54.7455
10 59431276 0.451887657989528 54.748
10 59504303 0.357340464773215 54.781
10 59547679 1.63466171106062 54.7965
10 59576737 1.63052474755837 54.844
10 59637147 0.239282535246304 54.9425
10 59741626 3.5165781541551 54.9675
10 59762527 0.24075831991973 55.041
10 59835214 0.454734178216179 55.0585
10 59885793 21.6187989556137 55.0815
10 59895368 0.110556627104399 55.2885
10 60189335 0.300007500187552 55.321
10 60256000 0.0992693773824312 55.341
10 60381920 2.43354232504699 55.3535
10 60441093 0.421996492341186 55.4975
10 60608156 0 55.568
10 60695651 0.118417737465385 55.568
10 60894101 1.44125446788885 55.5915
10 60937466 0.360178648609675 55.654
10 60986053 0.0913707270341097 55.6715
10 61347219 1.27834281981898 55.7045
10 61400804 0.405817804038676 55.773
10 61462408 2.53597355457611 55.798
10 61524120 2.15605918464755 55.9545
10 61584879 0.45460366244076 56.0855
10 61662969 3.07639719706031 56.121
10 61715628 0.327086813872495 56.283
10 61814990 0.991514480723097 56.3155
10 61858358 1.62433744130683 56.3585
10 61934389 1.16629949830613 56.482
10 61988406 0.213173054925841 56.545
10 62084572 3.36665636057573 56.5655
10 62113681 0.329989440337922 56.6635
10 62136409 0.883972020363897 56.671
10 62305532 0.523889354568211 56.8205
10 62362796 1.9976605344312 56.8505
10 62428623 0.232417607958098 56.982
10 62450136 0.774059645123433 56.987
10 62567698 0.798204040907928 57.078
10 62687968 0.168293503870757 57.174
10 62732533 0 57.1815
10 62777238 1.09235352532288 57.1815
10 62802413 0.219330311448947 57.209
10 62870803 1.43893570456153 57.224
10 62928832 0.188608072425864 57.3075
10 62942087 0.602601418955763 57.31
10 63117991 1.90512151585892 57.416
10 63176255 2.09657341282833 57.527
10 63222044 0.288801304702376 57.623
10 63310340 0.163047022761371 57.6485
10 63356339 2.33634050427941 57.656
10 63399569 0.183946160185228 57.757
10 63603433 1.46510593252844 57.7945
10 63668616 1.93368965367398 57.89
10 63714642 0.864115030992959 57.979
10 63758039 0.481996030620943 58.0165
10 63863849 1.0623659395361 58.0675
10 63913267 2.15514913199884 58.12
10 64005836 0.714834992255981 58.3195
10 64098165 0.686345139118778 58.3855
10 64200883 0.412087912087798 58.456
10 64255483 1.95946480880381 58.4785
10 64306007 0.576444817761032 58.5775
10 64366724 1.79910579098321 58.6125
10 64422863 0.402977055182926 58.7135
10 64523365 2.783834560689 58.754
10 64596286 0.545270952541253 58.957
10 64670561 0.259665320253905 58.9975
10 64739881 0.433511692429605 59.0155
10 64780249 0.233675719060788 59.033
10 64878676 1.26896369537326 59.056
10 64984668 1.92454645798539 59.1905
10 65020001 2.12591986917422 59.2585
10 65117841 0.306006064483802 59.4665
10 65333523 0.26173625361202 59.5325
10 65381281 0.210495668117184 59.545
10 65635443 0.36220832697877 59.5985
10 65740355 1.18970998381214 59.6365
10 65791628 0.40152476011912 59.6975
10 66081772 0.119462894824844 59.814
10 66165480 0.440020257536392 59.824
10 66406378 1.88407952798869 59.93
10 66426547 2.83692911179588 59.968
10 66455099 3.66948552695307 60.049
10 66481942 0.201570638414457 60.1475
10 66543955 0.912372565353772 60.16
10 66569164 0.409238815802575 60.183
10 66619257 0.850727675994248 60.2035
10 66652170 2.9262394195891 60.2315
10 66672845 0.31770433000255 60.292
10 66770420 1.99014778325121 60.323
10 66795795 1.73163037963511 60.3735
10 66841128 0 60.452
10 66888577 0.53495319890322 60.452
10 67059620 0.929708130989953 60.5435
10 67160727 0.614807796972251 60.6375
10 67210336 0.0511912196820263 60.668
10 67308009 0.281601297618683 60.673
10 67352398 1.18663062825504 60.6855
10 67367567 0.0900608811558353 60.7035
10 67395326 2.7478715257444 60.706
10 67417525 0.87675621847454 60.767
10 67463718 0.338082358767343 60.8075
10 67568722 0.493970652331816 60.843
10 67706382 0.554353851672322 60.911
10 67798381 0.682151218608318 60.962
10 67857752 0.618233535541195 61.0025
10 68030017 0.110979169209917 61.109
10 68120124 0.854024329278387 61.119
10 68144128 0.679310907015884 61.1395
10 68180930 0.574236324887571 61.1645
10 68265390 0.9668246445498 61.213
10 68291765 0.774902030243244 61.2385
10 68336932 0.989178981445438 61.2735
10 68370293 0.799640863051011 61.3065
10 68405934 4.02550817058585 61.335
10 68431024 0.797843072521214 61.436
10 68485546 5.24585734870294 61.4795
10 68507754 1.6295649643534 61.596
10 68542119 6.89593807002719 61.652
10 68564596 2.29973717289448 61.807
10 68669608 0.353814473842526 62.0485
10 68810925 0.722166499498523 62.0985
10 68860775 2.26530167719449 62.1345
10 68906685 0.308779634267689 62.2385
10 68964979 0.243682987178491 62.2565
10 69018327 0.202355417054474 62.2695
10 69067745 0.665507524431946 62.2795
10 69151140 1.02044376221048 62.335
10 69208468 4.53596831210856 62.3935
10 69231947 6.08664518438961 62.5
10 69259877 0.436665332411501 62.67
10 69369801 1.2425667879648 62.718
10 69414869 1.62838263058522 62.774
10 69478429 1.38936588716485 62.8775
10 69542487 1.57305989279866 62.9665
10 69568233 1.72017240379595 63.007
10 69619972 0.918273645546449 63.096
10 69677689 0.616578103629881 63.149
10 69722290 2.37147795329413 63.1765
10 69747169 2.22135746019393 63.2355
10 69778006 0.567826926352735 63.304
10 69813228 0.354559636930945 63.324
10 69834381 3.37640969389509 63.3315
10 69863554 0.681891111348786 63.43
10 70013138 1.85478151764784 63.532
10 70049800 2.56315522098564 63.6
10 70071453 2.00555788590593 63.6555
10 70109597 2.717347740353 63.732
10 70171974 0.313652600702826 63.9015
10 70344139 2.013505554262 63.9555
10 70417146 1.9698456840612 64.1025
10 70490502 0.77106966576999 64.247
10 70690873 0.272675001037389 64.4015
10 70859572 0.308386221962749 64.4475
10 71071968 0.533147664861903 64.513
10 71277352 1.33946176754561 64.6225
10 71350889 0.0349435312534626 64.721
10 71422433 0.227546817757708 64.7235
10 71510327 0.890606824350471 64.7435
10 71592855 0.54357913716789 64.817
10 71630568 0.0439459991561968 64.8375
10 71687456 1.26652722074039 64.84
10 71739567 0.801481526457942 64.906
10 71904262 0.0481547114569252 65.038
10 71956178 1.35428985617819 65.0405
10 71982391 2.80702599812067 65.076
10 72023894 0.317500635001342 65.1925
10 72063264 0.68272915473739 65.205
10 72085967 0.624172970813814 65.2205
10 72126020 0.268155568537678 65.2455
10 72334854 0.14664906877828 65.3015
10 72403044 1.63357627544635 65.3115
10 72438855 1.48186415792042 65.37
10 72512411 2.01491322950863 65.479
10 72616882 0 65.6895
10 72631813 0.0169973212221599 65.6895
10 72778895 0.289253599949825 65.692
10 72858410 0.159883817759101 65.715
10 73158628 0.928268320548186 65.763
10 73207644 3.15283638068455 65.8085
10 73250304 0.155894154646975 65.943
10 73397840 3.0559520698044 65.966
10 73447579 0.627103089629808 66.118
10 73480269 1.05202987035101 66.1385
10 73562491 0.282965478213009 66.225
10 73571326 0 66.2275
10 73616457 0.168255748737929 66.2275
10 73661032 2.01075339899963 66.235
10 73751794 0.139269946938024 66.4175
10 73823597 0.261052983313553 66.4275
10 73871480 0 66.44
10 73889668 1.03555905603684 66.44
10 73923949 1.06341947214729 66.4755
10 74014694 3.46300199841203 66.572
10 74051223 0.176092507263823 66.6985
10 74255661 0.0500250125062076 66.7345
10 74305636 0.424989375265634 66.737
10 74340931 2.83545434248738 66.752
10 74385721 0.203342958233171 66.879
10 74434899 1.37130046981946 66.889
10 74560692 1.90217391304365 67.0615
10 74608532 0.647125999238519 67.1525
10 74647937 0.394336231246161 67.178
10 74756981 0.321508483044764 67.221
10 74987146 0.294865473669997 67.295
10 75090583 1.19929453262786 67.3255
10 75189808 2.3256906596502 67.4445
10 75232376 0.233079336620443 67.5435
10 75288151 2.72977843740059 67.5565
10 75344749 0.414400112063117 67.711
10 75430415 1.42041819159015 67.7465
10 75508561 4.60421462723554 67.8575
10 75536796 0.288635362389268 67.9875
10 75668450 0.0668511759122185 68.0255
10 75818036 0.756169656973975 68.0355
10 75861677 0.304803190273403 68.0685
10 75979786 0.442698043347856 68.1045
10 76116448 3.66032210834533 68.165
10 76157428 0.252818931081689 68.315
10 76196982 10.6624715958736 68.325
10 76202703 0.504676670480277 68.386
10 76217564 0.376333969516835 68.3935
10 76291966 1.86294392302994 68.4215
10 76355575 1.81467358845945 68.54
10 76399109 2.20445374383491 68.619
10 76466019 0.365785854329525 68.7665
10 76534365 0.0726686093408602 68.7915
10 76671976 0.149916047013536 68.8015
10 76688652 0.565397663023014 68.804
10 76720488 0.536883925694776 68.822
10 76729801 0.224235357430956 68.827
10 76752099 1.8024844435261 68.832
10 76795650 1.29616910021481 68.9105
10 76840783 0.846606132777688 68.969
10 76894527 1.61904423015351 69.0145
10 76922630 1.75916713529725 69.06
10 76991981 2.48205198109769 69.182
10 77080013 5.71670216764831 69.4005
10 77111937 0.281377342089515 69.583
10 77310958 1.33885583886245 69.639
10 77386769 0.301336839798416 69.7405
10 77478029 0.427795120823288 69.768
10 77521274 0.7361926320639 69.7865
10 77621112 0.231980286830672 69.86
10 77718103 57.9529243937263 69.8825
10 77720907 0.148738695859191 70.045
10 77788139 2.64885778041759 70.055
10 77850430 1.54167374784541 70.22
10 77891619 7.4284666177548 70.2835
10 77907975 2.82857839551293 70.405
10 77928480 1.25910075415576 70.463
10 78005122 5.62152602324398 70.5595
10 78036786 3.44755318034169 70.7375
10 78084501 0.218558891686818 70.902
10 78562633 0.585939788827267 71.0065
10 78647966 0.0245331344513677 71.0565
10 78749869 0.0641370994637555 71.059
10 78788848 0 71.0615
10 78830390 0.208412030584535 71.0615
10 78907161 1.12102342844762 71.0775
10 79013314 0.136607045280558 71.1965
10 79068216 0.585041654965967 71.204
10 79110948 0.541843237472967 71.229
10 79172774 1.4544403775764 71.2625
10 79224684 1.72887577444513 71.338
10 79323303 0.13757681372113 71.5085
10 79377818 0.162377495200798 71.516
10 79516384 0.495423232990488 71.5385
10 79558772 0.230091346264585 71.5595
10 79602233 1.6076851318895 71.5695
10 79652616 0.217964646134508 71.6505
10 79744374 1.62469536961806 71.6705
10 79767763 0.938395696729374 71.7085
10 79895108 4.21287166747775 71.828
10 79934155 0.491881256621369 71.9925
10 80026657 1.33081266635157 72.038
10 80066858 0.553669517578959 72.0915
10 80135491 0.270221581697002 72.1295
10 80202103 6.57894736842152 72.1475
10 80223687 0.390012978018013 72.2895
10 80372400 6.57894736842255 72.3475
10 80374300 4.32931156848829 72.36
10 80402480 5.17280398305896 72.482
10 80433411 7.08913287801511 72.642
10 80479679 1.26808425576574 72.97
10 80559721 0.819548588869109 73.0715
10 80612799 1.73596228032613 73.115
10 80636129 1.17230047815073 73.1555
10 80690296 2.3552328670092 73.219
10 80718531 3.54738948517387 73.2855
10 80740519 3.09241117782494 73.3635
10 80762670 4.64919695688934 73.432
10 80785147 1.22228954681254 73.5365
10 80833008 0.0447293872074393 73.595
10 81000683 0.262044206857645 73.6025
10 81077006 2.25461989598294 73.6225
10 81113154 1.6271650930269 73.704
10 81159861 0.423975191394474 73.78
10 81201137 0.39359189838953 73.7975
10 81248140 1.59601129079037 73.816
10 81286047 0.403726838003063 73.8765
10 81525070 1.25271205703079 73.973
10 81563786 0.23402980603615 74.0215
10 81617198 2.18286908934385 74.034
10 81665987 1.17469374056044 74.1405
10 81713659 2.17636964801405 74.1965
10 81761445 5.38773422946246 74.3005
10 81788822 0.0451008454905612 74.448
10 81955116 0.443301711144202 74.4555
10 81966395 0.0446006458174376 74.4605
10 82078501 0.576560206862711 74.4655
10 82192973 1.54325657397046 74.5315
10 82226020 2.97938680062354 74.5825
10 82254885 2.3254978720349 74.6685
10 82310572 0.442690684913478 74.798
10 82402058 0.453364294797333 74.8385
10 82492493 0.0721813194748647 74.8795
10 82527128 0.128511578893141 74.882
10 82566035 0 74.887
10 82699326 0.679315628998979 74.887
10 82762625 1.49916440017034 74.93
10 82823659 0.248943012455341 75.0215
10 82946177 1.00267379679117 75.052
10 82968617 4.19055281772771 75.0745
10 82998446 2.63983472339115 75.1995
10 83037653 4.27341203893569 75.303
10 83083986 0.0484289643949813 75.501
10 83135608 2.23492565451381 75.5035
10 83168495 4.73690443295324 75.577
10 83193828 2.85436893203867 75.697
10 83219578 5.01966466570112 75.7705
10 83229240 1.78634245009228 75.819
10 83320208 0.169560499186196 75.9815
10 83379184 2.10345440540374 75.9915
10 83412938 1.94119699877854 76.0625
10 83458786 1.6669041173955 76.1515
10 83493881 1.45351805834504 76.21
10 83640766 0.459742544175185 76.4235
10 83690794 1.81768038910891 76.4465
10 83770566 1.34235768402029 76.5915
10 83885662 0.950719410358023 76.746
10 83936676 0 76.7945
10 83953443 1.2498459696868 76.7945
10 84010250 3.7482900136799 76.8655
10 84046800 0.725825333645655 77.0025
10 84068155 1.67387532683333 77.018
10 84109078 6.74049109292388 77.0865
10 84113232 1.94723378259661 77.1145
10 84139423 4.63337649724857 77.1655
10 84164135 1.54065781848499 77.28
10 84234884 6.06391967791639 77.389
10 84255003 2.69034945614451 77.511
10 84324139 0.162744523646631 77.697
10 84354862 7.80046224961646 77.702
10 84360054 0.602198997629618 77.7425
10 84385793 2.4916601457932 77.758
10 84410074 1.4948683623384 77.8185
10 84432484 0.148579579222497 77.852
10 84482962 0.736355335630929 77.8595
10 84516913 0.532181317305304 77.8845
10 84612745 0.249667110519317 77.9355
10 84684841 1.71232876712173 77.9535
10 84686301 0.0698031551025472 77.956
10 84722116 1.40280561122238 77.9585
10 84762036 0.130395097144229 78.0145
10 84800381 0.834724540901838 78.0195
10 84839316 0.393284331009742 78.052
10 84949923 1.89031662803527 78.0955
10 84994360 0.0461856787446928 78.1795
10 85156748 0.501331970234662 78.187
10 85258477 0.304239064295771 78.238
10 85332432 0.200083671353483 78.2605
10 85497363 0.19036568341294 78.2935
10 85552520 0.224228653431989 78.304
10 85585968 0.520553174506796 78.3115
10 85643599 1.22126436781614 78.3415
10 85685359 0.884859077998878 78.3925
10 85731129 0.113820027771983 78.433
10 85818987 0.227178959572636 78.443
10 86010466 0.73494825964227 78.4865
10 86044482 0.437210876678409 78.5115
10 86115386 1.51233131689124 78.5425
10 86145472 0.406103536429531 78.588
10 86220576 0.504922999242515 78.6185
10 86260186 1.34337472013032 78.6385
10 86284751 0.67389006342516 78.6715
10 86322591 1.01987447698736 78.697
10 86379951 3.90293225480307 78.7555
10 86404676 2.54284039582101 78.852
10 86462682 0.052002080083156 78.9995
10 86510757 1.44997583373616 79.002
10 86543861 1.09560329633669 79.05
10 86564854 2.07893943959032 79.073
10 86598044 1.84892175860903 79.142
10 86654293 1.22515421521591 79.246
10 86712653 2.6473072175666 79.3175
10 86743439 0.848109504743482 79.399
10 86844841 0.36641339144518 79.485
10 86948549 2.08349213608781 79.523
10 86987906 0.523267982976203 79.605
10 87030905 1.37733142037308 79.6275
10 87065755 2.49067561140469 79.6755
10 87105704 0.52682597884219 79.775
10 87129431 2.75996368854146 79.7875
10 87197729 1.20062772977377 79.976
10 87250618 0.181310512383343 80.0395
10 87305772 3.71338192820809 80.0495
10 87342127 2.73406823536238 80.1845
10 87376508 1.67938828534127 80.2785
10 87525074 0.501945037018267 80.528
10 87596795 3.13928074706965 80.564
10 87621960 1.25160837524856 80.643
10 87664705 0.659515691495947 80.6965
10 87745067 1.22538293216656 80.7495
10 87767917 0.37300373924731 80.7775
10 87876495 2.18540819757314 80.818
10 87941929 0.622781341471328 80.961
10 87957986 1.71419113822287 80.971
10 88042574 0.567762780515835 81.116
10 88127997 0.763969212754711 81.1645
10 88198026 0.7400733637942 81.218
10 88260182 5.45838237084545 81.264
10 88284823 0.249176864460543 81.3985
10 88519596 0.432628620871841 81.457
10 88650193 1.54767238219407 81.5135
10 88674746 0.120499349303404 81.5515
10 88736987 1.39082058414481 81.559
10 88780846 0.832446300390197 81.62
10 88854124 1.20513939762018 81.681
10 88906815 1.48064329738047 81.7445
10 88948351 0.480157491657168 81.806
10 88990004 0.177355683963647 81.826
10 89077399 4.85908649174894 81.8415
10 89078428 1.87658412945989 81.8465
10 89098944 1.68894229988468 81.885
10 89160521 0.582774840777413 81.989
10 89208567 2.01666225866173 82.017
10 89269063 0.944906690464352 82.139
10 89307162 2.59117914913921 82.175
10 89353280 0.827540549487348 82.2945
10 89365364 3.6500970546038 82.3045
10 89389062 1.01053936763783 82.391
10 89469712 7.70441554138046 82.4725
10 89493854 0.688151017184946 82.6585
10 89626819 4.55881620248101 82.75
10 89646890 3.91754500513027 82.8415
10 89668332 7.12766664451389 82.9255
10 89698426 0.660721903711538 83.14
10 89794533 5.34914579532261 83.2035
10 89830707 1.11323540088556 83.397
10 89872028 1.53934218261713 83.443
10 89936666 0.688581522064573 83.5425
10 90036872 1.39267048477449 83.6115
10 90100778 1.08662056175866 83.7005
10 90204310 2.71060017686168 83.813
10 90230319 3.79597131085023 83.8835
10 90256531 1.15329168668914 83.983
10 90298151 2.47889863148406 84.031
10 90371369 0.32748093215839 84.2125
10 90418700 1.57064448203266 84.228
10 90447669 5.69450286342906 84.2735
10 90478576 3.17541257185241 84.4495
10 90500148 1.6601487287882 84.518
10 90617005 0.81389039609313 84.712
10 90648336 2.39505453603903 84.7375
10 90679233 6.85548438751003 84.8115
10 90689225 1.04214914312186 84.88
10 90706497 3.30659150043365 84.898
10 90743393 1.99693552033383 85.02
10 90783204 3.43745032586238 85.0995
10 90808368 1.13231963765746 85.186
10 90848551 2.79984865682929 85.2315
10 90874981 4.84283964819876 85.3055
10 90901928 9.98433829287337 85.436
10 90924914 0.535153648558842 85.6655
10 90966958 0.441732696501784 85.688
10 91003179 7.95632938490128 85.704
10 91017193 2.55871333272465 85.8155
10 91028136 3.95307867485923 85.8435
10 91074682 0.0678769651686274 86.0275
10 91266205 0.070755384484829 86.0405
10 91372204 0.611060189428571 86.048
10 91414753 1.60449520616129 86.074
10 91567449 0.294674429403162 86.319
10 91679437 3.68994168343915 86.352
10 91698814 1.19325551232146 86.4235
10 91718089 2.31647508093128 86.4465
10 91769676 1.22927334232935 86.566
10 91823773 0.118731355466982 86.6325
10 91891152 0.99315357957901 86.6405
10 92009462 0.280434112005528 86.758
10 92080780 0.107947062760324 86.778
10 92127099 4.45791105074357 86.783
10 92155812 2.58880587232906 86.911
10 92186328 0.572694527753243 86.99
10 92252681 0.634383590611016 87.028
10 92361448 0.921062945834159 87.097
10 92386962 2.68453129534657 87.1205
10 92407636 0.416935147632782 87.176
10 92434019 0.0564049726624455 87.187
10 92566986 2.95372497538546 87.1945
10 92618785 0.816548720740368 87.3475
10 92640829 1.24195956811396 87.3655
10 92710477 0.223079129354035 87.452
10 92804614 4.93316889437006 87.473
10 92834615 2.88758744102806 87.621
10 92846909 1.56968447756475 87.6565
10 92941514 1.77326647914861 87.805
10 92990576 2.3680438711288 87.892
10 93022670 0.427941273289585 87.968
10 93053048 2.11015545702248 87.981
10 93090486 2.53114494759711 88.06
10 93115771 0.902352278329515 88.124
10 93229363 6.62486938349023 88.2265
10 93253288 6.97204087425491 88.385
10 93281472 0.377146073740382 88.5815
10 93370297 0.955963502401603 88.615
10 93627629 0.213516245583693 88.861
10 93927372 0.967858586288403 88.925
10 93974383 1.66473988439313 88.9705
10 94017633 1.08717207773807 89.0425
10 94158825 0.232050865549847 89.196
10 94201919 1.26804470356247 89.206
10 94377386 1.77723705241061 89.4285
10 94419305 1.38092521989753 89.503
10 94452616 42.6376440460945 89.549
10 94456521 0.572908882578492 89.7155
10 94536813 5.25676370263059 89.7615
10 94558214 2.93882377491064 89.874
10 94586967 2.48389521942295 89.9585
10 94654804 1.10504965729483 90.127
10 94762039 0.102263082004672 90.2455
10 94859826 1.12221143507356 90.2555
10 94955619 0.0546531709769304 90.363
10 95001362 0.631149480992228 90.3655
10 95090089 2.96253441327851 90.4215
10 95140215 0.522324537646077 90.57
10 95243599 0.0994730940352353 90.624
10 95575347 2.30848340298913 90.657
10 95621048 2.42804690275949 90.7625
10 95629491 2.35931332048109 90.783
10 95683956 2.44533673333465 90.9115
10 95736505 4.1893041827584 91.04
10 95767059 0.301638127059052 91.168
10 95810157 5.43675793554654 91.181
10 95843173 2.61165030996392 91.3605
10 95898502 2.63271051542712 91.505
10 96021759 2.19659310388503 91.8295
10 96148091 0.106149795282535 92.107
10 96510786 1.00921982176147 92.1455
10 96569247 1.244625480878 92.2045
10 96631113 1.27060100661217 92.2815
10 96712177 0.526212448458614 92.3845
10 96839502 0.98843561905128 92.4515
10 96997833 0.914775675158773 92.608
10 97034454 4.68123049487312 92.6415
10 97061370 0.215221543676403 92.7675
10 97098541 1.5796280982974 92.7755
10 97145704 4.55969695552592 92.85
10 97167087 0.96235865357269 92.9475
10 97212808 3.83027408844442 92.9915
10 97232911 2.28471460650702 93.0685
10 97271209 0.307644977695665 93.156
10 97381726 0.772408234543548 93.19
10 97441280 0.112450521770319 93.236
10 97463512 2.48893805309744 93.2385
10 97470744 0.860672336978327 93.2565
10 97510248 1.10980712317606 93.2905
10 97549444 3.73529857150058 93.334
10 97569255 0.628335341711202 93.408
10 97627345 1.25280871631562 93.4445
10 97689206 0.0496692031072602 93.522
10 97739539 4.45273631840801 93.5245
10 97759639 0.400629047399756 93.614
10 97926876 1.86067767839662 93.681
10 97957510 1.23923228048955 93.738
10 97990595 1.04962082447714 93.779
10 98066813 0.439865333536525 93.859
10 98125922 0.113641529160313 93.885
10 98147921 0.0817456511312855 93.8875
10 98239669 1.64516732099446 93.895
10 98266414 2.9863127333058 93.939
10 98302579 2.1104107398524 94.047
10 98356360 0.326696553351375 94.1605
10 98411457 1.26991456938343 94.1785
10 98480753 1.87186120833996 94.2665
10 98513608 1.25415587027762 94.328
10 98598127 1.14091333273133 94.434
10 98764222 3.73285101306476 94.6235
10 98816193 0.112044220118954 94.8175
10 98909906 2.36479539378986 94.828
10 98943947 0.196069559446647 94.9085
10 99010250 0.932859993262713 94.9215
10 99048841 2.69219964416165 94.9575
10 99070199 0.827898919910303 95.015
10 99148711 0.782176798028944 95.08
10 99225420 2.85814571528868 95.14
10 99265306 0.264165896182563 95.254
10 99303161 0.838759717888289 95.264
10 99358600 2.18046856877741 95.3105
10 99401710 0.442545658797233 95.4045
10 99460461 1.17399325419754 95.4305
10 99514124 6.3605196679895 95.4935
10 99525208 1.18528959507964 95.564
10 99540816 0.253856196509054 95.5825
10 99582178 2.7413387151023 95.593
10 99611908 0.76956904133688 95.6745
10 99639196 1.66169786422946 95.6955
10 99680118 0.554193292713139 95.7635
10 99841614 0.708963103750132 95.853
10 99907908 1.42969828436188 95.9
10 99928192 0.935404165195857 95.929
10 99984852 0.900006206939245 95.982
10 100017074 3.07540435872118 96.011
10 100056581 0.178218672163589 96.1325
10 100289441 1.03997433695165 96.174
10 100386078 5.80636134688917 96.2745
10 100407520 2.42071479083933 96.399
10 100444286 0.354519832430306 96.488
10 100613529 2.64810648668915 96.548
10 100656201 2.18413049488509 96.661
10 100692371 0.634276838108412 96.74
10 100924131 1.10629324938375 96.887
10 100991473 1.290910471562 96.9615
10 101083656 1.64941417358662 97.0805
10 101153984 2.49935678318072 97.1965
10 101181191 2.37107291049199 97.2645
10 101230114 0.267218289048476 97.3805
10 101389160 0.656067864880487 97.423
10 101487473 0.58227154404699 97.4875
10 101516669 0.189170016552608 97.5045
10 101558959 0.206091138080962 97.5125
10 101624464 1.88839216895355 97.526
10 101650412 0.117857353316707 97.575
10 101701321 0.676384517696519 97.581
10 101737543 1.08555657773684 97.6055
10 101791893 0.37715517241368 97.6645
10 101829013 0.526216209824271 97.6785
10 101913579 0.519002786225374 97.723
10 101968492 0.212648322204746 97.7515
10 102039031 0.595809473370649 97.7665
10 102069242 0.626122937877868 97.7845
10 102124343 0.496594778660464 97.819
10 102180727 0.393726622481805 97.847
10 102226444 0.726797900909082 97.865
10 102267033 0.109044647725212 97.8945
10 102349568 0.622119815668226 97.9035
10 102392968 0.0720939580894128 97.9305
10 102621836 0.114440282979564 97.947
10 102669896 1.07663077897423 97.9525
10 102701476 0.0963148458220918 97.9865
10 102836450 0 97.9995
10 103079412 0.0707595149434858 97.9995
10 103192471 0.883944841842225 98.0075
10 103229238 0 98.04
