Chromosome Position(bp) Rate(cM/Mb) Map(cM)
13 0 0 0
13 239729 0 0
13 394097 0.616550624821426 0
13 460596 9.93007277310241 0.041
13 509790 0 0.5295
13 632975 0 0.5295
13 679797 0.663825325147564 0.5295
13 798051 6.63371488033299 0.608
13 824959 3.16784467342247 0.7865
13 883674 1.44758834765998 0.9725
13 950682 3.19030792529026 1.0695
13 1000207 3.12856636889536 1.2275
13 1051029 0.730049980344806 1.3865
13 1122257 1.0234773164007 1.4385
13 1313761 1.24799073491678 1.6345
13 1413922 2.72798129384255 1.7595
13 1458827 0.253824822798546 1.882
13 1616416 0.575028322290502 1.922
13 1732932 3.54529339575474 1.989
13 1754933 1.59949928717966 2.067
13 1927487 4.72627018511225 2.343
13 1965572 0.887291763714204 2.523
13 2010653 1.6377523660449 2.563
13 2079650 0 2.676
13 2080032 4.34743433797359 2.676
13 2102229 22.5136071251855 2.7725
13 2108292 1.98466747091101 2.909
13 2133989 1.90833388407904 2.96
13 2194513 0.345432321836642 3.0755
13 2250964 4.16366258111031 3.095
13 2278704 0.807453416149062 3.2105
13 2310904 3.60246908482834 3.2365
13 2359343 0.412647177493305 3.411
13 2413869 3.7678256307531 3.4335
13 2434836 2.20337851372103 3.5125
13 2464790 0.336997699119157 3.5785
13 2507817 0.333522741309881 3.593
13 2548294 0.611709572736417 3.6065
13 2644745 0.787747043455714 3.6655
13 2694888 0.389812889812887 3.705
13 2744912 0 3.7245
13 2800282 0.39493419242614 3.7245
13 2912959 1.59839417143706 3.769
13 2953312 0.277791395003021 3.8335
13 3014509 5.45004128819159 3.8505
13 3032674 0.197088818972127 3.9495
13 3172205 0.0526548579371922 3.977
13 3219684 1.4059381991897 3.9795
13 3252758 2.84126585457744 4.026
13 3284610 0.427044620391947 4.1165
13 3327931 0.310729299945188 4.135
13 3355286 1.95549439606003 4.1435
13 3410515 0.13521144684202 4.2515
13 3536244 1.36637670275568 4.2685
13 3584181 3.1809613572103 4.334
13 3588425 0.391314571291196 4.3475
13 3873362 1.36242531890846 4.459
13 3922906 2.8845372552206 4.5265
13 3947520 1.22118433456165 4.5975
13 3994196 0.183663928404468 4.6545
13 4084034 1.2385946079848 4.671
13 4132476 1.66943969781455 4.731
13 4221428 4.6349638629936 4.8795
13 4259616 0.335535824901923 5.0565
13 4414592 1.92423488755661 5.1085
13 4490986 2.18100349910543 5.2555
13 4617304 0.921834769064503 5.531
13 4711681 2.29131415679637 5.618
13 4740049 1.04500220505052 5.683
13 4792202 0.40450490728322 5.7375
13 4839173 2.95497608950646 5.7565
13 4861339 0.677605792865212 5.822
13 5011869 2.22368260178505 5.924
13 5077301 0.394551868650698 6.0695
13 5228105 1.94828196953598 6.129
13 5267627 0.0967480559687505 6.206
13 5350316 0.385778844622971 6.214
13 5431969 0.144762803465734 6.2455
13 5525225 1.18672547784078 6.259
13 5572835 3.01969143321152 6.3155
13 5592539 0.0716589036187773 6.375
13 5634404 1.99418168168166 6.378
13 5655716 0.65379825653798 6.4205
13 5687836 0.837748494316914 6.4415
13 5732002 2.59977194982895 6.4785
13 5797777 1.06232294617565 6.6495
13 5852845 3.6235754985755 6.708
13 5909005 0.150619504570972 6.9115
13 6138059 4.33887994274468 6.946
13 6205127 0.468501449085869 7.237
13 6251018 3.17014863319821 7.2585
13 6289502 3.77838608937043 7.3805
13 6315439 0.675094216445587 7.4785
13 6382837 1.24920189878688 7.524
13 6454883 6.98505093266306 7.614
13 6492678 1.97988013698631 7.878
13 6539398 5.67988324008758 7.9705
13 6580508 3.60303999258538 8.204
13 6623666 0.67575508285344 8.3595
13 6708756 4.48889882282819 8.417
13 6735600 3.1814656286806 8.5375
13 6805222 6.69188662482445 8.759
13 6840115 0.963839938314252 8.9925
13 6902366 3.13630880579008 9.0525
13 6910656 4.81250988871893 9.0785
13 6948578 0.0935768827668959 9.261
13 7002010 0.588548527227398 9.266
13 7037691 0.671235780399899 9.287
13 7080150 0.182639061381325 9.3155
13 7148591 0.606720597386457 9.328
13 7212871 1.06864840487068 9.367
13 7314869 3.58856122866386 9.476
13 7368651 0.359181067166838 9.669
13 7418765 3.68157597287262 9.687
13 7449730 7.07661616433923 9.801
13 7486824 0.294278387354445 10.0635
13 7653333 0.120698283729273 10.1125
13 7823178 0.487770887046217 10.133
13 7866231 0.858953853444699 10.154
13 7916874 0.356687199045173 10.1975
13 7989767 1.37044064937802 10.2235
13 8018225 2.80438545874209 10.2625
13 8061550 0.285771920387296 10.384
13 8150782 2.33856366928186 10.4095
13 8197178 0.454422187529771 10.518
13 8333615 0.374223486266057 10.58
13 8346976 0.379591246505343 10.585
13 8429960 0.308844001511954 10.6165
13 8538429 0.189192598064837 10.65
13 8593928 0 10.6605
13 8677922 0.529078995563872 10.6605
13 8727064 3.35670967580921 10.6865
13 8767133 1.76087339320304 10.821
13 8801207 3.54127255110043 10.881
13 8844553 0.740163615114948 11.0345
13 8883058 0.609656133448091 11.063
13 8980654 1.0461249330113 11.1225
13 9116871 9.25005995409228 11.265
13 9146060 0.566912610844109 11.535
13 9205152 0.68452858441628 11.5685
13 9298647 3.99186256781193 11.6325
13 9409247 1.09335087855097 12.074
13 9460923 8.59399542251943 12.1305
13 9505489 0.617877248386657 12.5135
13 9592885 5.31368273303756 12.5675
13 9632782 0.514840847025108 12.7795
13 9677456 5.997236875157 12.8025
13 9725228 0.460677854557399 13.089
13 9770813 0.94439581701756 13.11
13 9814227 1.32168585852856 13.151
13 9902372 0.553656361474439 13.2675
13 10036932 0.127751537454265 13.342
13 10318729 0.555093656771165 13.378
13 10523199 0.204465527112125 13.4915
13 10572107 0.401221872323782 13.5015
13 10720404 0.0894339673582887 13.561
13 11609328 0.385557470743 13.6405
13 11697512 0.817831943553534 13.6745
13 11728692 2.02452858600901 13.7
13 11848226 0.637492802500617 13.942
13 11921168 2.53581036864684 13.9885
13 11976180 1.94552529182877 14.128
13 12019870 3.735220878022 14.213
13 12070871 0.3466437640339 14.4035
13 12264153 0.092935075556231 14.4705
13 12317954 0.720849433386361 14.4755
13 12471939 1.0562835992649 14.5865
13 12530162 0.824229103368058 14.648
13 12561100 0.593781488412255 14.6735
13 12616676 0.76514753000813 14.7065
13 12700320 1.60412031516969 14.7705
13 12781673 5.48848922832662 14.901
13 12818204 7.33268671193017 15.1015
13 12843979 1.1801659494889 15.2905
13 12954133 0.964593735814801 15.4205
13 13007005 3.60272638753651 15.4715
13 13068625 2.76860154160768 15.6935
13 13132195 3.30932450846799 15.8695
13 13178428 0.864668789674597 16.0225
13 13225845 0.895629328875039 16.0635
13 13267715 0.886767959336673 16.101
13 13322408 2.25760838127068 16.1495
13 13384642 18.796992481203 16.29
13 13398341 2.12368791256362 16.5475
13 13435305 1.6945301702103 16.626
13 13488122 2.31129315389118 16.7155
13 13590662 12.5288894295098 16.9525
13 13607104 1.70000910719167 17.1585
13 13640045 2.98916465290312 17.2145
13 13806814 0.565300255192632 17.713
13 13837771 1.12695227909527 17.7305
13 13950908 0.486213294095071 17.858
13 14029063 0.123250828641726 17.896
13 14256242 0.556452061654877 17.924
13 14292184 0.118937177382967 17.944
13 14334223 0.389839034205216 17.949
13 14373983 1.58074294918609 17.9645
13 14473936 1.04037118530569 18.1225
13 14515748 0.982524170094529 18.166
13 14553915 2.30916091598498 18.2035
13 14647672 0.41485169052063 18.42
13 14695882 0.936694078147027 18.44
13 14736984 8.96093435360455 18.4785
13 14756848 0 18.6565
13 14761057 0 18.6565
13 14763263 0.555086815577925 18.6565
13 14785782 0.859172139911442 18.669
13 14811970 2.77523545215664 18.6915
13 14845841 2.7406445570267 18.7855
13 14939797 2.35516619979659 19.043
13 15051891 0.670312599748924 19.307
13 15145877 3.16345898728489 19.37
13 15194874 0.533673768364676 19.525
13 15242656 0.774041261763888 19.5505
13 15307898 0.636891591615683 19.601
13 15519865 0.748671108781852 19.736
13 15559936 0.441152330925833 19.766
13 15657408 1.58925088492376 19.809
13 15698937 8.9938553431053 19.875
13 15728068 4.63520078441856 20.137
13 15750505 3.36338915128091 20.241
13 15771466 1.52484602045093 20.3115
13 15821635 6.7075664621676 20.388
13 15846085 1.60434562910564 20.552
13 15885665 0.371960291714432 20.6155
13 16049661 0.587811148034326 20.6765
13 16113457 0.10381628669911 20.714
13 16161619 0.907987672321211 20.719
13 16276158 6.23489985192113 20.823
13 16301820 2.67625560009428 20.983
13 16344230 1.16396606120012 21.0965
13 16442171 0.405011340317544 21.2105
13 16516243 0.725783738111231 21.2405
13 16562400 0.371855469187511 21.274
13 16785605 1.39205554473483 21.357
13 16872886 0.427937248410524 21.4785
13 16979210 0.950547682332315 21.524
13 17147008 1.71126781341279 21.6835
13 17180901 1.97889182058055 21.7415
13 17218043 0.706399202639808 21.815
13 17321384 1.28710039383069 21.888
13 17366835 2.93658464054719 21.9465
13 17407188 0.356187370387331 22.065
13 17470357 1.81370643865789 22.0875
13 17532109 2.55362614913174 22.1995
13 17550710 0.0667467627820392 22.247
13 17588165 0.45873547939662 22.2495
13 17726589 0.093498139387074 22.313
13 17780066 0.329477229462546 22.318
13 17848356 0.0209031848092482 22.3405
13 17967955 0.520121262557163 22.343
13 18001601 0.398610218700175 22.3605
13 18085643 0.113700966458273 22.394
13 18129618 0 22.399
13 18167455 0.790494897714696 22.399
13 18209201 0.0439583626389309 22.432
13 18266073 0.417807709172737 22.4345
13 18386942 2.09878776913334 22.485
13 18414577 0.0998761535695775 22.543
13 18489670 1.39013007645709 22.5505
13 18509812 0.610710660771745 22.5785
13 18626070 0.950984665372307 22.6495
13 18676544 1.27148468542101 22.6975
13 18720587 0.618470316749905 22.7535
13 18870958 1.29990714948943 22.8465
13 18892498 14.4452537023549 22.8745
13 18900736 0.433960808517152 22.9935
13 18952584 1.66465963023307 23.016
13 19009052 1.52308678922616 23.11
13 19065188 1.37492304535194 23.1955
13 19089553 2.96218487394954 23.229
13 19113353 2.59102022942086 23.2995
13 19195560 1.72287687931738 23.5125
13 19257085 3.00789129127001 23.6185
13 19313603 1.84303486407618 23.7885
13 19365691 1.78193668883769 23.8845
13 19418162 5.55499444500553 23.978
13 19457766 1.87979474673571 24.198
13 19497132 1.94730544541684 24.272
13 19539755 2.62640376753087 24.355
13 19578401 0.362387945832561 24.4565
13 19709476 6.25000000000024 24.504
13 19710676 4.66787127860951 24.5115
13 19733920 0.865993469296942 24.62
13 19859787 0.467945718296684 24.729
13 20060665 0 24.823
13 20094078 0.970704487328538 24.823
13 20180098 1.46955090524327 24.9065
13 20214122 2.31754041678352 24.9565
13 20267627 5.3888802528628 25.0805
13 20306225 1.04566550163296 25.2885
13 20376037 0.951725001565344 25.3615
13 20455892 5.95893270581091 25.4375
13 20508586 3.47087941836184 25.7515
13 20560302 0.177897340217802 25.931
13 20675537 1.86595500010853 25.9515
13 20721626 1.61600146354847 26.0375
13 20787220 2.43017839718691 26.1435
13 20841537 1.40062561277368 26.2755
13 20884375 5.28361317855061 26.3355
13 20923742 3.39077447254609 26.5435
13 20954266 1.42974055202113 26.647
13 21159548 1.34939759036144 26.9405
13 21221798 0.260980765717577 27.0245
13 21336749 1.34313586879684 27.0545
13 21393333 0.570086502945997 27.1305
13 21539802 0.76638324946499 27.214
13 21608958 0.797537857486114 27.267
13 21706759 0.527368363377385 27.345
13 21779763 1.87783657371622 27.3835
13 21880677 0.850581230507546 27.573
13 21901839 3.58955599250072 27.591
13 21923708 0.857850305121766 27.6695
13 22026290 3.18574339402961 27.7575
13 22057209 2.31768893303524 27.856
13 22081371 1.81372910068501 27.912
13 22135679 0.596145363386621 28.0105
13 22364650 0.862257746633121 28.147
13 22437714 0.97147857556027 28.21
13 22505137 1.10531435140148 28.2755
13 22539064 3.31844151381078 28.313
13 22585622 2.99272040981389 28.4675
13 22622712 1.06491117672686 28.5785
13 22746666 0.0315135319106185 28.7105
13 22825997 0 28.713
13 22864084 0.0510016728548233 28.713
13 22913102 1.51423379769842 28.7155
13 22932914 0.0683526999316434 28.7455
13 23115789 0.164257555847575 28.758
13 23161449 1.35812787296298 28.7655
13 23171021 0.194039118286208 28.7785
13 23196789 3.01669301052472 28.7835
13 23248667 0.76522009805193 28.94
13 23364320 1.91031992610628 29.0285
13 23435774 0.161917098445613 29.165
13 23543854 0.245984662132807 29.1825
13 23647519 0.410460154032223 29.208
13 23807096 0.621028795457641 29.2735
13 23925448 0.451003297499519 29.347
13 23993075 0.348687192719383 29.3775
13 24079112 1.37177591588633 29.4075
13 24139982 1.47193844091113 29.491
13 24208599 0.206591650942754 29.592
13 24281206 0 29.607
13 24331223 0.158992622742311 29.607
13 24378395 5.27499135247319 29.6145
13 24389959 1.18693422801802 29.6755
13 24421553 3.21001339430048 29.713
13 24464855 0.78178946449407 29.852
13 24590848 0.620214395099537 29.9505
13 24721448 1.56601286921465 30.0315
13 24785943 2.82971313353496 30.1325
13 24829587 5.30909865077043 30.256
13 24867164 1.97000681663259 30.4555
13 24940514 0.471898447454098 30.6
13 24982896 1.60755405581544 30.62
13 25051945 0.739431539460338 30.731
13 25079669 1.20396268051057 30.7515
13 25228760 0.678397728933118 30.931
13 25276667 0.716845878136167 30.9635
13 25315727 3.65898280278097 30.9915
13 25323926 0.741865360063508 31.0215
13 25439850 1.19882553562498 31.1075
13 25517843 0.32693780708798 31.201
13 25571370 0.592456889307226 31.2185
13 25690366 0.20128014170118 31.289
13 25715207 1.62676925999811 31.294
13 25757315 0.769360619124298 31.3625
13 25911339 0.933530923735124 31.481
13 26030778 0.582671353933956 31.5925
13 26082265 0.265787795024588 31.6225
13 26101077 1.99382931656771 31.6275
13 26135433 1.57095901005408 31.696
13 26176809 1.78233760924007 31.761
13 26255077 1.80927722494306 31.9005
13 26287134 0.0858074480864768 31.9585
13 26345404 1.19367727992368 31.9635
13 26385197 1.0549284091318 32.011
13 26440651 0.53502345872093 32.0695
13 26525694 0.466401595093445 32.115
13 26611457 2.51662441676771 32.155
13 26665895 0.192529842125537 32.292
13 26704850 1.3278449077147 32.2995
13 26742505 1.20695600768515 32.3495
13 26803402 0.319326256689187 32.423
13 27088377 2.90636782572259 32.514
13 27126569 0.787988600117026 32.625
13 27232535 2.23905286291564 32.7085
13 27317169 0.998502246630047 32.898
13 27421325 0.162973801056076 33.002
13 27559384 1.8474043968221 33.0245
13 27570210 0.272136348085689 33.0445
13 27634516 1.72377101510966 33.062
13 27705001 1.13853072609795 33.1835
13 27740134 3.33612215017781 33.2235
13 27787944 1.16067319045046 33.383
13 27837915 0.437899161928358 33.441
13 27912133 0.255094708401591 33.4735
13 28051297 0.334524710812162 33.509
13 28164891 0.496696315951144 33.547
13 28317902 0.162530271263106 33.623
13 28379429 0.994588269708905 33.633
13 28447799 1.38297872340431 33.701
13 28504199 1.40268611001934 33.779
13 28577986 1.18434795583404 33.8825
13 28631602 1.18168735594528 33.946
13 28717073 2.20370497899602 34.047
13 28760636 0.862068965517192 34.143
13 28789636 1.34020380340596 34.168
13 28832913 0.171959188352637 34.226
13 28876528 2.26800587013284 34.2335
13 28928997 0.94517958412095 34.3525
13 28963382 1.29622049392836 34.385
13 28992698 0.362329273325838 34.423
13 29201072 1.1818139685777 34.4985
13 29222649 1.77964147789498 34.524
13 29292045 2.65419283630723 34.6475
13 29330098 3.25344672078338 34.7485
13 29361142 4.92206726825285 34.8495
13 29384303 0.729485816711407 34.9635
13 29432282 0.678445229682005 34.9985
13 29503032 2.50390342358802 35.0465
13 29555550 2.52210181092258 35.178
13 29611654 1.2227238525208 35.3195
13 29648866 0.467734950194866 35.365
13 29822041 1.58097105776332 35.446
13 29912808 1.5632159124599 35.5895
13 29949911 1.38855510160484 35.6475
13 30024809 0.919917236839019 35.7515
13 30194933 1.66978493974688 35.908
13 30244640 1.95676905574513 35.991
13 30266615 2.14491113939568 36.034
13 30309041 0.337863202943177 36.125
13 30428912 1.26048039882164 36.1655
13 30534824 0.302200016117346 36.299
13 30584460 0.726285812579972 36.314
13 30636781 1.13384528165752 36.352
13 30694990 0.332559067606689 36.418
13 30792717 0.493995348466164 36.4505
13 30955674 0.315302151744904 36.531
13 31020691 0.516075759921576 36.5515
13 31078822 0.884642604389537 36.5815
13 31081648 0.689748970233912 36.584
13 31133116 0.65539389172885 36.6195
13 31201777 0.0333137892437081 36.6645
13 31276821 1.62337662337646 36.667
13 31297457 0.577788049565305 36.7005
13 31353706 0.712583237093641 36.733
13 31435100 0.519102990033341 36.791
13 31459180 1.74361634676343 36.8035
13 31493878 0.121097628908488 36.864
13 31535167 2.20994475138111 36.869
13 31560507 0.201224595394853 36.925
13 31734442 0.130541486084344 36.96
13 31772744 1.98126360589966 36.965
13 31813627 0.479263850725304 37.046
13 31860574 0.84412940922918 37.0685
13 31944092 0.0742184320278671 37.139
13 32152935 1.18425117566969 37.1545
13 32240332 0.738248603808462 37.258
13 32417779 2.77686715390397 37.389
13 32469636 0 37.533
13 32476521 0.973075562132042 37.533
13 32538695 1.33300174086049 37.5935
13 32639220 3.451886558052 37.7275
13 32695566 0.267148095655888 37.922
13 32873370 1.38583307140624 37.9695
13 32908367 0.905469032959107 38.018
13 32982914 1.06338413946425 38.0855
13 33013947 0.141102786552476 38.1185
13 33123796 0.435898074575891 38.134
13 33163943 0.784138008289542 38.1515
13 33208578 0.502096667402306 38.1865
13 33299198 0.730156912152129 38.232
13 33334122 0.218647736631521 38.2575
13 33471329 0.553677008562194 38.2875
13 33521900 0.286980278715312 38.3155
13 33565457 0.554167692903094 38.328
13 33679141 0 38.391
13 33733156 0.518533386859459 38.391
13 33763048 0.814320814320812 38.4065
13 33834273 1.65914520838864 38.4645
13 33871943 0.54597998700944 38.527
13 33978174 0.0450952740152655 38.585
13 34100138 0 38.5905
13 34104301 1.54728394845889 38.5905
13 34161498 0.944822373393838 38.679
13 34193250 0.377121307353701 38.709
13 34233025 0 38.724
13 34275970 0.128632253251246 38.724
13 34353711 0.115119839753187 38.734
13 34484010 0.0969551943229578 38.749
13 34726390 0.870958751393567 38.7725
13 34769446 0.171459924100413 38.81
13 34813188 2.33608713140871 38.8175
13 34845507 0.132562702158094 38.893
13 34920943 0 38.903
13 34960147 2.19036240541625 38.903
13 35005345 2.75745766960632 39.002
13 35049226 3.84438259615963 39.123
13 35099169 0.732743881588616 39.315
13 35140111 1.87858046276317 39.345
13 35193875 1.96861309820898 39.446
13 35229941 1.37458805047545 39.517
13 35288504 2.94486677983616 39.5975
13 35356249 0.249128051818644 39.797
13 35386354 1.12137427996867 39.8045
13 35533049 0.809015067188364 39.969
13 35620192 0.397093277210879 40.0395
13 35670558 2.1289993702959 40.0595
13 35703907 0.423352101943202 40.1305
13 35774770 1.85066608361582 40.1605
13 35838801 1.91394604144428 40.279
13 35893139 3.37936046511615 40.383
13 35920659 1.41524105754279 40.476
13 35984959 1.28039872819456 40.567
13 36101329 1.52964198109303 40.716
13 36173895 1.88111100293466 40.827
13 36317693 1.42554578038464 41.0975
13 36342245 0.42552156786457 41.1325
13 36383371 0.121303282466886 41.15
13 36424590 1.25052748587365 41.155
13 36521749 1.12106378963958 41.2765
13 36611842 0.908887967598976 41.3775
13 36705913 1.32193167265662 41.463
13 36778534 0.128955300868879 41.559
13 36840571 0.192990582059603 41.567
13 36996019 1.54076153282889 41.597
13 37028795 1.8303623104526 41.6475
13 37097907 1.43020594965672 41.774
13 37125875 0.20872039698031 41.814
13 37295959 0.644085263329167 41.8495
13 37369707 1.08600775429835 41.897
13 37418970 0.697587896074932 41.9505
13 37451224 1.33469642755727 41.973
13 37504045 1.84410889371723 42.0435
13 37558814 0.824170847899733 42.1445
13 37669228 0.159067771960427 42.2355
13 37779244 1.20806843280573 42.253
13 37861193 2.55880326739504 42.352
13 37891676 0.155477471314376 42.43
13 37955994 1.29510050709565 42.44
13 37983405 0.999787279302314 42.4755
13 38053920 3.25522832662843 42.546
13 38086483 0 42.652
13 38124350 5.72041998764736 42.652
13 38158351 2.2645726721958 42.8465
13 38226355 2.72485231716449 43.0005
13 38250393 0 43.066
13 38264716 1.0380333916555 43.066
13 38528195 4.92633307485276 43.3395
13 38550118 3.07652309558909 43.4475
13 38573196 0.0411448132847999 43.5185
13 38633957 0.577159860455593 43.521
13 38672941 0.266659555745127 43.5435
13 38710442 2.69673535744101 43.5535
13 38801478 0.931862233487348 43.799
13 38828306 0.662286396243978 43.824
13 38904557 0.180505415162547 43.8745
13 38959957 0.664139696115541 43.8845
13 38990824 1.3534637233596 43.905
13 39017053 0.498156819766834 43.9405
13 39067238 0.817320703653566 43.9655
13 39159613 0.778498136709468 44.041
13 39198791 0.625988856022522 44.0715
13 39271476 1.48720999405129 44.117
13 39305096 1.28980094713742 44.167
13 39408988 0.345230281384003 44.301
13 39526301 0.202834447832234 44.3415
13 39602718 0.0960378619667236 44.357
13 39732875 3.34790827885766 44.3695
13 39802172 0.120363014852687 44.6015
13 39843713 0.350973780194081 44.6065
13 39916368 0.675414897722855 44.632
13 39957824 1.27388535031849 44.66
13 40038679 0.461584469957989 44.763
13 40115588 0.757850861265955 44.7985
13 40178925 1.75517777443477 44.8465
13 40198866 1.55925155925162 44.8815
13 40200790 1.59623726665692 44.8845
13 40241824 0.0147925492887608 44.95
13 40579832 0.0259104947868585 44.955
13 40676318 0.33737636390564 44.9575
13 40737081 0.550337540358107 44.978
13 40777965 0.082334343301203 45.0005
13 40808329 0.531293167570137 45.003
13 40817740 1.75171951879229 45.008
13 40856559 0 45.076
13 40909656 0.312605504357703 45.076
13 40989629 1.82387556350887 45.101
13 41018688 0.367829052307352 45.154
13 41164136 0.868406171742452 45.2075
13 41213652 0 45.2505
13 41259273 0.131242207493904 45.2505
13 41335468 0.381555116908502 45.2605
13 41433750 1.04705496257169 45.298
13 41561728 0.933488914818951 45.432
13 41583153 1.59669021063728 45.452
13 41646722 0.361624416880556 45.5535
13 41674375 0.454902759986025 45.5635
13 41811767 3.68009463100509 45.626
13 41826984 1.38060381880219 45.682
13 41903762 0.465717017920809 45.788
13 41984283 0.318455110567687 45.8255
13 42023535 1.38127328282622 45.838
13 42071317 1.33245349102802 45.904
13 42110718 1.16189000774598 45.9565
13 42126210 1.74023534611354 45.9745
13 42162412 0.205507603781328 46.0375
13 42284062 0.487403418216103 46.0625
13 42409215 2.94663497541753 46.1235
13 42439928 0.520582531853133 46.214
13 42516765 0.277789070016471 46.254
13 42590562 1.48367952522248 46.2745
13 42626284 0.228584863763399 46.3275
13 42702842 0.784747594298449 46.345
13 42741708 0.777058673252154 46.3755
13 42835652 0.215253860682089 46.4485
13 42907660 0.0306031264154537 46.464
13 42989351 0.356639033745879 46.4665
13 43052440 0.441472516864267 46.489
13 43137383 6.45955755271359 46.5265
13 43160527 0.629958674710929 46.676
13 43577221 1.13757228690773 46.9385
13 43719190 0.442841165480371 47.1
13 43873873 1.68788507243524 47.1685
13 43939932 1.26729042521637 47.28
13 44051193 0 47.421
13 44131206 1.97868505603007 47.421
13 44156728 1.20134920757163 47.4715
13 44221655 0.167047652540868 47.5495
13 44449135 0.218095712861424 47.5875
13 44497279 2.52945252945254 47.598
13 44526139 0.340969704335376 47.671
13 44674246 1.30235718561422 47.7215
13 44736057 0.391122807381073 47.802
13 44929091 0.364186863565617 47.8775
13 44999110 8.80832787362614 47.903
13 45012847 0.189998480012122 48.024
13 45118111 1.59619322973149 48.044
13 45151315 0.454376163873317 48.097
13 45218440 1.48844083183791 48.1275
13 45265805 0.790681528908027 48.198
13 45291732 0.546917019695048 48.2185
13 45457205 2.24569765576661 48.309
13 45500844 0.736831498601937 48.407
13 45580238 0.67014454502338 48.4655
13 45628735 0.877494181832179 48.498
13 45654946 0.471753744545253 48.521
13 45697341 1.0584757948555 48.541
13 45747413 0.258600553905633 48.594
13 45807351 0.925489668170001 48.6095
13 45837065 0.475326246651047 48.637
13 45894920 0.331336651031054 48.6645
13 45971881 0.395465330872675 48.69
13 46009811 0.521389694287563 48.705
13 46049129 0.370096225018519 48.7255
13 46089659 0.1911997144751 48.7405
13 46128885 0.69715560513105 48.748
13 46186261 0.210236920837798 48.788
13 46248096 0.153012822474384 48.801
13 46280773 0.13808086015171 48.806
13 46335089 0.645723694831083 48.8135
13 46366062 0.322427368992641 48.8335
13 46483918 0.199917748126547 48.8715
13 46571454 0.217580504786779 48.889
13 46619712 0.24309016214109 48.8995
13 46660849 0.212144355141752 48.9095
13 46743340 0.351219169542266 48.927
13 46857229 0.18233091846162 48.967
13 46898363 0.571186989529717 48.9745
13 47009535 0.74170026951938 49.038
13 47057398 0.650495822371093 49.0735
13 47091987 2.23221328285219 49.096
13 47155377 0.0996293787113869 49.2375
13 47180470 0 49.24
13 47182668 0.875810124364241 49.24
13 47188377 1.1638292689528 49.245
13 47225324 0.439753737906813 49.288
13 47321969 0.386603182354583 49.3305
13 47420261 1.02343764406502 49.3685
13 47474490 0.105538669368511 49.424
13 47521866 1.97794798417629 49.429
13 47557509 0.774721563745709 49.4995
13 47633020 1.04555049219777 49.558
13 47683711 0.019241722211142 49.611
13 47813637 0.414273088820166 49.6135
13 47867949 0.297325261943539 49.636
13 47952032 0.339040515341596 49.661
13 48005123 0.0233627392344285 49.679
13 48112131 0.224502166445862 49.6815
13 48156674 0.403290853363537 49.6915
13 48187669 0.288396371973583 49.704
13 48257018 0.945127036192842 49.724
13 48310979 1.00505398575706 49.775
13 48345803 1.23083131557693 49.81
13 48370583 0.132804476396223 49.8405
13 48427057 0.0534633562156392 49.848
13 48614101 0.158506739706608 49.858
13 48771823 0.797175720305167 49.883
13 48806947 0.761853077155892 49.911
13 48902766 0.190877162365549 49.984
13 48994448 0.443342875095983 50.0015
13 49137678 0.164241369116137 50.065
13 49198564 1.02760084925686 50.075
13 49257439 1.84325656798948 50.1355
13 49302468 0.327953002908847 50.2185
13 49372600 0.0408363279973493 50.2415
13 49433820 0.236186465840666 50.244
13 49507914 0.123398290193319 50.2615
13 49609212 0.270155286109329 50.274
13 49844262 0 50.3375
13 49911025 0.739098300073938 50.3375
13 49951615 0.121745341211614 50.3675
13 50013219 2.00912620036785 50.375
13 50057268 0 50.4635
13 50164571 0.130285690462038 50.4635
13 50356457 0.314116237617971 50.4885
13 50493349 0.363138871060359 50.5315
13 50611761 0.274572089958255 50.5745
13 50730127 0.524372850071434 50.607
13 50753965 0.0320122927203755 50.6195
13 50910155 0.0545470413685816 50.6245
13 50955987 0.247269130630802 50.627
13 51162240 0.578391300994855 50.678
13 51188174 0.807441379756013 50.693
13 51203655 0.0730108202035915 50.7055
13 51272138 0.361463203045944 50.7105
13 51292887 0.277392510402206 50.718
13 51393827 1.74813071171419 50.746
13 51422715 2.83192523717351 50.7965
13 51443902 0.270693666920147 50.8565
13 51530716 2.04855842185115 50.88
13 51563666 0.396500396500442 50.9475
13 51640589 0.485766332106996 50.978
13 51780574 0.0811965117978947 51.046
13 51842153 0.585216530116104 51.051
13 51919902 0.263391580499967 51.0965
13 51986343 0.305444091753021 51.114
13 52069828 0.533328670350485 51.1395
13 52127016 0 51.17
13 52165592 0.0610485702424294 51.17
13 52247494 0.946383095877328 51.175
13 52276552 0.45392188508717 51.2025
13 52326120 0.149509608484178 51.225
13 52376284 2.98360655737701 51.2325
13 52422034 0.449754590430068 51.369
13 52473173 0.613141290049192 51.392
13 52518024 4.44773906597496 51.4195
13 52539608 1.11549887257064 51.5155
13 52623427 0.666218123771448 51.609
13 52699228 1.50547206367486 51.6595
13 52737422 1.84049079754608 51.717
13 52777357 1.52025446720923 51.7905
13 52798735 3.97196852784164 51.823
13 52838262 0.948541617263468 51.98
13 52931036 0.463821892393409 52.068
13 52964454 0.0492164737380449 52.0835
13 53015250 0.154259093573535 52.086
13 53080076 0.366268166901162 52.096
13 53148332 0.909067629510102 52.121
13 53187383 1.60011907862908 52.1565
13 53214256 1.95959770611792 52.1995
13 53248957 0.368506390953659 52.2675
13 53296446 0.723626402026304 52.285
13 53335140 2.60213374967422 52.313
13 53338983 0.669059705613755 52.323
13 53433145 0.452687316524378 52.386
13 53506043 0.146271149478495 52.419
13 53694050 1.07322087187856 52.4465
13 53727128 2.56785252703891 52.482
13 53756530 0.421613225341216 52.5575
13 53846660 0 52.5955
13 53883230 0 52.5955
13 53925141 0 52.5955
13 53992561 0.175326106558181 52.5955
13 54192189 0.685655194119181 52.6305
13 54236672 0 52.661
13 54291061 0.0376789751318421 52.661
13 54357411 0.449822320183545 52.6635
13 54424104 0.164349106083798 52.6935
13 54564050 0.218526693035511 52.7165
13 54655572 0.30592788639403 52.7365
13 54796128 0.822138801849105 52.7795
13 54860594 0.310547984099913 52.8325
13 54916946 0.440015043249305 52.85
13 55049896 0.151100008058673 52.9085
13 55149168 0.83316547948223 52.9235
13 55203779 0.491700102273593 52.969
13 55254623 2.89616019026423 52.994
13 55280692 1.28490663011826 53.0695
13 55286529 2.03771775611323 53.077
13 55311557 2.20453906689155 53.128
13 55368485 2.3602125889324 53.2535
13 55427378 0.278158165012094 53.3925
13 55474114 1.40744337418961 53.4055
13 55626518 1.6025132485006 53.62
13 55658031 2.75876162256064 53.6705
13 55687392 2.47573452256027 53.7515
13 55717888 0.504351265822804 53.827
13 55768448 0.488987990454927 53.8525
13 55819574 0.828672053034994 53.8775
13 55867844 5.42599861463878 53.9175
13 55898161 2.75281353736531 54.082
13 55922863 0.417731133052577 54.15
13 56067693 0.159667890787131 54.2105
13 56130323 25.5220417633407 54.2205
13 56137650 0.287417178470951 54.4075
13 56236809 2.5836084397875 54.436
13 56278611 2.01797480432738 54.544
13 56356164 1.60690816494169 54.7005
13 56453556 0.692888556966233 54.857
13 56574066 3.42997487508109 54.9405
13 56609489 2.71979979492885 55.062
13 56667030 0.522845315565275 55.2185
13 56782743 1.13993742471157 55.279
13 56906434 0.393330647172786 55.42
13 57010672 1.0086191087476 55.461
13 57037937 0.631231309072908 55.4885
13 57246260 0.168953166182341 55.62
13 57290651 0.292211587163481 55.6275
13 57367650 0.158896621857901 55.65
13 57399117 2.66680748818417 55.655
13 57436990 0.404678399695316 55.756
13 57500003 0.758801595995921 55.7815
13 57599502 0.0749422944333247 55.857
13 57666220 0.548861431634832 55.862
13 57744564 0.937779425555564 55.905
13 57790417 0.321945063294381 55.948
13 57868070 0.0508316050587151 55.973
13 57917252 1.5457136592853 55.9755
13 57962862 1.78128872366788 56.046
13 57988686 1.6015374759769 56.092
13 58013662 1.05899296828673 56.132
13 58049073 0.412673666834809 56.1695
13 58092691 0.983403383985349 56.1875
13 58166923 0.598324690865599 56.2605
13 58179458 0.490615407839801 56.268
13 58298696 1.26262626262611 56.3265
13 58334336 0.766847642710521 56.3715
13 58366937 7.3620904189131 56.3965
13 58381403 0.403421010166129 56.503
13 58406191 1.37497174715589 56.513
13 58459283 0 56.586
13 58470410 0.310244109145367 56.586
13 58536487 2.19423134903354 56.6065
13 58566338 2.44757189742451 56.672
13 58602292 16.6292450182437 56.76
13 58609418 0.30854981586535 56.8785
13 58659653 2.70682953914502 56.894
13 58688469 5.82672474775685 56.972
13 58715328 1.08812551401276 57.1285
13 58794363 2.57912835988488 57.2145
13 58851359 2.12575995918529 57.3615
13 58874880 0.535209113846667 57.4115
13 58979512 0.65954359583171 57.4675
13 59002255 2.80227478776881 57.4825
13 59026521 1.7988466218718 57.5505
13 59064323 2.91651476485611 57.6185
13 59080781 3.42359510725046 57.6665
13 59125909 0.218073970690867 57.821
13 59194693 1.32761437908492 57.836
13 59219173 1.74883625234691 57.8685
13 59258056 0.1925188013042 57.9365
13 59380122 0.641080434225172 57.96
13 59426918 0.194345831929732 57.99
13 59465509 0 57.9975
13 59497718 0.949400104329619 57.9975
13 59545643 0.208907829865273 58.043
13 59557610 1.29207989942734 58.0455
13 59600564 0.985360360360464 58.101
13 59636084 2.04367862151853 58.136
13 59661039 0.930603562882248 58.187
13 59728737 3.65512159174657 58.25
13 59762662 0.764642911760165 58.374
13 59828052 0.824926297568495 58.424
13 59901998 0.371697467996827 58.485
13 59969257 1.11292334260769 58.51
13 60021372 0.60529973546162 58.568
13 60088281 1.57230256705636 58.6085
13 60152518 2.26398974797114 58.7095
13 60175928 1.55632076748413 58.7625
13 60242431 1.0909432897583 58.866
13 60295596 2.9266865030974 58.924
13 60357099 8.44238075137196 59.104
13 60385527 0.149661764412434 59.344
13 60435640 0.174651473282212 59.3515
13 60564468 0.789906747120006 59.374
13 60610043 0.493145280599683 59.41
13 60640460 0.623807805330769 59.425
13 60737445 1.68815527079582 59.4855
13 60788092 0.377883091985071 59.571
13 61076541 0.279614365188022 59.68
13 61248206 0.258137793954361 59.728
13 61286945 0.0601902010352167 59.738
13 61328480 0.252775474712351 59.7405
13 61476833 0.304874473798424 59.778
13 61562114 1.53082333471232 59.804
13 61598369 1.09826386448303 59.8595
13 61655277 0.162604269988213 59.922
13 61716776 0.654972092493441 59.932
13 61787008 0.952245159844777 59.978
13 61885197 0.542621076849635 60.0715
13 61954306 1.25109986801576 60.109
13 61990674 0.952834683182504 60.1545
13 62041050 1.58644209486355 60.2025
13 62146317 0.875537022332763 60.3695
13 62336486 4.09201504092004 60.536
13 62363612 8.19009100101143 60.647
13 62373502 0.342841470104107 60.728
13 62409962 1.05653289506788 60.7405
13 62469591 1.63877350109249 60.8035
13 62552885 1.09667985549634 60.94
13 62576137 0.883054190092165 60.9655
13 62610110 1.53262518968132 60.9955
13 62643060 2.14501225721309 61.046
13 62664272 1.67899829254404 61.0915
13 62716982 3.21251655304331 61.18
13 62737371 1.13832097655958 61.2455
13 62804136 0.768268323199433 61.3215
13 62849693 1.26005040201613 61.3565
13 62908024 0.994205203953999 61.43
13 62925626 0.237214156940895 61.4475
13 62957243 0.0159821000479772 61.455
13 63113668 0.694444444444197 61.4575
13 63139588 1.00502512562827 61.4755
13 63194313 1.43430416653598 61.5305
13 63258107 0.709860609189556 61.622
13 63296847 0.311604138102892 61.6495
13 63361031 0.923469122314109 61.6695
13 63399473 2.83424347501101 61.705
13 63447634 0.260344759575513 61.8415
13 63574389 0.343141460066966 61.8745
13 63632674 0.144038256561016 61.8945
13 63667387 0.0728916101756715 61.8995
13 63708544 0 61.9025
13 63747201 0.0709380852391387 61.9025
13 63782443 0.12729124236241 61.905
13 63821723 0.252341731266207 61.91
13 63920795 0 61.935
13 63922586 2.38606537819089 61.935
13 63926777 0.635808748728346 61.945
13 63966097 0.288645144100496 61.97
13 64011135 0.176538711408678 61.983
13 64081941 0.111426820435657 61.9955
13 64171686 0.197550375345814 62.0055
13 64196996 0.324304690743059 62.0105
13 64312628 1.01582873430762 62.048
13 64345606 0.511942215685973 62.0815
13 64399323 2.41629271660334 62.109
13 64451469 0.80284965486696 62.235
13 64505651 0.6203131892369 62.2785
13 64541923 1.58265344121329 62.301
13 64601001 0.54357954898423 62.3945
13 64665389 1.91949227764959 62.4295
13 64710453 9.66494845360861 62.516
13 64714333 0.30707815138954 62.5535
13 64812028 0.685178507032036 62.5835
13 64867488 0.151393186568142 62.6215
13 65002897 1.73839399139709 62.642
13 65047766 2.96002165869509 62.72
13 65103171 1.49539739962034 62.884
13 65159009 2.51823094276262 62.9675
13 65197131 1.46871747426864 63.0635
13 65240366 1.50414010841721 63.127
13 65307514 0.511619446086699 63.228
13 65351492 0.355871886120976 63.2505
13 65421742 2.54268867407553 63.2755
13 65467363 1.03705364650489 63.3915
13 65520880 0.806619802976185 63.447
13 65683906 0.617479976006432 63.5785
13 65712247 0.33618607276562 63.596
13 65832716 0.533034833826474 63.6365
13 65870237 0.171297916868347 63.6565
13 66004506 0 63.6795
13 66020536 0.344400055104115 63.6795
13 66071349 0.368778185189832 63.697
13 66118803 6.71868227134781 63.7145
13 66123417 0.327360817092612 63.7455
13 66169238 0.857780065191236 63.7605
13 66198383 0.471451021477231 63.7855
13 66236563 1.66962486086466 63.8035
13 66269804 0.805671930389837 63.859
13 66303937 1.64724164724178 63.8865
13 66336112 0.613090603155789 63.9395
13 66447841 2.89667720003853 64.008
13 66468727 3.06145251396649 64.0685
13 66491102 0.520043980862331 64.137
13 66524753 1.76662967937875 64.1545
13 66558999 0.582072176950009 64.215
13 66611398 0.674186160991248 64.2455
13 66704844 0.359118006176843 64.3085
13 66746613 1.46566857672834 64.3235
13 66806995 3.88016603501102 64.412
13 66818077 1.64785367059372 64.455
13 66830214 2.16897856242151 64.475
13 66869864 3.32523472245078 64.561
13 66918432 3.19823693829283 64.7225
13 66955640 0.848043218795331 64.8415
13 67003397 1.64940764751414 64.882
13 67038258 3.08175944949127 64.9395
13 67078657 0.246381708622128 65.064
13 67149685 2.22293356096173 65.0815
13 67177801 3.00212859954193 65.144
13 67227599 1.71917656607396 65.2935
13 67295364 1.04207191685679 65.41
13 67331350 0.762151113779788 65.4475
13 67417947 1.15618780002353 65.5135
13 67520439 0.309591133309954 65.632
13 67568890 0.188799966435569 65.647
13 67664229 1.07788683456313 65.665
13 67703658 0.49654439742027 65.7075
13 67876855 3.22855550821074 65.7935
13 67907364 0.952429545725078 65.892
13 67966161 1.75161035145225 65.948
13 68028104 1.66529499511351 66.0565
13 68105868 0.718215633160246 66.186
13 68331427 1.86068147459014 66.348
13 68383021 2.83951482857755 66.444
13 68411547 3.46874277345241 66.525
13 68463439 2.26858829439852 66.705
13 68527135 2.05247041297683 66.8495
13 68587550 1.06455983530124 66.9735
13 68644381 1.14762870339066 67.034
13 68715397 0.219886538546223 67.1155
13 68760875 0.34769708629843 67.1255
13 68804016 5.30951960438002 67.1405
13 68849312 0.971616068299943 67.381
13 68880703 1.37758875739646 67.4115
13 68988863 6.89169722367719 67.5605
13 69019407 11.4684186260951 67.771
13 69045435 0.359811790755575 68.0695
13 69208020 2.00963397048446 68.128
13 69240613 0.746194408516594 68.1935
13 69280817 1.39906810430862 68.2235
13 69444140 0.370433089200252 68.452
13 69538624 1.28697413392985 68.487
13 69562323 1.40100656007795 68.5175
13 69728632 0.752602081665285 68.7505
13 69822307 0.703432751828857 68.821
13 69847185 5.41467979856489 68.8385
13 69869624 0.39306652789395 68.96
13 70050255 4.11495466948296 69.031
13 70072977 2.00605561321108 69.1245
13 70166444 6.42732531448009 69.312
13 70199117 1.18771306303039 69.522
13 70254265 0.101161551384618 69.5875
13 70531050 1.07461177015955 69.6155
13 70578509 1.20405198320307 69.6665
13 70628756 0.439618411218662 69.727
13 70651503 1.21463636823731 69.737
13 70691021 0.445924252333687 69.785
13 70724659 0.205490711820223 69.8
13 70748991 0.858621235058786 69.805
13 70793248 4.52690996479087 69.843
13 70811141 0.419792541234156 69.924
13 70848064 1.04089219330887 69.9395
13 70881689 0 69.9745
13 70885245 0.157965405576091 69.9745
13 70935889 0.587071018819762 69.9825
13 70995507 0.848416289592792 70.0175
13 71016723 2.97265160523158 70.0355
13 71022610 1.63098274123738 70.053
13 71039471 2.23308482205672 70.0805
13 71067907 3.67773819101239 70.144
13 71120113 1.22488975992165 70.336
13 71279311 2.02743987113248 70.531
13 71369326 8.34542815674888 70.7135
13 71389996 10.3674717761888 70.886
13 71412229 1.06932692179967 71.1165
13 71487510 7.2088488219685 71.197
13 71518791 2.65108268668848 71.4225
13 71570468 1.50682289406432 71.5595
13 71694902 1.3092932544121 71.747
13 71731563 1.60382533209323 71.795
13 71815425 1.69484432540988 71.9295
13 71863217 0.409469922573011 72.0105
13 71930377 0.782451131122562 72.038
13 71966801 1.09695640052838 72.0665
13 72049302 2.84078199794232 72.157
13 72071655 1.20055604701114 72.2205
13 72134959 2.29287050936697 72.2965
13 72183588 0.999296270232202 72.408
13 72219113 0.638246247006621 72.4435
13 72313904 4.25372200675595 72.504
13 72353869 0.736803326140508 72.674
13 72391871 0.326302599979191 72.702
13 72430179 0.140176271661537 72.7145
13 72487250 1.04213684517969 72.7225
13 72562576 1.95242814667991 72.801
13 72613026 2.31475657315382 72.8995
13 72652771 1.01919156955496 72.9915
13 72756775 1.29366106080212 73.0975
13 72796198 0.278548158554409 73.1485
13 72878769 2.81293952180078 73.1715
13 72902943 0.972593698981958 73.2395
13 72931732 3.15730059618305 73.2675
13 72960079 0.781864722462977 73.357
13 73060480 0.349178267144335 73.4355
13 73081959 0.599376648285919 73.443
13 73144524 2.54243111385962 73.4805
13 73173630 0.3459792848308 73.5545
13 73357167 0.771253979868323 73.618
13 73458301 2.28947556700319 73.696
13 73486255 0.567564110762918 73.76
13 73548803 1.13861749798009 73.7955
13 73562416 1.08205315776637 73.811
13 73628032 2.43065484701182 73.882
13 73649014 0.86347796589258 73.933
13 73713868 0.704958743891644 73.989
13 73901113 0.09319896114225 74.121
13 74062059 0.540204737595825 74.136
13 74099082 0.596351214053192 74.156
13 74166995 0.247361477572334 74.1965
13 74197315 0.199658765020222 74.204
13 74224862 0.94537815126054 74.2095
13 74243902 1.50019188500827 74.2275
13 74272565 2.55747590588486 74.2705
13 74346857 0.252126264833438 74.4605
13 74406351 1.88828070846398 74.4755
13 74448188 1.16669612869016 74.5545
13 74476473 0.527249494460652 74.5875
13 74557080 2.60268517465043 74.63
13 74592236 4.45251755532405 74.7215
13 74637379 1.66201575837141 74.9225
13 74661747 3.62581580855878 74.963
13 74664505 2.75398569948697 74.973
13 74704084 0.17631631146298 75.082
13 74749457 0.231779009250098 75.09
13 74891834 1.24533001245335 75.123
13 74930378 0.488060376639726 75.171
13 74972381 4.42702516093636 75.1915
13 75021624 1.46328639242862 75.4095
13 75223225 0.493391785431249 75.7045
13 75285042 17.6847004072136 75.735
13 75293637 0.908121767283774 75.887
13 75318964 10.3759142711349 75.91
13 75336601 4.20408396728226 76.093
13 75354084 9.34191815452704 76.1665
13 75379400 1.42036776834258 76.403
13 75477614 1.28131638399018 76.5425
13 75536928 3.41327186488776 76.6185
13 75604605 1.92044383590869 76.8495
13 75717079 2.00271247739608 77.0655
13 75827679 1.91918038868737 77.287
13 75897761 0.0900587182844101 77.4215
13 75981040 0.397407679138879 77.429
13 76013752 0.561285680019279 77.442
13 76117977 0.61052545891166 77.5005
13 76142546 0.842291920647162 77.5155
13 76187661 2.76268115942061 77.5535
13 76209741 1.53764997699121 77.6145
13 76298838 2.49940134099619 77.7515
13 76332246 1.54315384336095 77.835
13 76414869 3.09020869491569 77.9625
13 76438492 4.7437417865956 78.0355
13 76469691 0.348527734358511 78.1835
13 76564375 2.35818788501058 78.2165
13 76595543 0.667714907273606 78.29
13 76641970 6.25811784153941 78.321
13 76650439 1.61802030456904 78.374
13 76666199 0.769797175178932 78.3995
13 76725955 1.81595748747943 78.4455
13 76752112 3.71218703104053 78.493
13 76777434 0.56038733972903 78.587
13 76822046 2.91016289353332 78.612
13 76848505 3.04434978702109 78.689
13 76888415 2.30404729817838 78.8105
13 76911418 0.836914890506626 78.8635
13 77048230 10.3785900783303 78.978
13 77055890 0.074755176795996 79.0575
13 77256545 0.666032350142521 79.0725
13 77298585 1.73556906462922 79.1005
13 77353034 3.3589802480479 79.195
13 77387866 2.78595129280657 79.312
13 77419812 2.94709009281955 79.401
13 77456119 26.6498913416452 79.508
13 77464862 2.79666593551212 79.741
13 77510452 4.84452155344988 79.8685
13 77547917 0.478685555339919 80.05
13 77702507 3.94279997646132 80.124
13 77719500 0.125337617173015 80.191
13 78002735 0.978498943739526 80.2265
13 78157053 0.29771885758094 80.3775
13 78303164 1.29902573070179 80.421
13 78323179 0.980486266335729 80.447
13 78396102 0.962936389555009 80.5185
13 78449065 2.05363137316822 80.5695
13 78474386 3.99356077023154 80.6215
13 78490537 0.850159404888161 80.686
13 78523472 1.26721697833887 80.714
13 78607909 0.67494042617676 80.821
13 78680508 1.46761961918259 80.87
13 78772153 2.26637091330049 81.0045
13 78782522 1.76354880282142 81.028
13 78797265 6.46665705081988 81.054
13 78818064 1.54670532351383 81.1885
13 78895325 0.939473708688728 81.308
13 79002832 3.19946302718426 81.409
13 79047527 2.50954148585741 81.552
13 79085781 0.256345815531622 81.648
13 79185256 2.66129778765113 81.6735
13 79206862 0.950327131839737 81.731
13 79261580 2.07054119663016 81.783
13 79296595 1.18630841909901 81.8555
13 79391427 1.96156589602634 81.968
13 79439093 3.10943921372504 82.0615
13 79485082 2.12301096545487 82.2045
13 79509340 10.9770248317478 82.256
13 79530885 3.10681310987608 82.4925
13 79599444 1.99992727537179 82.7055
13 79654446 1.73605113145615 82.8155
13 79712336 4.82467277637995 82.916
13 79755655 0.871222433977708 83.125
13 79810750 4.06260691070813 83.173
13 79822442 2.39574090505777 83.2205
13 79833712 2.63970514991519 83.2475
13 79853790 2.42020183570014 83.3005
13 79875689 1.64792155893405 83.3535
13 79899962 2.49773755656118 83.3935
13 79927587 0.568393406636412 83.4625
13 79978608 15.3399668325067 83.4915
13 79979814 0.575127731856431 83.51
13 80017197 1.27577588002498 83.5315
13 80094013 3.95072217502139 83.6295
13 80117553 1.67870958324223 83.7225
13 80186058 0.471569928225438 83.8375
13 80248615 0.322476620444839 83.867
13 80298231 1.87135086581174 83.883
13 80338309 1.78427535397722 83.958
13 80381744 1.96064701351437 84.0355
13 80410306 0.421303656597753 84.0915
13 80473206 2.65549812867583 84.118
13 80501261 1.04018820601559 84.1925
13 80552694 1.42964635063999 84.246
13 80565984 1.24747632257101 84.265
13 80626907 0.920944210169427 84.341
13 80647538 0.915294846082374 84.36
13 80721831 5.16143759352741 84.428
13 80761258 4.75305363781206 84.6315
13 80798918 1.54929577464761 84.8105
13 80841518 3.48577337469567 84.8765
13 80871497 0.328664610406159 84.981
13 80930828 2.87332618438785 85.0005
13 80967197 0.659931367137559 85.105
13 81008868 8.7339201083277 85.1325
13 81031023 0.949142642580085 85.326
13 81126899 1.00276689383674 85.417
13 81234601 1.09862401844235 85.525
13 81290125 0.646665573710749 85.586
13 81345022 2.14692274406716 85.6215
13 81375065 0.927371223946369 85.686
13 81429520 2.36016049091325 85.7365
13 81450705 2.66044531761615 85.7865
13 81475137 2.48326098153173 85.8515
13 81502319 7.87287200046525 85.919
13 81519530 0.486127494084242 86.0545
13 81659411 1.81854252083049 86.1225
13 81704777 2.69183834613462 86.205
13 81760501 0.154917255959721 86.355
13 81815369 0.873553177549717 86.3635
13 81870317 0.82901818738359 86.4115
13 81948723 0.53859426895804 86.4765
13 82048984 0.0198191175207613 86.5305
13 82200353 0.454282646402729 86.5335
13 82224567 1.20699223085445 86.5445
13 82260607 0.816087706332004 86.588
13 82293079 0.491218221188471 86.6145
13 82392831 0.685693585530536 86.6635
13 82431478 0.248336147809651 86.69
13 82501947 1.29633888807572 86.7075
13 82549774 0.166807308122773 86.7695
13 82600731 0.45772428489944 86.778
13 82667365 0.868688974599732 86.8085
13 82696144 0.2335171093999 86.8335
13 82783932 0.465468086344485 86.854
13 82818306 0.44052863436103 86.87
13 82861436 0.650330785535498 86.889
13 82923712 0.539030724751099 86.9295
13 82944119 0.54378066670047 86.9405
13 82983657 0.704399406821403 86.962
13 83024117 0.303169044584452 86.9905
13 83104930 0.269265290421677 87.015
13 83143925 2.37631361435827 87.0255
13 83177801 2.15437406172626 87.106
13 83229092 0 87.2165
13 83411493 0 87.2165
