Chromosome Position(bp) Rate(cM/Mb) Map(cM)
5 0 0 0
5 53134 2.58241918119126 0
5 121868 20.7869657022199 0.1775
5 156914 2.42624223602485 0.906
5 239346 0.095969289827255 1.106
5 520686 0.184355323614497 1.133
5 555944 0.287737505364598 1.1395
5 658468 1.8987966068258 1.169
5 678744 0.757394059505927 1.2075
5 757963 1.68668333028511 1.2675
5 807172 0.0756329532777432 1.3505
5 860059 0.720525983968297 1.3545
5 882265 2.29658792650918 1.3705
5 903601 2.56910267124772 1.4195
5 935908 3.60434885369889 1.5025
5 986680 0.680364675466049 1.6855
5 1067519 2.43413133609736 1.7405
5 1104904 2.51504324934186 1.8315
5 1168720 2.71481696195015 1.992
5 1239443 0.580046403712293 2.184
5 1295473 3.2983247981946 2.2165
5 1318515 0.443902916901375 2.2925
5 1481839 1.59143957076601 2.365
5 1547817 0.402327753430563 2.47
5 1617412 0.994850187265912 2.498
5 1651588 0.594155450466841 2.532
5 1692823 2.77617902969157 2.5565
5 1751897 3.86321362140507 2.7205
5 1779853 1.0871165366279 2.8285
5 1868160 0.564933063991507 2.9245
5 1926574 4.02111961956711 2.9575
5 1955173 4.71231226061885 3.0725
5 1978410 1.36490633444785 3.182
5 2087575 4.00957510472772 3.331
5 2112640 1.77020160629404 3.4315
5 2143145 0.919793966151577 3.4855
5 2173043 0.62359690695934 3.513
5 2209124 2.71359165777936 3.5355
5 2251319 1.42153803481035 3.65
5 2294582 0.507152145643695 3.7115
5 2371482 0.567986070374405 3.7505
5 2478879 1.38523341182989 3.8115
5 2514974 0.222951237379371 3.8615
5 2577768 1.75984936268829 3.8755
5 2646808 0.580369017967258 3.997
5 2770867 5.37480292389279 4.069
5 2805752 0.027422052814874 4.2565
5 3206889 0.821070203770568 4.2675
5 3317111 0.148354612479775 4.358
5 3428331 1.29000869834436 4.3745
5 3496160 0.793873445828583 4.462
5 3663693 2.41028387787896 4.595
5 3684230 0.965119756409207 4.6445
5 3721013 2.20455277303016 4.68
5 3761384 0.399390022511068 4.769
5 3802697 1.04068968175453 4.7855
5 3880530 0.707973883630074 4.8665
5 3918667 1.85988840669557 4.8935
5 3946088 3.05830296720458 4.9445
5 3969140 0.263753995097298 5.015
5 4001367 0.824851371120858 5.0235
5 4097748 1.93763518385004 5.103
5 4175420 0.952274254985439 5.2535
5 4228976 0.895027511925225 5.3045
5 4327297 0.888423162786453 5.3925
5 4349246 4.14352062653675 5.412
5 4371208 1.38050446909072 5.503
5 4392577 1.28569712019866 5.5325
5 4517412 8.24492484298182 5.693
5 4559923 1.44465290806754 6.0435
5 4613223 3.06434630589825 6.1205
5 4713897 0.464184825134947 6.429
5 4789298 0.293503134016512 6.464
5 4889808 3.17020692180918 6.4935
5 4933496 0.045348183351782 6.632
5 4988625 0.149091894822435 6.6345
5 5025515 0.427309847118037 6.64
5 5099232 0.390162134042358 6.6715
5 5133833 3.52625447283016 6.685
5 5181901 0.28258090560452 6.8545
5 5256216 0.604157747014893 6.8755
5 5361321 0.185403674363715 6.939
5 5390986 2.68564259389948 6.9445
5 5416492 0.88683699153593 7.013
5 5493169 2.02076065685355 7.081
5 5516675 0.521496167720822 7.1285
5 5621182 1.54735415228012 7.183
5 5660281 6.38459269248597 7.2435
5 5684010 4.54599359607859 7.395
5 5709307 1.78135934683492 7.51
5 5756462 2.68722294143028 7.594
5 5781953 3.66375761567594 7.6625
5 5830537 0.436156167483978 7.8405
5 5872953 1.45745356702417 7.859
5 5899712 2.07786681795617 7.898
5 5970217 0.670821431662784 8.0445
5 6016429 4.5602605863192 8.0755
5 6034849 0.372073245275997 8.1595
5 6147730 0.410681731674583 8.2015
5 6197647 0.176961321311206 8.222
5 6256982 1.17746458617962 8.2325
5 6312610 5.74712643678159 8.298
5 6339841 0.421593623898352 8.4545
5 6389652 1.00256021025443 8.4755
5 6477926 2.04087991524896 8.564
5 6510020 1.45746842151754 8.6295
5 6543983 1.05646109363581 8.679
5 6669875 0.292204492326474 8.812
5 6748587 0.715391701456232 8.835
5 6799608 2.66587677725121 8.8715
5 6848560 3.10227226034433 9.002
5 6872897 0.97527337208157 9.0775
5 6923652 2.84149209907335 9.127
5 6986999 5.03875968992244 9.307
5 7012799 0.537029459901821 9.437
5 7032351 1.49966136678814 9.4475
5 7063358 1.25299629548922 9.494
5 7127604 3.16828765104628 9.5745
5 7154748 0.169050275551916 9.6605
5 7184325 2.05525473301452 9.6655
5 7234927 1.66144274503333 9.7695
5 7277360 3.03087040981113 9.84
5 7320087 0.42855045767295 9.9695
5 7531264 1.35526315789471 10.06
5 7569264 0.6325315860324 10.1115
5 7630921 2.08523129871448 10.1505
5 7680316 3.9159441776517 10.2535
5 7711343 4.44811134627114 10.375
5 7739220 0.829053558327216 10.499
5 7875520 1.40145241432029 10.612
5 7930463 0.527345842991944 10.689
5 8107766 0.234216415968345 10.7825
5 8203831 1.54766092156175 10.805
5 8232261 1.25713028584 10.849
5 8295898 0.745030645593882 10.929
5 8396565 4.33893433561795 11.004
5 8432749 3.20465776212144 11.161
5 8473627 1.59931346543924 11.292
5 8512081 0.5119268053589 11.3535
5 8557986 3.48938644954925 11.377
5 8578620 1.22898826514431 11.449
5 8616456 1.9461498334738 11.4955
5 8641377 2.87501663782773 11.544
5 8678942 2.01806650009612 11.652
5 8746581 2.02461792055613 11.7885
5 8802394 4.68028203257962 11.9015
5 8835298 1.84045887907598 12.0555
5 8912181 1.04438642297651 12.197
5 8963886 1.35321796354734 12.251
5 9052933 0.878903898480585 12.3715
5 9094462 2.67762625319142 12.408
5 9110521 0.18757327080891 12.451
5 9195821 0.0481211112126991 12.467
5 9403630 1.13911433860174 12.477
5 9459814 0.225791682085309 12.541
5 9619253 0.507659422871381 12.577
5 9675393 10.5389729806197 12.6055
5 9696600 0.190196969837546 12.829
5 9804383 0.991759526535595 12.8495
5 9866394 3.44365978581407 12.911
5 9917938 2.68666253582217 13.0885
5 10021226 1.66169025055173 13.366
5 10059741 5.26299350324837 13.43
5 10091757 1.58263276813158 13.5985
5 10190011 3.23291345370946 13.754
5 10231769 1.10338974059733 13.889
5 10326024 3.48887366471288 13.993
5 10365435 0.545756741336118 14.1305
5 10566990 0.468341062491376 14.2405
5 10675885 3.49854227405248 14.2915
5 10729050 4.03351824361278 14.4775
5 10780246 4.21241317499445 14.684
5 10802561 4.47417044604271 14.778
5 10868048 0.74258028388479 15.071
5 10950194 1.45673055037101 15.132
5 10994128 2.62016810176528 15.196
5 11091450 1.25225608890511 15.451
5 11288694 0.559760519847153 15.698
5 11329783 1.34158469461101 15.721
5 11532901 0.529243086160806 15.9935
5 11584862 0.0596345594198208 16.021
5 11626784 1.93405970270163 16.0235
5 11725540 1.43539014941892 16.2145
5 11899012 0.429192332569662 16.4635
5 12064439 0.31300863903842 16.5345
5 12104374 3.40170337146596 16.547
5 12144060 1.56978006379321 16.682
5 12203941 0.950645024433951 16.776
5 12267582 0.510747273616652 16.8365
5 12337088 0.599204691954338 16.872
5 12392161 0.745995283630838 16.905
5 12654227 3.74531835205989 17.1005
5 12688136 4.24450896238321 17.2275
5 12719824 1.33873929008568 17.362
5 12850544 0.462962962962965 17.537
5 12926144 0.572822901013213 17.572
5 12993355 2.22802578960257 17.6105
5 13054620 1.47026391237224 17.747
5 13068223 0.953678474114437 17.767
5 13156303 4.88734665949854 17.851
5 13197225 1.59159687080128 18.051
5 13356499 0.284771465464395 18.3045
5 13586508 2.15108186764519 18.37
5 13697150 0.620097050109736 18.608
5 13798747 0.340167699768583 18.671
5 13970721 0.335814436558747 18.7295
5 14115146 4.36544242582673 18.778
5 14153401 0.6795107522584 18.945
5 14190928 1.29857157127159 18.9705
5 14250994 0.702540274338493 19.0485
5 14322876 0.559121247772231 19.099
5 14408725 2.83724182444065 19.147
5 14483093 1.16136810936364 19.358
5 14539492 0.191957430091779 19.4235
5 14763500 0.890641898339604 19.4665
5 14826376 0.841368626298764 19.5225
5 14901254 2.59999177868212 19.5855
5 14949908 0.686314089624572 19.712
5 14987063 3.8212032346929 19.7375
5 15009569 0.156963694297534 19.8235
5 15073278 2.89524120213669 19.8335
5 15097801 0 19.9045
5 15102054 0.534646325239072 19.9045
5 15182481 0.544598572341572 19.9475
5 15293572 4.11203923954938 20.008
5 15347803 0.494782950361612 20.231
5 15485237 0.446359260984313 20.299
5 15536765 0.508009618315459 20.322
5 15595819 0.859319712886109 20.352
5 15704626 0.785864471819662 20.4455
5 15943853 2.11803250295874 20.6335
5 16082425 3.68162093825808 20.927
5 16140959 0.730456791387124 21.1425
5 16355893 0.657709292492729 21.2995
5 16441037 2.91331228038963 21.3555
5 16463520 2.66838424733164 21.421
5 16523294 2.06192262107705 21.5805
5 16584887 0.905277384640882 21.7075
5 16741745 0 21.8495
5 16811720 0 21.8495
5 16866061 5.51799562537281 21.8495
5 16896235 5.63742897727273 22.016
5 16930027 1.60462786942217 22.2065
5 16978948 1.10674480512514 22.285
5 17081501 0.107702912286803 22.3985
5 17127925 0.883428454256512 22.4035
5 17420535 0.90874836536118 22.662
5 17646120 0.144570699543337 22.867
5 17981596 6.0949376165208 22.9155
5 18009488 1.44399030813284 23.0855
5 18132065 0.206077217133255 23.2625
5 18229116 2.65463917525775 23.2825
5 18364916 0.788039314405749 23.643
5 18410599 0.71927187554755 23.679
5 18519042 1.80576347305389 23.757
5 18679362 1.40271960707954 24.0465
5 18805189 0.690803914985921 24.223
5 18882635 1.02914784857069 24.2765
5 19000208 1.22424652458964 24.3975
5 19062287 0.563498552582092 24.4735
5 19107540 0.304737654739021 24.499
5 19181374 4.00021053739673 24.5215
5 19219372 4.48544573280134 24.6735
5 19256715 0.0428838533715302 24.841
5 19431606 2.95121026696264 24.8485
5 19468540 3.54530824264249 24.9575
5 19531299 1.61390175693273 25.18
5 19765514 2.05127565653291 25.558
5 19845708 0.212643362783288 25.7225
5 19918600 3.97213119682531 25.738
5 20051652 0.540744595104739 26.2665
5 20149665 0.931462129411138 26.3195
5 20544206 4.75123044685932 26.687
5 20585248 2.26965423990723 26.882
5 20626664 0.141046707617224 26.976
5 20910258 2.80064919642151 27.016
5 20960782 1.67619798856248 27.1575
5 20991208 0.879187829506929 27.2085
5 21322764 1.98905037614713 27.5
5 21373542 0.665198141807157 27.601
5 21419393 1.28970707748843 27.6315
5 21475995 0.0982949109448144 27.7045
5 21552296 0.698966892836509 27.712
5 21581625 0.8660053534873 27.7325
5 21587976 0.655136268343871 27.738
5 21626136 0.218242132371085 27.763
5 21694867 1.21834157867534 27.778
5 21803211 5.29720084755215 27.91
5 21848046 6.21388427135281 28.1475
5 21873312 0.996183046013159 28.3045
5 21920994 5.59407500787896 28.352
5 21946378 3.56853689987105 28.494
5 21979725 12.2773646896074 28.613
5 22002857 2.22181309991048 28.897
5 22122354 0.503712312371104 29.1625
5 22439003 6.39294075274672 29.322
5 22444556 1.89217974574537 29.3575
5 22488685 1.18971137602019 29.441
5 22530712 5.26065633979305 29.491
5 22576999 0.297595147781966 29.7345
5 22788696 3.4166516813523 29.7975
5 22833184 0.476939501329733 29.9495
5 22991485 2.32889118902836 30.025
5 23045588 0.154581475098174 30.151
5 23326993 1.12046125655061 30.1945
5 23412672 3.76734173178122 30.2905
5 23487924 0.447627573858478 30.574
5 23528136 0.5983866399905 30.592
5 23637597 0.262928573574955 30.6575
5 23704155 4.8673681557558 30.675
5 23767639 4.06513132214353 30.984
5 23857304 1.15763546798028 31.3485
5 23918204 0.310938827967923 31.419
5 23966445 0.665299712067009 31.434
5 24058133 1.96798375544152 31.495
5 24130034 0.88515334683655 31.6365
5 24192735 1.18209625068454 31.692
5 24267602 0.56369785794812 31.7805
5 24352754 1.23677544330207 31.8285
5 24419864 0.403845060007952 31.9115
5 24507769 0.381530215331968 31.947
5 24561500 0.228856518405781 31.9675
5 24736282 0.566032526161703 32.0075
5 24772499 0.0378802227357291 32.028
5 24904494 0.370180534198933 32.033
5 24939612 1.88932228181374 32.046
5 24997040 1.00396918048095 32.1545
5 25039870 0.223788027979921 32.1975
5 25196268 1.07607961418226 32.2325
5 25259925 0.461159517789873 32.301
5 25352084 1.22486184697774 32.3435
5 25527614 0.220004576095108 32.5585
5 25584431 0.281171719237329 32.571
5 25623553 2.52902945095577 32.582
5 25660326 3.19157586599469 32.675
5 25684922 1.47767075306479 32.7535
5 25794554 0.118139073317001 32.9155
5 25836877 0.928271009294205 32.9205
5 25924136 1.22349102773251 33.0015
5 25994018 0.533428165007068 33.087
5 26103686 0.174366127841149 33.1455
5 26249930 0.460367475549389 33.171
5 26298804 1.29086090114855 33.1935
5 26400674 0.27839925490232 33.325
5 26499453 1.47818509989418 33.3525
5 26627989 0.674503261815393 33.5425
5 26822206 0.219325342888954 33.6735
5 26984066 0 33.709
5 27010131 0.0769993358806853 33.709
5 27114028 2.16666027533841 33.717
5 27166182 0.493115351060262 33.83
5 27218908 0.249754408165314 33.856
5 27278967 0.387880399849243 33.871
5 27324084 0.490754191040764 33.8885
5 27375026 0.105881220521664 33.9135
5 27426971 2.61411307995745 33.919
5 27458913 1.25006188425168 34.0025
5 27499311 0.357790287186351 34.053
5 27541235 0.682028360049348 34.068
5 27670995 1.59206901223964 34.1565
5 27715277 0.370255842718606 34.227
5 27838165 1.04277776893318 34.2725
5 27900978 1.31275663629007 34.338
5 27966489 2.0536205168008 34.424
5 27997410 2.2369429270585 34.4875
5 28037867 0.544575496759069 34.578
5 28075511 0.241702691877385 34.5985
5 28147914 0.287872795269862 34.616
5 28347655 0.161725067385451 34.6735
5 28412580 1.52899761760834 34.684
5 28440703 0.439677352816666 34.727
5 28532816 1.62411330578722 34.7675
5 28574685 1.51263368699131 34.8355
5 28621623 0.250791132025538 34.9065
5 28731276 0.573833205814865 34.934
5 28929940 1.80291389867944 35.048
5 28991507 1.43117356232128 35.159
5 29010722 0.276175279243904 35.1865
5 29075898 0.961297333444627 35.2045
5 29099824 1.06788576269985 35.2275
5 29156478 0.277057428463835 35.288
5 29246712 0 35.313
5 29281952 0.208650656206272 35.313
5 29329879 0.406086031809107 35.323
5 29672171 0.212868972886285 35.462
5 29791963 0.698885277981729 35.4875
5 29820580 0.362283837310418 35.5075
5 29841282 0.171229525840965 35.515
5 29943484 0.96804343955852 35.5325
5 29988420 0.987609983838977 35.576
5 30016265 0.256948788989222 35.6035
5 30105777 0.690089102681177 35.6265
5 30204315 2.05307845775538 35.6945
5 30247421 0.500486186581202 35.783
5 30317353 0.339673913043491 35.818
5 30392425 0.619788145143162 35.8435
5 30490039 0.468341617440419 35.904
5 30754803 0 36.028
5 30793169 0.298173296227334 36.028
5 31079915 2.42952097180826 36.1135
5 31101730 0.0744511553888925 36.1665
5 31209183 0.101261037453086 36.1745
5 31357315 0.042157449642928 36.1895
5 31713124 0.188821752265779 36.2045
5 31792564 0.0174346028049126 36.2195
5 31935957 0.328989532151242 36.222
5 32052982 0.720964539636387 36.2605
5 32143139 4.31034482758703 36.3255
5 32146735 0.0793242840189854 36.341
5 32304316 0.507763873419477 36.3535
5 32334842 0.753465943339441 36.369
5 32381294 0.158582484035886 36.404
5 32428588 0.227908107451084 36.4115
5 32494404 1.87739710574664 36.4265
5 32556458 0.0268016038079475 36.543
5 32649736 0.334163679445894 36.5455
5 32814326 1.79313082058769 36.6005
5 32884873 1.6397631926405 36.727
5 32908352 0.522686370358895 36.7655
5 33076713 0.779457615153897 36.8535
5 33144709 0 36.9065
5 33204845 0.456747630621645 36.9065
5 33266148 0.664040019478532 36.9345
5 33311326 0.746280259332418 36.9645
5 33375645 0.152660102282238 37.0125
5 33441150 0.683231109442151 37.0225
5 33537018 0.491778742329238 37.088
5 33583787 0.272117729014343 37.111
5 33629723 0.670038881129421 37.1235
5 33682705 0.787304331717588 37.159
5 33715094 0.540640736507099 37.1845
5 33747463 2.73032763931682 37.202
5 33776031 1.75779104258988 37.28
5 33803338 4.24896110566344 37.328
5 33824755 2.02538830693032 37.419
5 33863513 0.148187664858642 37.4975
5 33897254 1.71936377100914 37.5025
5 33974899 1.78957504405796 37.636
5 34029940 0.057617615499712 37.7345
5 34559292 0.536872396168848 37.765
5 34605858 0.172416171257574 37.79
5 34678357 2.54449463887223 37.8025
5 34715103 5.0666666666667 37.896
5 34730103 1.93475989629676 37.972
5 34755946 3.90043868014501 38.022
5 34808376 0.737283314175551 38.2265
5 34894503 0.475418594753208 38.29
5 35004932 49.514563106798 38.3425
5 35005962 0.320897356210512 38.3935
5 35351867 0.181666242778774 38.5045
5 35434436 0.179864741714238 38.5195
5 35476134 4.60430765427524 38.527
5 35508495 0.961044556013982 38.676
5 35568846 0.0358774426558888 38.734
5 35777891 0.996381561696909 38.7415
5 35816029 0.685362455620051 38.7795
5 35860531 0.96111193257425 38.81
5 35941687 0.495168635000552 38.888
5 36049731 0.103944701418898 38.9415
5 36145936 0.0831172285391348 38.9515
5 36236170 0.102699982540983 38.959
5 36333541 0.598420170749245 38.969
5 36358607 1.81629982618199 38.984
5 36409810 0.526775619282516 39.077
5 36448726 0 39.0975
5 36491423 0.962262572169701 39.0975
5 36575080 1.08692904628294 39.178
5 36614641 0.175162024873097 39.221
5 36643186 1.58733005703633 39.226
5 36698940 0 39.3145
5 36720599 4.39822238511919 39.3145
5 36742426 0.105033190488248 39.4105
5 36790030 0.992099066470618 39.4155
5 36873691 0.73292673350257 39.4985
5 36911894 0.558140430056823 39.5265
5 37119727 1.15793914959449 39.6425
5 37226382 0.616016427104746 39.766
5 37292127 0 39.8065
5 37358956 186.371100164207 39.8065
5 37359565 0.0879822527227324 39.92
5 37677811 2.12042829643896 39.948
5 37711059 2.54016556205984 40.0185
5 37749836 0.683682771194192 40.117
5 37879282 1.14155251141557 40.2055
5 37892422 3.72706422018353 40.2205
5 37916838 0.267243913519816 40.3115
5 37991676 0.0642855306128026 40.3315
5 38069454 0.30306703842884 40.3365
5 38135446 5.53280473991503 40.3565
5 38146923 0.242668970404079 40.42
5 38249944 0.904824404406733 40.445
5 38300230 0.765024960560152 40.4905
5 38531595 9.56361212245538 40.6675
5 38551096 0.523002783121929 40.854
5 38604633 0.892772116941278 40.882
5 38646637 0.322583576406864 40.9195
5 38756686 0.569234967022051 40.955
5 38862969 0.0330277168599589 41.0155
5 38938663 0.245375356135075 41.018
5 39012020 0.068212824010852 41.036
5 39085320 0.210303467904194 41.041
5 39227971 0.625000000000024 41.071
5 39328771 1.05879204626108 41.134
5 39414718 0.472653612423992 41.225
5 39451743 0 41.2425
5 39494429 0.714492743854362 41.2425
5 39642786 0.0131468928633287 41.3485
5 39832945 0.389186600005931 41.351
5 39866348 1.24987501249903 41.364
5 39886350 1.88312095913612 41.389
5 39918212 0.258139086881168 41.449
5 40047987 0.162455460128021 41.4825
5 40140320 0.284147415679198 41.4975
5 40175513 0.324868196331742 41.5075
5 40229381 0 41.525
5 40280450 0.785175879396958 41.525
5 40321842 0.105098792865297 41.5575
5 40421748 0.716157205240367 41.568
5 40450373 0.558218464378134 41.5885
5 40517551 0.397385205348796 41.626
5 40618209 0.480131466925418 41.666
5 40719223 1.59293646459114 41.7145
5 40730209 0.228044970468212 41.732
5 40817911 0.131893061106029 41.752
5 40893730 0.565333735348455 41.762
5 40920263 0.40465052012393 41.777
5 40970924 0.114390299702644 41.7975
5 41014634 0.272938607636633 41.8025
5 41227136 0.0750615504713183 41.8605
5 41293748 0.057748279101285 41.8655
5 41423622 0 41.873
5 41451300 0.542010235996651 41.873
5 41507572 0.420932112068822 41.9035
5 41537268 0.362592098393074 41.916
5 41571742 0.450986759028729 41.9285
5 41682610 0.239558583855322 41.9785
5 41937245 0.468340202323207 42.0395
5 41958597 0.970687169629977 42.0495
5 42010622 1.079365079365 42.1
5 42049997 0 42.1425
5 42106898 0.182375614901597 42.1425
5 42208337 0.702502992142327 42.161
5 42304422 0.391630825801674 42.2285
5 42517633 1.63898939295557 42.312
5 42549970 0.676077352574337 42.365
5 42635759 0.714694110919876 42.423
5 42642755 1.02677754508671 42.428
5 42691938 1.27278281234119 42.4785
5 42701759 0.269861830742414 42.491
5 42711023 0.115560623102884 42.4935
5 42775924 1.48785457838727 42.501
5 42806841 0.407830342577538 42.547
5 42874271 1.20053166402258 42.5745
5 42897594 0.362519444224781 42.6025
5 42973452 0.130858080050254 42.63
5 43088080 0.0994866488916283 42.645
5 43138338 0.959988407687232 42.65
5 43193547 0.0835442826470004 42.703
5 43313244 0.507161114942822 42.713
5 43337891 0.996220348548871 42.7255
5 43454833 0.152421764085934 42.842
5 43569646 0.141624336726028 42.8595
5 43622603 1.79868096729072 42.867
5 43667636 0 42.948
5 43709428 1.54907190387665 42.948
5 43746547 0.814663951120268 43.0055
5 43778462 0.0769743931852033 43.0315
5 43875897 0.250046883790661 43.039
5 43955882 0.678837248769748 43.059
5 43997129 0.381941792070722 43.087
5 44036402 0.163917326061364 43.102
5 44371937 1.8138967215185 43.157
5 44490742 3.42174615319209 43.3725
5 44537794 0.305157155935318 43.5335
5 44645935 3.51684612712761 43.5665
5 44668967 1.09256183899971 43.6475
5 44680408 3.27865624323113 43.66
5 44731191 1.47397882517573 43.8265
5 44818370 1.1674830588056 43.955
5 44857771 0.769289945380443 44.001
5 44935765 0.18074815275392 44.061
5 45004922 0.862115415701182 44.0735
5 45060599 1.02841391009339 44.1215
5 45107759 0.954543109230604 44.17
5 45165902 0.527101818501294 44.2255
5 45222817 0.473034117218446 44.2555
5 45392995 0.0779569054227222 44.336
5 45457133 0.615292263825269 44.341
5 45523768 2.06322795341106 44.382
5 45568843 2.96915060789012 44.475
5 45629298 0.76149943749869 44.6545
5 45817742 0.117791179796417 44.798
5 45923862 0.253880748585531 44.8105
5 45965220 0 44.821
5 46004525 0.24782123828013 44.821
5 46077158 0.376551391733958 44.839
5 46176746 0.732732400597208 44.8765
5 46249078 1.39416983523458 44.9295
5 46292473 1.49856816968403 44.99
5 46374885 0.282614237107814 45.1135
5 46465114 0.0973103421430745 45.139
5 46516496 4.80498120300759 45.144
5 46559056 0.564277786784045 45.3485
5 46719438 2.48117056331398 45.439
5 46770422 4.81280429794621 45.5655
5 46824029 0.215898786648776 45.8235
5 46916665 1.6857019797716 45.8435
5 46983996 4.82298958368216 45.957
5 47043710 0.234834252469592 46.245
5 47109714 0.133737517831674 46.2605
5 47165794 0.094169052282706 46.268
5 47218890 11.7398129820488 46.273
5 47233541 0.337769371073444 46.445
5 47277950 1.0989977140848 46.46
5 47312072 341.259209645007 46.4975
5 47313565 0.266543464354264 47.007
5 47369841 0.9979774324037 47.022
5 47407417 1.88979031753288 47.0595
5 47448956 0.416227315611315 47.138
5 47539051 0.0919561369227186 47.1755
5 47626049 0.682198747235054 47.1835
5 47674422 1.1068848236028 47.2165
5 47724111 1.56324149289555 47.2715
5 47759934 0.377476828730039 47.3275
5 47846032 1.2283348808418 47.36
5 47897728 3.27484915846313 47.4235
5 47922920 1.35223351673977 47.506
5 47955089 0 47.5495
5 48081907 23.783241344706 47.5495
5 48091872 0.149078982772327 47.7865
5 48229383 1.25563187827753 47.807
5 48283539 1.50582472862062 47.875
5 48404403 0.085322776061825 48.057
5 48521605 0.958210577500646 48.067
5 48661449 0.897078689631815 48.201
5 48708825 0.245099522509828 48.2435
5 48874064 3.21247380070912 48.284
5 48925115 2.41861251479346 48.448
5 49031581 0.784743133497568 48.7055
5 49086376 0.498262813434262 48.7485
5 49197763 0.43816691582042 48.804
5 49255960 0.852793428823541 48.8295
5 49373808 0.267208641365527 48.93
5 49497307 2.57997936016277 48.963
5 49498276 0.700975269940793 48.9655
5 49613116 1.48557173489554 49.046
5 49684469 0.604344921912222 49.152
5 49747347 1.04693513425845 49.19
5 49815164 0.565882918823983 49.261
5 49850507 1.66623002357872 49.281
5 49945932 0.817482901502672 49.44
5 50026056 0.630737525760314 49.5055
5 50106121 0.914430705100251 49.556
5 50227508 0.965112383747825 49.667
5 50415569 0.581713660005497 49.8485
5 50459405 31.0853530031599 49.874
5 50462252 1.39218077639977 49.9625
5 50505709 1.60662334090806 50.023
5 50574798 0.260125175387439 50.134
5 50701660 0.318405815559746 50.167
5 50803731 1.65903890160183 50.1995
5 50838691 0.990605647108194 50.2575
5 50914907 2.06636392032482 50.333
5 50956526 2.94546043049041 50.419
5 50987421 0.44973128555687 50.51
5 51076363 0.177792527972698 50.55
5 51118547 0.132749019132253 50.5575
5 51423634 0.972109047761974 50.598
5 51493585 1.65530352694397 50.666
5 51524093 1.11322013030318 50.7165
5 51621558 1.22087699664245 50.825
5 51660874 6.50702758979846 50.873
5 51662795 0.67336376519961 50.8855
5 51790512 0.11877424974266 50.9715
5 51853657 0.192807013033761 50.979
5 51931455 0 50.994
5 52009133 1.33924175283108 50.994
5 52059908 1.27698734386632 51.062
5 52156620 0.161117078410318 51.1855
5 52203170 0.226546992318987 51.193
5 52249518 0.14073670976338 51.2035
5 52302809 0.689580082023805 51.211
5 52357915 1.11101033919825 51.249
5 52446123 0.349266540265426 51.347
5 52526291 0.394804832875618 51.375
5 52698528 0.30678610872559 51.443
5 52706677 0.203980901343728 51.4455
5 52905225 0.216671160587043 51.486
5 53009069 0.0719983872361286 51.5085
5 53321576 0.908356883326639 51.531
5 53366162 0.187274967982057 51.5715
5 53448928 1.18235856238145 51.587
5 53510669 0.0663085025182521 51.66
5 53849992 1.12923133485646 51.6825
5 53888071 1.514445479963 51.7255
5 53909531 0.513972435848555 51.758
5 53988329 1.98863636363654 51.7985
5 54011209 0.489839332698827 51.844
5 54046935 1.46025300640323 51.8615
5 54110965 0.125697621801 51.955
5 54170632 0.104712919061126 51.9625
5 54290006 0.67674955139703 51.975
5 54387531 1.98570293884042 52.041
5 54421524 2.69559500328757 52.1085
5 54436734 0.29633141705682 52.1495
5 54521099 0.381488021276095 52.1745
5 54566972 0.233279679007115 52.192
5 54609839 0.723356373573408 52.202
5 54640944 0.593854892847944 52.2245
5 54815229 0.180903795361591 52.328
5 54870507 0.973827497476582 52.338
5 54940848 2.07856112666495 52.4065
5 54987996 0.281061162031771 52.5045
5 55052039 0.719755691023743 52.5225
5 55223625 0 52.646
5 55320616 5.05751685838972 52.646
5 55325658 1.32572307567754 52.6715
5 55375065 0.106330621396141 52.737
5 55539646 0.633014527996785 52.7545
5 55619423 1.09539023277047 52.805
5 55663243 1.5695067264573 52.853
5 55692233 0.0347478004642319 52.8985
5 55908074 0.291623071614613 52.906
5 56132679 0.244002420504067 52.9715
5 56183908 2.03657774282659 52.984
5 56233501 0.181416708997214 53.085
5 56329964 0.353765444881591 53.1025
5 56387912 0.400531528899565 53.123
5 56494021 0 53.1655
5 56603320 0.0665903097780605 53.1655
5 56678406 0.679883085525475 53.1705
5 56757096 0.902853015529213 53.224
5 56801400 0 53.264
5 56833605 0.0945501304790941 53.264
5 56860046 0.0502313152065161 53.2665
5 57059125 4.12217867279362 53.2765
5 57073923 0.0486384026592652 53.3375
5 57433721 0.103378406318504 53.355
5 57627185 0.273917448541467 53.375
5 57930196 1.86503578596587 53.458
5 57983010 0.19975883660456 53.5565
5 58120676 0 53.584
5 58128739 4.82160077145174 53.584
5 58129776 0.045701940255082 53.589
5 58250121 0.587321092959483 53.5945
5 58305457 1.34175217048132 53.627
5 58343467 0.14018754206915 53.678
5 59313596 0.851888157587644 53.814
5 59399288 0 53.887
5 59442897 0.216425232296424 53.887
5 59581513 0.0461435100075887 53.917
5 59852407 1.23758834806995 53.9295
5 59922301 6.57683670195726 54.016
5 59941003 0.55062036561177 54.139
5 59981866 0.366547126072459 54.1615
5 60032337 0.802471612566736 54.18
5 60107106 0.703224011622469 54.24
5 60171808 0.649094744650733 54.2855
5 60214945 1.6018392884066 54.3135
5 60241477 2.36488150958279 54.356
5 60261774 0.19647796974499 54.404
5 60646041 0.340508936283277 54.4795
5 60706245 0.254125300714949 54.5
5 60735758 0 54.5075
5 60816786 1.8296883072153 54.5075
5 60840014 0.22285094178749 54.55
5 60943222 0.547483314794237 54.573
5 61058294 1.47852574950565 54.636
5 61114431 0.0803897294080977 54.719
5 61176628 1.84107646149657 54.724
5 61220624 1.16682948008247 54.805
5 61257476 0.620821026167033 54.848
5 61387143 0.974894453575648 54.9285
5 61449201 1.8830439664853 54.989
5 61507086 0.581170089112769 55.098
5 61519991 4.52627136526696 55.1055
5 61567381 0.649026460309513 55.32
5 61617456 0.933716836953757 55.3525
5 61664044 1.0240538879913 55.396
5 61707987 0.98997202427235 55.441
5 61832738 0.134691525083945 55.5645
5 62151986 3.62218210433739 55.6075
5 62195192 0.385456718028766 55.764
5 62298965 0.225119919649473 55.804
5 62414459 0.61381404664986 55.83
5 62491844 0.597502439801652 55.8775
5 62542053 2.57678020195682 55.9075
5 62580279 0.395812235233722 56.006
5 62720497 0.0509123492993998 56.0615
5 62769601 0.141765548136464 56.064
5 62840140 0.0966219879437267 56.074
5 63026433 0.566366869803552 56.092
5 63070574 0.118511495615091 56.117
5 63264648 0.667035904351388 56.14
5 63472283 1.77912859763888 56.2785
5 63526242 0.388271106417433 56.3745
5 63558436 0.514206447909682 56.387
5 63642060 0.789343214257724 56.43
5 63718706 0.117999939096828 56.4905
5 63850062 0.285630548062915 56.506
5 64051371 0.120218894563248 56.5635
5 64155348 0.324422527900042 56.576
5 64163054 0.471539238800981 56.5785
5 64281814 0.204091628977676 56.6345
5 64343061 0.239607566371326 56.647
5 64457832 0.376402191331566 56.6745
5 64591997 1.54081242837126 56.725
5 64631262 1.63154584054093 56.7855
5 64682134 0.263360479721349 56.8685
5 64731496 1.31534892619679 56.8815
5 64752403 0.489181983166166 56.909
5 64886300 0.608457560085279 56.9745
5 64919170 1.40738879115349 56.9945
5 64958960 1.08920670572477 57.0505
5 65032867 0.376222723852514 57.131
5 65147161 0.247709810209278 57.174
5 65258178 1.5549125257766 57.2015
5 65318310 0.17634610862921 57.295
5 65403370 0.368004239408713 57.31
5 65437337 0.994143346002499 57.3225
5 65511270 0.142610630196346 57.396
5 65581391 2.7430138865079 57.406
5 65598890 0.425269514554765 57.454
5 65645919 3.88802488335979 57.474
5 65658136 2.55530495705161 57.5215
5 65699814 2.32387185506625 57.628
5 65741985 0 57.726
5 65743164 39.1865079365071 57.726
5 65746188 0.254179846362414 57.8445
5 65817004 1.07066381156317 57.8625
5 65935155 0.149637876339265 57.989
5 65985276 0.406464409976355 57.9965
5 66046782 1.82448261343636 58.0215
5 66139411 3.81961557417442 58.1905
5 66175933 0.110107905747658 58.33
5 66289458 0.188508520585093 58.3425
5 66342506 0.379892300532791 58.3525
5 66447799 1.3756359586873 58.3925
5 66493596 4.75062440456266 58.4555
5 66532433 1.10533252086674 58.64
5 66603000 3.21944991812605 58.718
5 66639031 2.84985887280332 58.834
5 66693946 0.395853738165232 58.9905
5 66816466 0.433760125424606 59.039
5 67007816 0.239097169089527 59.122
5 67070552 3.21914270958853 59.137
5 67099597 0.218521917748307 59.2305
5 67145359 0.042278292633512 59.2405
5 67204491 0.697820474052735 59.243
5 67247482 1.08875325831267 59.273
5 67310398 0.251752585305386 59.3415
5 67439493 0.0404622406370007 59.374
5 67563065 0.912840624788729 59.379
5 67607432 0.827544153836108 59.4195
5 67699270 0.683090958359651 59.4955
5 67787838 0.331197610559782 59.556
5 67953902 1.98710203368619 59.611
5 68022595 2.51103752759365 59.7475
5 68040715 0 59.793
5 68046228 0.862234144472154 59.793
5 68093199 1.95333122162398 59.8335
5 68121612 0.50034639365713 59.889
5 68186567 0.643086816720282 59.9215
5 68209892 0.642670380959341 59.9365
5 68414507 0.216240868737888 60.068
5 68541680 0.184512595412418 60.0955
5 68747628 0.521681394944453 60.1335
5 68810885 0.265943300888261 60.1665
5 68867288 1.89351748719085 60.1815
5 68903200 0.574471066274499 60.2495
5 68938885 0.828319240861982 60.27
5 69014339 0.595613136961463 60.3325
5 69115915 2.366193427981 60.393
5 69145921 2.37221979205231 60.464
5 69175640 0.555108384912044 60.5345
5 69211669 1.82448869267508 60.5545
5 69233867 0.450776784995552 60.595
5 69295982 0.708598280716874 60.623
5 69349609 0.348414397749875 60.661
5 69507467 0.128290655308551 60.716
5 69546441 0.423238913205168 60.721
5 69594877 7.83699059560861 60.7415
5 69596472 0 60.754
5 69610946 0.254797472409152 60.754
5 69679628 0.519408566778402 60.7715
5 69708507 1.35984064965932 60.7865
5 69734613 1.21669180492705 60.822
5 69784338 0.199529111297299 60.8825
5 69834456 1.8221866239489 60.8925
5 69859426 0.994649471806829 60.938
5 69917738 1.25180756696091 60.996
5 69964071 2.64927338642197 61.054
5 69996344 1.28578411578443 61.1395
5 70043397 0.266464955560451 61.2
5 70101566 1.29281337442001 61.2155
5 70158032 0.0680512834472084 61.2885
5 70268243 0.0483017118126227 61.296
5 70320001 0 61.2985
5 70321248 0.259385429455819 61.2985
5 70379077 0 61.3135
5 70382196 0 61.3135
5 70388203 0.628272251308924 61.3135
5 70416853 0.576871734238574 61.3315
5 70521729 0.128957018065175 61.392
5 70700083 0.251294766367675 61.415
5 70909001 1.05581755472658 61.4675
5 70923208 0.494233937397053 61.4825
5 70974803 0.242718446601859 61.508
5 71026303 0.347884860050857 61.5205
5 71076607 0.262552005493501 61.538
5 71126121 0.721411493115603 61.551
5 71150379 1.172147247038 61.5685
5 71197728 0.13439956992135 61.624
5 71272133 0.384765198225344 61.634
5 71377392 0.0969029807355993 61.6745
5 71428990 0.0761614623002234 61.6795
5 71461815 1.0261358848553 61.682
5 71535392 0.514206955046619 61.7575
5 71629712 0.383835902475061 61.806
5 71694844 1.79244781985223 61.831
5 71732502 1.89029647807927 61.8985
5 71792810 10.5919907138712 62.0125
5 71799702 0.992396287599211 62.0855
5 71835474 0.892100168296855 62.121
5 71914501 5.80551523947772 62.1915
5 71931037 0.565610859728394 62.2875
5 71948717 2.06128747795412 62.2975
5 71994077 1.4433035124058 62.391
5 72039459 2.18832062023267 62.4565
5 72063450 2.52309445326176 62.509
5 72112596 1.34878757336803 62.633
5 72146330 0.110112755461649 62.6785
5 72191738 0.451703826834667 62.6835
5 72219411 0.251889168765872 62.696
5 72239261 0.991473329367384 62.701
5 72264476 1.96167723403501 62.726
5 72293023 0.0724322758222463 62.782
5 72327538 0.464770403420287 62.7845
5 72338296 0.248675801357897 62.7895
5 72378509 0.566533720086987 62.7995
5 72422637 0 62.8245
5 72465277 0.249266444463412 62.8245
5 72535483 0.150526843953844 62.842
5 72585308 1.15926725127404 62.8495
5 72628870 2.13739538804257 62.9
5 72662088 0.193069361547262 62.971
5 72752729 0 62.9885
5 72792565 0 62.9885
5 72834101 8.6060948081254 62.9885
5 72837645 0.453391367428596 63.019
5 72859701 0.230202578268831 63.029
5 72903141 0.262198799129448 63.039
5 72979419 2.42712888970306 63.059
5 73023092 0.179174772192091 63.165
5 73277034 0.381293614239775 63.2105
5 73442261 0.557373076457124 63.2735
5 73483526 1.7335923476036 63.2965
5 73524193 0.116596320220138 63.367
5 73652842 0.284478834774704 63.382
5 73705570 2.57700331329007 63.397
5 73730017 0 63.46
5 73754951 0.815300472194888 63.46
5 73813825 1.8873200055918 63.508
5 73835284 0.564817237032978 63.5485
5 73919382 0.315721561037258 63.596
5 73992231 1.49989604680862 63.619
5 74025900 0.279080151819613 63.6695
5 74079648 0.489781110170535 63.6845
5 74162338 2.35948938229765 63.725
5 74195396 0.180315253534618 63.803
5 74547557 0.268722264023437 63.8665
5 74677803 0.189945548942644 63.9015
5 74717288 0.107443699501516 63.909
5 74763824 2.66843300529885 63.914
5 74790244 1.40124766458717 63.9845
5 74853402 1.07284626113082 64.073
5 74881365 1.2610340479198 64.103
5 74891674 1.02590274233699 64.116
5 74987687 10.6408706166861 64.2145
5 74995957 0.370111879533834 64.3025
5 75043240 1.13193006117255 64.32
5 75105523 0.874057452970586 64.3905
5 75143850 3.3837904992316 64.424
5 75174437 3.77411238467976 64.5275
5 75224515 0.564601318617381 64.7165
5 75251968 12.6903553299521 64.732
5 75252953 0.0736572287203596 64.7445
5 75286894 0 64.747
5 75294109 0.166212352901916 64.747
5 75309150 9.54198473282253 64.7495
5 75311246 0 64.7695
5 75336946 0 64.7695
5 75347213 0.665070497473207 64.7695
5 75373526 0.206577425218784 64.787
5 75385628 0.0490628986360068 64.7895
5 75436583 0.0632431065014168 64.792
5 75642139 1.15606936416174 64.805
5 75672414 0.260184359203014 64.84
5 75780030 0.176706196497353 64.868
5 75907360 0.535926195306657 64.8905
5 75959606 0.163249314352996 64.9185
5 76066804 0.223974198172167 64.936
5 76089128 0 64.941
5 76453951 0.148782955424585 64.941
5 76605178 0 64.9635
5 76645360 0.0852398649802186 64.9635
5 76704018 0.748771382168673 64.9685
5 76751429 0.090987836745901 65.004
5 76888810 0.154334597407289 65.0165
5 77002200 0.373375815203877 65.034
5 77042374 1.16610520860324 65.049
5 77146567 0 65.1705
5 77210642 0 65.1705
5 77215626 0.306861421381825 65.1705
5 77231920 0.0140048961116679 65.1755
5 77410429 1.18843258946261 65.178
5 77463440 0.012671508872579 65.241
5 77660733 0.0616979269497737 65.2435
5 77741773 0.348496817062087 65.2485
5 77784815 0.877136683567829 65.2635
5 77831558 0.300919308487369 65.3045
5 77898021 0.0370329222678625 65.3245
5 78033036 0.380643032963701 65.3295
5 78072443 0 65.3445
5 78109656 0.823118225103811 65.3445
5 78149140 0.378963839514999 65.377
5 78190041 0.272800754412021 65.3925
5 78338501 0.639488409272455 65.433
5 78401051 0.575815738963554 65.473
5 78458361 0 65.506
5 78510349 2.16329677861547 65.506
5 78533693 2.05105394518987 65.5565
5 78574160 0.183297462217106 65.6395
5 78658722 0.252674985850163 65.655
5 78807134 0.112572046109568 65.6925
5 78895966 1.99364814428445 65.7025
5 78939103 0.464417198635515 65.7885
5 78998317 0.0290909090908826 65.816
5 79170192 0.0665672595589979 65.821
5 79245304 0.365904655701405 65.826
5 79274000 1.74167134414092 65.8365
5 79334574 0.376062786134898 65.942
5 79395734 0.229498164014656 65.965
5 79572206 0.918105031215519 66.0055
5 79626666 0.115551720950411 66.0555
5 79691572 0.0420549742623175 66.063
5 79810464 13.5555171818348 66.068
5 79816255 0.577377462736927 66.1465
5 79872544 6.40838141835296 66.179
5 79910151 0.0909818764101363 66.42
5 79992585 0.520789934172271 66.4275
5 80040589 2.44775229243809 66.4525
5 80121071 26.9141531322472 66.6495
5 80123226 0.133184167066224 66.7075
5 80235852 1.30316861811208 66.7225
5 80311437 0.621321494334755 66.821
5 80399958 0.392918731309089 66.876
5 80491580 0.460150929504862 66.912
5 80562209 1.3034977188788 66.9445
5 80622048 1.04888281783604 67.0225
5 80663044 2.72705333440591 67.0655
5 80725199 0.474957847490941 67.235
5 80767308 0.145934271204532 67.255
5 80801570 0.0641626137281745 67.26
5 80957424 1.38653947477877 67.27
5 80993485 0.5182362014511 67.32
5 81116016 0.229927342959677 67.3835
5 81170381 0.588145247705777 67.396
5 81294500 0.376224125278905 67.469
5 81562957 0.0695038122841393 67.57
5 81706834 1.972920080826 67.58
5 81769685 1.17269212077692 67.704
5 81817012 0.93472109943415 67.7595
5 81935764 0.750528332444485 67.8705
5 82037026 0 67.9465
5 82108261 1.03991542021253 67.9465
5 82165958 0.206437548512871 68.0065
5 82226509 0.640534121299398 68.019
5 82333451 0.481165795985596 68.0875
5 82428013 0.221145978460495 68.133
5 82473232 3.26207150755607 68.143
5 82500362 1.45482552790907 68.2315
5 82547103 1.46134736226807 68.2995
5 82567632 4.06752084604642 68.3295
5 82572549 2.6366618634454 68.3495
5 82605166 1.6407497191508 68.4355
5 82638992 0.67480899001734 68.491
5 82728647 0.0888212645830851 68.5515
5 82987594 1.49505208951333 68.5745
5 83029733 0.321055396649361 68.6375
5 83132519 4.84757225128111 68.6705
5 83170373 1.50213505713174 68.854
5 83229622 0.069173036350466 68.943
5 83374187 0.750718078161697 68.953
5 83512055 1.53409023077018 69.0565
5 83595818 1.53031322581336 69.185
5 83641887 1.99203187250815 69.2555
5 83643142 2.41929787384334 69.258
5 83671456 3.20022392237374 69.3265
5 83725046 0.990681706718971 69.498
5 83776021 4.10922935538911 69.5485
5 83814106 1.2765957446809 69.705
5 83849356 0.0816459830176035 69.75
5 83916720 0.129661935970528 69.7555
5 83959138 4.54367410889167 69.761
5 83997433 0.292695227716877 69.935
5 84108470 6.52610441767063 69.9675
5 84124406 0.344172471709101 70.0715
5 84197044 0.967446281272233 70.0965
5 84285421 3.96390107698424 70.182
5 84325533 0.495627680560595 70.341
5 84427424 1.22609883287819 70.3915
5 84524072 1.3108376675543 70.51
5 84547721 1.01932330085386 70.541
5 84638958 14.0978491028634 70.634
5 84647931 0.477144765721938 70.7605
5 84742242 1.60909413506605 70.8055
5 84823965 1.13638800145795 70.937
5 84870604 2.54234490045251 70.99
5 84931178 25.8001306335723 71.144
5 84935771 0.219733858350816 71.2625
5 84992658 0.379049792980413 71.275
5 85112695 3.84943291911026 71.3205
5 85151402 2.57651630062132 71.4695
5 85247656 1.2785880376807 71.7175
5 85407207 10.42635469186 71.9215
5 85427636 3.63321161152305 72.1345
5 85454747 2.2038969568707 72.233
5 85523262 2.71459227467796 72.384
5 85569862 3.81389169027839 72.5105
5 85694800 0.74425596510102 72.987
5 85762653 1.51789607862879 73.0375
5 85822275 0.427500496206022 73.128
5 85887772 0.0609885016344942 73.156
5 86133720 0.700744062786393 73.171
5 86172964 0.22597079400854 73.1985
5 86343340 4.14344906415201 73.237
5 86371336 2.00770469415628 73.353
5 86420397 1.62923994974871 73.4515
5 86471341 3.54105165728236 73.5345
5 86613954 5.91905865573175 74.0395
5 86641999 1.50233696861791 74.2055
5 86695915 1.55763239875388 74.2865
5 86817895 0.94352188970793 74.4765
5 86862939 1.36106028827655 74.519
5 86885348 1.01284305559841 74.5495
5 86982599 2.02733546360208 74.648
5 87019840 0.438910577744886 74.7235
5 87106418 0.202665925488405 74.7615
5 87192767 0.712797455861452 74.779
5 87256600 0.144373953288825 74.8245
5 87377813 0.339213025780122 74.842
5 87436773 1.54331176548273 74.862
5 87497357 4.73178943537009 74.9555
5 87519336 0.539270225471713 75.0595
5 87607418 1.42924086223072 75.107
5 87650098 0.104958226625707 75.168
5 87697736 0.593921043437612 75.173
5 87740671 0.682094401865303 75.1985
5 87780988 1.8163376029061 75.226
5 87865774 1.1426797957286 75.38
5 87901217 1.64987460952943 75.4205
5 87923946 2.59543856780858 75.458
5 87948412 0.62098140936908 75.5215
5 88025709 0.690234297964873 75.5695
5 88182902 4.24741602067192 75.678
5 88213862 0.197335964479627 75.8095
5 88264537 0.293182051394755 75.8195
5 88332754 2.87576687116575 75.8395
5 88337970 0.443380331648715 75.8545
5 88360524 2.93858877353463 75.8645
5 88388939 3.38464191782026 75.948
5 88412132 0 76.0265
5 88461168 2.57748992135361 76.0265
5 88491430 4.56462622787069 76.1045
5 88527468 3.4496323418159 76.269
5 88560515 1.76947450722219 76.383
5 88584816 2.86624713775603 76.426
5 88647267 4.60751379172155 76.605
5 88679714 0.702807569823227 76.7545
5 88952904 0.233732236350029 76.9465
5 89091952 0.410399157789485 76.979
5 89147995 0.417338052749771 77.002
5 89372034 1.73727675574051 77.0955
5 89431610 0.449711655468007 77.199
5 89526115 0.0532538076472488 77.2415
5 89582449 1.02396067990993 77.2445
5 89626396 0.144629055398746 77.2895
5 89712824 0 77.302
5 89763679 0.807183937039615 77.302
5 89833056 1.79910044977518 77.358
5 89849731 0.0681719022686989 77.388
5 89886403 1.55127367733494 77.3905
5 89910899 0.335750738651797 77.4285
5 89940683 0.796523194608546 77.4385
5 90076900 0.0387984884109665 77.547
5 90205771 0.370492343157963 77.552
5 90254355 0.24808970923887 77.57
5 90375279 0.0459098880717816 77.6
5 90484188 0.222866057499289 77.605
5 90542519 0.450981752584457 77.618
5 90614584 0.848979062121532 77.6505
5 90707048 0.298501522357775 77.729
5 90757299 0 77.744
5 90804806 3.57104013341556 77.744
5 90832389 0.832537095323723 77.8425
5 90974725 3.90763194288095 77.961
5 91005818 0 78.0825
5 91013657 0 78.0825
5 91021112 0.442112709267118 78.0825
5 91038076 3.16413387405847 78.09
5 91060515 0.171403105824365 78.161
5 91118857 0.25804786787944 78.171
5 91196362 0.300490942949035 78.191
5 91314502 1.23992560446378 78.2265
5 91353214 0 78.2745
5 91512259 8.78054101221648 78.2745
5 91521427 1.98486172623721 78.355
5 91588938 0.207729566503845 78.489
5 91687624 0.326023169379916 78.5095
5 91733633 1.58094435075861 78.5245
5 91757353 4.98480567254923 78.562
5 91776110 1.7390387858348 78.6555
5 91795086 0.508167639884493 78.6885
5 91849202 0.664972764850057 78.716
5 92092821 2.62376439002573 78.878
5 92141987 0.456352425766545 79.007
5 92191291 2.72266149485307 79.0295
5 92244915 0.824916502353966 79.1755
5 92294617 0.106134578645928 79.2165
5 92341727 0.507627775254438 79.2215
5 92416585 0.125917096183758 79.2595
5 92476148 0.0971637889991655 79.267
5 92579067 0.301621330660494 79.277
5 92686818 0.0350223442556032 79.3095
5 92758201 4.14932362122811 79.312
5 92796641 2.43717597616207 79.4715
5 92854700 0 79.613
5 92900744 0.330946891817128 79.613
5 93213483 0.336642551618631 79.7165
5 93289231 4.99454085069782 79.742
5 93332278 0.237317739975753 79.957
5 93490294 3.05578263069762 79.9945
5 93515983 10.0806451612955 80.073
5 93517967 0.95249927527213 80.093
5 93566261 0.362273185483874 80.139
5 93788469 1.15207373271898 80.2195
5 93840983 0.143548911899117 80.28
5 93893230 0.0827828275304171 80.2875
5 93953629 0.949243397174641 80.2925
5 94007356 0.0803819751458202 80.3435
5 94069559 3.06405330480047 80.3485
5 94090120 0.565252781043811 80.4115
5 94112234 2.53204981979082 80.424
5 94134153 0.213894592744501 80.4795
5 94169217 2.85563194077219 80.487
5 94197582 1.29784201954438 80.568
5 94217230 0.902758862212535 80.5935
5 94345725 0.453220129016681 80.7095
5 94411918 0.22742612319143 80.7395
5 94480072 4.17891591146557 80.755
5 94521231 0.044972117287241 80.927
5 94576821 1.28846820952457 80.9295
5 94637358 0.41396103896117 81.0075
5 94698958 1.91935690253427 81.033
5 94831815 0.647885972069054 81.288
5 94894326 0.0751484181257301 81.3285
5 94960861 0.081327260897821 81.3335
5 95028489 2.13857998289122 81.339
5 95060052 0.58642688322999 81.4065
5 95116325 0.274117959147634 81.4395
5 95172870 0.432333613320774 81.455
5 95213348 0.707571009804844 81.4725
5 95262813 0.104240503690315 81.5075
5 95310779 0.453538140656575 81.5125
5 95494887 0.108283473394088 81.596
5 95730380 1.57709068271412 81.6215
5 95754475 1.55086433947885 81.6595
5 95829272 0.970084685771254 81.7755
5 95943695 0.495503307484479 81.8865
5 95984058 1.09797366501971 81.9065
5 96106101 0.811321256617017 82.0405
5 96143694 3.18517621412141 82.071
5 96184979 1.0773201660869 82.2025
5 96229534 4.12586144359806 82.2505
5 96262618 2.38297557911857 82.387
5 96316752 0.20317250097821 82.516
5 96516090 2.10476766861669 82.5565
5 96590445 1.61812297734657 82.713
5 96632469 0 82.781
5 96667629 1.19673617407059 82.781
5 96750354 0.851653343023449 82.88
5 96794386 2.95901760615417 82.9175
5 96801145 0.46257880530682 82.9375
5 96905992 1.44891379442679 82.986
5 96958100 1.48502391140214 83.0615
5 97017695 0.564277474043079 83.15
5 97057569 0.662661247570267 83.1725
5 97080205 0.685132622100563 83.1875
5 97121073 0.606403013182679 83.2155
5 97253823 0.242031575811569 83.296
5 97307535 0.413339785466538 83.309
5 97357131 2.19736316420323 83.3295
5 97369646 0.22931572188601 83.357
5 97413254 0.86310237353156 83.367
5 97434109 2.80061432830395 83.385
5 97467316 0.227721718145571 83.478
5 97636382 2.09652503098116 83.5165
5 97695289 0.762006025164033 83.64
5 97751719 0.794483585669274 83.683
5 97818429 1.63838624172962 83.736
5 97866342 0.273078237957459 83.8145
5 98106200 0.6243800481792 83.88
5 98219112 1.1723429744994 83.9505
5 98277542 1.56143362355988 84.019
5 98325895 2.06287407751752 84.0945
5 98360313 0.303837027605776 84.1655
5 98567661 2.95060360063509 84.2285
5 98601044 0.662068420324584 84.327
5 98651643 0.526271471876172 84.3605
5 98675395 0.665362708714529 84.373
5 98849736 0.188640093565315 84.489
5 98902747 4.55410376760128 84.499
5 98942162 1.85897111639425 84.6785
5 98981700 0.434737030345322 84.752
5 99143867 0.0539684338630228 84.8225
5 99514454 0.179612754900441 84.8425
5 99597967 1.28289277403191 84.8575
5 99698521 1.32156616790605 84.9865
5 99765487 1.66913345505222 85.075
5 99858050 0.357647395432772 85.2295
5 99913971 0.938783089524916 85.2495
5 100010905 1.14275668073111 85.3405
5 100050721 0.539042577452837 85.386
5 100195422 0.0724745634414171 85.464
5 100443785 1.61187068453051 85.482
5 100487523 0.0708435284437052 85.5525
5 100671026 0.0690917884409791 85.5655
5 100815761 1.12636773224615 85.5755
5 100890337 2.00390811931749 85.6595
5 100940489 1.63392825079865 85.76
5 100968336 0.272965879265202 85.8055
5 101063586 1.35687351098907 85.8315
5 101126967 0.281056773468213 85.9175
5 101189232 1.78065357510089 85.935
5 101229105 0.345925003459329 86.006
5 101265240 0.757198916708122 86.0185
5 101355705 0.474204529752352 86.087
5 101514919 1.78859330914984 86.1625
5 101554615 0.337947442413448 86.2335
5 101591603 0.819336337566741 86.246
5 101625777 1.75874893578882 86.274
5 101715045 2.29752309809332 86.431
5 101755741 0.302031850631514 86.5245
5 101883211 0.318407115337683 86.563
5 101977430 0.0809831352620656 86.593
5 102224395 0.133727979459345 86.613
5 102392647 1.10913025135757 86.6355
5 102539609 0.0850663672330426 86.7985
5 103186163 0.852679062603309 86.8535
5 103222519 0.20160748366961 86.8845
5 103259720 0.443847012275497 86.892
5 103299148 2.88092890787606 86.9095
5 103344793 0.158805780530493 87.041
5 103407763 0.0938227126021814 87.051
5 103461055 1.26449520607554 87.056
5 103595496 1.58255670828211 87.226
5 103635305 1.45859922381677 87.289
5 103673698 1.2682212820565 87.345
5 103773444 1.383743248672 87.4715
5 103863056 0.949832775919705 87.5955
5 103900431 0.885052149995884 87.631
5 103937152 0.332252673123792 87.6635
5 104036474 1.78189593727691 87.6965
5 104047698 1.31945963684104 87.7165
5 104120834 5.9805035583997 87.813
5 104154276 3.57843137254883 88.013
5 104205276 0.732864115930965 88.1955
5 104277595 2.02251143158631 88.2485
5 104374257 0.757659246198022 88.444
5 104410553 4.29052641931585 88.4715
5 104451224 1.87286151629748 88.646
5 104506754 1.18634014066629 88.75
5 104530356 0.145239063498504 88.778
5 104650847 0.549053217987476 88.7955
5 104688184 1.54839851353728 88.816
5 104710788 1.20653789004459 88.851
5 104794913 0.923409911658554 88.9525
5 104879924 4.05969869057122 89.031
5 104901231 1.57292607791692 89.1175
5 104993098 3.79502054628984 89.262
5 105013783 0 89.3405
5 105029810 1.19974824954722 89.3405
5 105055232 0.809566766127976 89.371
5 105098465 3.08605516508143 89.406
5 105132327 0 89.5105
5 105132944 0 89.5105
5 105133620 0 89.5105
5 105134191 0 89.5105
5 105135711 0 89.5105
5 105172083 0.375746796758572 89.5105
5 105251924 0.539257981018395 89.5405
5 105270468 1.11596451903368 89.5505
5 105374862 1.58474800105656 89.667
5 105416509 0.355760720545588 89.733
5 105474132 0.53131396740528 89.7535
5 105563533 0.262899206730176 89.801
5 105651019 0.164820675105335 89.824
5 105666187 1.9818408074852 89.8265
5 105687884 1.46952485363072 89.8695
5 105730755 2.20548682087127 89.9325
5 105740050 17.4992521687093 89.953
5 105743393 0 90.0115
5 105753154 0 90.0115
5 105756724 1.33704139480189 90.0115
5 105766073 0 90.024
5 105771330 0 90.024
5 105778777 213.197969543155 90.024
5 105779368 0.803543430542427 90.15
5 105804880 1.49460530873545 90.1705
5 105882827 7.50912170966876 90.287
5 105913523 2.79043913285164 90.5175
5 106003473 3.284631092397 90.7685
5 106066646 4.77876106194686 90.976
5 106128796 0.668581616481918 91.273
5 106189372 1.60161076282428 91.3135
5 106320490 1.14221514839448 91.5235
5 106373895 0.381094183439173 91.5845
5 106486728 0.521298778671541 91.6275
5 106540440 1.08948285880286 91.6555
5 106574860 1.16047745358101 91.693
5 106614068 2.41750437062927 91.7385
5 106650676 0.983088885137521 91.827
5 106751379 0.655174750920551 91.926
5 106839905 2.92875358622928 91.984
5 106865001 0.726354018632438 92.0575
5 106928331 2.72906048079616 92.1035
5 106953248 1.92788096013935 92.1715
5 106990076 0.469939436944031 92.2425
5 107150735 1.71898022056521 92.318
5 107173132 9.04059040590528 92.3565
5 107181262 0.559284116331064 92.43
5 107270662 0.546477460044371 92.48
5 107382286 1.54620198797404 92.541
5 107423031 2.16856695729954 92.604
5 107445396 1.89996122528101 92.6525
5 107484081 5.13645471735394 92.726
5 107519514 0.101691356890757 92.908
5 107671936 0.569223079913323 92.9235
5 107707950 2.01991349057381 92.944
5 107756962 2.65604249667994 93.043
5 107800636 2.11850805675019 93.159
5 107862944 0 93.291
5 107888459 1.26047436443683 93.291
5 107916623 2.0398439593818 93.3265
5 107950204 4.35678413529645 93.395
5 107973501 1.33881430079948 93.4965
5 108079565 2.77112043139651 93.6385
5 108099593 0.706272351682814 93.694
5 108222067 1.82969585415025 93.7805
5 108267703 0.844707242253072 93.864
5 108312689 0 93.902
5 108356319 0.11048747072072 93.902
5 108401573 0.109032229927222 93.907
5 108493289 0 93.917
5 108529994 0.0416347466941632 93.917
5 108590040 0.40296582849795 93.9195
5 108614856 0.362840712927039 93.9295
5 108705805 4.44714459295244 93.9625
5 108726380 2.32046897899368 94.054
5 108771414 0.277652003793144 94.1585
5 108888467 0.633315150562589 94.191
5 108996628 0.250630618976828 94.2595
5 109058472 0.886543535619936 94.275
5 109153222 2.92409293443706 94.359
5 109178358 1.9120644472484 94.4325
5 109229873 0.0578531521702827 94.531
5 109411367 1.95374619473881 94.5415
5 109433376 0.115447845281311 94.5845
5 109541650 0.726566531765212 94.597
5 109615284 1.60508591930515 94.6505
5 109647058 28.1846426986262 94.7015
5 109649311 0.554991754408166 94.765
5 109680843 0.529769317991862 94.7825
5 109734640 0.615139183689887 94.811
5 109808607 0.83088518947167 94.8565
5 109842306 0.440548041763867 94.8845
5 109887704 0.292707404103688 94.9045
5 109923576 1.20932732459576 94.915
5 109971950 1.57054147437596 94.9735
5 110054724 1.23802346861889 95.1035
5 110147614 0.425449622896758 95.2185
5 110225179 0.417815333432364 95.2515
5 110353226 1.84269762104397 95.305
5 110398540 0.967036663303098 95.3885
5 110469892 1.47392052368766 95.4575
5 110565216 0.454934154267179 95.598
5 110711391 36.1050328227585 95.6645
5 110712305 0 95.6975
5 110751512 1.09536082474231 95.6975
5 110798072 0.574591561165021 95.7485
5 110850283 0.0558087619756323 95.7785
5 110904038 0.271616462252955 95.7815
5 111034737 1.35270759698067 95.817
5 111057654 0.876501007976608 95.848
5 111069063 1.06502164621915 95.858
5 111141362 0.359718542174778 95.935
5 111198351 0.792248947997206 95.9555
5 111275347 1.06362195836694 96.0165
5 111321416 1.47479639005079 96.0655
5 111344131 0.442887231068908 96.099
5 111394934 1.25871417505791 96.1215
5 111415590 0.165468083752374 96.1475
5 111494155 0.774309234656288 96.1605
5 111530962 1.60703935929203 96.189
5 111568920 0.766039769149339 96.25
5 111722959 1.42823137348256 96.368
5 111735562 1.25269434258042 96.386
5 111807008 0.548347125094345 96.4755
5 111877219 0.141343707512856 96.514
5 111951506 0.716173414835865 96.5245
5 112001075 1.12603619287955 96.56
5 112126293 1.35388197185949 96.701
5 112165809 2.78182540733883 96.7545
5 112211103 0.292895762774691 96.8805
5 112359620 0.784845621628061 96.924
5 112425238 1.03510876604415 96.9755
5 112519431 0.386119831450473 97.073
5 112578998 0.897642015005076 97.096
5 112616318 1.84735939260449 97.1295
5 112714837 1.01514550418914 97.3115
5 112757688 0 97.355
5 112799742 0.236903145507959 97.355
5 112941150 0.790975995598402 97.3885
5 112970228 2.13147222484202 97.4115
5 113023243 0.260602164735325 97.5245
5 113080802 0.732300498501676 97.5395
5 113155225 0 97.594
5 113205459 2.79996327917043 97.594
5 113227245 0.504442635137546 97.655
5 113340241 3.07348421346732 97.712
5 113379610 1.55586987270161 97.833
5 113506870 3.84400129606168 98.031
5 113574768 0.591235798747829 98.292
5 113617898 1.19280144328972 98.3175
5 113684967 0.890598117599659 98.3975
5 113734372 1.72899309861823 98.4415
5 113802909 0.46219646799122 98.56
5 113875389 2.80519215566265 98.5935
5 113953815 5.15711645101657 98.8135
5 114007915 7.00529288795974 99.0925
5 114030398 3.42109880025375 99.25
5 114104497 1.29389374985486 99.5035
5 114190671 0.285591147712945 99.615
5 114768420 0.975122095119471 99.78
5 114829438 1.12601159428713 99.8395
5 114898265 3.85600683140294 99.917
5 114935739 2.81888653981699 100.0615
5 114979728 2.34983110588929 100.1855
5 115054627 0.313052343459975 100.3615
5 115235108 0.431839402427378 100.418
5 115277948 0.971108319644516 100.4365
5 115381438 0.489556135770132 100.537
5 115439654 0.396627199811984 100.5655
5 115575802 0.251286096200703 100.6195
5 115719065 1.11761069101624 100.6555
5 115761119 0.353976852991814 100.7025
5 115826095 1.66084660591097 100.7255
5 115849577 1.75983183829107 100.7645
5 115890490 3.53236098450332 100.8365
5 115916818 2.09127671865954 100.9295
5 115960093 4.39999277208575 101.02
5 116015434 4.34706353978764 101.2635
5 116055346 1.81208738855232 101.437
5 116114118 3.23914885134858 101.5435
5 116134185 7.67064181698329 101.6085
5 116167559 0.337418103486763 101.8645
5 116391317 1.73422555442672 101.94
5 116448403 2.2370081450041 102.039
5 116483271 2.79177271074642 102.117
5 116521777 16.4146071560307 102.2245
5 116527199 0.679799150251015 102.3135
5 116591924 0.326170755332363 102.3575
5 116743685 3.61566999937118 102.407
5 116791394 1.43984476866703 102.5795
5 116953217 3.89009793253538 102.8125
5 117008357 1.88422566925183 103.027
5 117072309 3.42347078996742 103.1475
5 117155996 1.12785049806537 103.434
5 117216731 3.43473994111872 103.5025
5 117262586 0.584178878168831 103.66
5 117455164 1.87930674462317 103.7725
5 117493476 2.13555334358898 103.8445
5 117548731 1.78078438810544 103.9625
5 117596182 1.14217378227811 104.047
5 117735828 1.42303394328814 104.2065
5 117850372 0.448335554254846 104.3695
5 117930669 1.54886416627788 104.4055
5 117960691 2.14762731311231 104.452
5 118028673 1.02831830406566 104.598
5 118053957 1.6190410295441 104.624
5 118126222 1.68634064080933 104.741
5 118152314 1.33038035035914 104.785
5 118217333 0.878893316798992 104.8715
5 118300392 2.03374008134952 104.9445
5 118345383 1.11128891733789 105.036
5 118401624 1.64737389220698 105.0985
5 118458381 0.490027510316509 105.192
5 118516541 0.440108560111511 105.2205
5 118543807 1.19323918545027 105.2325
5 118620070 0.285056830787174 105.3235
5 119007712 0.38225985449465 105.434
5 119251002 0.671382494220632 105.527
5 119323241 0.140773314742228 105.5755
5 119397829 0.0860664555989481 105.586
5 119723159 0.106281220108381 105.614
5 119883112 0.267461409139368 105.631
5 119922370 0.0863745953538901 105.6415
5 120055511 0 105.653
