Chromosome Position(bp) Rate(cM/Mb) Map(cM)
14 0 0 0
14 279949 2.53571290310093 0
14 305780 1.1439777741461 0.0655
14 330256 1.21553005398058 0.0935
14 511247 0.417098475099363 0.3135
14 862483 2.07248891459418 0.46
14 924727 2.47412477835966 0.589
14 973229 0.328450830211887 0.709
14 1044777 0.63154289139603 0.7325
14 1184910 2.73522975929978 0.821
14 1218728 1.08078324997881 0.9135
14 1265916 1.59546179755362 0.9645
14 1322326 3.40288041796996 1.0545
14 1351419 1.91298459454884 1.1535
14 1440024 3.62884703720717 1.323
14 1472679 2.01583113456464 1.4415
14 1520054 0.273194579244402 1.537
14 1659149 6.93646726164178 1.575
14 1681783 3.65733162264596 1.732
14 1749592 1.52098965727033 1.98
14 1823557 1.39954171869212 2.0925
14 1896438 0.383417100840888 2.1945
14 2124649 0.742289764382862 2.282
14 2187293 5.28697522290425 2.3285
14 2231931 0.625609969720481 2.5645
14 2311853 0.275397253134494 2.6145
14 2480700 0.54054054054054 2.661
14 2581525 0.847774233410929 2.7155
14 2616322 2.83901135604543 2.745
14 2640274 0.17187515797349 2.813
14 2739183 0.987398288069321 2.83
14 2890591 0.471310852312464 2.9795
14 2989252 0.745647163635659 3.026
14 3040885 0.804814892574712 3.0645
14 3098041 1.07017623753358 3.1105
14 3120000 1.5777500550378 3.134
14 3147254 1.23419168063386 3.177
14 3212884 0.369591471286385 3.258
14 3308936 0.478081788761413 3.2935
14 3336128 2.20434505954003 3.3065
14 3358130 0.943429190397992 3.355
14 3386749 0.685780019467297 3.382
14 3409351 2.21751505924406 3.3975
14 3439565 2.24185301076089 3.4645
14 3491977 2.11068330472701 3.582
14 3513534 6.61124884546206 3.6275
14 3534105 3.9148519696599 3.7635
14 3554540 5.65019754450062 3.8435
14 3578079 3.9011269922422 3.9765
14 3623066 1.17385990866405 4.152
14 3778536 1.21734244779474 4.3345
14 3874647 2.61080375458444 4.4515
14 3906821 2.92666408668732 4.5355
14 3927493 0.868220742150327 4.596
14 4011573 2.3412812410227 4.669
14 4046383 3.14112631815128 4.7505
14 4059754 1.79179358537895 4.7925
14 4093240 3.68480725623583 4.8525
14 4124992 3.27269752093163 4.9695
14 4161659 3.82854002564572 5.0895
14 4188954 4.04660913656088 5.194
14 4209465 4.12921676199369 5.277
14 4243733 2.17431935704941 5.4185
14 4323988 1.79535834184791 5.593
14 4392498 1.98552440321879 5.716
14 4459231 2.54578412816891 5.8485
14 4534257 1.64904920928435 6.0395
14 4606723 1.08870169573537 6.159
14 4652190 0.219897324864465 6.2085
14 4770427 0.673275036908452 6.2345
14 4832066 0.781116247217946 6.276
14 4878794 3.24374420759964 6.3125
14 4900374 2.49680409076382 6.3825
14 4925406 1.51858265618754 6.445
14 4962941 0 6.502
14 4963598 0.862237899274946 6.502
14 5014628 2.40446914504564 6.546
14 5049355 1.74495510962257 6.6295
14 5084886 9.21260975960847 6.6915
14 5105727 3.5397371866363 6.8835
14 5126350 6.05116529866395 6.9565
14 5143041 2.08121125237358 7.0575
14 5222562 1.54487716711936 7.223
14 5321599 0.566988982024916 7.376
14 5386856 2.87231474776731 7.413
14 5428286 4.0401982752767 7.532
14 5457740 1.14339735932699 7.651
14 5614291 1.13954211126076 7.83
14 5643250 2.19625226677413 7.863
14 5668065 2.2947595185688 7.9175
14 5689418 0.255581004433345 7.9665
14 5791147 0.487535346312626 7.9925
14 5821914 9.06493791890996 8.0075
14 5831015 0.337830474488357 8.09
14 5922777 0.271314751581569 8.121
14 5998335 0.596450392784385 8.1415
14 6067075 12.579384465071 8.1825
14 6071169 0.518134715025896 8.234
14 6090469 1.12068965517241 8.244
14 6113669 4.12137140126629 8.27
14 6138782 2.55194309367839 8.3735
14 6163665 0.697160346879789 8.437
14 6193070 2.52909487190034 8.4575
14 6241704 0.448723178591794 8.5805
14 6253961 2.87088040332371 8.586
14 6275383 0.826802789560705 8.6475
14 6303201 1.96099030010152 8.6705
14 6331758 0.317102388838008 8.7265
14 6388522 0.365875423880068 8.7445
14 6444552 0.848453204542481 8.765
14 6475196 2.0915266356811 8.791
14 6503166 3.38614873498592 8.8495
14 6526644 0.795450025852109 8.929
14 6551787 10.5865174008274 8.949
14 6560005 1.30190007037307 9.036
14 6574215 4.17272462925268 9.0545
14 6608605 2.82837503284787 9.198
14 6680908 3.86032637304788 9.4025
14 6709403 1.97920905626878 9.5125
14 6736434 0.712973373186711 9.566
14 6772901 1.94811852763249 9.592
14 6811913 1.5051328890833 9.668
14 6850780 0.591624652742044 9.7265
14 6889656 2.64937750398486 9.7495
14 6912869 1.5502462155754 9.811
14 6962216 0.77438927031775 9.8875
14 7024846 1.98150594451784 9.936
14 7074051 0.723247696613304 10.0335
14 7105852 0.278241513633835 10.0565
14 7168747 1.71359274491195 10.074
14 7225645 1.61078088842506 10.1715
14 7269723 0.467029046612088 10.2425
14 7346806 1.29234979601146 10.2785
14 7386269 1.40180525164115 10.3295
14 7415517 5.48071599926187 10.3705
14 7442612 1.22170781893003 10.519
14 7497044 6.43622288234768 10.5855
14 7519262 4.74243827782029 10.7285
14 7568920 5.5270430319779 10.964
14 7589184 1.5656096590155 11.076
14 7626869 0.97238926277541 11.135
14 7665948 1.04176384612993 11.173
14 7698105 4.75523075382921 11.2065
14 7728072 0.346272085402523 11.349
14 7846476 1.08102761213011 11.39
14 7917242 0.444510297821916 11.4665
14 7950987 0.711760113881591 11.4815
14 7972764 0.286400087283847 11.497
14 8009426 0.957231161940981 11.5075
14 8089344 2.4847958297133 11.584
14 8118119 0.84038749503407 11.6555
14 8150842 1.80404245630016 11.683
14 8179389 0.546490147783235 11.7345
14 8244349 1.16360428328062 11.77
14 8310093 1.19233826508372 11.8465
14 8349092 1.0802781716292 11.893
14 8393525 0.23745572034723 11.941
14 8521970 0.170607704643908 11.9715
14 8551277 0.462493286387787 11.9765
14 8618305 0.863185153215346 12.0075
14 8641475 0.707714083510275 12.0275
14 8685278 0.782439815008861 12.0585
14 8756849 0.371305510173803 12.1145
14 8790514 1.22088035372533 12.127
14 8851126 1.22635549444422 12.201
14 8878035 0.258966722776152 12.234
14 8908927 1.64503562561812 12.242
14 8958470 2.23020017406442 12.3235
14 8967662 0.710276488115868 12.344
14 8996524 0.703918908541732 12.3645
14 9035591 2.14717228328121 12.392
14 9063069 0.324453695822546 12.451
14 9181730 1.45306596919503 12.4895
14 9209258 0.371598445003427 12.5295
14 9244242 1.96708665466699 12.5425
14 9283132 0.492978068487884 12.619
14 9324716 0.959718842930542 12.6395
14 9361706 1.09080544196804 12.675
14 9452923 1.71350752746101 12.7745
14 9519745 4.21205234699475 12.889
14 9570789 0.733174583281118 13.104
14 9650579 10.1736005887701 13.1625
14 9673678 1.53526791506288 13.3975
14 9696801 0.954772826335112 13.433
14 9744980 0.881687285652813 13.479
14 9817001 2.17397482167721 13.5425
14 9852190 1.07192770593903 13.619
14 9925889 0.75614366729674 13.698
14 9949694 0.993043087971292 13.716
14 10038814 0.924428010168681 13.8045
14 10086411 3.92246294184722 13.8485
14 10108336 2.47463219507787 13.9345
14 10152585 1.72355883964716 14.044
14 10209154 1.43632301308649 14.1415
14 10290612 1.51622359243916 14.2585
14 10300505 1.60992373502307 14.2735
14 10397404 0.481140072858345 14.4295
14 10528343 1.68301364126846 14.4925
14 10590434 2.22262378026746 14.597
14 10618104 0.657474546342566 14.6585
14 10644721 0.746740391361429 14.676
14 10788680 2.50476257673039 14.7835
14 10817026 1.25403081332858 14.8545
14 10839354 0.92562906578688 14.8825
14 10936045 0.615422487537718 14.972
14 10984792 0.993200397280151 15.002
14 11010970 3.0344827586207 15.028
14 11043595 0.277338658235566 15.127
14 11079652 3.67621315033963 15.137
14 11108214 2.23400670934474 15.242
14 11176477 3.10263610834308 15.3945
14 11198555 0.532855565251646 15.463
14 11328046 1.10659323691387 15.532
14 11366904 0.18989921446569 15.575
14 11474856 3.06789382419642 15.5955
14 11489850 1.19372442019098 15.6415
14 11536762 0.44996400287976 15.6975
14 11558986 0.93764650726674 15.7075
14 11580316 2.34832711954683 15.7275
14 11621622 0.354226114336296 15.8245
14 11672437 3.28559393428815 15.8425
14 11708047 5.35732335995138 15.9595
14 11717940 0.514346998183416 16.0125
14 11763629 2.91122095375465 16.036
14 11820478 1.22734010580285 16.2015
14 11967544 1.57127125245088 16.382
14 12004775 0 16.4405
14 12052018 17.448856799038 16.4405
14 12054511 5.9829059829054 16.484
14 12057436 0.906538129878178 16.5015
14 12102663 1.3633872293779 16.5425
14 12175643 2.31433861345411 16.642
14 12185365 1.31286882139572 16.6645
14 12222307 1.67070573547773 16.713
14 12249541 2.01742457073685 16.7585
14 12316458 1.8150758061072 16.8935
14 12372654 1.8727508629342 16.9955
14 12413503 1.77461139896374 17.072
14 12452103 0.676418364758529 17.1405
14 12463930 0.450288184438111 17.1485
14 12486138 0.535747769949896 17.1585
14 12523469 0.124180409298604 17.1785
14 12563733 1.97185889813719 17.1835
14 12614193 0.573186919271098 17.283
14 12663915 0.365532702992508 17.3115
14 12766505 2.79510744393014 17.349
14 12811226 4.9615134934619 17.474
14 12832792 2.18275026533436 17.581
14 12882729 1.35316362406213 17.69
14 12965498 0.262104765192512 17.802
14 13043711 2.22441917943645 17.8225
14 13104401 1.65759945596737 17.9575
14 13245569 3.85161713286708 18.1915
14 13300481 0.748073276387029 18.403
14 13357962 0.463882745436141 18.446
14 13891502 0 18.6935
14 13909527 0.993956743002488 18.6935
14 13934679 0.142845482001475 18.7185
14 14008185 2.6950913000031 18.729
14 14041208 1.25919804824303 18.818
14 14168273 2.14057172041878 18.978
14 14234844 2.06140745404934 19.1205
14 14301546 1.73336347878511 19.258
14 14314815 0.342528917345182 19.281
14 14352768 0.332823004726099 19.294
14 14397837 1.01176313624337 19.309
14 14442808 0.560829480480355 19.3545
14 14479361 1.83063822705458 19.375
14 14515414 3.88409507205442 19.441
14 14560727 2.13474343909123 19.617
14 14611787 5.77249575551804 19.726
14 14620622 0.593342694962473 19.777
14 14671183 2.44264813275922 19.807
14 14710894 0.77659628940587 19.904
14 14769483 0.915309760092529 19.9495
14 14800620 0.411421048300749 19.978
14 14812773 0.885884900583984 19.983
14 14858490 0.612557427258855 20.0235
14 14904200 0.475782662479769 20.0515
14 14946236 0 20.0715
14 14975252 0.125529450828894 20.0715
14 15098729 1.10503242636136 20.087
14 15153931 1.53856334579627 20.148
14 15244600 0.153687508675902 20.2875
14 15345454 1.26207898829709 20.303
14 15423896 3.27694195131394 20.402
14 15454870 1.3934819714103 20.5035
14 15529862 0.0942038269362601 20.608
14 15662553 0.323599954315313 20.6205
14 15741354 1.39362031588728 20.646
14 15825308 0.348784878487835 20.763
14 15869748 4.41414101604061 20.7785
14 15895121 2.63681161926169 20.8905
14 15929822 2.27894257064725 20.982
14 15998933 1.5600070909413 21.1395
14 16083548 3.01046432139663 21.2715
14 16121582 1.58893003703336 21.386
14 16161546 0 21.4495
14 16180368 0.0646756424139104 21.4495
14 16450949 0 21.467
14 16494592 0.0845499126317601 21.467
14 16583297 1.86120463898247 21.4745
14 16636757 0.219748022267704 21.574
14 16670887 1.07592059402948 21.5815
14 16703882 0.702753916911888 21.617
14 16863255 1.33529676034542 21.729
14 16903321 0.955428502100462 21.7825
14 16969260 3.75102767881601 21.8455
14 16998452 1.63340623291419 21.955
14 17071612 6.18148197067754 22.0745
14 17109467 0.265392781316358 22.3085
14 17233811 1.98202483657303 22.3415
14 17372558 0.81504906595384 22.6165
14 17403231 1.14359404844456 22.6415
14 17485428 0 22.7355
14 17528359 0.646823059242073 22.7355
14 17614936 2.64221096700533 22.7915
14 17683250 4.44750542805781 22.972
14 17726083 0.584040747028852 23.1625
14 17799708 1.08575408694227 23.2055
14 17921743 4.13197688146102 23.338
14 18019154 0.0582119613938156 23.7405
14 18105047 0.446403184532282 23.7455
14 18280897 0.0518260028331568 23.824
14 18338783 0.0267251055641427 23.827
14 18432328 0 23.8295
14 18480356 0.37151584816752 23.8295
14 18637819 0.149277496914902 23.888
14 18738303 0.651024006510265 23.903
14 18812033 0.716956009627692 23.951
14 18929195 0.805516659891288 24.035
14 18995612 1.1143378131965 24.0885
14 19025226 2.53996712983714 24.1215
14 19072077 0.0340745687863252 24.2405
14 19218814 0.81106655251659 24.2455
14 19263200 0.219881703643396 24.2815
14 19308679 0.325722289176299 24.2915
14 19339380 0.887746449014206 24.3015
14 19377116 0.0529908007969335 24.335
14 19424294 0.536327231121302 24.3375
14 19452262 0.637584420900199 24.3525
14 19515783 0 24.393
14 19603252 0.0975093330361657 24.393
14 19710934 0.649639913876311 24.4035
14 19764810 0.0960854776408902 24.4385
14 19816847 1.52518172377987 24.4435
14 19878479 1.12485939257589 24.5375
14 19923818 1.10350418881181 24.5885
14 19990424 0.537019713820442 24.662
14 20019287 0.711860694337978 24.6775
14 20083204 0.362365178837887 24.723
14 20153575 1.67177486765113 24.7485
14 20193054 0 24.8145
14 20233724 1.76615335767587 24.8145
14 20284116 1.34768789729523 24.9035
14 20348300 3.48509820079664 24.99
14 20406548 0.404173182542738 25.193
14 20538917 1.21586232697341 25.2465
14 20613761 0.909140357284397 25.3375
14 20742454 0.800033248134969 25.4545
14 20790577 0.418462568523311 25.493
14 20838371 0.853733595409678 25.513
14 20888738 0.420119033726238 25.556
14 20931583 0.497919491327303 25.574
14 21145473 1.41331033109947 25.6805
14 21220828 1.98426759265822 25.787
14 21291383 2.36302467157962 25.927
14 21328835 3.0707477589924 26.0155
14 21399339 2.22982556184293 26.232
14 21467730 1.12297347172088 26.3845
14 21689908 2.27579318085862 26.634
14 21787017 0.562863851275234 26.855
14 21818108 0.827420919483416 26.8725
14 21870681 0.286381964809368 26.916
14 21914329 0.27747635257335 26.9285
14 22116148 0.774889223582804 26.9845
14 22161961 1.1574385615461 27.02
14 22199112 0.902114250864061 27.063
14 22238464 1.41527024631203 27.0985
14 22402037 0.160692907818539 27.33
14 22526498 3.98226564366683 27.35
14 22564165 1.78049031245035 27.5
14 22671158 7.40855070226888 27.6905
14 22710032 1.74519515032837 27.9785
14 22867321 0.446281965998373 28.253
14 22986080 1.55526430755786 28.306
14 23043305 0 28.395
14 23047927 0.0166743368616315 28.395
14 23197858 0.283639089518509 28.3975
14 23296575 0.150785896090415 28.4255
14 23379474 0 28.438
14 23381319 0.176189277623968 28.438
14 23440914 0.0958355114131624 28.4485
14 23498304 0.914288657669696 28.454
14 23575960 0 28.525
14 23607944 0.108922969675901 28.525
14 23630896 0.684681394924255 28.5275
14 23652804 0.440683941477085 28.5425
14 23675496 0.827966881324778 28.5525
14 23724411 2.32126276694641 28.593
14 23725488 0.486322188449825 28.5955
14 23783063 0.395075574134005 28.6235
14 23822296 0.067197075583305 28.639
14 23859500 0.0637348629700319 28.6415
14 23937950 1.34770889487863 28.6465
14 23947225 0.444049733570177 28.659
14 23964115 0.888037611004735 28.6665
14 23992830 0.186441941979231 28.692
14 24019648 1.66137597531673 28.697
14 24053355 0.319823031256027 28.753
14 24203438 0.242882202131975 28.801
14 24277548 0.124787860636981 28.819
14 24297582 0.580747073034719 28.8215
14 24319106 0.968899901521648 28.834
14 24350585 0.712645498455962 28.8645
14 24375843 5.57103064066856 28.8825
14 24396306 0.108287864074274 28.9965
14 24539443 0.491388417974978 29.012
14 24580144 0.907752348005107 29.032
14 24650097 0.149663470995205 29.0955
14 24767026 1.28002730724927 29.113
14 24790463 1.6146238791339 29.143
14 24825146 2.56454837868382 29.199
14 24859655 0.812155473416267 29.2875
14 24937842 1.21476405544307 29.351
14 25002052 0.509242756021875 29.429
14 25041326 0.25280493089991 29.449
14 25082860 0.399960003999632 29.4595
14 25152867 1.65176581631312 29.4875
14 25191008 0.333924857366418 29.5505
14 25243415 1.58954433062512 29.568
14 25266063 0.341286944311723 29.604
14 25368616 0.157378700366717 29.639
14 25432157 1.33167392657124 29.649
14 25472332 1.49414846701682 29.7025
14 25548295 0.441931825762131 29.816
14 25668223 0.538967338579175 29.869
14 25677500 1.83036545262766 29.874
14 25725851 0.972685927600626 29.9625
14 25839968 0.198775542657263 30.0735
14 25890276 3.31971399387082 30.0835
14 25894192 2.6901065761969 30.0965
14 25923373 0.115405921093129 30.175
14 25988361 0.520876739728281 30.1825
14 26012359 3.7047729022324 30.195
14 26022751 0.30266343825667 30.2335
14 26047531 1.17741251824983 30.241
14 26068764 1.7145192239358 30.266
14 26125048 4.19893626947823 30.3625
14 26135765 0.120296410355177 30.4075
14 26156547 0 30.41
14 26163203 7.80060882800548 30.41
14 26165831 0 30.4305
14 26178544 0 30.4305
14 26192223 1.65041836186393 30.4305
14 26218277 0.168259523488876 30.4735
14 26233135 0.887531951150317 30.476
14 26261303 0.0592310389598048 30.501
14 26472341 5.71526875143359 30.5135
14 26498499 1.16544079560763 30.663
14 26517805 1.68799282307947 30.6855
14 26560163 0.844459659933791 30.757
14 26691608 1.59193614648751 30.868
14 26759764 3.97464081023783 30.9765
14 26810712 0.930517294153664 31.179
14 26892387 0.607490248182856 31.255
14 27033130 0.097664249213979 31.3405
14 27191837 0.834303027641704 31.356
14 27237384 0.190256683445514 31.394
14 27329365 2.08346553292301 31.4115
14 27376642 0.950689511073903 31.51
14 27424502 11.910067845293 31.5555
14 27444695 1.86353211009181 31.796
14 27476087 2.97196712094024 31.8545
14 27513436 0.754698203652475 31.9655
14 27573725 0.361870144908789 32.011
14 27635902 0.237369638126203 32.0335
14 27701201 0.441578384141357 32.049
14 27952572 0.649659614962413 32.16
14 28007216 1.19413860103622 32.1955
14 28081328 0.0531383510106431 32.284
14 28128375 0.807560686986329 32.2865
14 28253443 3.03335491451455 32.3875
14 28295146 1.05385445191267 32.514
14 28355401 0.955073349633197 32.5775
14 28381577 0.159808819479952 32.6025
14 28584945 0.673715729390874 32.635
14 28638380 0.892541012628313 32.671
14 28706164 2.45911014525916 32.7315
14 28758622 0.858776697851985 32.8605
14 28808111 0.401767778224186 32.903
14 28959940 0.0221847546366566 32.964
14 29072630 0.46655223657076 32.9665
14 29246244 1.10589565260135 33.0475
14 29286935 0.304215558452858 33.0925
14 29321450 0.391247240309626 33.103
14 29393016 0.281912494361723 33.131
14 29455092 0.82282517022194 33.1485
14 29503705 2.52981568485745 33.1885
14 29525841 0.561293219577716 33.2445
14 29548111 10.3718884334701 33.257
14 29568117 0 33.4645
14 29628368 0.492684703210936 33.4645
14 29675051 1.33085518918794 33.4875
14 29718632 1.39737723042917 33.5455
14 29751193 0.342782199171304 33.591
14 29818291 22.3596574690779 33.614
14 29821444 0.379911272335179 33.6845
14 29862243 0.155622646207335 33.7
14 29894372 0.672865182285291 33.705
14 29976112 0 33.76
14 29989315 3.37313035373488 33.76
14 30056908 0.934751294860508 33.988
14 30089537 1.22843021071182 34.0185
14 30124134 0.97463008358195 34.061
14 30157993 1.64661958684816 34.094
14 30214776 0.804682939143911 34.1875
14 30278155 2.57272228320512 34.2385
14 30307307 0.804358763869427 34.3135
14 30458359 0.0583049582535969 34.435
14 30501237 0.517510519886038 34.4375
14 30560173 1.10206037374203 34.468
14 30581043 0.943564887467461 34.491
14 30631384 0.578612382305003 34.5385
14 30688417 2.46322569414223 34.5715
14 30745862 0.0433343155777803 34.713
14 30803553 0.366967090391417 34.7155
14 30837616 0.158533040927953 34.728
14 30951157 0 34.746
14 31016079 0.522526706920596 34.746
14 31059139 0.567602474338887 34.7685
14 31206249 0.0333148990891877 34.852
14 31356332 0.410494790763277 34.857
14 31442813 0.118256427236881 34.8925
14 31485094 0.717685674782825 34.8975
14 31579843 1.05582856472494 34.9655
14 31656560 1.02097247628355 35.0465
14 31703574 0.214722710395261 35.0945
14 31854932 0.53507682453386 35.127
14 31982951 0.937884679262945 35.1955
14 32085309 0.54374093765106 35.2915
14 32126689 0.338462927027406 35.314
14 32171007 1.40517573060767 35.329
14 32230786 0.241957338082204 35.413
14 32282448 2.05768286280416 35.4255
14 32341495 0.485925821214698 35.547
14 32398088 2.92290189901114 35.5745
14 32455223 0.883060688345788 35.7415
14 32500520 0.326888951153419 35.7815
14 32554055 0.817270317140828 35.799
14 32604222 0.603682463024329 35.84
14 32620787 4.84496124031026 35.85
14 32622335 0.464062708196446 35.8575
14 32839978 0.223833825767705 35.9585
14 32884654 0.6246053317959 35.9685
14 32957500 1.24478980026773 36.014
14 33010521 0.496599752284405 36.08
14 33096103 0.634473947722762 36.1225
14 33211947 0.211653649967302 36.196
14 33259194 0.553147150005779 36.206
14 33336931 1.75200228832942 36.249
14 33378883 0.797506870828485 36.3225
14 33460387 1.43169951153767 36.3875
14 33496009 18.0131738136847 36.4385
14 33503448 0.828020203692952 36.5725
14 33551756 4.08908995997927 36.6125
14 33568997 0.812207728279627 36.683
14 33650257 2.88112815037098 36.749
14 33704576 2.63286798922356 36.9055
14 33720908 0.732301299409037 36.9485
14 33779627 2.43320876791783 36.9915
14 33851343 5.44835692247426 37.166
14 33892181 9.45710009976717 37.3885
14 33916237 2.56637448182022 37.616
14 34074242 0.23469770935031 38.0215
14 34116850 1.13637782689595 38.0315
14 34196929 3.88223447106211 38.1225
14 34272401 0.634827619884663 38.4155
14 34292879 1.00571027444417 38.4285
14 34441033 6.98979506622353 38.5775
14 34500906 0.343647153676345 38.996
14 34727883 6.58267059839756 39.074
14 34828602 7.48142907675972 39.737
14 34885142 0.177193258780917 40.16
14 35012122 6.87252871398987 40.1825
14 35022744 8.10119887165031 40.2555
14 35079464 1.70941785350003 40.715
14 35132406 0.245853871743161 40.8055
14 35297138 0.202874076799748 40.846
14 35905890 0.337672558654015 40.9695
14 36093942 1.31181109920173 41.033
14 36218960 0.233937828682636 41.197
14 36325826 0.382446430439855 41.222
14 36602989 0.388549954765786 41.328
14 36689207 0.23586018208407 41.3615
14 36752804 0.269241815048833 41.3765
14 36808516 0.449802087081595 41.3915
14 36852980 0.14579015092452 41.4115
14 37010741 0.444938820912194 41.4345
14 37055691 0.128184585803532 41.4545
14 37211716 0.108300456409078 41.4745
14 37534891 0.495928168719878 41.5095
14 37592359 0.294189175407365 41.538
14 37719828 0.242638352388587 41.5755
14 37771345 0.112937800060238 41.588
14 37997133 0.0956443560265318 41.6135
14 38206241 4.49013157894754 41.6335
14 38236641 0.0663763806286944 41.77
14 38424961 0.130931182570508 41.7825
14 38463149 0.30595261405903 41.7875
14 38504005 0.155513255949973 41.8
14 38584384 0.789177001127426 41.8125
14 38677519 3.23772005416707 41.886
14 38718134 1.27041742286756 42.0175
14 38767724 0.141995030173916 42.0805
14 38838149 0.259416830964126 42.0905
14 38857423 1.17892055624398 42.0955
14 38915527 0.390631707275168 42.164
14 39032005 1.02793219093124 42.2095
14 39206141 0.172387637737762 42.3885
14 39278652 1.7290728457413 42.401
14 39381019 1.32515389453895 42.578
14 39522512 0.286349162715032 42.7655
14 39697124 3.11729737567063 42.8155
14 39766094 0.0990202209714319 43.0305
14 40149854 0.740175847837817 43.0685
14 40194438 0.304707115520458 43.1015
14 40235461 0.150715900527583 43.114
14 40301811 0.223960821786917 43.124
14 40368787 2.50443000590655 43.139
14 40411112 0.458843069207785 43.245
14 40565849 2.80416618976763 43.316
14 40600797 5.73248407643334 43.414
14 40607077 0.106001823231263 43.45
14 40654246 6.25818658128355 43.455
14 40661117 0 43.498
14 40680876 0 43.498
14 40683617 0 43.498
14 40702265 0.864979491615312 43.498
14 40809782 1.24624895462671 43.591
14 40931748 0.180001800018007 43.743
14 41098413 0.561371567288676 43.773
14 41197278 2.52969502407708 43.8285
14 41275153 1.01859046030812 44.0255
14 41486229 0.18170287660594 44.2405
14 41626568 0.154500829890157 44.266
14 41739836 0.210863697705829 44.2835
14 41870252 0.644445776632085 44.311
14 42003700 0.225326723749872 44.397
14 42014795 0.919441785480292 44.3995
14 42094191 1.56891141684775 44.4725
14 42131478 1.69162228251765 44.531
14 42191184 1.08705926836189 44.632
14 42286395 1.4616321559074 44.7355
14 42372600 0.54816664265937 44.8615
14 42497562 1.17263913096779 44.93
14 42685173 0.420493434473797 45.15
14 42805270 3.85147692672705 45.2005
14 42931715 0.2846407833315 45.6875
14 42975630 2.16837699503287 45.7
14 43015291 4.52171201372104 45.786
14 43040945 0.153019879653093 45.902
14 43272941 0.230117820324124 45.9375
14 43294669 0.785310520125929 45.9425
14 43426464 0.0977106397115387 46.046
14 43528807 0.150056163878527 46.056
14 43645430 0.273003822053519 46.0735
14 43683891 8.42945874001702 46.084
14 43688399 0.278949365111308 46.122
14 43733210 0.0471004936131302 46.1345
14 43786288 0.822143052891173 46.137
14 43903056 0.39966428200318 46.233
14 43953098 1.02726533407529 46.253
14 43999824 0.257553866448878 46.301
14 44079419 1.27344487923354 46.3215
14 44138707 0.106297940371132 46.397
14 44256301 0.234724152176282 46.4095
14 44309555 0.526767597939773 46.422
14 44386439 0.455222645257464 46.4625
14 44446849 0.314637341778644 46.49
14 44543786 0.0449446282181222 46.5205
14 44599410 1.78344637501001 46.523
14 44636417 0.329684821310839 46.589
14 44727413 0.739291644867015 46.619
14 44771374 0.325494990552681 46.6515
14 44834355 2.57331736101867 46.672
14 44856894 0.293818067852397 46.73
14 44933472 0.702039609813845 46.7525
14 44987600 0.766562646108967 46.7905
14 45079569 2.46503459512076 46.861
14 45126830 0.232608628229392 46.9775
14 45223559 0.355089617855949 47
14 45253129 0.472002037850086 47.0105
14 45386603 0.674570727718605 47.0735
14 45435523 1.69226213140442 47.1065
14 45459160 0.40326406679941 47.1465
14 45522394 0.267522739433369 47.172
14 45531739 0.386789645938695 47.1745
14 45615764 0.666604074734747 47.207
14 45669019 1.15145672664951 47.2425
14 45706363 0.878804192925264 47.2855
14 45769517 0.26255251050211 47.341
14 45809509 0.0756544106520722 47.3515
14 45842554 22.4299065420569 47.354
14 45845229 0.443931456982953 47.414
14 45867755 1.1479014421522 47.424
14 45898681 0.170368070751973 47.4595
14 46030748 0.959585347061711 47.482
14 46102133 0.978789312911349 47.5505
14 46148619 0.756190208216207 47.596
14 46205483 0.521548174581344 47.639
14 46278343 1.25334864140835 47.677
14 46330603 0.483009432890066 47.7425
14 46418593 0.655082387368866 47.785
14 46523160 1.39308103088002 47.8535
14 46570537 4.38073021211967 47.9195
14 46607403 0.133134519118072 48.081
14 46701293 3.24370063933822 48.0935
14 46733201 0.249920479847288 48.197
14 46843236 1.17701667716584 48.2245
14 46873397 2.01886595426224 48.26
14 46930855 1.43794058850363 48.376
14 46959368 0.821622474332514 48.417
14 47035437 0.277215054909865 48.4795
14 47082332 1.02581811533851 48.4925
14 47131561 0.300959056192411 48.543
14 47206322 0.116806055225797 48.5655
14 47227725 0.192369842564565 48.568
14 47292704 4.41992515163248 48.5805
14 47308202 0.444393979734076 48.649
14 47563606 0.770675111397481 48.7625
14 47599289 0.607259351793958 48.79
14 47628107 0.265163419233197 48.8075
14 47679019 0.254494370584581 48.821
14 47728136 0.477342158859489 48.8335
14 47743848 1.18126513495959 48.841
14 47794641 0.31463123889373 48.901
14 48020302 0.193948797517279 48.972
14 48033192 1.4272865913268 48.9745
14 48084338 0.555307333886534 49.0475
14 48162673 0.781668272834355 49.091
14 48256063 0.963095915597709 49.164
14 48324592 0.633673689508904 49.23
14 48435848 2.21483942414177 49.3005
14 48475580 0.297932804693545 49.3885
14 48519214 0.437900004812127 49.4015
14 48623119 1.17121307771531 49.447
14 48683313 3.31854772465908 49.5175
14 48713748 10.0710324024525 49.6185
14 48724025 0.454590463502233 49.722
14 48835114 1.80780517859169 49.7725
14 48958468 0.251580765811861 49.9955
14 49018091 0.317388870614983 50.0105
14 49191380 0.589614162244515 50.0655
14 49260917 0.808955614508916 50.1065
14 49344976 2.84200757868671 50.1745
14 49370838 4.32886127817065 50.248
14 49401100 1.00985813897575 50.379
14 49525870 0.774918582342745 50.505
14 49672337 0.42180070555756 50.6185
14 49750573 1.08650741426535 50.6515
14 49815920 0.645725298523891 50.7225
14 49866251 0.351493848857658 50.755
14 49908926 0.440785500586541 50.77
14 50052987 0.0496189266433337 50.8335
14 50103371 0.065503327569043 50.836
14 50217869 0.239877182882419 50.8435
14 50269979 0.163404854381112 50.856
14 50349536 0.194527298664253 50.869
14 50388091 0.427323261218101 50.8765
14 50529670 0.137339998901285 50.937
14 50584279 0.1474362155897 50.9445
14 50926800 0.400512656199951 50.995
14 50964252 0.281205810515577 51.01
14 51026484 0.162924573680595 51.0275
14 51090931 0 51.038
14 51157346 0.0191565009501995 51.038
14 51287850 0.266633850192758 51.0405
14 51336606 0.492147513014586 51.0535
14 51428042 0.19122104196342 51.0985
14 51532633 0.605380503794865 51.1185
14 51566496 0.730763719730444 51.139
14 51601391 0 51.1645
14 51713871 0.0708666997378295 51.1645
14 51854981 0.169723855400458 51.1745
14 52240902 1.72845555011154 51.24
14 52277640 0.209068557761509 51.3035
14 52337429 2.99822174434465 51.316
14 52361610 0.46024158646084 51.3885
14 52423534 1.12889468666893 51.417
14 52483327 0.213900223772628 51.4845
14 52544103 0.103224740905904 51.4975
14 52616760 0.463652042431535 51.505
14 52786068 0.250744859730357 51.5835
14 52955563 0.130997502314294 51.626
14 53012816 0.676412830023976 51.6335
14 53058646 0.756295044043135 51.6645
14 53114841 0.0168663644214009 51.707
14 53263065 1.44793592113376 51.7095
14 53311755 0.392370572207099 51.78
14 53357630 0.198991775006641 51.798
14 53561156 0.530450488365139 51.8385
14 53675210 3.11771145699463 51.899
14 53696219 0.229868147630441 51.9645
14 53750598 0.267338295507336 51.977
14 53892740 0.314083504334364 52.015
14 53916619 0.846588310901836 52.0225
14 53997532 0.110202552291011 52.091
14 54042903 0.799613771461398 52.096
14 54109185 0.639979520655212 52.149
14 54140436 1.1286609744744 52.169
14 54297259 0.723058435342405 52.346
14 54346356 0.358496363822561 52.3815
14 54395171 0.0534028282137336 52.399
14 54441985 1.78865913992142 52.4015
14 54481400 10.5247363457086 52.472
14 54504726 1.17230127602562 52.7175
14 54597279 5.0343907733348 52.826
14 54635516 0.188907359830746 53.0185
14 54675218 3.37436433629571 53.026
14 54696259 0.286255495398719 53.097
14 54837741 0.854374396912128 53.1375
14 54887485 2.80267231546353 53.18
14 54918170 1.6688456510036 53.266
14 54983185 5.18323179048851 53.3745
14 55005179 0.0409071571161718 53.4885
14 55127407 0.270508556085451 53.4935
14 55277125 1.94087202007536 53.534
14 55328133 4.824771963514 53.633
14 55348963 1.98494712548654 53.7335
14 55465087 0.389467445601613 53.964
14 55524142 0.608796643188949 53.987
14 55577526 0.597114273967705 54.0195
14 55628605 0.174626735353272 54.05
14 55685870 0.977020478349078 54.06
14 55724252 0.149912977344899 54.0975
14 55860998 0.132117849121421 54.118
14 56110775 1.27057464626038 54.151
14 56180035 0.342201125952157 54.239
14 56225330 0.321006676938816 54.2545
14 56256482 0.432864164432612 54.2645
14 56292290 2.57134963979859 54.28
14 56339347 0.308505050814084 54.401
14 56535454 0.721158408137641 54.4615
14 56588147 0.65886836823644 54.4995
14 56637474 0.178431839037494 54.532
14 56696320 0.0845902027627593 54.5425
14 56814537 1.09572048790567 54.5525
14 56862907 0.812767843948675 54.6055
14 56896742 0.174727425216503 54.633
14 56925358 0.901439339306729 54.638
14 57127812 0.716717434151443 54.8205
14 57155717 0.268046832083561 54.8405
14 57306810 0.538847117794477 54.881
14 57386610 1.77392205101645 54.924
14 57425225 0.783416636635651 54.9925
14 57489048 0.263782643102094 55.0425
14 57557286 1.57427937915738 55.0605
14 57579836 12.5719769673705 55.096
14 57585046 0.69575435233003 55.1615
14 57617385 0.533580791091596 55.184
14 57660490 0.372638131840846 55.207
14 57728921 1.03543250015526 55.2325
14 57777210 0.0149382155405108 55.2825
14 57944566 0.155157433075433 55.285
14 57992904 0.717611229740803 55.2925
14 58021471 1.29151921348181 55.313
14 58109352 2.57949932341031 55.4265
14 58121176 0.237864170044257 55.457
14 58173727 2.57753160218271 55.4695
14 58210196 1.03713100421717 55.5635
14 58268530 0.16709833737155 55.624
14 58448065 1.91294742088879 55.654
14 58522296 0.725140298883942 55.796
14 58665027 4.78809768381966 55.8995
14 58695206 0.582839033215776 56.044
14 58859917 0.916226368994934 56.14
14 58892660 1.33050990386594 56.17
14 58999386 0.915346253393091 56.312
14 59062750 0.650442015705566 56.37
14 59168063 0.744535112275923 56.4385
14 59218430 2.8918769570824 56.476
14 59272720 0.939031428208079 56.633
14 59374953 0.369845932751406 56.729
14 59422270 0.189272315544028 56.7465
14 59570205 0.412730441162926 56.7745
14 59668332 0.11872536448693 56.815
14 59710446 0.32883487228061 56.82
14 59748459 0.312439176799562 56.8325
14 59846078 1.08265779066226 56.863
14 59901959 1.99197175021889 56.9235
14 59935092 0.580562758834252 56.9895
14 59986766 0.444760718733338 57.0195
14 60037355 1.70036436379224 57.042
14 60107340 0.544918800371373 57.161
14 60181663 1.35200547478753 57.2015
14 60241574 0.0871338201209863 57.2825
14 60298957 1.25258868327882 57.2875
14 60328895 1.39828381576105 57.325
14 60370732 1.50314031862755 57.3835
14 60422956 0.454986653724698 57.462
14 60472408 0.632701323486776 57.4845
14 60520614 0.0951565324960045 57.515
14 60573159 0.613824392847508 57.52
14 60610629 0.470843044471199 57.543
14 60653106 0.464692012460607 57.563
14 60827415 0.445780864094986 57.644
14 61007997 0.545050521990614 57.7245
14 61031848 0.787438776635184 57.7375
14 61095345 2.45358504719629 57.7875
14 61127339 0.737908365197586 57.866
14 61172060 1.22427117606545 57.899
14 61250474 5.15588253030231 57.995
14 61267057 1.00603621730381 58.0805
14 61405720 1.04274307186476 58.22
14 61458945 1.37650640850331 58.2755
14 61513794 2.88116854836003 58.351
14 61543643 0.686422697710564 58.437
14 61687869 1.088240781046 58.536
14 61736112 9.57491582491519 58.5885
14 61745616 0.661948164367087 58.6795
14 61765255 0.679792537388496 58.6925
14 61824832 0.696158034766589 58.733
14 61969914 0.315842540345845 58.834
14 62299192 3.81775730422147 58.938
14 62330886 0.429597553012436 59.059
14 62359983 4.87995315244966 59.0715
14 62395844 4.29959802574681 59.2465
14 62435150 4.18041804180421 59.4155
14 62471510 0.764377839502163 59.5675
14 62610839 2.37777141584762 59.674
14 62673713 0.219874935136882 59.8235
14 62787414 0.665098933466322 59.8485
14 62829513 0.595571748878946 59.8765
14 62872329 0.595217849733025 59.902
14 62960532 1.34804689949211 59.9545
14 63024328 1.02552174740442 60.0405
14 63071621 2.52615951919161 60.089
14 63113384 1.81731716430584 60.1945
14 63142823 1.15485009210975 60.248
14 63322500 5.01400673947464 60.4555
14 63347131 0.21017654830058 60.579
14 63397089 0.988013347501021 60.5895
14 63450732 0.310636182903185 60.6425
14 63458780 0.18802013045434 60.645
14 63743324 0.514297469656447 60.6985
14 63850266 0.133230301899838 60.7535
14 63925324 22.9591836734703 60.7635
14 63926108 4.62107208872301 60.7815
14 63928813 0.633043478260927 60.794
14 64000688 0.925313945802997 60.8395
14 64061208 0.97971415398805 60.8955
14 64087236 1.00601861571834 60.921
14 64144392 0.392732516964757 60.9785
14 64299714 1.52525539160068 61.0395
14 64327906 0.300329160760091 61.0825
14 64369527 0.0812737217675247 61.095
14 64492568 0.157251723720881 61.105
14 64575238 0.271018011405311 61.118
14 64752348 0.284885527815222 61.166
14 64848878 0.878005950929256 61.1935
14 64889880 0.190796000915828 61.2295
14 64929189 0.242362550138747 61.237
14 65094231 1.71203955348779 61.277
14 65159358 0.0894177118603687 61.3885
14 65243234 0.502850985498113 61.396
14 65354599 0.270606700222036 61.452
14 65391553 0.50502317695649 61.462
14 65446996 1.31612158799982 61.49
14 65530195 0.3620642682 61.5995
14 65669673 2.08293199768833 61.65
14 65711201 0.769707511145746 61.7365
14 65761220 1.44913764431991 61.775
14 65824361 2.01092420989696 61.8665
14 65861160 1.66489078316453 61.9405
14 65876176 7.03180212014127 61.9655
14 65890326 1.0642974479998 62.065
14 65933547 0.84822069397504 62.111
14 66086809 1.41619460179945 62.241
14 66158833 1.03146994579716 62.343
14 66208277 0.645853619761111 62.394
14 66258598 3.17142955634478 62.4265
14 66287607 1.85864632615618 62.5185
14 66308321 1.54864141911857 62.557
14 66350939 0.438707161536008 62.623
14 66525315 1.01783374660272 62.6995
14 66617668 0.296741585940113 62.7935
14 66669902 3.66348764023358 62.809
14 66711529 0.840428253005433 62.9615
14 66766263 1.12013131044272 63.0075
14 66811347 0.891989614692302 63.058
14 66874128 0.312066574202508 63.114
14 66931808 1.34642540474874 63.132
14 66962259 1.44508670520219 63.173
14 66988555 0 63.211
14 66991429 2.54619098633722 63.211
14 67059570 1.74306308003953 63.3845
14 67102024 0.883615248674536 63.4585
14 67133712 1.22682883088512 63.4865
14 67256386 1.96540880503245 63.637
14 67258930 0.495789489262776 63.642
14 67326499 1.20291707390426 63.6755
14 67366402 2.11631150148022 63.7235
14 67407275 0.3208213025345 63.81
14 67472732 3.31484049930638 63.831
14 67508782 0.250171169747747 63.9505
14 67660678 0.668236840663776 63.9885
14 67751963 0.211297365826233 64.0495
14 67886844 2.54217702796404 64.078
14 67912806 0.602941676007999 64.144
14 67971684 0.341560158659955 64.1795
14 68017064 0.591146214226564 64.195
14 68099108 2.54886929858202 64.2435
14 68125198 4.53342037500453 64.31
14 68152771 1.8945864521537 64.435
14 68184968 3.2424317464249 64.496
14 68249580 2.06419992935372 64.7055
14 68294876 0.690055361259617 64.799
14 68358639 1.8480944966104 64.843
14 68422218 5.34710893601624 64.9605
14 68449803 0.1201513131376 65.108
14 68578807 0.215769385680525 65.1235
14 68683085 1.26480314292984 65.146
14 68753847 0.676714151354547 65.2355
14 68841033 0.548257637229011 65.2945
14 68886632 2.26445769141423 65.3195
14 68912466 0.848117697966362 65.378
14 68970241 0.457785625531337 65.427
14 69092569 0.271226858441061 65.483
14 69278760 0.0387608918105635 65.5335
14 69343258 0.616155324720545 65.536
14 69492571 0.250161869444875 65.628
14 69594505 0.432973776849275 65.6535
14 69647626 0.258946172608319 65.6765
14 69707484 0.0621388181197995 65.692
14 69787949 0.562165427665313 65.697
14 69847540 0.737663547773357 65.7305
14 69899054 0.919117647057987 65.7685
14 69909934 3.95339830891378 65.7785
14 69940920 0.548334555459696 65.901
14 70095023 0.202519075990422 65.9855
14 70171559 0.661189273558701 66.001
14 70217688 0.231357234078048 66.0315
14 70271717 0.482675727089484 66.044
14 70377378 1.68828494955721 66.095
14 70401663 1.24455507156196 66.136
14 70445052 1.44449355897948 66.19
14 70508396 0.153909296121637 66.2815
14 70557126 2.72796481136844 66.289
14 70580770 2.51392392205987 66.3535
14 70639841 4.81791324995193 66.502
14 70676060 4.22529348097554 66.6765
14 70724104 1.02486849578945 66.8795
14 70926569 5.76676633917113 67.087
14 70964025 3.28715271148595 67.303
14 71084494 2.22610459873766 67.699
14 71173214 0.251221543680515 67.8965
14 71469765 0.470608783403423 67.971
14 71572823 1.70816173717726 68.0195
14 71594191 3.13052946781011 68.056
14 71616232 2.25669225980502 68.125
14 71654784 2.28705821350198 68.212
14 71762783 3.45077697430592 68.459
14 71808280 1.76995873061061 68.616
14 71864496 0.998075140799876 68.7155
14 71962685 0.774239989286202 68.8135
14 72082157 0.576784426820412 68.906
14 72193117 1.16031715335529 68.97
14 72208630 1.19255381035476 68.988
14 72225820 1.8856895023667 69.0085
14 72278851 0.714615849539565 69.1085
14 72419486 0.86558761435602 69.209
14 72561586 0.299311583358287 69.332
14 72621724 0.951767768664615 69.35
14 72657447 1.70454545454536 69.384
14 72702327 0.995032925073364 69.4605
14 72764134 2.39056770180523 69.522
14 72785677 5.28276071754371 69.5735
14 72811989 4.74740236474358 69.7125
14 72845481 0.296900093118645 69.8715
14 72993679 0.654294061972842 69.9155
14 73115184 0.224534091759607 69.995
14 73128545 0.0925154963455537 69.998
14 73182590 0.387932320730662 70.003
14 73216101 0 70.016
14 73236553 0.96321714526508 70.016
14 73302997 0.222298712101697 70.08
14 73372723 0.124972788183242 70.0955
14 73496750 3.1401764601183 70.111
14 73536079 0.631164552087095 70.2345
14 73629557 0.126575869576289 70.2935
14 73708561 1.58716614045573 70.3035
14 73767156 0.400259536710115 70.3965
14 74004502 2.64501160092752 70.4915
14 74015277 4.94208148843874 70.52
14 74037636 1.42264483442251 70.6305
14 74092112 0.950159799602594 70.708
14 74138420 0.945574003373978 70.752
14 74251050 6.68325425297982 70.8585
14 74285614 1.26364158529564 71.0895
14 74329139 0.642991393807523 71.1445
14 74389793 0.45639832945712 71.1835
14 74469767 2.07380773749704 71.22
14 74540410 1.20589367868507 71.3665
14 74589751 1.55102681902066 71.426
14 74666152 2.94665340584457 71.5445
14 74760666 3.94903117101978 71.823
14 74789154 3.26451707032394 71.9355
14 74816570 1.90415741034535 72.025
14 74838627 1.96886728603958 72.067
14 74887386 2.79786230745044 72.163
14 74919196 4.84774665042661 72.252
14 74939721 0.867242993227213 72.3515
14 75048687 1.13451185049211 72.446
14 75097166 5.20664724290475 72.501
14 75152768 0.880829015544197 72.7905
14 75229968 0.804197728676502 72.8585
14 75557002 1.94438443257932 73.1215
14 75589403 2.93136561204856 73.1845
14 75599296 0 73.2135
14 75629300 2.44131151781689 73.2135
14 75660226 1.35594679523056 73.289
14 75706688 0.193378712871111 73.352
14 75732544 5.44848256287099 73.357
14 75782925 1.79617903732055 73.6315
14 75893159 0.342622201918697 73.8295
14 75954451 1.35377775244391 73.8505
14 75989538 0.485736314572217 73.898
14 76054388 0.0546412257119255 73.9295
14 76191647 0.257510729613797 73.937
14 76325622 0.922140344864164 73.9715
14 76448163 10.1368019735366 74.0845
14 76470458 7.6876352454349 74.3105
14 76496799 0.243385460953573 74.513
14 76983681 4.36949659411871 74.6315
14 77013776 1.56794425087079 74.763
14 77033866 5.42101000600873 74.7945
14 77072143 0.188232954262984 75.002
14 77353709 0.338706911335874 75.055
14 77470329 1.24950949007631 75.0945
14 77567167 2.743436588415 75.2155
14 77610361 5.43506938947821 75.334
14 77648263 1.61961129328961 75.54
14 77773293 0.279027743329856 75.7425
14 77999077 0.138667406226213 75.8055
14 78114461 1.8745458148907 75.8215
14 78175009 7.47231845662655 75.935
14 78189730 0.924016542149732 76.045
14 78278473 3.05295438365934 76.127
14 78314995 0.785516570658938 76.2385
14 78355096 1.17139582118368 76.27
14 78454550 1.93200383807475 76.3865
14 78493111 2.81445092621008 76.461
14 78522424 1.47887872082561 76.5435
14 78612357 3.07676788056052 76.6765
14 78632183 6.3633471205854 76.7375
14 78666756 1.9423864146837 76.9575
14 78824809 0.887613753530316 77.2645
14 78936344 2.09191127639794 77.3635
14 79041750 1.68079961975353 77.584
14 79186919 0.128914943277366 77.828
14 79334303 0.882244585345124 77.847
14 79385876 2.10505212510032 77.8925
14 79435756 1.80173045320439 77.9975
14 79486263 4.20105584058293 78.0885
14 79499712 0 78.145
14 79503090 3.78314937821502 78.145
14 79543136 0.24795996573645 78.2965
14 79676222 0.814498677566768 78.3295
14 79842582 0.551727244066191 78.465
14 79886988 1.81331250348708 78.4895
14 79940757 1.16893832895293 78.587
14 80006201 2.9775119492257 78.6635
14 80044488 3.75866034613336 78.7775
14 80080139 0.819277108433709 78.9115
14 80163139 1.28531496456036 78.9795
14 80203207 1.80703099331875 79.031
14 80221469 0.639770458114446 79.064
14 80273050 1.37389031935745 79.097
14 80325092 0.618470169858543 79.1685
14 80370365 0.633832086450614 79.1965
14 80418485 0.10959660331707 79.227
14 80541664 0.371466007483398 79.2405
14 80615695 1.12311629229468 79.268
14 80650865 0.557550346796126 79.3075
14 80695704 0.901575204980731 79.3325
14 80754490 0.453771979580355 79.3855
14 80877900 1.35562584726593 79.4415
14 80928799 0.264446846184199 79.5105
14 80972286 0.414451205951891 79.522
14 81021749 0.496533812042783 79.5425
14 81074112 0.327300731613321 79.5685
14 81126052 0.402884490168064 79.5855
14 81248916 0.243578759932103 79.635
14 81367974 1.52163184734298 79.664
14 81392290 0.150140756959655 79.701
14 81472215 2.73904382470141 79.713
14 81494303 0.249132407318445 79.7735
14 81608700 1.30734975691451 79.802
14 81633177 0.0564561658198645 79.834
14 81695172 0.546192259673578 79.8375
14 81701580 1.64876720617167 79.841
14 81734635 1.44140614067017 79.8955
14 81770364 0.467018403049581 79.947
14 81809977 0.738338211639153 79.9655
14 81847900 0.193465176268279 79.9935
14 81894420 0.751117787713718 80.0025
14 82006919 1.71821305841931 80.087
14 82047077 0.214435819359071 80.156
14 82093711 0.677461996034316 80.166
14 82123971 0.769006941846576 80.1865
14 82172085 1.86630471666097 80.2235
14 82213343 0 80.3005
