Chromosome Position(bp) Rate(cM/Mb) Map(cM)
20 0 0 0
20 392646 1.81703191350527 0
20 492259 14.1713904634878 0.181
20 510253 3.12994675492877 0.436
20 538049 3.88954317237959 0.523
20 570315 8.30634738538838 0.6485
20 639178 0.97159039556533 1.2205
20 705564 0.659273784569613 1.285
20 853454 1.2134214969049 1.3825
20 881886 1.9013954735061 1.417
20 941579 1.3036785725505 1.5305
20 973412 1.55416474146259 1.572
20 1021026 0.753996179752689 1.646
20 1090655 0.169245975330709 1.6985
20 1164512 0.721843615494979 1.711
20 1276032 2.93009627459188 1.7915
20 1314256 0.324154946064219 1.9035
20 1425314 1.98409876402737 1.9395
20 1495623 1.21154656552886 2.079
20 1533591 1.31468237273874 2.125
20 1571623 0.316015674377452 2.175
20 1619089 1.77671947980584 2.19
20 1673684 1.2323512609157 2.287
20 1796214 1.67941947767359 2.438
20 1851888 2.94104236012951 2.5315
20 1873819 0.66062987641665 2.596
20 1961614 1.48872820076564 2.654
20 2008634 5.4624034575213 2.724
20 2033623 2.44414672122243 2.8605
20 2061240 6.3479257780986 2.928
20 2084791 1.27323139748022 3.0775
20 2257187 0.241349141702115 3.297
20 2290334 1.01253005948614 3.305
20 2298235 0.912860502537438 3.313
20 2362867 5.15047035287107 3.372
20 2386360 4.72687524003664 3.493
20 2420209 1.57242693773825 3.653
20 2451689 0.778243151460263 3.7025
20 2487025 2.52330688034518 3.73
20 2512983 30.0642753472942 3.7955
20 2517806 0.736888347244463 3.9405
20 2588373 0.777281822379556 3.9925
20 2718313 0.0577286870128239 4.0935
20 3056100 0.855128137662468 4.113
20 3132112 4.77673049857125 4.178
20 3155559 2.35062745832552 4.29
20 3208949 1.03971350116857 4.4155
20 3321480 0.285104855230092 4.5325
20 3416182 2.25496091401084 4.5595
20 3442790 0.306361022278356 4.6195
20 3628845 1.79183846479904 4.6765
20 3654796 2.16604613939247 4.723
20 3712274 0.479571304955225 4.8475
20 3808193 0 4.8935
20 3861412 2.25250804467158 4.8935
20 3887827 1.51931703082042 4.953
20 3943115 2.62101271469998 5.037
20 3970013 1.5340224259469 5.1075
20 4079529 1.23486818717608 5.2755
20 4239870 1.3162331799541 5.4735
20 4331799 0.320864645782321 5.5945
20 4391014 0.400379619194498 5.6135
20 4458450 0.829917685715245 5.6405
20 4487971 1.27890498081642 5.665
20 4516902 1.15217145442208 5.702
20 4587638 21.5998101115595 5.7835
20 4591851 1.54612609517266 5.8745
20 4609314 0.88367102190241 5.9015
20 4688529 0.754645788133196 5.9715
20 4709731 1.1721262162106 5.9875
20 4757934 0.158401622032616 6.044
20 4805282 2.7398490837226 6.0515
20 4838678 1.16879174256223 6.143
20 4937498 4.36982520699172 6.2585
20 4965760 0.233059488434423 6.382
20 5000086 4.16826282858134 6.39
20 5054905 0.402792696025777 6.6185
20 5107041 2.60740433761569 6.6395
20 5135997 0.274497002789489 6.715
20 5203393 1.04898834852489 6.7335
20 5287760 4.13615405478709 6.822
20 5309882 25.3164556962026 6.9135
20 5313358 0.482919886132578 7.0015
20 5392046 0.202295521815976 7.0395
20 5485968 0.913624424226258 7.0585
20 5538506 1.49349888719691 7.1065
20 5572654 0.16682793366921 7.1575
20 5602625 1.74796615153398 7.1625
20 5633232 0.374000025355929 7.216
20 5712109 0.128817687839622 7.2455
20 5754805 0.684462696783026 7.251
20 5824933 1.23894990624163 7.299
20 5854797 0.763464741810114 7.336
20 5869205 0.959175109405901 7.347
20 5952610 1.25379939209727 7.427
20 6018410 0.741817300996147 7.5095
20 6051437 0.550055005500636 7.534
20 6055982 1.17040080256054 7.5365
20 6076915 1.30411157399022 7.561
20 6187335 3.05256128970715 7.705
20 6208301 2.11584236974346 7.769
20 6242330 2.76169081428659 7.841
20 6290851 5.71460275188639 7.975
20 6317887 2.3738069467677 8.1295
20 6358539 1.05663001899255 8.226
20 6395922 0.801468674220115 8.2655
20 6468913 1.52249134948099 8.324
20 6526713 0.614097691324609 8.412
20 6586964 2.32573816907108 8.449
20 6616632 0.302153015908702 8.518
20 6687788 0.647671247361952 8.5395
20 6914755 0.383037731640859 8.6865
20 7017878 1.8103172060237 8.726
20 7049088 4.24707547872735 8.7825
20 7089351 1.72826988662548 8.9535
20 7111049 2.5029748471544 8.991
20 7135420 0.64170526198314 9.052
20 7189183 2.40875728302271 9.0865
20 7228830 1.24962295859008 9.182
20 7252037 1.75350701402804 9.211
20 7289961 2.11851822519649 9.2775
20 7340468 0.2717642112172 9.3845
20 7437979 4.00282885431402 9.411
20 7473329 3.40085760757056 9.5525
20 7493618 4.70352099052045 9.6215
20 7534970 1.49206657285649 9.816
20 7576188 5.82880210907895 9.8775
20 7600464 1.88009320330896 10.019
20 7681577 3.64210270729634 10.1715
20 7706288 7.76906200222402 10.2615
20 7739561 2.28947853325963 10.52
20 7848101 0.14341029685932 10.7685
20 7994534 0.551977920883139 10.7895
20 8032579 1.28690191233626 10.8105
20 8071432 0.266410912190973 10.8605
20 8099584 3.91115403186864 10.868
20 8120294 1.31282285453353 10.949
20 8190372 2.18592450653916 11.041
20 8244125 1.33665386292967 11.1585
20 8315198 17.3567544960264 11.2535
20 8317589 0.180983191186119 11.295
20 8405995 1.23463207964025 11.311
20 8444468 1.06937271051855 11.3585
20 8488419 1.05027781542216 11.4055
20 8517935 0.732353106867213 11.4365
20 8553437 0.200831378149542 11.4625
20 8710285 1.22309197651683 11.494
20 8714373 1.77343078245916 11.499
20 8742285 0.275814514738808 11.5485
20 8771290 0.642800632911388 11.5565
20 8811738 0.847098686997042 11.5825
20 8882568 0.237667687757482 11.6425
20 8939370 0.703729767769171 11.656
20 8976316 0.52374124131758 11.682
20 9074647 1.85030023739704 11.7335
20 9088969 0.138611665557746 11.76
20 9107005 0.35011281412901 11.7625
20 9158417 0.615690168818248 11.7805
20 9183592 1.1514781219157 11.796
20 9247423 1.34032133344788 11.8695
20 9305618 0.200491203448471 11.9475
20 9345520 0.456578081566317 11.9555
20 9419987 2.34713529128554 11.9895
20 9453219 2.50059224553181 12.0675
20 9491210 2.47122784720752 12.1625
20 9562025 1.52369798513348 12.3375
20 9645703 8.49281600837652 12.465
20 9662894 0.302732947783785 12.611
20 9758688 1.44102106635556 12.64
20 9802407 4.08837692380323 12.703
20 9855362 0.305907412023306 12.9195
20 9899493 0.216365918040586 12.933
20 9945711 0.835519079448353 12.943
20 9992987 0.333409000624259 12.9825
20 10063471 0.888373889532626 13.006
20 10102306 0.427015049395243 13.0405
20 10145630 0.721734609621091 13.059
20 10309125 0.811171983253861 13.177
20 10511918 0.193052705557746 13.3415
20 10742425 0 13.386
20 10748894 0.163462286915239 13.386
20 10813129 1.10730546499953 13.3965
20 10885828 0.387718400950328 13.477
20 10946439 1.18057418835521 13.5005
20 10983709 4.28463976790419 13.5445
20 11020935 0.403714170367375 13.704
20 11110107 1.11613530994218 13.74
20 11145049 102.928509905254 13.779
20 11146210 0.31952965235175 13.8985
20 11193154 2.53911611309357 13.9135
20 11244156 0.749038166899331 14.043
20 11302898 1.9529150392375 14.087
20 11330805 1.16663041543905 14.1415
20 11381378 1.66265742181975 14.2005
20 11409646 2.63351943537341 14.2475
20 11438125 4.10265624532089 14.3225
20 11471518 4.15461477780698 14.4595
20 11509548 1.7669514633703 14.6175
20 11647073 1.5224205206934 14.8605
20 11725238 1.42061597908854 14.9795
20 11786831 1.02349339893705 15.067
20 11840080 3.86463338207646 15.1215
20 11873589 1.10707049019741 15.251
20 11948110 0.42750134755859 15.3335
20 12001911 3.18258816282529 15.3565
20 12040873 1.7730496453901 15.4805
20 12087403 3.37009803921567 15.563
20 12111883 1.23371045272602 15.6455
20 12166596 0.920096852300248 15.713
20 12228546 3.76254180602007 15.77
20 12265622 1.66774565823176 15.9095
20 12336676 0.830664531625355 16.028
20 12386636 2.04269899841848 16.0695
20 12409400 2.18851511314209 16.116
20 12445726 0.519356559332964 16.1955
20 12481347 0.806737239778126 16.214
20 12506758 5.4809791444098 16.2345
20 12528287 6.08088997831627 16.3525
20 12549501 0.56289126203377 16.4815
20 12644546 0.450209628858388 16.535
20 12680085 1.69222268269108 16.551
20 12709041 2.55925406709484 16.6
20 12770387 4.06504065040644 16.757
20 12809255 0.561906763902151 16.915
20 12932941 3.1209021767637 16.9845
20 12952006 1.57080025132803 17.044
20 12987020 1.21903190112716 17.099
20 13040341 0.392974302897753 17.164
20 13157397 2.3091831264689 17.21
20 13181648 4.00042813946652 17.266
20 13219019 1.91561349387994 17.4155
20 13259215 0.0462115750753485 17.4925
20 13313314 1.47477198560788 17.495
20 13456726 0.661699128283416 17.7065
20 13491485 0.049463905481528 17.7295
20 13703761 0.880456701411638 17.74
20 13738970 2.51379093638714 17.771
20 13781933 0.615780524792061 17.879
20 13890738 0.381773399014764 17.946
20 13931338 1.49060093300573 17.9615
20 13967565 0.230655626171951 18.0155
20 14268880 1.54430656535286 18.085
20 14305466 1.71940270950173 18.1415
20 14348795 0.682209881271484 18.216
20 14390571 0.263466042154577 18.2445
20 14441811 2.21189257163391 18.258
20 14486343 0.218721417087535 18.3565
20 14662366 0.612575583922831 18.395
20 14687669 0.313867722192204 18.4105
20 14745018 0.116939868288784 18.4285
20 14988733 0.691823899371053 18.457
20 15100033 0.0836296340259274 18.534
20 15285374 0.511934867082005 18.5495
20 15366439 0.236526839883151 18.591
20 15450996 0.63458487572709 18.611
20 15507726 1.29013761467895 18.647
20 15535630 4.2742941638557 18.683
20 15557271 0.77827842471765 18.7755
20 15728161 2.15107139902373 18.9085
20 15752335 1.69552025700519 18.9605
20 15774747 0.628564420187601 18.9985
20 15807361 1.31022289575054 19.019
20 15839035 2.82348788988398 19.0605
20 15884369 0.485152607767026 19.1885
20 16058541 3.44827586206896 19.273
20 16083771 1.58193214605511 19.36
20 16134026 0.401913445269509 19.4395
20 16311925 3.25471698113203 19.511
20 16333125 0.338929708399432 19.58
20 16415738 0.574299078353757 19.608
20 16488000 0.907118661270478 19.6495
20 16566821 1.57926851153945 19.721
20 16594682 1.34330425148873 19.765
20 16630787 0.946917461893416 19.8135
20 16685174 1.36038736453772 19.865
20 16728544 0.753830944142362 19.924
20 16769004 0.322677795465314 19.9545
20 16792247 0.383117297746008 19.962
20 16886213 0.0961834410587682 19.998
20 16990181 0.183193054947746 20.008
20 17088438 0.292857142857171 20.026
20 17158438 3.26797385620906 20.0465
20 17185825 1.90636772390331 20.136
20 17251657 3.59827086505869 20.2615
20 17292371 0.631603123564535 20.408
20 17422991 1.05239205870638 20.4905
20 17493307 0.363462288571362 20.5645
20 17549709 0.289050757312927 20.585
20 17584305 0.416021448216902 20.595
20 17627572 3.41021649922173 20.613
20 17662907 0.376374891862439 20.7335
20 17751914 0.0523691817838934 20.767
20 17847390 0.815608846707962 20.772
20 17894594 2.0686871405025 20.8105
20 17924323 0.353940537989607 20.872
20 18068415 0 20.923
20 18107855 1.14192495921706 20.923
20 18132375 0.633689586683062 20.951
20 18185240 1.33750237778201 20.9845
20 18269352 2.17335248830439 21.097
20 18323646 1.03919239904987 21.215
20 18441526 1.36268903970507 21.3375
20 18497665 1.10709078144404 21.414
20 18571733 0.559458517526643 21.496
20 18626250 1.77924052324708 21.5265
20 18686107 0.393616259929837 21.633
20 18714053 1.16706857107527 21.644
20 18843437 2.15686274509794 21.795
20 18876587 2.01298411896662 21.8665
20 18943900 0.806842020332402 22.002
20 18968688 1.45935874376677 22.022
20 19061537 1.86459574795281 22.1575
20 19087548 0.871136348970763 22.206
20 19180530 0.668442722208793 22.287
20 19283755 4.09956076134697 22.356
20 19328150 4.00134310817619 22.538
20 19363888 0.579832039861867 22.681
20 19442359 0 22.7265
20 19517625 1.11952169711085 22.7265
20 19684214 7.22645859194894 22.913
20 19706770 2.66536988932252 23.076
20 19787997 2.17846311562941 23.2925
20 19834819 0.447077232591921 23.3945
20 19879554 0.491247706992511 23.4145
20 20040369 0.177112360081242 23.4935
20 20082715 0.928237888319602 23.501
20 20206067 0.673028387375879 23.6155
20 20247670 0.265751469226008 23.6435
20 20313521 0.360980167324888 23.661
20 20384162 2.37054940968673 23.6865
20 20480975 1.69435215946846 23.916
20 20556225 7.23379629629623 24.0435
20 20576961 3.33291251104662 24.1935
20 20616566 0.276049519036797 24.3255
20 20710752 1.2666178163927 24.3515
20 20758517 3.73924965723548 24.412
20 20790609 1.03445643833635 24.532
20 21039532 2.57324634274836 24.7895
20 21064209 3.96413082761112 24.853
20 21108481 1.28395192460424 25.0285
20 21146255 2.0163580597523 25.077
20 21199073 0.724793299688635 25.1835
20 21254951 0.211379009382492 25.224
20 21328279 0.670597296364162 25.2395
20 21403585 0.597357571214415 25.29
20 21446273 2.27207671389728 25.3155
20 21474221 0.217950580774173 25.379
20 21591220 0.227878677392192 25.4045
20 21635103 1.54050887419901 25.4145
20 21704236 0.303749132145348 25.521
20 21738804 3.58422939068114 25.5315
20 21742989 3.62056480810999 25.5465
20 21748513 4.40251572327035 25.5665
20 21780313 1.75228036485839 25.7065
20 21842803 19.1923515981739 25.816
20 21849811 0.681942171303738 25.9505
20 21857143 0 25.9555
20 21867755 0 25.9555
20 21870289 0.352816652946032 25.9555
20 21921307 2.01543443808994 25.9735
20 21950333 1.93370165745857 26.032
20 22017303 0 26.1615
20 22075470 3.80894517923066 26.1615
20 22096867 1.60991049989086 26.243
20 22188487 1.63387085316471 26.3905
20 22202564 3.69294103402349 26.4135
20 22210823 0.259264010947894 26.444
20 22397891 0.363100117617715 26.4925
20 22622347 2.05311574904237 26.574
20 22716594 1.58267055673235 26.7675
20 22841699 0.110460620788745 26.9655
20 22886964 1.20729340614703 26.9705
20 22931278 0.222975383517668 27.024
20 22964914 1.67564874779218 27.0315
20 23009076 1.77974328551404 27.1055
20 23046160 0 27.1715
20 23197327 0 27.1715
20 23227571 0.194330724983073 27.1715
20 23266165 3.87650560708861 27.179
20 23287834 3.01972062448641 27.263
20 23312174 0.646746863277676 27.3365
20 23350829 0.163492193247779 27.3615
20 23571023 0.431416821224092 27.3975
20 23695033 0.422272181184491 27.451
20 23863171 1.31221960172365 27.522
20 23919564 0.207542079156581 27.596
20 23967747 0.377244605402068 27.606
20 24007509 0.299529868337084 27.621
20 24084296 0.529211057725789 27.644
20 24156101 2.01580061899333 27.682
20 24205213 0.840322935318689 27.781
20 24268879 0.098489176039557 27.8345
20 24421180 3.03702439856681 27.8495
20 24479790 10.6137263528375 28.0275
20 24488882 0.800409809822697 28.124
20 24520116 1.29559278859873 28.149
20 24565655 1.03245014826467 28.208
20 24648952 4.17383663456965 28.294
20 24676265 3.37809395521129 28.408
20 24723777 4.212945231712 28.5685
20 24747276 0.925031971733448 28.6675
20 24945107 2.3550697549232 28.8505
20 25011984 0.430651629747262 29.008
20 25160596 1.54282982514596 29.072
20 25229625 0.577415542204276 29.1785
20 25635745 1.26312121608084 29.413
20 25681663 0.677081152015198 29.471
20 25753294 2.27275265526752 29.5195
20 25842833 0.724126760294991 29.723
20 25895310 0.305592339818693 29.761
20 25944395 2.78343854068292 29.776
20 26004752 0.517709451354257 29.944
20 26083947 0.314397484820122 29.985
20 26292282 0.939679786042134 30.0505
20 26319951 0.0764105385415147 30.0765
20 26352669 2.27992216316686 30.079
20 26387100 0.607772116152006 30.1575
20 26549990 0.508830674282693 30.2565
20 26580452 1.57701068862806 30.272
20 26591866 19.5422987914632 30.29
20 26599644 0.260593109918184 30.442
20 26657205 0.443579766536926 30.457
20 26721455 3.02904420673661 30.4855
20 26779229 0.641482537419839 30.6605
20 26842364 0 30.701
20 26852699 0.228092730062532 30.701
20 26876812 0.0907506897052882 30.7065
20 26904360 2.00063386419458 30.709
20 26929602 4.33158352388004 30.7595
20 26960653 0.254271765663271 30.894
20 26970485 0 30.8965
20 27007065 0.131269690453573 30.8965
20 27087053 0.661596847600083 30.907
20 27155826 0.173761070972581 30.9525
20 27552923 0.270025058325397 31.0215
20 27599215 0.36353060927734 31.034
20 27647354 0.982021453391729 31.0515
20 27706925 0.178671036117713 31.11
20 27821661 0.892544069363421 31.1305
20 27915774 1.45926032247261 31.2145
20 27957576 0.850437640943304 31.2755
20 28062228 1.89837243481577 31.3645
20 28135712 1.27159749351084 31.504
20 28173853 0.513206211564835 31.5525
20 28286868 2.43141120420574 31.6105
20 28317303 1.17173938201601 31.6845
20 28351867 0.81356935062368 31.725
20 28392429 0.481553813638692 31.758
20 28429808 7.1586681109594 31.776
20 28451041 1.72832585949173 31.928
20 28525969 0.611753262050784 32.0575
20 28789147 0.643155750884363 32.2185
20 28835792 1.07599193006047 32.2485
20 28887837 0.374438342486285 32.3045
20 28947927 2.39378863887101 32.327
20 28995968 0.620592768389282 32.442
20 29069285 0.526796375640956 32.4875
20 29111996 0.533049040511747 32.51
20 29159834 2.3112480739599 32.5355
20 29218244 2.67234430308771 32.6705
20 29275310 2.6188557614827 32.823
20 29337360 3.10876751141196 32.9855
20 29362772 2.08670035392068 33.0645
20 29411653 2.24833788518299 33.1665
20 29447902 3.96865907814822 33.248
20 29487084 0.171075141465971 33.4035
20 29753049 7.2135357655413 33.449
20 29779527 0.762138217654246 33.64
20 29940259 0.348376565206105 33.7625
20 29990492 0.880757065343177 33.78
20 30068266 1.65491047205643 33.8485
20 30105126 13.0002549069595 33.9095
20 30109049 0.385059684250709 33.9605
20 30122034 1.18110236220477 33.9655
20 30149974 1.34694326345116 33.9985
20 30204542 3.53887919332936 34.072
20 30235484 0.476341695776455 34.1815
20 30342550 6.18492033621873 34.2325
20 30382405 2.02331535383164 34.479
20 30583560 0.20852868319035 34.886
20 30940825 0.0779605519606924 34.9605
20 31069095 0.115382840264 34.9705
20 31134096 1.64394270342355 34.978
20 31177589 0.210214197203038 35.0495
20 31493933 0.586686135954756 35.116
20 31532284 3.18788722923975 35.1385
20 31615568 0.233457357554508 35.404
20 31684103 0.541371619134208 35.42
20 31730282 0.767396038577186 35.445
20 31826712 1.9438898812651 35.519
20 31912365 0.50787201625202 35.6855
20 31961590 0 35.7105
20 32009781 0.244099653683617 35.7105
20 32271969 1.26215196910727 35.7745
20 32338522 1.32251354613382 35.8585
20 32377463 0.804505229284021 35.91
20 32437127 0.106893669951314 35.958
20 32488580 0.513219835061699 35.9635
20 32573339 0.11878459601365 36.007
20 32615432 0 36.012
20 32667051 0.0712971809094527 36.012
20 32947567 0 36.032
20 32956533 56.1035758323108 36.032
20 32957344 0 36.0775
20 32958191 0.566046825320323 36.0775
20 32999707 0.238532632688253 36.101
20 33140149 0.953295479848589 36.1345
20 33212005 0.311565304087675 36.203
20 33244101 1.82905982905982 36.213
20 33273351 1.28761963331654 36.2665
20 33299368 0.196311585748921 36.3
20 33477656 1.16472545757069 36.335
20 33510711 1.01832993890033 36.3735
20 33537716 1.60629921259826 36.401
20 33569466 13.7109581789307 36.452
20 33578911 0 36.5815
20 33581691 0 36.5815
20 33582247 0.773856902803655 36.5815
20 33627475 1.25971704817061 36.6165
20 33673914 0.643885388400998 36.675
20 33717400 4.06544007467622 36.703
20 33758109 2.21008564081856 36.8685
20 33805166 0.632091273980061 36.9725
20 33836807 0.800502275937874 36.9925
20 33868662 1.37473175965655 37.018
20 33883574 1.10355142914466 37.0385
20 33938397 0.302852491908171 37.099
20 34096890 0.750625521267724 37.147
20 34354675 0.269832703723753 37.3405
20 34401000 2.02750835662223 37.353
20 34437498 1.27724795640332 37.427
20 34460986 4.61968634761102 37.457
20 34485663 1.43458541108076 37.571
20 34565477 0.559785042543751 37.6855
20 34601205 4.57645369705689 37.7055
20 34612349 0.132072481377785 37.7565
20 34725923 1.64953312321416 37.7715
20 34759872 4.6802260449601 37.8275
20 34800041 1.40401268970248 38.0155
20 34846693 0.324683538966234 38.081
20 34965270 0.543461383186805 38.1195
20 34997471 0.420958637624789 38.137
20 35154256 0.232169390787472 38.203
20 35197328 2.95423023578355 38.213
20 35233378 2.79234745858666 38.3195
20 35259879 0.210547592177724 38.3935
20 35378617 0.566091140673567 38.4185
20 35424546 1.09949811145041 38.4445
20 35463200 0.885863483774745 38.487
20 35495372 4.50341898364299 38.5155
20 35528569 0.243230095670514 38.665
20 35540903 0.939745032334654 38.668
20 35621776 1.12715666361627 38.744
20 35666579 1.19833904634505 38.7945
20 35702462 1.8843993477079 38.8375
20 35757652 0.479231129453695 38.9415
20 35986143 0.472267814561277 39.051
20 36050725 0.53421939392521 39.0815
20 36135896 1.51205194343132 39.127
20 36169625 0.320207860645638 39.178
20 36224277 0.461282364974552 39.1955
20 36274138 2.58675386792935 39.2185
20 36294627 0.927456752288243 39.2715
20 36319426 0.669420130600044 39.2945
20 36398599 0.0724637681160821 39.3475
20 36433099 0.723987597777663 39.35
20 36496636 1.22121787779476 39.396
20 36544539 0.817370908703086 39.4545
20 36572678 1.99468085106391 39.4775
20 36596742 0.375731271376298 39.5255
20 36739131 0.031917881674 39.579
20 36817457 0.518027351844166 39.5815
20 36894673 0.649156097073888 39.6215
20 36934725 0.594160770763613 39.6475
20 36989424 0.0468958100156962 39.68
20 37149353 0.525762355415413 39.6875
20 37207364 0 39.718
20 37273408 2.40678909293249 39.718
20 37309348 0.100632728279088 39.8045
20 37388845 4.27120347439072 39.8125
20 37416706 1.60819807016229 39.9315
20 37443444 1.63031453425408 39.9745
20 37529317 0.117156380336533 40.1145
20 37571995 2.69720551821708 40.1195
20 37605919 2.68070847295344 40.211
20 37616364 0.160462130937135 40.239
20 37694264 0.844976656452947 40.2515
20 37811427 2.829708762559 40.3505
20 37842879 0.0728958609729477 40.4395
20 37911470 0.233121581230372 40.4445
20 38031579 1.69775855447992 40.4725
20 38081056 0.788766059157484 40.5565
20 38164731 5.34284607437999 40.6225
20 38195707 0.127664667473441 40.788
20 38571692 0.374284456186716 40.836
20 38639822 0.832100591716008 40.8615
20 38688494 0.398480461174735 40.902
20 38726137 2.03079422515968 40.917
20 38780303 0.316317285763363 41.027
20 39036375 7.12974520889936 41.108
20 39104470 0.246145583924465 41.5935
20 39238537 0.783794788273597 41.6265
20 39287657 2.90360046457673 41.665
20 39291962 0.109638303237597 41.6775
20 39383171 0.410886063711525 41.6875
20 39445232 0.734993875051069 41.713
20 39469722 1.31401500743444 41.731
20 39498641 0.488980872887708 41.769
20 39586579 0.766525385517208 41.812
20 39619846 0.625228742222716 41.8375
20 39652634 1.52531153768683 41.858
20 39687381 1.26793844735165 41.911
20 39722083 0.770208341356457 41.955
20 39748050 1.54534625414513 41.975
20 39779111 0.979122579830037 42.023
20 39810772 1.22373276735693 42.054
20 39863071 0.0734386933787702 42.118
20 39965197 1.14538297735042 42.1255
20 39996191 0.225340263798344 42.161
20 40029474 0.582298136645985 42.1685
20 40060386 3.59139656578911 42.1865
20 40110645 0.310926561152293 42.367
20 40160496 0.0463890744451445 42.3825
20 40214388 0.0529705907281302 42.385
20 40261584 1.26976178553541 42.3875
20 40289542 0.0479956995852735 42.423
20 40341630 0.912752183077332 42.4255
20 40394766 2.21835774641621 42.474
20 40439619 0.141348556420834 42.5735
20 40549277 0.406426965074392 42.589
20 40623091 3.75915483829152 42.619
20 40684807 3.06677467885673 42.851
20 40710730 0.795931903603833 42.9305
20 40755960 0.86095566078343 42.9665
20 40788482 3.76172956884782 42.9945
20 40836864 0.681093614143587 43.1765
20 40940374 4.62993475252102 43.247
20 40970720 0.431445986634327 43.3875
20 41025188 0.7215555217986 43.411
20 41104184 1.31378785783421 43.468
20 41147570 0.538227263179963 43.525
20 41185658 1.32606138380932 43.5455
20 41232413 0.0305642154165625 43.6075
20 41314208 0.630930749040949 43.61
20 41393456 1.00433596076863 43.66
20 41465643 0.851590926685704 43.7325
20 41517311 0.621025437202049 43.7765
20 41537439 0.587437867148646 43.789
20 41648089 3.71524448705664 43.854
20 41681465 0 43.978
20 41684531 2.18588790766797 43.978
20 41718842 1.0899569176793 44.053
20 41796368 0.164355725555757 44.1375
20 41829832 0 44.143
20 41843336 0.160996693375582 44.143
20 41924083 0.418792355136023 44.156
20 41950349 0.269415281929984 44.167
20 42007881 0.0690340752196618 44.1825
20 42044095 0.306578294256778 44.185
20 42078344 0.143336295616646 44.1955
20 42113227 1.13345873727866 44.2005
20 42133960 2.23399416753621 44.224
20 42171337 0.529767911200827 44.3075
20 42210977 0.954185914899845 44.3285
20 42286958 1.21636206011921 44.401
20 42400000 0.298764779061032 44.5385
20 42502087 0.376015966216357 44.569
20 42536660 5.29747351263167 44.582
20 42539114 0.188452227360388 44.595
20 42677080 0.487662147664001 44.621
20 42718092 5.79381196989601 44.641
20 42743205 2.42726198460607 44.7865
20 42774516 1.01508969879171 44.8625
20 42876970 0.257225121767044 44.9665
20 42997487 0.145020549720441 44.9975
20 43159533 2.83630470016191 45.021
20 43185447 0.751719358106336 45.0945
20 43279232 0.472416146134079 45.165
20 43317334 0.267635366359734 45.183
20 43483605 1.43361835031491 45.2275
20 43561729 1.41933925228 45.3395
20 43644514 0.644458133914589 45.457
20 43750029 0.239759384332156 45.525
20 44217164 0.325784664282851 45.637
20 44280089 0.7667200657923 45.6575
20 44396820 7.38417964798637 45.747
20 44401763 0.876212729212204 45.7835
20 44480511 0.869630167097018 45.8525
20 44574229 0.217554084957432 45.934
20 44673055 0.451792809612704 45.9555
20 44840167 0.50978457490554 46.031
20 44870572 1.56818593055743 46.0465
20 44920311 0.517299456234137 46.1245
20 44961873 0.381416937060822 46.146
20 45148021 1.53872667290364 46.217
20 45269875 0.50826463930295 46.4045
20 45504005 0.474816597558501 46.5235
20 45641953 1.0318312885171 46.589
20 45677327 0.297644357513387 46.6255
20 45806676 1.02681899082701 46.664
20 45872413 0.580394668374564 46.7315
20 45922379 0.278849546442674 46.7605
20 46098101 1.26823081800884 46.8095
20 46124910 2.62788496066336 46.8435
20 46155543 2.33598077821532 46.924
20 46185509 0.430082529350215 46.994
20 46271539 1.58377887622311 47.031
20 46321104 0.264875764722016 47.1095
20 46379622 0.917985544632614 47.125
20 46422651 0.290646980177887 47.1645
20 46474260 0.821326086736122 47.1795
20 46572881 0.477776916918547 47.2605
20 46611602 0.323239371581555 47.279
20 46709053 0.887221304147592 47.3105
20 46782879 0.649636899375909 47.376
20 46912182 0.178501458487513 47.46
20 47027027 0.537949921752717 47.4805
20 47139491 2.55155834844607 47.541
20 47163202 2.6615517292652 47.6015
20 47196829 0.235465228032842 47.691
20 47508977 0.279981334577705 47.7645
20 47583982 0.126542614731976 47.7855
20 47666958 0.207037167102601 47.796
20 47857745 0.109178251692267 47.8355
20 47885223 0.259514526778231 47.8385
20 47968070 0.31112737920936 47.86
20 48077350 1.41626683623336 47.894
20 48129247 3.17164179104481 47.9675
20 48156047 0.223107569721124 48.0525
20 48250172 0.56843301964254 48.0735
20 48281838 0.427944795121192 48.0915
20 48300532 1.09887809778973 48.0995
20 48348308 0.175051640233834 48.152
20 48405434 0.588646889612097 48.162
20 48495471 0.102523093326751 48.215
20 48593010 0.458137670369949 48.225
20 48758899 2.13269557927959 48.301
20 48799458 0.382454882275564 48.3875
20 48841293 0.236211172788482 48.4035
20 48917496 0.42534229927896 48.4215
20 48966868 2.37573854480839 48.4425
20 48991071 0.521527643509139 48.5
20 49187609 0.395009947068665 48.6025
20 49326846 1.17792567289002 48.6575
20 49360804 0.307954012200856 48.6975
20 49394900 0.12494533641536 48.708
20 49458928 0.758362891571993 48.716
20 49542661 0.113146170709323 48.7795
20 49613366 0.154526333862735 48.7875
20 49729851 0.74174930905537 48.8055
20 49779059 2.93557600761662 48.842
20 49835777 0.546860758834426 49.0085
20 49874178 0.960388295914621 49.0295
20 49961122 0.118756383155655 49.113
20 50003225 0.451864535768606 49.118
20 50045273 0.164325621936728 49.137
20 50185239 0 49.16
20 50257114 0.30663661075388 49.16
20 50317446 0.428567478640832 49.1785
20 50353613 0.094892094132961 49.194
20 50464265 0.0454388483977849 49.2045
20 50519284 0.120268198081762 49.207
20 50585802 0.420786871449461 49.215
20 50628579 0.287975997535504 49.233
20 50703238 0.215382627237244 49.2545
20 50749667 0.121778407581369 49.2645
20 50794831 0.689026243793675 49.27
20 50844176 0.299965718203645 49.304
20 50879180 0.968333786355024 49.3145
20 50908612 0.529071062597415 49.343
20 51052260 0.812195426715087 49.419
20 51084272 3.06573234823675 49.445
20 51110530 5.41883043576449 49.5255
20 51114959 1.57057942299323 49.5495
20 51156345 0.494486475794859 49.6145
20 51257460 1.3697947798367 49.6645
20 51337764 1.61744513486462 49.7745
20 51423702 3.04710927675502 49.9135
20 51454715 0.550384303425853 50.008
20 51558279 0.664577992974486 50.065
20 51589878 0.342288196594257 50.086
20 51788541 5.41430328031407 50.154
20 51813752 0.690598383187293 50.2905
20 51961450 0.075887648336663 50.3925
20 52066869 0.760633450055143 50.4005
20 52212800 2.38628006321691 50.5115
20 52276707 0.535677711080634 50.664
20 52340178 0.572787517582355 50.698
20 52409139 0.0519411136174779 50.7375
20 52611291 0.420151254451618 50.748
20 52711255 0.46647793076824 50.79
20 52835591 0.940731719028967 50.848
20 53064668 0.185035469876239 51.0635
20 53415952 2.39547038327509 51.1285
20 53443504 1.86071238702825 51.1945
20 53471719 0.818624710486319 51.247
20 53496761 0.919411292784575 51.2675
20 53637612 0.176545360387936 51.397
20 53680094 1.07776654639418 51.4045
20 53829477 0.539629892863713 51.5655
20 54057411 1.38409984944884 51.6885
20 54078002 2.0542088042832 51.717
20 54131794 3.32577125484203 51.8275
20 54196591 0.394623963397213 52.043
20 54284016 0.715206145840396 52.0775
20 54608398 2.21564283053273 52.3095
20 54710400 1.52876307607741 52.5355
20 54768617 0.0347362131970493 52.6245
20 54840588 0.996858385693467 52.627
20 54890244 1.64751465377366 52.6765
20 54950638 0.322800160527577 52.776
20 55007949 1.63701958167369 52.7945
20 55055902 1.51988359915852 52.873
20 55163805 1.93326271186442 53.037
20 55201565 1.47440051847064 53.11
20 55232425 2.48218343887203 53.1555
20 55277748 1.94504561268931 53.268
20 55350754 0.923423045281423 53.41
20 55410315 0.130729533046519 53.465
20 55570952 0.656890468206526 53.486
20 55730796 0.280209627093938 53.591
20 55796818 0.112413332946556 53.6095
20 55934702 0.84260685126536 53.625
20 56003536 0.185491552614459 53.683
20 56103271 0.411674298977439 53.7015
20 56230799 1.73514714047751 53.754
20 56266819 0.979574822843086 53.8165
20 56290809 2.98428681635453 53.84
20 56315438 0.0194752586314169 53.9135
20 56443806 0.223441842278015 53.916
20 56587020 1.37213050485696 53.948
20 56609977 8.74303091738503 53.9795
20 56613923 0 54.014
20 56617240 0.367531240155427 54.014
20 56645809 1.08008817046283 54.0245
20 56713859 1.46706164480179 54.098
20 56749304 0.983606557377086 54.15
20 56792004 32.7439423706596 54.192
20 56793531 1.9337871287129 54.242
20 56845243 1.0190006337687 54.342
20 56925714 2.32387475538158 54.424
20 56966594 0.172442892050739 54.519
20 57102871 1.059492516496 54.5425
20 57140153 0.465522257782968 54.582
20 57191708 1.94434156922903 54.606
20 57229510 0.289442327031802 54.6795
20 57466172 1.03461866911914 54.748
20 57496618 1.40811668099485 54.7795
20 57530351 0.0727929187049056 54.827
20 57599039 0.608661563538052 54.832
20 57647506 0.513665122953512 54.8615
20 57708830 0.524609674741947 54.893
20 57772687 1.09589911375119 54.9265
20 57804168 0.917615707569795 54.961
20 57843945 0.565128655575066 54.9975
20 57998777 0.714303616632023 55.085
20 58038676 0.27176714241532 55.1135
20 58145385 2.67894200656549 55.1425
20 58171888 1.00536193029465 55.2135
20 58195760 0.542787134394115 55.2375
20 58292483 1.25697047262089 55.29
20 58336239 0.549614125083036 55.345
20 58379906 3.25621015607819 55.369
20 58416298 0.379999139624672 55.4875
20 58486035 0.391985630501412 55.514
20 58586804 0.62256163360175 55.5535
20 58743415 0.383582662063524 55.651
20 58772092 0.87801953058071 55.662
20 58795440 0.702949262684356 55.6825
20 58859456 0.945903337687527 55.7275
20 58881657 0.658169823300712 55.7485
20 58946230 0.626160556203306 55.791
20 59038858 2.1217751129503 55.849
20 59086224 0.760869565217383 55.9495
20 59215024 0.217623550825046 56.0475
20 59265570 0 56.0585
20 59310473 0.215950431070252 56.0585
20 59370672 0.832643969008323 56.0715
20 59555625 0.79375940878619 56.2255
20 59592160 0.386596249361117 56.2545
20 59668467 0.104825988858499 56.284
20 59768633 0.477840162465673 56.2945
20 59869085 1.09458901280457 56.3425
20 59893295 1.16639182721327 56.369
20 59918158 1.21985165293982 56.398
20 59979231 1.17133932652755 56.4725
20 60031735 1.53284314922933 56.534
20 60113609 0.751733365770581 56.6595
20 60319134 0.81660721193099 56.814
20 60365668 0.626640323199021 56.852
20 60433490 0.133084908171481 56.8945
20 60471060 0.645114173036629 56.8995
20 60512138 0.47530895081799 56.926
20 60552112 0.43022317827372 56.945
20 60645087 0.467743676465357 56.985
20 60700673 1.08878243016228 57.011
20 60732819 2.50411750865519 57.046
20 60762570 0.93296340438836 57.1205
20 60864932 1.28409765281276 57.216
20 60962666 0.839448416366402 57.3415
20 61015677 0.457048106970432 57.386
20 61062718 0.437528534469656 57.4075
20 61220422 0.892509985507751 57.4765
20 61277004 0.948176242258925 57.527
20 61310753 2.00457241310774 57.559
20 61340934 0.558086560364378 57.6195
20 61384834 0.464211924158425 57.644
20 61647645 1.26870313983565 57.766
20 61708731 0.958651376478625 57.8435
20 61736374 1.22380296772217 57.87
20 61769059 0.944682275847317 57.91
20 61810872 0.331774683518019 57.9495
20 61907323 1.67312984738553 57.9815
20 61939299 1.28652821172583 58.035
20 61971945 0.629483238178984 58.077
20 62006100 1.30423553719007 58.0985
20 62044820 0.580106490977245 58.149
20 62141354 1.9857507341261 58.205
20 62182900 1.8199024532284 58.2875
20 62224111 0.612166815457235 58.3625
20 62341726 1.68299957392402 58.4345
20 62365196 0.597078769839503 58.474
20 62477409 0.625696576266547 58.541
20 62579695 0.443119911723579 58.605
20 62694788 0.567823343848602 58.656
20 62797813 0.427815112568868 58.7145
20 62853912 0.258363401487784 58.7385
20 62966157 1.14104122677927 58.7675
20 63013044 0.102266599728621 58.821
20 63066825 0.796842983987011 58.8265
20 63093179 0.662786006570252 58.8475
20 63145232 0.178757150286172 58.882
20 63176000 1.32243645692817 58.8875
20 63213809 3.09758771929823 58.9375
20 63232049 1.93834225586125 58.994
20 63237466 0.567847228064293 59.0045
20 63261240 0.786422327078389 59.018
20 63288579 0.387652807327597 59.0395
20 63344041 1.02310861321042 59.061
20 63380694 0.781059311691396 59.0985
20 63401179 2.27538562760431 59.1145
20 63455895 0.610466729563393 59.239
20 63491933 0.635062304761112 59.261
20 63521064 0.795440815175809 59.2795
20 63620380 2.60521042084164 59.3585
20 63652815 4.01640030123017 59.443
20 63676717 2.51310891949904 59.539
20 63713524 2.07548016514077 59.6315
20 63758092 0.413799980057895 59.724
20 63858382 0.566465256797605 59.7655
20 63882214 2.63165994644329 59.779
20 63914703 1.00767548561376 59.8645
20 63961345 0.937998858088355 59.9115
20 64047166 1.6408857095449 59.992
20 64101405 0.594287696459244 60.081
20 64297438 0.837588552283674 60.1975
20 64346985 0.142090665211691 60.239
20 64522929 0.57478059803457 60.264
20 64675161 0.398769511222495 60.3515
20 64745377 0.227949038883931 60.3795
20 64866018 0.0359617367121396 60.407
20 64949440 0.729713952130931 60.41
20 64983700 1.12517122170758 60.435
20 65045024 0.389144558743964 60.504
20 65104128 0.820718584716427 60.527
20 65137026 0.819240447070969 60.554
20 65154115 0.427483289289709 60.568
20 65179847 0.70579293121233 60.579
20 65253523 0.540099867522646 60.631
20 65351653 0.737860996509073 60.684
20 65414673 0.216950431542737 60.7305
20 65520688 0.818590107596642 60.7535
20 65656287 0.718740581020584 60.8645
20 65699418 0.40678948365602 60.8955
20 65789145 0.536904468032517 60.932
20 65870165 0.305526504424298 60.9755
20 65955264 0.568084444641923 61.0015
20 66112811 2.93549633062961 61.091
20 66138701 1.9997661092269 61.167
20 66181456 0.453198108816529 61.2525
20 66263098 0.372784006185467 61.2895
20 66299312 0.733627871338002 61.303
20 66360651 1.92602930914173 61.348
20 66396476 2.37359550561793 61.417
20 66432076 0.382294312006851 61.5015
20 66468697 2.49598858976642 61.5155
20 66507960 1.32742039216856 61.6135
20 66641678 0.884635125751053 61.791
20 66807283 0.701604088505501 61.9375
20 66942687 1.67141060435558 62.0325
20 66972901 1.30768845730305 62.083
20 67132725 0.69800689597173 62.292
20 67192180 0.099603397381297 62.3335
20 67247399 0.0680196391248697 62.339
20 67328258 1.31167571064088 62.3445
20 67356085 0.614619629010026 62.381
20 67464282 0.0303865164897508 62.4475
20 67563010 0.980844680360099 62.4505
20 67632338 1.09715129036642 62.5185
20 67683835 5.29466958580927 62.575
20 67706216 2.59263574924256 62.6935
20 67723380 0 62.738
20 67731177 0 62.738
20 67739397 0.17471353005673 62.738
20 67822390 1.61832186168485 62.7525
20 67846798 3.0643734219555 62.792
20 67893137 0.143346206384894 62.934
20 67952434 0.447770741380392 62.9425
20 68014966 1.64473684210517 62.9705
20 68060566 0.819576162042085 63.0455
20 68094730 1.08727329791282 63.0735
20 68139337 0.697055468717022 63.122
20 68163008 1.58575701877682 63.1385
20 68218502 0.424070226029346 63.2265
20 68265664 0.108852000155525 63.2465
20 68394279 3.51551268982469 63.2605
20 68432538 2.00278281401524 63.395
20 68503689 0.20206806209758 63.5375
20 68575447 0.710984713828643 63.552
20 68640146 1.24981727817575 63.598
20 68708556 1.1108347840504 63.6835
20 68768871 3.00048455030007 63.7505
20 68795700 2.4123762684428 63.831
20 68827826 2.69225459063934 63.9085
20 68878527 0.267761513745101 64.045
20 68934547 0.261129520242007 64.06
20 68990075 0.544899738448017 64.0745
20 69026779 0.65494768504296 64.0945
20 69150453 1.68391654345313 64.1755
20 69174801 1.20267919920064 64.2165
20 69201824 0.668960244648343 64.249
20 69233216 0.933845659699568 64.27
20 69317277 2.59305455261597 64.3485
20 69362976 1.9808198661739 64.467
20 69445770 0.167557018667783 64.631
20 69496499 1.40002301407709 64.6395
20 69548641 0.0513962652047304 64.7125
20 69607011 2.08454527826218 64.7155
20 69627639 0.485368826378196 64.7585
20 69720352 2.66952384411418 64.8035
20 69747885 2.49150622876588 64.877
20 69769960 1.59189332603008 64.932
20 69828381 0.961064955282641 65.025
20 69954283 0.773404132517688 65.146
20 69997598 5.03071383181523 65.1795
20 70007040 0 65.227
20 70050313 0.0600610907094502 65.227
20 70108587 0.373523109284966 65.2305
20 70210321 0 65.2685
20 70241778 0.988706771542547 65.2685
20 70264535 1.50080455501932 65.291
20 70296851 0.248798178291294 65.3395
20 70415421 0.496341255885141 65.369
20 70521195 1.34149134574522 65.4215
20 70551758 0.262599787919384 65.4625
20 70751682 0.274280958280886 65.515
20 70857413 0.0767973318413258 65.544
20 70948562 0.278024911031776 65.551
20 70975538 1.12329259525547 65.5585
20 70997794 2.72371922821025 65.5835
20 71021842 1.16959064327505 65.649
20 71053477 3.30902160714708 65.686
20 71177834 0 66.0975
20 71377848 0.745219946344293 66.0975
20 71448297 0.175655936245928 66.15
20 71502380 0 66.1595
20 71536477 0 66.1595
20 71634372 0 66.1595
20 71677629 0.195101701951123 66.1595
20 71798079 0 66.183
20 71850045 0 66.183
