Chromosome Position(bp) Rate(cM/Mb) Map(cM)
2 0 0 0
2 179454 0.485953096950501 0
2 266911 14.6404672571849 0.0425
2 292764 0.581295211849811 0.421
2 315988 0.760972399325409 0.4345
2 340299 0.349700193337432 0.453
2 564777 0.339603527271891 0.5315
2 651643 1.57594063956924 0.561
2 682101 2.37383506242307 0.609
2 704849 0.182284546176581 0.663
2 858455 0.335863505071539 0.691
2 977551 1.40599037109625 0.731
2 1001022 0.55963188658127 0.764
2 1041227 1.58154443085488 0.7865
2 1064938 1.05706249882024 0.824
2 1117915 0.460005111167902 0.88
2 1137480 0.642303660617023 0.889
2 1234786 1.36782491841044 0.9515
2 1255622 0.370728562217926 0.98
2 1286642 4.68694729395118 0.9915
2 1292296 0.703784798248358 1.018
2 1317872 0.676858786657054 1.036
2 1385833 1.22461878802243 1.082
2 1411147 0.376678364357645 1.113
2 1516011 0.823025913558757 1.1525
2 1537274 1.86486486486487 1.17
2 1592774 0.355773865540431 1.2735
2 1679908 0.0982686844503218 1.3045
2 1735877 0.228191420002608 1.31
2 1797229 0.222434064188116 1.324
2 1860169 0 1.338
2 1866952 0.11542592165089 1.338
2 1966583 5.41907514450871 1.3495
2 1970735 0.0305011956468687 1.372
2 2052699 0.14054390491201 1.3745
2 2152312 0.169760072430963 1.3885
2 2267180 0.042101717750087 1.408
2 2326560 0.642376919334921 1.4105
2 2486902 0.443430888128721 1.5135
2 2542153 0.182125235934963 1.538
2 2602551 0.109985528219972 1.549
2 2775301 0.106101819163917 1.568
2 2930812 0.914775675159064 1.5845
2 2967433 0.101677681748854 1.618
2 3016608 0.294840294840295 1.623
2 3118358 0.6925089342202 1.653
2 3176841 0.169093868233603 1.6935
2 3224152 0.398155214174326 1.7015
2 3314569 0.389092034909505 1.7375
2 3434078 0.119184345677944 1.784
2 3480225 0.970531145226746 1.7895
2 3508560 0.569107794189927 1.817
2 3547217 0.0553148335945444 1.839
2 3601452 0.71576268490536 1.842
2 3658035 0.0622947106127516 1.8825
2 3746325 0.730100699815042 1.888
2 3838778 1.8653630566225 1.9555
2 3893191 3.86239857730355 2.057
2 3911185 0.31392372458425 2.1265
2 3973302 2.5191156422263 2.146
2 4023915 1.24385010912588 2.2735
2 4132047 0.696563923487953 2.408
2 4241154 0.357273842495985 2.484
2 4557438 1.46879447042082 2.597
2 4655818 0.207224152772027 2.7415
2 4718552 0.946932795049449 2.7545
2 4846861 1.80549605238999 2.876
2 4895878 1.04691161074829 2.9645
2 4915937 4.27972267397072 2.9855
2 4950986 1.03205915397277 3.1355
2 4989259 0.599169523172535 3.175
2 5025142 0.253234495142505 3.1965
2 5046861 0.512607370462731 3.202
2 5082951 1.90839694656489 3.2205
2 5105483 1.15768531540493 3.2635
2 5163789 0.18529003036698 3.331
2 5260934 0.26417541247388 3.349
2 5344212 5.47457981728154 3.371
2 5372890 0.910339294255607 3.528
2 5437701 9.76002414851336 3.587
2 5457578 1.8922498851134 3.781
2 5531564 3.31044462342839 3.921
2 5604817 0.722263882859059 4.1635
2 5731502 2.4298446967347 4.255
2 5779859 0.650078457744918 4.3725
2 5824469 1.58206987475278 4.4015
2 5869979 3.68149015018531 4.4735
2 5910995 1.90608392984783 4.6245
2 6007528 0.164954171428023 4.8085
2 6216677 2.1095717884131 4.843
2 6248437 1.86120075406589 4.91
2 6311031 0.07050097996362 5.0265
2 6452873 0.319890575361806 5.0365
2 6543529 0.0955589001170597 5.0655
2 6627247 0.0700315778751097 5.0735
2 6705783 2.18310585484926 5.079
2 6734870 1.29734809790382 5.1425
2 6783816 0.675400142726056 5.206
2 6823052 7.31193034961229 5.2325
2 6852456 0.801037534330188 5.4475
2 6891780 2.97031292648074 5.479
2 6954063 0.349277114107657 5.664
2 7081469 0.457499842241432 5.7085
2 7144857 3.52414036147613 5.7375
2 7184583 4.95781310409133 5.8775
2 7228554 1.9734284831511 6.0955
2 7328887 0.901082915791174 6.2935
2 7576367 2.56446957227033 6.5165
2 7618286 0.599306334795478 6.624
2 7657498 1.77745813212781 6.6475
2 7706163 0.66085764636773 6.734
2 7808303 1.28188127127259 6.8015
2 7830926 0.595097410271128 6.8305
2 8067862 0.562417530121781 6.9715
2 8114091 1.25969681873177 6.9975
2 8184346 0.865123177061873 7.086
2 8208620 0.871376854646415 7.107
2 8334857 2.20066256507335 7.217
2 8355987 0.281800052024642 7.2635
2 8402119 1.68092259245072 7.2765
2 8425618 1.65020108410561 7.316
2 8471370 3.69368583311522 7.3915
2 8505753 0.965416914633333 7.5185
2 8581368 0.618322121092204 7.5915
2 8682448 0.704511005315864 7.654
2 8729289 1.06745930954947 7.687
2 8874962 1.84542938050845 7.8425
2 8969249 1.64093070223418 8.0165
2 8993016 4.48146852205742 8.0555
2 9030169 1.14529732736688 8.222
2 9152408 1.34505949301603 8.362
2 9191068 0.648581023243561 8.414
2 9342938 0.175471749048402 8.5125
2 9417024 2.4105732731152 8.5255
2 9489206 0.84115173083144 8.6995
2 9551026 2.93156625034355 8.7515
2 9583773 0.742566598941834 8.8475
2 9680734 0.906252047256152 8.9195
2 9726527 0.27041644131963 8.961
2 9774601 3.83524429707163 8.974
2 9799632 0.673932076862816 9.07
2 10060044 1.1102621651306 9.2455
2 10101926 2.17854872772755 9.292
2 10199468 1.4110391442908 9.5045
2 10344751 0.649972632731238 9.7095
2 10388599 1.51368469414544 9.738
2 10510487 1.12891592712225 9.9225
2 10542376 4.89892551447821 9.9585
2 10569831 4.48638041050072 10.093
2 10650854 0.0890694028787054 10.4565
2 10706990 0.903577175392999 10.4615
2 10747385 0.0427701361801355 10.498
2 10805837 0.203522035598998 10.5005
2 11122756 0.168869875391814 10.565
2 11291525 0.0954172459856557 10.5935
2 11511611 0.554239387945858 10.6145
2 11557620 0.111416474782742 10.64
2 11584546 0.981236013083123 10.643
2 11613591 1.24915421849788 10.6715
2 11671230 0.562429696287985 10.7435
2 11735238 1.01772573321577 10.7795
2 11856587 2.21748044014895 10.903
2 11904389 4.84484362989035 11.009
2 11953823 0.721158499990324 11.2485
2 12057129 0.470239222369504 11.323
2 12215559 0.282849346673461 11.3975
2 12305713 0.747601188747678 11.423
2 12467564 4.66432518288179 11.544
2 12512265 0.504364841599112 11.7525
2 12644114 0.422052561292101 11.819
2 12802862 3.34334811123733 11.886
2 12857448 0.288347908295911 12.0685
2 12963223 1.85674780441851 12.099
2 13127758 0.619167661757523 12.4045
2 13172980 2.75765558116563 12.4325
2 13197276 0.847672311319833 12.4995
2 13248593 0.936201306115001 12.543
2 13314284 0.366198944275242 12.6045
2 13426245 0.421752505706065 12.6455
2 13547169 0.240824583373423 12.6965
2 13567931 1.18510862010588 12.7015
2 13624044 0.32073604340017 12.768
2 13678606 0.454812694820666 12.7855
2 13768753 0.658278971698967 12.8265
2 13869774 1.52553393687791 12.893
2 13909760 1.20780885397836 12.954
2 13970614 0.079529673744807 13.0275
2 14134075 3.36460370603639 13.0405
2 14194409 0.566669528634004 13.2435
2 14252644 0.8718230578246 13.2765
2 14305407 2.68226746641883 13.3225
2 14329081 1.42010101749508 13.386
2 14397386 1.97213290460876 13.483
2 14420711 1.38531349535319 13.529
2 14466549 0.72316602083924 13.5925
2 14632486 1.33260704628135 13.7125
2 14683889 1.68329177057356 13.781
2 14707949 18.253968253968 13.8215
2 14710469 0.987654320987692 13.8675
2 14728694 0.486894425058833 13.8855
2 14827278 2.40740740740741 13.9335
2 14862378 0.216791827815246 14.018
2 14920037 3.36186428842202 14.0305
2 14970158 1.81266846361187 14.199
2 15044358 1.89208646373653 14.3335
2 15098531 2.93597453130526 14.436
2 15140936 2.99439675114379 14.5605
2 15179842 0.876581956499621 14.677
2 15307611 4.09871806052147 14.789
2 15330545 1.25896799116998 14.883
2 15417521 0.24234982389247 14.9925
2 15479415 2.44279375841267 15.0075
2 15579710 3.10756582166978 15.2525
2 15620578 1.78045234374392 15.3795
2 15749197 0.542097238692191 15.6085
2 15837742 1.19067003175121 15.6565
2 15886874 1.38068150439057 15.715
2 15995516 3.14556251003049 15.865
2 16057826 1.12874311134715 16.061
2 16103009 4.32421560740145 16.112
2 16147757 2.9819286951407 16.3055
2 16208959 0.632743627673142 16.488
2 16325910 1.89855615975989 16.562
2 16347242 0.39500213252686 16.6025
2 16553570 2.649023906462 16.684
2 16591886 2.01591398766986 16.7855
2 16638763 0.372504221714527 16.88
2 16679031 2.0135530720836 16.895
2 16740862 2.00004762018142 17.0195
2 16782861 0.227028701769758 17.1035
2 16970062 3.44703554942748 17.146
2 17020105 0.287855130363493 17.3185
2 17134746 0.553882860875974 17.3515
2 17345982 5.53656072732931 17.4685
2 17371720 3.08235783057417 17.611
2 17400594 0.17488020705813 17.7
2 17429185 5.14482479238414 17.705
2 17453870 1.06457650912495 17.832
2 17496610 0.40484008816511 17.8775
2 17541072 0.568785075079651 17.8955
2 17620188 1.95027399554903 17.9405
2 17661977 0.0623814751971574 18.022
2 17742129 0.679705583383324 18.027
2 17823782 0.631328761357752 18.0825
2 17864173 1.82810292773451 18.108
2 17936379 1.9235930929588 18.24
2 17981087 4.57790398343992 18.326
2 18018768 0.850009969252721 18.4985
2 18114061 3.51525050598303 18.5795
2 18170387 0.440077338181398 18.7775
2 18239693 1.90851166145712 18.808
2 18272965 1.49406306518834 18.8715
2 18298399 2.58625433335161 18.9095
2 18334745 1.00006593841353 19.0035
2 18380242 0.920587968971657 19.049
2 18413373 1.97839169786288 19.0795
2 18455579 0.431256817662913 19.163
2 18573838 0.362973478737834 19.214
2 18635826 3.21938867788035 19.2365
2 18663471 1.18423607066589 19.3255
2 18689226 1.19512523565846 19.356
2 18748634 0.645137950993629 19.427
2 18914490 1.32514786254398 19.534
2 18981275 1.20152403838554 19.6225
2 19107781 0.6007517515161 19.7745
2 19230960 3.66736368023153 19.8485
2 19262045 1.02451692835536 19.9625
2 19304016 0.258863252673041 20.0055
2 19392866 1.30037212776845 20.0285
2 19465153 2.14665394575448 20.1225
2 19494501 0.227547105411183 20.1855
2 19652710 0.763266478243147 20.2215
2 19785036 6.12729508544278 20.3225
2 19808619 2.00782448339455 20.467
2 19866642 0.201226993865015 20.5835
2 19968517 2.14783690523696 20.604
2 20011118 3.6514181388053 20.6955
2 20050007 1.48137528970447 20.8375
2 20133713 1.84402791718215 20.9615
2 20176554 1.02568485832724 21.0405
2 20223352 0.159341063417742 21.0885
2 20386524 0.959392068392297 21.1145
2 20491799 1.54070120101908 21.2155
2 20533014 0.409992372234928 21.279
2 20637894 0.38851476356103 21.322
2 20664920 1.2122511586482 21.3325
2 20725551 0.316097446226699 21.406
2 20861585 0.429420904603 21.449
2 21014116 0.388323767308791 21.5145
2 21119698 1.19287634408611 21.5555
2 21149458 1.2454829316212 21.591
2 21177961 0.623752495009967 21.6265
2 21210025 2.89180420369581 21.6465
2 21231292 1.06974753958075 21.708
2 21254662 1.61462300076164 21.733
2 21287487 0.70294551315017 21.786
2 21316650 1.14031480166 21.8065
2 21370144 0.918189330639958 21.8675
2 21391926 1.78121736994042 21.8875
2 21424488 0.305073217572217 21.9455
2 21524464 0.524414980458129 21.976
2 21625529 1.72180741503603 22.029
2 21656601 1.29214143075302 22.0825
2 21682140 0.969318948078228 22.1155
2 21765188 0.274620812032577 22.196
2 21812526 0.045428940051994 22.209
2 21867557 0.627098493657137 22.2115
2 21944100 1.24182548346071 22.2595
2 22043953 0.660400202522676 22.3835
2 22089380 2.46381872502236 22.4135
2 22115153 1.09851681224866 22.477
2 22246694 7.80312124849827 22.6215
2 22248360 3.03402719102852 22.6345
2 22287417 1.53733730421354 22.753
2 22359945 1.22966326144534 22.8645
2 22470951 1.20400098789822 23.001
2 22519539 0.266971777269261 23.0595
2 22650639 2.25763936346772 23.0945
2 22732583 0.919563533151369 23.2795
2 22870692 0.370342937560195 23.4065
2 22911195 0.259911283615161 23.4215
2 22997763 0.855135043603413 23.444
2 23056818 1.01293716235429 23.4945
2 23169362 1.39316037115897 23.6085
2 23207405 1.00704934541778 23.6615
2 23220314 1.13662195953626 23.6745
2 23251107 5.42834206200554 23.7095
2 23277266 3.40326340326326 23.8515
2 23298716 2.95042376742915 23.9245
2 23342608 2.11549456832484 24.054
2 23368843 0.802840472205866 24.1095
2 23413061 0.478250020793473 24.145
2 23461153 4.04562292844619 24.168
2 23481669 0.714077793545085 24.251
2 23591601 2.06547019821571 24.3295
2 23649215 3.24433930381886 24.4485
2 23678805 0.660977013068844 24.5445
2 23824801 1.07927786499217 24.641
2 23936913 0.116653445942798 24.762
2 24001206 0.979777091030199 24.7695
2 24130317 0.527618426354058 24.896
2 24182438 5.62741474886613 24.9235
2 24212203 0.767327074893868 25.091
2 24284532 0.458771715194537 25.1465
2 24300880 0.375206363499939 25.154
2 24320869 0.849505850821962 25.1615
2 24362658 0.215316155888905 25.197
2 24432323 3.13244807626826 25.212
2 24447008 1.44129139709185 25.258
2 24478230 2.40147783251226 25.303
2 24502590 4.17631491895464 25.3615
2 24526774 3.49044019564259 25.4625
2 24549264 0.409060207954787 25.541
2 24654383 0.649064049640474 25.584
2 24692900 2.68539297511276 25.609
2 24732559 2.66151378153713 25.7155
2 24759987 0.665500825803947 25.7885
2 24862917 1.68226022030696 25.857
2 24906311 0.21528834285387 25.93
2 24975985 0.602562004374124 25.945
2 25043198 0.11935651271408 25.9855
2 25235898 2.34951890803308 26.0085
2 25293995 0.333629893238447 26.145
2 25316475 1.71858802989794 26.1525
2 25353133 0.349510685040971 26.2155
2 25433245 0.0272845340347223 26.2435
2 25616499 2.79389641091767 26.2485
2 25644417 3.60532478737842 26.3265
2 25660643 0.333288894813722 26.385
2 25668144 8.19672131147572 26.3875
2 25674915 0 26.443
2 25702276 0 26.443
2 25705434 0.574712643678183 26.443
2 25718484 1.36173326287546 26.4505
2 25816888 0.118251694182942 26.5845
2 25926823 0.206372791811127 26.5975
2 26060077 0.949120896219075 26.625
2 26092212 2.13301354512748 26.6555
2 26143079 0.48227762231833 26.764
2 26237423 0.393497788271051 26.8095
2 26384819 0.624294189690014 26.8675
2 26510561 0.14685594766587 26.946
2 26735271 0.642240337780259 26.979
2 26813902 0.109649122807074 27.0295
2 26836702 1.10902165003133 27.032
2 26857441 1.88497633753106 27.055
2 26894842 3.7729626971349 27.1255
2 26946393 27.7879341864719 27.32
2 26949128 1.57832662689048 27.396
2 27006784 0.944534400101623 27.487
2 27132772 1.23214962719574 27.606
2 27196076 0.887808686672784 27.684
2 27275485 1.3972145851174 27.7545
2 27364233 2.87052224985447 27.8785
2 27402031 36.4536453645368 27.987
2 27405364 0.337603210124274 28.1085
2 27457200 1.83361966433192 28.126
2 27487468 0.182269515857455 28.1815
2 27545075 0 28.192
2 27609904 0.512655261307712 28.192
2 27678176 2.08830548926005 28.227
2 27691584 0 28.255
2 27696291 0.183365116620308 28.255
2 27709925 3.12693285684836 28.2575
2 27724476 0.117389262795434 28.303
2 27788366 0.446981158025015 28.3105
2 27861076 0.868030850670233 28.343
2 27896213 0.939791705182719 28.3735
2 27928667 0.358022569742776 28.404
2 27963581 1.37103162512954 28.4165
2 27979992 0.669554942890927 28.439
2 28018077 0.550198071305667 28.4645
2 28068059 0.0635420902805441 28.492
2 28107403 1.14575580712136 28.4945
2 28158461 1.11594688092844 28.553
2 28194305 0.086436400096853 28.593
2 28223228 0.744347610333999 28.5955
2 28287714 0.992591875272366 28.6435
2 28329020 2.90348898593853 28.6845
2 28349857 3.23129251700682 28.745
2 28373377 5.32938911583784 28.821
2 28394674 0.451373216207829 28.9345
2 28423475 0.655136268343778 28.9475
2 28442555 0.63878134173339 28.96
2 28545094 0.754531576269092 29.0255
2 28602083 1.35496821679497 29.0685
2 28631973 0.500939261114579 29.109
2 28711823 1.36629384850023 29.149
2 28743295 0.944431248798263 29.192
2 28831708 1.93317985951243 29.2755
2 28865590 0.943195706466841 29.341
2 28903228 1.45518044237484 29.3765
2 28935870 0.701465452826439 29.424
2 29001447 1.0662229929231 29.47
2 29044121 0.58893961665386 29.5155
2 29146848 0.41145490454246 29.576
2 29213684 1.00135898719686 29.6035
2 29241646 1.9291327413544 29.6315
2 29276895 1.60463050517209 29.6995
2 29311794 1.71403719716545 29.7555
2 29389972 3.10814705034779 29.8895
2 29414263 0.638235540303004 29.965
2 29462051 0.573980922961321 29.9955
2 29509962 1.91297482768041 30.023
2 29542895 0.538107817239038 30.086
2 29604221 1.19118071045966 30.119
2 29670122 0.265731292516992 30.1975
2 29717162 1.87023872471256 30.21
2 29768225 0.169485780143133 30.3055
2 29797726 0.718276137270436 30.3105
2 29822786 2.91742994775772 30.3285
2 29852264 2.05071139019158 30.4145
2 29915169 1.7079115444146 30.5435
2 29971378 1.11167106394326 30.6395
2 30005111 2.41545893719807 30.677
2 30060587 2.34518046602621 30.811
2 30100456 3.34111647055211 30.9045
2 30165554 0.0701229489037472 31.122
2 30272509 0.896807365777865 31.1295
2 30305961 2.41266960861132 31.1595
2 30330208 0.490172050389694 31.218
2 30432213 1.10969365464931 31.268
2 30489436 0.303067038428912 31.3315
2 30538930 0.953563667006759 31.3465
2 30584024 0.83717036416909 31.3895
2 30607914 1.94482134780639 31.4095
2 30630024 0.224185087207954 31.4525
2 30652327 1.42513046969085 31.4575
2 30677237 0.763184315133923 31.493
2 30799750 2.1778816897799 31.5865
2 30830973 0.711822264998399 31.6545
2 30980589 1.60302651405857 31.761
2 31011780 0.832109642682361 31.811
2 31042425 1.06426771353124 31.8365
2 31142024 0.531436513776476 31.9425
2 31227641 0.561386380278331 31.988
2 31268611 0 32.011
2 31311914 0.188736222255738 32.011
2 31364898 0.736745940529826 32.021
2 31398831 2.46133276611271 32.046
2 31431740 0.500672331416425 32.127
2 31501646 0.787834643913671 32.162
2 31568919 3.1167979002622 32.215
2 31593303 39.4736842105278 32.291
2 31596685 1.08069164265134 32.4245
2 31629997 2.28166924664592 32.4605
2 31692013 0.471309942395469 32.602
2 31825683 5.27771220449874 32.665
2 31855336 0.3413668327987 32.8215
2 31869983 4.06068351403695 32.8265
2 31894240 1.59632844457753 32.925
2 31954378 2.0479981539171 33.021
2 32006380 2.56332605074746 33.1275
2 32052609 3.11542477618575 33.246
2 32111028 0.742090731505079 33.428
2 32202661 0.659231098935915 33.496
2 32417305 0.491124675506878 33.6375
2 32602594 3.58446878617868 33.7285
2 32625052 2.76095475596728 33.809
2 32669964 1.21804861446966 33.933
2 32725791 0.230414746543831 34.001
2 32780041 1.39512247877573 34.0135
2 32872506 0.732214123157124 34.1425
2 33024101 0.309653025635984 34.2535
2 33146819 0.830701860552094 34.2915
2 33237706 0.0832189073357745 34.367
2 33333838 1.17968216827528 34.375
2 33385123 0.956847365125903 34.4355
2 33469776 0.460444072727906 34.5165
2 33694559 0.581599305773549 34.62
2 33802881 0.34634353584426 34.683
2 33911155 3.49239280774547 34.7205
2 33940075 0.720872017491057 34.8215
2 34066311 1.96790796245824 34.9125
2 34089432 2.67819052283966 34.958
2 34152721 1.08124973103245 35.1275
2 34245669 1.54080476055546 35.228
2 34273901 1.75754337617052 35.2715
2 34309462 0.0158066780053093 35.334
2 34467623 3.90387582402173 35.3365
2 34489012 3.63479841216703 35.42
2 34509921 0.16697464211769 35.496
2 34554838 1.38051631310083 35.5035
2 34576569 2.6460411154082 35.5335
2 34606047 0.535717141349426 35.6115
2 34668580 0.222278456771962 35.645
2 34814793 0.658956871272761 35.6775
2 34875495 0.471173453624118 35.7175
2 34940227 0.706088903590266 35.748
2 35018829 0.34509708392963 35.8035
2 35215875 1.1059049503798 35.8715
2 35284597 0.167722812132174 35.9475
2 35448558 0.524467551420535 35.975
2 35492412 0.539025442000883 35.998
2 35506326 0.256166457425606 36.0055
2 35722982 1.20918984280537 36.061
2 35747792 0.608352319492347 36.091
2 35831625 1.05715695256881 36.142
2 35888381 1.50994480891388 36.202
2 35926793 0.10753844499414 36.26
2 35973288 0.755409269950863 36.265
2 36047420 0.349534245617769 36.321
2 36104639 3.23201760418079 36.341
2 36126452 2.11828859060431 36.4115
2 36150292 1.04983474823402 36.462
2 36227447 0.31930519190247 36.543
2 36290083 1.81464014763166 36.563
2 36338853 0.868991969315591 36.6515
2 36405597 0.202085522593207 36.7095
2 36467452 0.392573035840629 36.722
2 36699256 0.0511153366455607 36.813
2 36748165 0.258754528204253 36.8155
2 36835120 0.248904818797301 36.838
2 36865252 0.748222970445204 36.8455
2 37006921 0.177014424146773 36.9515
2 37105783 0.270080041903338 36.969
2 37227969 0.837359982429167 37.002
2 37300817 0.538143619769213 37.063
2 37393729 0.262243875148615 37.113
2 37479527 1.05009028813692 37.1355
2 37530475 2.5838190913225 37.189
2 37554664 0.801796023091908 37.2515
2 37570254 1.1809455803798 37.264
2 37643077 0.678228089683824 37.35
2 37769878 4.48441542441794 37.436
2 37810463 0.183799625898982 37.618
2 38210355 4.75766215253047 37.6915
2 38238415 0.382108963581491 37.825
2 38310384 1.91359655917115 37.8525
2 38420125 0.74539355870884 38.0625
2 38640143 0.6269894858686 38.2265
2 38691978 0.613472252951635 38.259
2 38741695 0.448138905486643 38.2895
2 38798597 0.941115098024046 38.315
2 38940450 5.01961391555688 38.4485
2 38979198 0.617338389628655 38.643
2 39035893 1.17606410546044 38.678
2 39111144 0.542470164140827 38.7665
2 39139717 1.47441336430531 38.782
2 39211610 0.90344581870003 38.888
2 39250904 0.339356278845297 38.9235
2 39317206 1.69938764681425 38.946
2 39386937 1.83175502868596 39.0645
2 39473739 0.224367963460064 39.2235
2 39598534 2.09953930971985 39.2515
2 39664739 0.744834572241463 39.3905
2 39731868 2.58828184246095 39.4405
2 39792526 0.349882144961745 39.5975
2 39928286 0.160252301222991 39.645
2 40006288 0.408582876423528 39.6575
2 40044224 0.784200310343092 39.673
2 40224025 0.336643662683063 39.814
2 40277494 2.00904476834982 39.832
2 40338966 0.575187543544111 39.9555
2 40400685 0.456999890488503 39.991
2 40638103 0.223615414013802 40.0995
2 40761082 0.61355636645456 40.127
2 40823016 0.192100814507497 40.165
2 40888086 0.37577546391184 40.1775
2 40961268 0.168097361992072 40.205
2 41050502 9.68029550375755 40.22
2 41058353 0.254498256686951 40.296
2 41176232 2.92152292152296 40.326
2 41208407 4.20521446593767 40.42
2 41217919 0.0824479988692765 40.46
2 41430174 0.0580534672433196 40.4775
2 41602429 0.263829038782879 40.4875
2 41670655 2.60674738248113 40.5055
2 41693864 0.902100398467865 40.566
2 41797511 0.512481624836433 40.6595
2 41871660 0.844895055140509 40.6975
2 41927880 2.43457090687776 40.745
2 41967312 0.125081898862355 40.841
2 42051257 0.350260466419527 40.8515
2 42129770 0.131745362563268 40.879
2 42224650 0.735970561177406 40.8915
2 42251825 2.54939451880188 40.9115
2 42270653 0.547501725820735 40.9595
2 42312662 0.681198910081701 40.9825
2 42416156 0.121608850344712 41.053
2 42560060 0.179363260425496 41.0705
2 42660415 0.486544930321894 41.0885
2 42743655 0 41.129
2 42785731 0.7745876243029 41.129
2 42853509 0.460693620314851 41.1815
2 42880642 1.15953377706831 41.194
2 42913845 0.219871067605943 41.2325
2 43027548 0.103071531643013 41.2575
2 43076058 0.390005460076456 41.2625
2 43114519 0.178234056963569 41.2775
2 43282837 1.21612230715779 41.3075
2 43343275 2.13052605194717 41.381
2 43375192 1.1674680969114 41.449
2 43418448 0.238813302583351 41.4995
2 43491727 0.3049849794897 41.517
2 43557304 0 41.537
2 43595500 0.796517758980434 41.537
2 43640069 0.265242608572651 41.5725
2 43696621 0.105862674938049 41.5875
2 43791083 0.681617517217065 41.5975
2 43932658 0.117958707711792 41.694
2 44081015 2.18698742482232 41.7115
2 44115766 1.93188717778882 41.7875
2 44152000 2.35983492555683 41.8575
2 44195859 0.187034115022603 41.961
2 44342891 1.97354384467671 41.9885
2 44399135 0.127704450706106 42.0995
2 44520509 0.0609287057980942 42.115
2 44651810 0.640341515474944 42.123
2 44750195 0 42.186
2 44803318 0.370077963090905 42.186
2 44843850 2.69844238424748 42.201
2 44881279 0.745841931233402 42.302
2 44921502 1.17696160267116 42.332
2 44981402 0.73235118794174 42.4025
2 45040117 1.84822303375787 42.4455
2 45085025 0.196734212079372 42.5285
2 45125689 0.162909962921729 42.5365
2 45279148 2.92207792207783 42.5615
2 45314568 0.173723709811922 42.665
2 45357740 0.216123896977411 42.6725
2 45452593 0.49268551504584 42.693
2 45518558 1.37015715907116 42.7255
2 45616357 0.675006750067526 42.8595
2 45660801 0.325203252032533 42.8895
2 45706926 1.7348622688615 42.9045
2 45730559 1.52361014189347 42.9455
2 45816539 0.1905550050633 43.0765
2 45908376 0.792615086037407 43.094
2 46147458 2.43038391827328 43.2835
2 46220286 0.0838297919903063 43.4605
2 46399220 3.07121271843404 43.4755
2 46429664 2.74909244704458 43.569
2 46458037 1.25401379415178 43.647
2 46510668 0.524079050178117 43.713
2 46563141 0.633902602729556 43.7405
2 46670413 0.181190931756186 43.8085
2 46739401 1.61208665298848 43.821
2 46776930 3.37837837837531 43.8815
2 46777670 0.111969544283939 43.884
2 46893773 0.395668000633111 43.897
2 46982231 0.321564087722619 43.932
2 47013329 0.31356153645154 43.942
2 47070734 0.339789330614951 43.96
2 47100164 1.48243454911626 43.97
2 47135916 0.443489573067248 44.023
2 47186650 1.16036893781617 44.0455
2 47237065 2.20009263547936 44.104
2 47258655 0.924548779997718 44.1515
2 47283532 2.93052921910006 44.1745
2 47306736 0.516315572077184 44.2425
2 47311578 0.467539406893011 44.245
2 47349008 0.133520855957706 44.2625
2 47405179 0.033978471240591 44.27
2 47552331 0.214126648775204 44.275
2 47657409 2.3076923076924 44.2975
2 47679509 0.328238344803452 44.3485
2 47770906 0.14911256720715 44.3785
2 47888267 0.712941310671062 44.396
2 47905800 0 44.4085
2 47956463 0.0576847643001646 44.4085
2 47999802 0.0618444488422157 44.411
2 48040226 0.636391072154993 44.4135
2 48116437 2.3998741049647 44.462
2 48129146 0.286063010145712 44.4925
2 48181582 0.0901103852218789 44.5075
2 48292557 2.42791424877482 44.5175
2 48359075 1.234041256589 44.679
2 48391894 0.09986179128089 44.7195
2 48517067 0.104929041735543 44.732
2 48707672 0.20218825459543 44.752
2 48794225 0.939597315436198 44.7695
2 48824025 0.597216144940214 44.7975
2 48993143 1.48358664897219 44.8985
2 49073017 1.55574884556363 45.017
2 49214428 0.743000567095843 45.237
2 49404872 0.456478076010076 45.3785
2 49519883 0.193479469375776 45.431
2 49703365 0.612115208492916 45.4665
2 49810371 1.4964329215245 45.532
2 49839106 0.452240443640408 45.575
2 49906548 0.280628608082134 45.6055
2 50031268 4.49148905735936 45.6405
2 50066223 0.70158785840304 45.7975
2 50163146 0.768661390423078 45.8655
2 50268524 1.43434313092326 45.9465
2 50335105 0.218131667088799 46.042
2 50406163 0.757634842289449 46.0575
2 50495916 0.956175829740706 46.1255
2 50645993 3.17576909782245 46.269
2 50669137 0.130106687483724 46.3425
2 50803642 5.92803161616884 46.36
2 50818065 0.830343413633992 46.4455
2 50915615 4.55580865603652 46.5265
2 50938882 1.46084747300609 46.6325
2 50993987 1.17134781390847 46.713
2 51033258 1.91748580922055 46.759
2 51105488 0.292221512898198 46.8975
2 51216705 0.890365821169642 46.93
2 51288024 1.08028201046167 46.9935
2 51331994 0.88832487309659 47.041
2 51375334 0.169562799278283 47.0795
2 51449053 1.13350291942901 47.092
2 51524924 0.716011042098016 47.178
2 51756764 2.97191149139109 47.344
2 51813798 1.15664880286853 47.5135
2 51839735 0.770793917735297 47.5435
2 51882548 0.557468843685581 47.5765
2 51922909 0.162022034996766 47.599
2 51969199 1.91209399451532 47.6065
2 52008946 0.783979930113819 47.6825
2 52075912 1.10733365711511 47.735
2 52281812 0.0741103057791596 47.963
2 52349279 0.105507491031767 47.968
2 52396669 0.723100655611288 47.973
2 52448529 0.514696566577962 48.0105
2 52511673 1.28110372012828 48.043
2 52531968 1.12385741163143 48.069
2 52592029 3.1362007168458 48.1365
2 52604305 0.051251825846322 48.175
2 52799420 2.03922101757112 48.185
2 52828843 1.71993499458301 48.245
2 52865763 0.952116725727305 48.3085
2 52945060 5.12382578992313 48.384
2 52979019 2.40441700308724 48.558
2 53012707 1.3545488837831 48.639
2 53100190 1.90327315251246 48.7575
2 53183993 0.235009341621283 48.917
2 53269096 1.83311335973024 48.937
2 53289553 0.959533737680097 48.9745
2 53331761 1.64019899632852 49.015
2 53377792 3.65974691919624 49.0905
2 53401974 0.296655531335803 49.179
2 53479505 0.580012760280817 49.202
2 53513987 0.638569604086718 49.222
2 53545307 0.738853998561253 49.242
2 53596738 0.631787018966115 49.28
2 53676670 0.155009920634906 49.3305
2 53789566 1.10381077529571 49.348
2 53846641 0.381723618467226 49.411
2 53993344 1.25268750333166 49.467
2 54049623 0.637805165240577 49.5375
2 54100579 0.520477815699598 49.57
2 54159179 0.122600102984149 49.6005
2 54199962 0.139143986196889 49.6055
2 54271830 1.35059088351159 49.6155
2 54307370 0.334801998098306 49.6635
2 54382041 2.47649218082168 49.6885
2 54421815 1.02627257799675 49.787
2 54451047 4.7632390025219 49.817
2 54461754 0.530976997675696 49.868
2 54561570 0.567923671058093 49.921
2 54565972 1.36233032795023 49.9235
2 54586158 0.342810128896621 49.951
2 54608036 2.57137455095473 49.9585
2 54634481 0.783142257387441 50.0265
2 54696411 0.670580872053089 50.075
2 54763517 0.512295081967209 50.12
2 54862093 0.595072797238885 50.1705
2 54912507 6.45174338645746 50.2005
2 54937229 1.18421380668643 50.36
2 54977340 0.176991150442485 50.4075
2 55019715 0.7279571037961 50.415
2 55076037 0.736368746486792 50.456
2 55164987 0.106565879026418 50.5215
2 55235366 1.83028286189676 50.529
2 55268421 2.37816616964261 50.5895
2 55294912 3.84631731055288 50.6525
2 55318441 2.78872968554668 50.743
2 55360037 0.251988248743112 50.859
2 55441390 0.254186820050232 50.8795
2 55510237 0.266571885551814 50.897
2 55577761 0.187352459937806 50.915
2 55657824 0.604846706064402 50.93
2 55708250 1.5838849855825 50.9605
2 55757496 5.99510925297787 51.0385
2 55770173 0.118104656472927 51.1145
2 55960682 0.543499980018366 51.137
2 56085797 0.826378828378492 51.205
2 56134806 0 51.2455
2 56158911 0.222620779611693 51.2455
2 56318375 0.940078302992855 51.281
2 56363584 0.241457242751371 51.3235
2 56415353 0.326237371745722 51.336
2 56554822 0.65285624607655 51.3815
2 56674297 0.723131157913794 51.4595
2 56740675 0.921958187248383 51.5075
2 56779180 0 51.543
2 56823506 0.157363915977212 51.543
2 57033211 1.90391737520214 51.576
2 57071553 0.334369222296539 51.649
2 57147816 0.254404838053124 51.6745
2 57216604 2.16995883460439 51.692
2 57247941 0.715246187737779 51.76
2 57282894 2.01115868690813 51.785
2 57336843 0.100367344480708 51.8935
2 57386660 0.901658491006764 51.8985
2 57493685 0.884468729116744 51.995
2 57570002 3.19096710849286 52.0625
2 57602594 1.99918299642256 52.1665
2 57683377 0.304192447915473 52.328
2 57905276 0.165998828786048 52.3955
2 58122145 1.15900932833723 52.4315
2 58211014 0.194237617351901 52.5345
2 58288239 2.4989508221739 52.5495
2 58314450 0.571621977360765 52.615
2 58447405 0.438905870365996 52.691
2 58511200 0.581438395839767 52.719
2 58740803 0.915124512395812 52.8525
2 58848985 0.128470854245538 52.9515
2 58907364 0.4325675285974 52.959
2 58959379 0.0768214362536115 52.9815
2 59024465 0.534064408167645 52.9865
2 59080638 0.481055283379498 53.0165
2 59159631 1.13159507756146 53.0545
2 59202049 1.22619734564344 53.1025
2 59222845 0.658860735665009 53.128
2 59249406 0 53.1455
2 59330775 0.323512918949242 53.1455
2 59353958 0.102175312400997 53.153
2 59451829 2.48756218905474 53.163
2 59482381 0 53.239
2 59522652 1.76974908890702 53.239
2 59560793 0.722973547673717 53.3065
2 59690120 2.79639035988339 53.4
2 59727132 0.498692317921913 53.5035
2 59772250 0.698728654691653 53.526
2 59801589 1.40408354297065 53.5465
2 59835775 0.981551705217474 53.5945
2 59917788 1.01024339817693 53.675
2 60002916 0.775029112768658 53.761
2 60130008 1.86524661123135 53.8595
2 60165124 2.25761181280135 53.925
2 60214291 0.306795520785336 54.036
2 60279481 0.37902244239933 54.056
2 60373143 0.64753791694229 54.0915
2 60407890 0.0257016551866437 54.114
2 60505160 0.591738936421947 54.1165
2 60556703 0.339848972610444 54.147
2 60690586 0.473783954516758 54.1925
2 60722246 2.08275904315593 54.2075
2 60754895 2.03206141341168 54.2755
2 60763753 0.293744418855942 54.2935
2 60806307 0.918640619485596 54.306
2 60902645 0.434735354852647 54.3945
2 60948650 0.323818943997026 54.4145
2 61033574 0.880447347904402 54.442
2 61107968 0.0524625941703088 54.5075
2 61155621 1.34828629032257 54.51
2 61195301 0.519372597901754 54.5635
2 61253063 0.671965595361452 54.5935
2 61279106 0.562887733837958 54.611
2 61404353 0.634953071859196 54.6815
2 61472862 0.430514895815412 54.725
2 61490283 0.882070678559332 54.7325
2 61561139 0.1710625351994 54.795
2 61751128 0.045530482658133 54.8275
2 62036651 0.532046523137828 54.8405
2 62117471 1.26602490989557 54.8835
2 62161309 0.540197013028301 54.939
2 62208514 0.116747689563217 54.9645
2 62422651 0.16725540569475 54.9895
2 62497387 0.753461212444585 55.002
2 62561093 1.02823567814595 55.05
2 62622363 0.585780185985197 55.113
2 62690648 0.562926333914677 55.153
2 62735947 0.705188477647689 55.1785
2 62782743 0.684595872247196 55.2115
2 62852127 0.958901054791144 55.259
2 62896970 0.213894592744704 55.302
2 63002162 0.932232411247705 55.3245
2 63081005 0.871866409551489 55.398
2 63129751 1.20699564824697 55.4405
2 63251541 0.993712351053067 55.5875
2 63365256 0.626064673936771 55.7005
2 63502622 0.770502367543734 55.7865
2 63538313 1.84374279787961 55.814
2 63568686 0.941718900675024 55.87
2 63635054 0.06508403976637 55.9325
2 63757972 0.114443712004714 55.9405
2 63867196 1.34162594402484 55.953
2 63923471 0.22053148086885 56.0285
2 63968816 0.423229029348554 56.0385
2 64040881 0.726985709537982 56.069
2 64064953 0.890336242299828 56.0865
2 64127289 0.419375131054645 56.142
2 64151134 0.513688964154677 56.152
2 64328284 0 56.243
2 64420472 0.104386312866562 56.243
2 64468371 0.111393307490143 56.248
2 64513257 0.396852393586827 56.253
2 64557354 0.263014142068063 56.2705
2 64606781 0.245794483399441 56.2835
2 64791895 2.76805765916336 56.329
2 64830189 1.1569865458992 56.435
2 64860440 0.501788986822655 56.47
2 64906276 1.71506974616951 56.493
2 64936887 1.26188652034818 56.5455
2 64959076 0.810147678348146 56.5735
2 65002278 0.254293650483168 56.6085
2 65232327 0.415384250211608 56.667
2 65358716 0.777061622793837 56.7195
2 65524726 0.0944376239492955 56.8485
2 65577671 0.310462589258006 56.8535
2 65625986 0.0499410695379708 56.8685
2 65726104 2.34721186329135 56.8735
2 65748897 0.705785267546883 56.927
2 65794945 1.91357689593406 56.9595
2 65831787 1.82514704364875 57.03
2 65909315 0.244155527070609 57.1715
2 65942081 0.302898129301222 57.1795
2 65983349 0.648801128349794 57.192
2 66107424 0.103918417114674 57.2725
2 66179596 0.435678997938284 57.28
2 66308131 0 57.336
2 66380621 1.00669912508694 57.336
2 66435255 0.244069120374899 57.391
2 66465984 0.174882245954397 57.3985
2 66508870 1.87580601039516 57.406
2 66534459 9.97333333333321 57.454
2 66543834 0.18711407721575 57.5475
2 66704164 7.40757418831885 57.5775
2 66726371 0.168018280388913 57.742
2 66815647 2.04798735861613 57.757
2 66863743 0.634993205572755 57.8555
2 66942484 0.372382370980371 57.9055
2 67010962 4.4871547972115 57.931
2 67036925 0.618119355594298 58.0475
2 67113771 8.47415874267154 58.095
2 67134068 0.110309528537053 58.267
2 67224722 0.254297629946099 58.277
2 67254215 0.694802874498682 58.2845
2 67279402 0.107775654198225 58.302
2 67348991 0.607459603936325 58.3095
2 67414839 2.06188274847652 58.3495
2 67452911 0.0577116632963186 58.428
2 67669505 0.443485202377097 58.4405
2 67703328 0.863265513389112 58.4555
2 67762406 0.194507118960561 58.5065
2 67800965 0.327611060149279 58.514
2 67839120 0 58.5265
2 67877869 0.816529395058337 58.5265
2 67906037 1.0323637853338 58.5495
2 67967062 0.525840233443529 58.6125
2 68034573 1.36739487146478 58.648
2 68065654 0.8104353195431 58.6905
2 68143390 0.441295138188377 58.7535
2 68183046 0.482272820273014 58.771
2 68319898 1.20817843866167 58.837
2 68346798 0.428704200646657 58.8695
2 68499584 0.505663430420252 58.935
2 68504528 0.113422363370052 58.9375
2 69015891 1.23406880997468 58.9955
2 69062890 4.62152169682812 59.0535
2 69104002 0.0557890430319506 59.2435
2 69238437 0.26618398637144 59.251
2 69285397 0.460417269593999 59.2635
2 69323406 0.8912830558277 59.281
2 69374456 0.265508085927967 59.3265
2 69395171 0.361715980612037 59.332
2 69519578 0.665991023599135 59.377
2 69554113 0.925411808254818 59.4
2 69575725 1.24044521925696 59.42
2 69620467 0.0666951232526219 59.4755
2 69770403 0.178720362206608 59.4855
2 69812368 0.195038227492596 59.493
2 69850822 0 59.5005
2 69891178 0.388500388500403 59.5005
2 69929788 1.20089209126774 59.5155
2 69953104 0.764834425953891 59.5435
2 70012594 0.0831047951467225 59.589
2 70072759 0.290495003485841 59.594
2 70115789 0.475571690757915 59.6065
2 70190436 0.276793622674879 59.642
2 70262692 2.04334032370833 59.662
2 70281289 0.600897340027703 59.7
2 70356177 0.690467970619395 59.745
2 70440178 0.174071618037142 59.803
2 70500498 1.83023035657936 59.8135
2 70532188 0.174758638902056 59.8715
2 70660937 1.0946651447391 59.894
2 70714378 0.0928970886052906 59.9525
2 70768201 1.33872621624693 59.9575
2 70820863 1.13741046417636 60.028
2 70874054 0.437154647828191 60.0885
2 70931242 0.239142353860672 60.1135
2 71016965 0.98874204601076 60.134
2 71119115 0.226780877836359 60.235
2 71196282 0.385570412868886 60.2525
2 71261121 1.64326868457334 60.2775
2 71285767 1.22148436155934 60.318
2 71314830 1.85715605654631 60.3535
2 71368945 0.598977355734066 60.454
2 71437395 1.06760309869602 60.495
2 71494064 1.90114068441072 60.5555
2 71513789 0.24471417384494 60.593
2 71646597 0 60.6255
2 71798187 0.716141091933065 60.6255
2 71921766 0 60.714
2 72031199 0.94126776553092 60.714
2 72100786 0.0590470873681944 60.7795
2 72193932 1.54157857646246 60.785
2 72216636 0.639784493644191 60.82
2 72276031 0.355218154692469 60.858
2 72374562 1.7893870835048 60.893
2 72398872 0.277462146235737 60.9365
2 72588087 4.19267503948257 60.989
2 72614681 0.135805598812159 61.1005
2 72669907 0.202470135655094 61.108
2 72719297 0.338478202003772 61.118
2 72793157 0.292534519073262 61.143
2 72818795 1.15561425342232 61.1505
2 72858168 1.33490051213163 61.196
2 72977278 0.23116958600832 61.355
2 73128682 0.781408565049708 61.39
2 73177952 0.0429184549355833 61.4285
2 73236202 0.468310958476446 61.431
2 73268232 0.0427092468366701 61.446
2 73443838 0.362800822348544 61.4535
2 73485183 0.0378954389049748 61.4685
2 73683096 0.632822387849834 61.476
2 73711540 0.484471416186439 61.494
2 73809585 0.378395274994706 61.5415
2 73870368 0.338366217516803 61.5645
2 74003360 0.910096112953979 61.6095
2 74062145 0.297327030000344 61.663
2 74129411 1.26621799764103 61.683
2 74187063 0.82298368995963 61.756
2 74227161 0.21007757498743 61.789
2 74324744 0.0731771570186678 61.8095
2 74632217 0.868757875190664 61.832
2 74707612 0.508356103450449 61.8975
2 74896456 0.676808044347067 61.9935
2 74989540 0.458077194749247 62.0565
2 75132529 0.431896708492416 62.122
2 75220513 0.175306006373354 62.16
2 75348860 0.133326222601529 62.1825
2 75386362 0.217326511350632 62.1875
2 75466886 0.239913729990721 62.205
2 75669042 0.441344869266453 62.2535
2 75794794 0.62671226744505 62.309
2 75850641 0.453133091662307 62.344
2 75889261 1.04543927117943 62.3615
2 75916044 0.497474360936983 62.3895
2 75942176 2.99125632765751 62.4025
2 75963906 0.654491055288936 62.4675
2 75979949 0.67537145429989 62.478
2 76002159 1.03539765741269 62.493
2 76048518 0.239910433438192 62.541
2 76142303 0.590022715874653 62.5635
2 76176200 1.54901526886485 62.5835
2 76216871 0.721319175347647 62.6465
2 76276484 0.902195341998819 62.6895
2 76366265 0.170817532711645 62.7705
2 76395536 1.1941127464593 62.7755
2 76431546 2.08578798203994 62.8185
2 76462949 1.32997632809428 62.884
2 76582500 1.26294069515098 63.043
2 76610609 0.0381254479740874 63.0785
2 76676182 1.54210533165021 63.081
2 76753025 0.0868568252093282 63.1995
2 76839374 0.570826380960662 63.207
2 76862148 0.639805499128251 63.22
2 76924667 0.29056815760418 63.26
2 76976290 0.277643306660602 63.275
2 77186992 0.190560400024327 63.3335
2 77252588 0.516611944068166 63.346
2 77296141 0.0629624592633032 63.3685
2 77494672 0.25946735516277 63.381
2 77650761 0.329502319696218 63.4215
2 77688697 0.069693534298514 63.434
2 77796311 0.393713187817029 63.4415
2 77828060 0.230901760181846 63.454
2 77884361 1.17115609837706 63.467
2 77908269 1.83519911910438 63.495
2 77930065 0.273158908953686 63.535
2 78030739 1.25913314889689 63.5625
2 78058933 0.454318295397665 63.598
2 78080944 0.616000616000639 63.608
2 78158866 0.0753329717350005 63.656
2 78192052 0.564255461435599 63.6585
2 78263828 0.473117612384878 63.699
2 78328294 0.0439220646883769 63.7295
2 78385213 0.306266775066581 63.732
2 78475004 1.08844558710379 63.7595
2 78528291 0.077004425187637 63.8175
2 78625688 1.04257892322443 63.825
2 78649667 0.80039888731424 63.85
2 78687773 1.09724747633092 63.8805
2 78719671 1.1148926182373 63.9155
2 78787839 1.81263117725609 63.9915
2 78808803 0.38953144931386 64.0295
2 78925610 0.62447960033308 64.075
2 78949630 0.820350607502808 64.09
2 79017284 0.138557889486101 64.1455
2 79035327 0 64.148
2 79043532 0.252544384675736 64.148
2 79083129 0 64.158
2 79120593 0.489921612541945 64.158
2 79156313 0.848592054309867 64.1755
2 79198147 0 64.211
2 79276348 0.224008433258735 64.211
2 79390183 0 64.2365
2 79475615 0.149496197813233 64.2365
2 79575952 2.36618116753913 64.2515
2 79635753 0 64.393
2 79673600 0.958901482461637 64.393
2 79725743 3.45070422535191 64.443
2 79747043 2.43143357323533 64.5165
2 79762466 0.262798276043369 64.554
2 79810031 3.26283700104793 64.5665
2 79831025 0.62876718268931 64.635
2 79923269 0.921989808845473 64.693
2 79994311 0.762019957665587 64.7585
2 80076986 0.986909887535588 64.8215
2 80169193 0.49875517303923 64.9125
2 80290495 0.666800217497078 64.973
2 80465210 0.157338256272409 65.0895
2 80512878 2.33961662191285 65.097
2 80550491 0.687253734078648 65.185
2 80594143 0.524139967518071 65.215
2 80729603 0.95234538392594 65.286
2 80783155 1.29927500454739 65.337
2 80821638 0.195796893355781 65.387
2 80859943 0.51639062081633 65.3945
2 81095230 0.399634619776166 65.516
2 81139020 0.199071001990655 65.5335
2 81252045 0.336371527777842 65.556
2 81298125 0.408840295299465 65.5715
2 81340929 0.0731550301398059 65.589
2 81375103 0.0613587276654371 65.5915
2 81578823 0.253344142683479 65.604
2 81677503 2.40056289060853 65.629
2 81701664 0.093547557239393 65.687
2 81915459 0.0717978173464914 65.707
2 81985099 0.0250046599593462 65.712
2 82205058 0.308530491842731 65.7175
2 82271502 0.0517850299834853 65.738
2 82368055 0.137950062077795 65.743
2 82404300 4.57217504898754 65.748
2 82425734 0.0575930704017169 65.846
2 82469142 0.258573485570523 65.8485
2 82567760 0.0249133017100264 65.874
2 82668108 1.08558737735349 65.8765
2 82728444 0.156507585401028 65.942
2 82872207 0 65.9645
2 82914372 0.450371281690725 65.9645
2 82959890 0.537354567888302 65.985
2 83226939 0.493602037287334 66.1285
2 83385974 0.301525936615003 66.207
2 83478835 0.238117915992053 66.235
2 83531330 2.18661639962299 66.2475
2 83584380 0.0876430334305786 66.3635
2 83727004 0.97296636939556 66.376
2 83841602 0.89635609385505 66.4875
2 84024565 0 66.6515
2 84055361 0.109105985554268 66.6515
2 84101188 0.145953440852398 66.6565
2 84293030 0.0195131089065457 66.6845
2 84421149 0.0715368987323689 66.687
2 84630831 1.15817231248409 66.702
2 84783658 0.164752400677822 66.879
2 84889878 0.284061563888063 66.8965
2 84986688 0.604222969261292 66.924
2 85032201 0.978514323784082 66.9515
2 85056217 0.345595045549506 66.975
2 85128556 1.76740335010493 67
2 85159958 1.16585057126714 67.0555
2 85189979 0.453585112859099 67.0905
2 85357533 0.77532519712726 67.1665
2 85516821 1.04214400804144 67.29
2 85584470 0.790336429630677 67.3605
2 85635714 1.92751588415875 67.401
2 85677737 0.154176192552834 67.482
2 85904750 0.251154842828706 67.517
2 86117766 0.144187196176965 67.5705
2 86239136 0.337255489770036 67.588
2 86305851 0.745465087385102 67.6105
2 86390362 0.731165948557033 67.6735
2 86428657 0.24671864206072 67.7015
2 86509721 0.514278799612654 67.7215
2 86559305 1.60945388804359 67.747
2 86604662 1.4331675928636 67.82
2 86655947 0.76980812532461 67.8935
2 86707908 5.95699538944881 67.9335
2 86732417 1.53297084960125 68.0795
2 86857664 0.240244327449929 68.2715
2 87342587 5.02129373848972 68.388
2 87377339 0.37934519183811 68.5625
2 87702900 0.0456046261332335 68.686
2 87757719 1.58604282315617 68.6885
2 87800593 1.62278128208883 68.7565
2 87855129 0.370816723834171 68.845
2 87909064 0.0413359788361762 68.865
2 87969544 0.203558999277546 68.8675
2 88045689 0.868339326577394 68.883
2 88094633 1.77816644803985 68.9255
2 88128938 0.887881105890036 68.9865
2 88165542 2.45408332197165 69.019
2 88216885 0.171185650838341 69.145
2 88322034 0.165866086356557 69.163
2 88397396 0.111886860007186 69.1755
2 88509116 1.20220920820834 69.188
2 88593128 2.76994485064767 69.289
2 88633201 0.546076741984655 69.4
2 88674404 0.401269302437084 69.4225
2 88782810 0.290589548075201 69.466
2 88825826 0.846805234796029 69.4785
2 88864796 0.532569589093163 69.5115
2 88907044 0.047431129999198 69.534
2 88959752 0.179819892395817 69.5365
2 89029266 1.2634424399128 69.549
2 89063300 0.131361739579735 69.592
2 89291677 3.46995335841906 69.622
2 89336058 5.69259962049357 69.776
2 89361354 1.58969700521585 69.92
2 89429606 1.01532619761715 70.0285
2 89611321 0.17957927142137 70.213
2 89669791 5.17754195277808 70.2235
2 89697024 3.62988836381051 70.3645
2 89740827 0.0921259093718972 70.5235
2 89909075 1.84478713305741 70.539
2 89964908 1.49013357241887 70.642
2 90085367 0.467265725288874 70.8215
2 90182742 0.108583920892895 70.867
2 90251813 0.06993300418193 70.8745
2 90323310 0.130598314411094 70.8795
2 90438166 0.362689371417741 70.8945
2 90522260 0.254310564060961 70.925
2 90561582 0.866868529009547 70.935
2 90602534 0.612219909391593 70.9705
2 90643369 0.059181402835919 70.9955
2 90685612 0.22519479349617 70.998
2 90730018 0.270991962774937 71.008
2 90805666 0.16264105415062 71.0285
2 90974750 0.0256777645965384 71.056
2 91364192 0.337690199038495 71.066
2 91439705 0.456162758872469 71.0915
2 91494510 0.40711187434312 71.1165
2 91562059 0.154673638622394 71.144
2 91662270 0.289122892446367 71.1595
2 91793702 0.219525473735897 71.1975
2 91907584 0.356242207201687 71.2225
2 92014253 0.995757208416322 71.2605
2 92095096 1.36263170318244 71.341
2 92141697 0.279095729835397 71.4045
2 92231272 0.422012153949868 71.4295
2 92296436 0.45959970348415 71.457
2 92330161 0.213456284153115 71.4725
2 92377009 0.943064480035765 71.4825
2 92470852 0.767362633656088 71.571
2 92530146 1.21304867124511 71.6165
2 92583730 2.03496703926621 71.6815
2 92618620 1.85442390756876 71.7525
2 92684139 0.242169130921065 71.874
2 92797696 2.42944277886886 71.9015
2 92826715 1.32624833671837 71.972
2 92940947 0.554861978082891 72.1235
2 93113963 0.352931049324239 72.2195
2 93172048 2.42002781641177 72.24
2 93243948 0.683681398444712 72.414
2 93409961 0.162730700535808 72.5275
2 93535936 0.973648669870322 72.548
2 93631453 1.4192619837684 72.641
2 93681479 0.357383544019407 72.712
2 93730446 0.359409960211788 72.7295
2 93829219 1.28380546968688 72.765
2 93888418 3.8755574431939 72.841
2 93926090 0.564501203035416 72.987
2 93980120 1.34155975048352 73.0175
2 94053542 0.856490293110044 73.116
2 94106082 1.04908492227583 73.161
2 94171377 1.28976360897518 73.2295
2 94272946 1.45712281206719 73.3605
2 94328535 1.30921552960652 73.4415
2 94432414 0 73.5775
2 94432972 0.496807641983684 73.5775
2 94636270 5.19505979219734 73.6785
2 94656674 2.44253156578111 73.7845
2 94707441 0.430576685707741 73.9085
2 94811952 1.02415338386518 73.9535
2 94908129 0.0981996726676685 74.052
2 94984504 1.67684619655758 74.0595
2 95029529 1.47294889661135 74.135
2 95142907 0.517754425093418 74.302
2 95318666 2.04411698638739 74.393
2 95363184 1.10498103507742 74.484
2 95426986 2.77435265104819 74.5545
2 95449694 1.40694385414667 74.6175
2 95517927 0.471376564607581 74.7135
2 95586874 2.51583710407258 74.746
2 95642124 0.150471670814179 74.885
2 95728519 0.246558744381959 74.898
2 95799496 0.126668862260344 74.9155
2 95957388 4.28486320516895 74.9355
2 95979209 1.06831935449624 75.029
2 96054561 0.0958239904942638 75.1095
2 96211098 0.67983397738677 75.1245
2 96253020 1.46067142196334 75.153
2 96294097 1.02214153253091 75.213
2 96499548 1.3955086092146 75.423
2 96522837 0.645259242389777 75.4555
2 96667740 8.62318003235469 75.549
2 96702356 0.266443759469287 75.8475
2 96798061 0.449797591084029 75.873
2 96938124 1.80610384817533 75.936
2 97027543 2.81687893006487 76.0975
2 97090201 0.0611905228117713 76.274
2 97212769 0.766082696611312 76.2815
2 97262372 0.370626847038367 76.3195
2 97364901 1.18623962040309 76.3575
2 97398621 0.77530937826183 76.3975
2 97432156 1.17572711373688 76.4235
2 97500199 1.01727942229988 76.5035
2 97569993 1.29824867125556 76.5745
2 97684763 0 76.7235
2 97731827 2.29394505201396 76.7235
2 97788062 0.467679182999 76.8525
2 98062823 2.22982946515537 76.981
2 98094664 1.37224890483962 77.052
2 98151505 2.46823239714737 77.13
2 98237599 8.3606251830549 77.3425
2 98275156 1.09553023663463 77.6565
2 98313950 0.146167747422075 77.699
2 98351578 0.111857538239288 77.7045
2 98508027 6.08321842809659 77.722
2 98545014 0.4452699608162 77.947
2 98584316 1.49309882668308 77.9645
2 98626845 0.57019766852493 78.028
2 98666305 0.559284116330587 78.0505
2 98670775 0.233165454206093 78.053
2 98681497 1.11540453332294 78.0555
2 98731703 0.381146488637818 78.1115
2 98856327 2.13632394829874 78.159
2 98996053 0.20684203916706 78.4575
2 99131422 0.163543759637415 78.4855
2 99409635 3.39849116633303 78.531
2 99451124 0.739203619425901 78.672
2 99563407 2.61659933896513 78.755
2 99574299 0.175738430919385 78.7835
2 99801910 0.778510310001532 78.8235
2 99873200 0.542097238692211 78.879
2 99961745 0.358150245039503 78.927
2 100208848 0.427576013513455 79.0155
2 100303568 0.0736277264347266 79.056
2 100473341 0.267075859255911 79.0685
2 100576308 1.0408655758571 79.096
2 100651726 0.807754442649848 79.1745
2 100676486 0.624807158284394 79.1945
2 100741306 0.798469387755072 79.235
2 100937306 0 79.3915
2 100978611 0.293911510027022 79.3915
2 101022842 0.14670644041274 79.4045
2 101125087 0.166304492438853 79.4195
2 101170185 0.360698311931828 79.427
2 101225633 0.0533225266345536 79.447
2 101319402 1.00850929719512 79.452
2 101366997 0.78651187522153 79.5
2 101412133 0.0819126047116937 79.5355
2 101503694 2.51164822364582 79.543
2 101544902 0.828987891089782 79.6465
2 101773494 0.231617306445146 79.836
2 101838256 1.40167508825342 79.851
2 101867150 0.488481485948723 79.8915
2 101950060 0.207921821394966 79.932
2 101998155 0.285228286348491 79.942
2 102094569 0.282780823109744 79.9695
2 102255471 1.36352058017053 80.015
2 102388949 2.43443887389122 80.197
2 102430437 3.78099536901357 80.298
2 102464555 5.36430946105229 80.427
2 102540054 0.882281002131443 80.832
2 102597292 0.917030102046392 80.8825
2 102691073 7.00617953165649 80.9685
2 102764865 1.34430443325013 81.4855
2 102900251 0.285100841223481 81.6675
2 103184361 0.680755790206004 81.7485
2 103250464 0.149631905512445 81.7935
2 103350710 0.365657046931542 81.8085
2 103531207 0.365689544204635 81.8745
2 103565389 0.291132641385516 81.887
2 103860787 0.129754193655568 81.973
2 104053459 0.147526912485253 81.998
2 104277147 0.722057615217896 82.031
2 104357473 0.613697733409612 82.089
2 104418578 0.344069418103298 82.1265
2 104478159 2.29310182127012 82.147
2 104531144 3.52985793051125 82.2685
2 104565423 2.36883320281929 82.3895
2 104590963 1.08305855736604 82.45
2 104632512 0.701262272089788 82.495
2 104705238 0.394481701049532 82.546
2 104885221 2.48438470462762 82.617
2 104970554 1.53749032704772 82.829
2 105019660 3.11380723435856 82.9045
2 105050651 0.843758437584248 83.001
2 105095095 0.682983630785846 83.0385
2 105139752 0.540702913787945 83.069
2 105222977 0.093198224150165 83.114
2 105281991 0.166453051916556 83.1195
2 105342068 0.199350686336077 83.1295
2 105394739 0.153581521071245 83.14
2 105443573 1.72103506718155 83.1475
2 105500806 0.135410836478007 83.246
2 105556193 1.28363888972799 83.2535
2 105589302 1.83009874021107 83.296
2 105636294 0.0651622017525433 83.382
2 105828123 0.409358853067607 83.3945
2 105883087 1.21635743776872 83.417
2 105941458 2.8903947015813 83.488
2 105967579 1.23209418675548 83.5635
2 106047930 2.61696750184088 83.6625
2 106098179 0.916940475280848 83.794
2 106163614 0.372483871448451 83.854
2 106230731 0.74166268839928 83.879
2 106289383 0.139560848530097 83.9225
2 106343123 1.72427005900787 83.93
2 106356172 0.0262394648548369 83.9525
2 106642001 0 83.96
2 106655937 0.337968327539832 83.96
2 106687005 0.218789655625194 83.9705
2 106732711 1.29232359782833 83.9805
2 106755925 0.280909397355983 84.0105
2 106782624 1.69975238175156 84.018
2 106806451 0.33528115719901 84.0585
2 107025670 0.440020338717756 84.132
2 107076804 0.835612275904012 84.1545
2 107116296 0.352775164628424 84.1875
2 107158816 0.77945712316762 84.2025
2 107308279 3.9278937381403 84.319
2 107334629 2.03334032630279 84.4225
2 107396596 0.344960956691733 84.5485
2 107587922 0.161980044058425 84.6145
2 107618790 0.799316446624855 84.6195
2 107691352 0.67378823397299 84.6775
2 107762591 2.48475536563108 84.7255
2 107804245 2.37013628283635 84.829
2 107824497 0.656261688598769 84.877
2 107971542 0.38987368092732 84.9735
2 108067727 0.843451481924763 85.011
2 108118708 0.382995021064741 85.054
2 108165706 1.73991800934296 85.072
2 108207662 0.252045166493811 85.145
2 108277094 3.07252087437846 85.1625
2 108298412 1.64242139840452 85.228
2 108409224 0.150759829541035 85.41
2 108458972 6.16522811343459 85.4175
2 108460594 0.725173472870008 85.4275
2 108530922 3.48027842227391 85.4785
2 108540404 0.247745515805939 85.5115
2 108550495 0.201178908403346 85.514
2 108649909 0.286767718148272 85.534
2 108710934 0.494515374932585 85.5515
2 108777666 0.936768149882786 85.5845
2 108839581 3.38356430934228 85.6425
2 108885834 0.568467746444548 85.799
2 108939487 0.477771072219007 85.8295
2 109019023 2.90099195208664 85.8675
2 109056424 0.534441805225673 85.976
2 109090104 20.5278592375374 85.994
2 109096242 0.363709105457383 86.12
2 109151231 0.710751863981631 86.14
2 109222986 1.03348491111995 86.191
2 109247176 0.997035132369819 86.216
2 109285289 0.787331721705937 86.254
2 109375467 0.185084645377651 86.325
2 109415989 0.624963944387802 86.3325
2 109467992 3.16210473690807 86.365
2 109507997 0.885808821613707 86.4915
2 109584763 2.93494996150919 86.5595
2 109605547 4.62739805263614 86.6205
2 109626293 3.04679807531539 86.7165
2 109680120 0.398434720740033 86.8805
2 109750395 0.597795628619488 86.9085
2 109830690 1.89195716930992 86.9565
2 109867953 2.71911200506549 87.027
2 109894800 1.62121475305459 87.1
2 109912071 1.61833566088887 87.128
2 109972936 1.19570759183279 87.2265
2 110055314 4.17041332051728 87.325
2 110087565 0.778497090879283 87.4595
2 110148580 0.21667091511593 87.507
2 110266270 0.986849654602658 87.5325
2 110396989 3.08139415050401 87.6615
2 110445506 1.31726783154465 87.811
2 110497128 1.14634758597607 87.879
2 110556883 2.96328576097605 87.9475
2 110602778 2.33983517621236 88.0835
2 110675219 0.172707992235088 88.253
2 110819972 0.110265740434386 88.278
2 110892524 0.711170999195192 88.286
2 110945957 0.114415166874579 88.324
2 111033358 0 88.334
2 111094988 0.466524177886669 88.334
2 111187159 1.73902023459182 88.377
2 111258176 0.0113709154724051 88.5005
2 111522007 0.256278831368296 88.5035
2 111551272 5.71669274280893 88.511
2 111559581 1.69463503347924 88.5585
2 111571678 0.538793103448551 88.579
2 111590238 0 88.589
2 111596322 1.28813386389143 88.589
2 111635526 0.213356091316213 88.6395
2 111658961 1.82075427935254 88.6445
2 111702075 1.64760009947766 88.723
2 111734243 0.792764032987502 88.776
2 111922193 0.282985496993625 88.925
2 111950463 0.312252799866488 88.933
2 111974482 0.917141049968484 88.9405
2 112037722 1.03536666575434 88.9985
2 112147345 1.00273132038763 89.112
2 112280980 3.70119305856828 89.246
2 112317860 0.603747547275714 89.3825
2 112364237 0.218209325781751 89.4105
2 112467349 0.183123351889666 89.433
2 112535609 0.638199605323992 89.4455
2 112654694 0.655315398781935 89.5215
2 112743201 0.220055894197239 89.5795
2 112788644 0.73217531811746 89.5895
2 112867860 0.78232462173322 89.6475
2 112926020 4.6171373748275 89.693
2 112959374 0.51683665415736 89.847
2 113155761 1.39563283226243 89.9485
2 113190154 0.623001584989307 89.9965
2 113299303 1.41190630497193 90.0645
2 113320905 2.24247002171652 90.095
2 113342087 0.425936240621383 90.1425
2 113372608 1.20497765314185 90.1555
2 113395430 0.763815090329308 90.183
2 113425542 1.70912257783564 90.206
2 113471472 1.06588256914466 90.2845
2 113525887 0.324912353889678 90.3425
2 113650536 1.18637097029354 90.383
2 113682145 2.12695920796063 90.4205
2 113721638 3.16907539613471 90.5045
2 113750353 3.21871251499403 90.5955
2 113775363 0.301950156130301 90.676
2 113843255 1.36493630297258 90.6965
2 113889411 0 90.7595
2 113914830 1.03344607290496 90.7595
2 113978694 0.68281136198096 90.8255
2 114033614 0.868763985783895 90.863
2 114147569 0.122177695239846 90.962
2 114188493 2.18460932887235 90.967
2 114239303 2.58515214903107 91.078
2 114264640 3.04448037428175 91.1435
2 114293709 5.95617596724925 91.232
2 114323510 1.54040660921641 91.4095
2 114392323 2.71448548161544 91.5155
2 114465265 0.685506675121356 91.7135
2 114523616 0.246479820024947 91.7535
2 114635187 0.348432055748888 91.781
2 114672497 2.73235241881502 91.794
2 114745694 3.43238044703843 91.994
2 114775848 1.33566556398024 92.0975
2 114912484 3.11345834745829 92.28
2 114968531 1.39176505392264 92.4545
2 115042897 0.711362736326288 92.558
2 115111076 3.08065305396164 92.6065
2 115156034 4.24323421316342 92.745
2 115170999 1.24620194636495 92.8085
2 115284544 4.59680992467869 92.95
2 115329684 4.78415993395059 93.1575
2 115397512 0.781666065385148 93.482
2 115455721 0.221088936709615 93.5275
2 115523567 1.05786183683287 93.5425
2 115554762 1.13732788556837 93.5755
2 115695003 5.62952120922124 93.735
2 115730530 2.59719012658736 93.935
2 115779429 1.94543183783272 94.062
2 115821065 1.10149420082889 94.143
2 115935909 0.0604375679923808 94.2695
2 116018639 55.4279149913796 94.2745
2 116020380 0.169883120413139 94.371
2 116123392 0.632399357345623 94.3885
2 116211153 1.65532462755202 94.444
2 116270960 0.294713840049432 94.543
2 116340519 4.77415118601392 94.5635
2 116377070 0.554914804256389 94.738
2 116423023 23.5810255004128 94.7635
2 116430317 3.00270832515586 94.9355
2 116455794 1.09475951184481 95.012
2 116511514 0.565450947130358 95.073
2 116617624 0.569689275192476 95.133
2 116863372 0.38357721267231 95.273
2 117039347 0.48780487804871 95.3405
2 117092647 1.3787107191652 95.3665
2 117132902 10.7592722183349 95.422
2 117155766 5.0322679778734 95.668
2 117168782 1.40562248995966 95.7335
2 117240992 0.297285203778306 95.835
2 117404135 1.7105741579347 95.8835
2 117464641 1.40183563201265 95.987
2 117645832 0.48515756338083 96.241
2 117734463 0.163544778560221 96.284
2 117780322 0.0560311981710907 96.2915
2 117869558 0.0460411515813069 96.2965
2 118086755 0.586478993388804 96.3065
2 118143023 1.02674038136081 96.3395
2 118187338 0.892230729341352 96.385
2 118252904 0.672849077026479 96.4435
2 118287087 1.13165751709541 96.4665
2 118349385 1.39034857242929 96.537
2 118395057 3.52203103789866 96.6005
2 118422314 0.945156967840658 96.6965
2 118505898 0.140038370513592 96.7755
2 118577307 8.32500832501022 96.7855
2 118580310 0.1775261977946 96.8105
2 118678887 1.81352257047082 96.828
2 118704252 0.892825881447011 96.874
2 118732813 1.21274526628905 96.8995
2 118820218 2.00126395618305 97.0055
2 118858194 0.1368475791662 97.0815
2 118894731 0.0294834499567587 97.0865
2 118996483 1.16409014714093 97.0895
2 119039435 0.261291288803329 97.1395
2 119196348 0.95529231944987 97.1805
2 119225135 0.276292704491083 97.208
2 119297522 1.50993252489035 97.228
2 119361101 2.66008589192995 97.324
2 119407904 0.320420060363066 97.4485
2 119456278 0.114943849929368 97.464
2 119543277 0.600999845197032 97.474
2 119653094 2.41763747964404 97.54
2 119693009 0.3489995346673 97.6365
2 119735989 0.338300824850697 97.6515
2 119968031 2.40594925634297 97.73
2 119997749 0.494000143708939 97.8015
2 120053417 0.163421349761312 97.829
2 120255349 0.50136417694665 97.862
2 120341115 0.140671707402771 97.905
2 120397985 0.77813745019938 97.913
2 120430113 1.02892000146958 97.938
2 120457326 0.828814079607112 97.966
2 120555056 2.25515463917529 98.047
2 120600064 0.115305675345236 98.1485
2 120643427 1.45555110803851 98.1535
2 120670908 1.16768797780385 98.1935
2 120721007 0.0830715321410984 98.252
2 120787215 0.0789265982639917 98.2575
2 120818890 1.77304964538999 98.26
2 120900388 0.918388172067429 98.4045
2 120988586 0.204183753875172 98.4855
2 121162449 2.0363885505481 98.521
2 121188721 1.16325007681834 98.5745
2 121234283 2.37732011187404 98.6275
2 121273613 0.0275734888625226 98.721
2 121726947 0.738493473313994 98.7335
2 121751998 0 98.752
2 121783650 0.115497447506633 98.752
2 121826941 0.0618919119648881 98.757
2 121867334 0.148759347045504 98.7595
2 121917751 1.90687361419097 98.767
2 121940301 0.889851820327161 98.81
2 121966148 0.591738936422085 98.833
2 122017691 0.205659756498954 98.8635
2 122066315 0.0817569570060149 98.8735
2 122164166 0.583975304218401 98.8815
2 122454418 0.521517422545025 99.051
2 122609734 0.522133360501208 99.132
2 122648996 0.373273609555547 99.1525
2 122683823 2.31191600038541 99.1655
2 122704585 3.84843102427469 99.2135
2 122731609 0.343467252850745 99.3175
2 122782560 0.202440077737189 99.335
2 122819608 1.03547784756396 99.3425
2 122878518 1.61488047526994 99.4035
2 122920936 1.14261229736494 99.472
2 123018957 0.779625779625672 99.584
2 123070905 2.49660326086942 99.6245
2 123100345 1.34167535627398 99.698
2 123172270 2.34710597404886 99.7945
2 123194851 0.850481939766137 99.8475
2 123224834 0.739316871211029 99.873
2 123285701 1.04814790035898 99.918
2 123375383 2.44285153881817 100.012
2 123403424 3.06015996290727 100.0805
2 123446559 2.85500008522371 100.2125
2 123505228 0.816017252936374 100.38
2 123539541 1.55647141353906 100.408
2 123562349 1.68533408237077 100.4435
2 123590830 0.840060130619938 100.4915
2 123669991 0.361576473424061 100.558
2 123844228 0.496063643128159 100.621
2 123953085 0.87192237301011 100.675
2 124011003 2.43106433994932 100.7255
2 124056045 0.42878377863338 100.835
2 124108519 0.706909819782679 100.8575
2 124220273 0.433486859930088 100.9365
2 124238728 2.08742930653653 100.9445
2 124279927 5.16518091242797 101.0305
2 124318067 4.11047478292992 101.2275
2 124361371 0.22029952095654 101.4055
2 124592874 0.866711186257553 101.4565
2 124663255 0.519936890418923 101.5175
2 124746919 0.102145045965178 101.561
2 124820344 0.348043992760368 101.5685
2 124841893 0.111653872993856 101.576
2 124913543 0.608230819312596 101.584
2 124971909 0.0641420361247364 101.6195
2 125010885 0.134691018802744 101.622
2 125048007 0.968534442029595 101.627
2 125069173 1.6643073038225 101.6475
2 125095310 1.55727451430887 101.691
2 125134481 1.43760782058651 101.752
2 125190129 1.20010839688769 101.832
2 125215960 0.723461321287352 101.863
2 125244296 3.96047073023552 101.8835
2 125270808 0.420045762880498 101.9885
2 125542207 0.337346715912262 102.1025
2 125685976 1.1339154099104 102.151
2 125756528 1.32801288990718 102.231
2 125835970 0.515956911305708 102.3365
2 125955166 0.192657324345168 102.398
2 126222480 0.293565054015981 102.4495
2 126273576 0.494817715538284 102.4645
2 126367550 0.594435172272125 102.511
2 126411289 0.325860271115758 102.537
2 126457321 1.2887312233245 102.552
2 126529485 0.982224465574434 102.645
2 126602788 1.78712722708794 102.717
2 126676090 0.24657148224703 102.848
2 126718674 1.70308088867052 102.8585
2 126783850 3.01940654936728 102.9695
2 126820281 1.98252587744202 103.0795
2 126920658 1.4772962886171 103.2785
2 126959242 1.50357482586154 103.3355
2 127057009 1.84234865888941 103.4825
2 127124043 1.06827461779523 103.606
2 127187229 3.20247275508243 103.6735
2 127218611 4.57182184642629 103.774
2 127238953 3.20853296334026 103.867
2 127285080 5.72767508461298 104.015
2 127292762 0.411114119263171 104.059
2 127392491 0.356185939692975 104.1
2 127486543 0.526120326813734 104.1335
2 127535011 4.26101174255554 104.159
2 127555194 1.23366330711481 104.245
2 127622068 1.63180537012301 104.3275
2 127649032 3.93750000000104 104.3715
2 127657032 1.57614292750627 104.403
2 127768697 1.30826876667101 104.579
2 127808062 0.380749314651609 104.6305
2 127827760 0.93945720250476 104.638
2 127842130 1.85528756957345 104.6515
2 127889562 2.4486019272865 104.7395
2 127933873 2.00600833414084 104.848
2 127985468 1.05026677899473 104.9515
2 128074493 2.59056952365633 105.045
2 128099391 1.90715690162951 105.1095
2 128217892 0.306108424853546 105.3355
2 128377966 1.75548197663526 105.3845
2 128458001 1.36079958706767 105.525
2 128564556 1.0902398527677 105.67
2 128614545 1.74594140967886 105.7245
2 128718214 1.2974758197687 105.9055
2 128790277 1.61494100625602 105.999
2 128888423 3.09260235459526 106.1575
2 128916878 2.81269004662452 106.2455
2 128956342 0.111284219897719 106.3565
2 129055188 0.96601886577997 106.3675
2 129081585 1.02492891622029 106.393
2 129142077 1.46486000599251 106.455
2 129172114 1.71891734652064 106.499
2 129247743 2.48666869284086 106.629
2 129283936 0.301911330964612 106.719
2 129326995 0.228581433351476 106.732
2 129429803 2.46673304969695 106.7555
2 129451897 1.96258899325928 106.81
2 129488838 0.501156515034897 106.8825
2 129540718 0.428853017953229 106.9085
2 129728428 0.0846768730523549 106.989
2 129757952 0.526006272869842 106.9915
2 129910992 1.24071238160047 107.072
2 129981516 0.226619265470381 107.1595
2 130052119 3.30730166858706 107.1755
2 130075552 0.197769163831983 107.253
2 130151398 12.146892655369 107.268
2 130153168 1.68015137674508 107.2895
2 130183820 1.4918228958916 107.341
2 130246495 1.82966027659196 107.4345
2 130307162 3.43128138367119 107.5455
2 130360932 4.85249629464175 107.73
2 130410185 2.16072632121494 107.969
2 130435408 1.10845655496017 108.0235
2 130481869 0.275268945199206 108.075
2 130549076 0.0611396429444296 108.0935
2 130589966 0.119401688991117 108.096
2 130636029 0.0938614604842398 108.1015
2 130662664 1.27870471621583 108.104
2 130719362 0.138318963529905 108.1765
2 130741051 1.42796248934311 108.1795
2 130764511 0.598802395209717 108.213
2 130785386 1.31714756674334 108.2255
2 130850299 0.858592925194238 108.311
2 130928916 1.14384784259004 108.3785
2 131026394 0.399911508942677 108.49
2 131085157 1.01071871443374 108.5135
2 131144026 0.817590180196907 108.573
2 131235759 1.5121247433551 108.648
2 131271801 1.18448942271701 108.7025
2 131295862 0.758786587236423 108.731
2 131357803 11.8748033972933 108.778
2 131364161 1.35494293605692 108.8535
2 131383350 0.180382410710714 108.8795
2 131483138 0.385572812381733 108.8975
2 131557054 0.861383514444615 108.926
2 131617422 0.0960044685718384 108.978
2 131674711 0.15888568175186 108.9835
2 131788000 1.49253731343572 109.0015
2 131791350 0.237760233461032 109.0065
2 131944866 1.865671641791 109.043
2 131987746 1.59995560816811 109.123
2 132095874 0.579071244442629 109.296
2 132149408 0.279969903235496 109.327
2 132206557 0.758062572793998 109.343
2 132306153 0.702842274218248 109.4185
2 132406460 0.555464121132053 109.489
2 132430764 0.162718042176369 109.5025
2 132461492 0.20669128589559 109.5075
2 132497778 0.161875649384897 109.515
2 132630596 1.66639897205265 109.5365
2 132655500 0.287686996547738 109.578
2 132818872 3.29985652797707 109.625
2 132843267 0.87945987633438 109.7055
2 132917176 0.772267032778364 109.7705
2 132981273 1.06399593924494 109.82
2 133032495 3.30556302069349 109.8745
2 133069705 1.60525180890299 109.9975
2 133111443 2.2840075547942 110.0645
2 133156977 0.146749498605885 110.1685
2 133177420 3.07798191446654 110.1715
2 133229727 0.282922370454313 110.3325
2 133275676 0.831044948691868 110.3455
2 133303352 0.219018795794753 110.3685
2 133328464 1.37793046170123 110.374
2 133354953 1.22744247995605 110.4105
2 133393244 0.851717280210802 110.4575
2 133512415 0.777395249956475 110.559
2 133575446 0.877211303494258 110.608
2 133623325 1.29116924900511 110.65
2 133694191 5.99091526878658 110.7415
2 133722150 2.18532453195742 110.909
2 133766537 1.14286602811288 111.006
2 133830849 1.76474295678487 111.0795
2 133878448 5.45344843590489 111.1635
2 133899994 0.788420629843912 111.281
2 133967217 1.57836013824238 111.334
2 134003964 0.562833808349065 111.392
2 134045717 0.868710747803401 111.4155
2 134115936 1.44884004452522 111.4765
2 134172533 1.72988810273382 111.5585
2 134204616 1.60953107888352 111.614
2 134264882 1.19975319362862 111.711
2 134308641 0.547961435362856 111.7635
2 134376164 3.67205875293984 111.8005
2 134396997 2.9291266225068 111.877
2 134423114 0.603558370217355 111.9535
2 134480275 1.02622368011137 111.988
2 134534844 0.851527640587165 112.044
2 134593562 3.86826295543938 112.094
2 134616699 1.55913276301184 112.1835
2 134677951 0.143157091047991 112.279
2 134772253 2.12306029491209 112.2925
2 134798159 1.16154694655221 112.3475
2 134857993 1.2771762793532 112.417
2 134892444 1.08671879271688 112.461
2 134965600 1.05480394404968 112.5405
2 135009210 0.0898545989217095 112.5865
2 135070420 1.2844893737697 112.592
2 135100393 1.56447381206881 112.6305
2 135151848 0.479846449136547 112.711
2 135179982 1.13256390896322 112.7245
2 135207795 1.28067895099028 112.756
2 135233953 0.265942556407693 112.7895
2 135305397 1.70598146588073 112.8085
2 135329137 0.259052162352376 112.849
2 135431433 0.590176248088402 112.8755
2 135468710 0.155329597457436 112.8975
2 135552403 0.383278123032162 112.9105
2 135588930 0.043037725640678 112.9245
2 135670254 0.26900381811876 112.928
2 135727874 0 112.9435
2 135857123 0 112.9435
2 135880908 0 112.9435
2 136122518 0 112.9435
