Chromosome Position(bp) Rate(cM/Mb) Map(cM)
7 0 0 0
7 214916 2.76303586150041 0
7 292548 6.02280864890285 0.2145
7 386109 1.10648028620957 0.778
7 521674 16.1943319838057 0.928
7 546127 1.21614073293691 1.324
7 687558 1.41895845523698 1.496
7 721738 0.0943253848475724 1.5445
7 774746 3.23989701755908 1.5495
7 809315 1.32533756741507 1.6615
7 885522 1.43002056975401 1.7625
7 956500 5.53696739999408 1.864
7 990273 1.68118202695091 2.051
7 1105668 1.00112222572077 2.245
7 1229529 0.745238956075173 2.369
7 1365056 1.83283189819137 2.47
7 1393973 6.52371801355313 2.523
7 1403860 0.228337701532847 2.5875
7 1454224 4.52245682466999 2.599
7 1489603 0.407846292230248 2.759
7 1668592 0.5910641841971 2.832
7 1705813 3.00915243808645 2.854
7 1757821 2.04636987046914 3.0105
7 1803756 0.525049812418101 3.1045
7 1915174 3.59833848531685 3.163
7 1935878 1.9481049324793 3.2375
7 1984900 1.95258355731797 3.333
7 2067867 0.787401574803147 3.495
7 2112952 1.59411162717468 3.5305
7 2163764 1.60987654320988 3.6115
7 2214389 1.75970545237967 3.693
7 2269796 4.0922619047619 3.7905
7 2322212 2.85250362048536 4.005
7 2367786 1.56170196047618 4.135
7 2418692 5.03101010539097 4.2145
7 2441749 2.66660789844853 4.3305
7 2487125 1.10586106363727 4.4515
7 2546807 3.40444025931695 4.5175
7 2574418 0.518851608439944 4.6115
7 2588873 2.32302888867577 4.619
7 2682716 4.13836834815693 4.837
7 2742643 1.02882407958507 5.085
7 2801448 1.15752715985515 5.1455
7 2878768 1.50109695546745 5.235
7 2904749 0.58248137063892 5.274
7 3004323 3.19769264530693 5.332
7 3036221 1.66715291960155 5.434
7 3108200 4.92042904494266 5.554
7 3156773 0.848019656660763 5.793
7 3248752 1.90579133007166 5.871
7 3283908 1.68477513409435 5.938
7 3356618 1.87617260787992 6.0605
7 3414715 2.90534208059978 6.1695
7 3425385 1.53118040089087 6.2005
7 3475673 1.136653244304 6.2775
7 3573768 0.265981601857981 6.389
7 3650841 2.3166023166023 6.4095
7 3676741 1.19845123225371 6.4695
7 3741825 3.57477232104858 6.5475
7 3777072 1.55255221713393 6.6735
7 3821837 0.708903600544248 6.743
7 3909296 2.02114427860697 6.805
7 3947888 4.07490055302223 6.883
7 3978809 0.937706455256475 7.009
7 4025732 0.538099558969383 7.053
7 4073121 1.67670945768929 7.0785
7 4130376 0.995179468229841 7.1745
7 4249450 0.64630032472651 7.293
7 4281169 0.93789967315616 7.3135
7 4316354 1.52388269944935 7.3465
7 4355399 3.07724709241102 7.406
7 4398132 0.478179896310468 7.5375
7 4457733 2.16584158415842 7.566
7 4507829 0.541252882759922 7.6745
7 4592817 0.462617725854105 7.7205
7 4665231 0.156463467688387 7.754
7 4796252 2.34702147777928 7.7745
7 4914700 0.296775336640681 8.0525
7 5027580 2.63118806628898 8.086
7 5074707 4.1803805848749 8.21
7 5101140 9.50745518512315 8.3205
7 5125016 5.09408131427298 8.5475
7 5156425 1.11566675034167 8.7075
7 5228131 1.48782535684299 8.7875
7 5377006 1.16772171347797 9.009
7 5425819 0.776298244652667 9.066
7 5535313 1.53578672848449 9.151
7 5587078 0.684146707752556 9.2305
7 5676971 1.18009571887497 9.292
7 5753236 4.88333038713099 9.382
7 5775864 0.793006614608123 9.4925
7 5883051 0.28954268341723 9.5775
7 5945218 1.95935892047844 9.5955
7 6033257 3.24639186732459 9.768
7 6114116 3.0001237164419 10.0305
7 6146448 3.07086157946578 10.1275
7 6180966 0.400089620074931 10.2335
7 6212209 1.36850195901992 10.246
7 6318895 0.700101832993906 10.392
7 6373887 1.52416896501666 10.4305
7 6394554 1.38047138047139 10.462
7 6424254 1.30018308700612 10.503
7 6461941 3.29700522025831 10.552
7 6483779 1.88328295745174 10.624
7 6505284 1.12601085065003 10.6645
7 6544360 3.91859176890565 10.7085
7 6568731 1.51541671656641 10.804
7 6677282 2.59411679930822 10.9685
7 6739731 5.51339209747136 11.1305
7 6769114 5.71249517932892 11.2925
7 6789858 0.47349285533103 11.411
7 6848993 0 11.439
7 6851369 12.5213944689667 11.439
7 6862470 0 11.578
7 6872262 0.293675238163458 11.578
7 7011872 0.526337305561809 11.619
7 7109718 0.133818648966925 11.6705
7 7165764 1.0664031003719 11.678
7 7204211 0 11.719
7 7248738 1.45270507743858 11.719
7 7291417 0.12071657358078 11.781
7 7353546 1.07838606221027 11.7885
7 7424949 0.594779931425354 11.8655
7 7467822 1.45547759216215 11.891
7 7513855 0.421629598397803 11.958
7 7599238 0.41804272396638 11.994
7 7647080 0 12.014
7 7686880 0 12.014
7 7721497 3.9546533087266 12.014
7 7744255 1.68770387179128 12.104
7 7779510 0.168539325842675 12.1635
7 7841810 0.972341122631245 12.174
7 7936427 0.353848694298331 12.266
7 7978818 0.904934273194872 12.281
7 8010312 3.59477124183005 12.3095
7 8054682 0.334477028980842 12.469
7 8101023 0.223369944211996 12.4845
7 8192799 0.897517655116996 12.505
7 8235138 0.951916036124029 12.543
7 8276108 0.0157997278302622 12.582
7 10206521 0.116090671862143 12.6125
7 10602763 0.0448199114096194 12.6585
7 11060149 0.235236068000438 12.679
7 11234442 0.497822028624761 12.72
7 11306757 0.60829637769316 12.756
7 11332238 0.728023296745504 12.7715
7 11394736 1.74027030692039 12.817
7 11461105 0.969762273553787 12.9325
7 11535350 0.151055646576265 13.0045
7 11621411 0 13.0175
7 11650225 2.27737677075693 13.0175
7 11727946 1.05462605462607 13.1945
7 11783890 0.672489550959162 13.2535
7 11970510 0.460308825375588 13.379
7 12042201 2.00788940616226 13.412
7 12126618 0.217467845825661 13.5815
7 12174901 4.06849872397083 13.592
7 12201938 3.32832661978563 13.702
7 12231232 5.13535684987693 13.7995
7 12261707 2.02105263157896 13.956
7 12321082 1.98987431047074 14.076
7 12360783 1.15463024770427 14.155
7 12416212 2.76140816389501 14.219
7 12448623 1.73221927858161 14.3085
7 12522228 3.35262563523435 14.436
7 12550564 1.85193160773501 14.531
7 12573783 1.14145453921282 14.574
7 12632042 4.32018834608594 14.6405
7 12674517 1.90461101850194 14.824
7 12819691 0.442206952853938 15.1005
7 12981380 1.4061966792577 15.172
7 13066361 1.15246423971257 15.2915
7 13110614 0.370486147291399 15.3425
7 13283360 1.32697703675956 15.4065
7 13566334 0.232441018091668 15.782
7 13643773 1.43454125865401 15.8
7 13691872 0.317965023847372 15.869
7 13764207 0.585856565165831 15.892
7 13904173 0.0967431421205109 15.974
7 14110906 0.255946178175092 15.994
7 14220304 0 16.022
7 14237082 0.918779860345496 16.022
7 14253408 1.46361862280457 16.037
7 14317974 0.554290804711469 16.1315
7 14469519 2.27256523599033 16.2155
7 14525623 1.34372989136609 16.343
7 14578461 1.06124753034149 16.414
7 14667036 4.18894830659536 16.508
7 14695086 2.39560217873717 16.6255
7 14754570 0.225707215943278 16.768
7 14934006 1.11415838189922 16.8085
7 14974844 0.809537318286555 16.854
7 15119371 0 16.971
7 15144576 5.96937451336613 16.971
7 15152282 1.10404997845767 17.017
7 15170850 0.817301647177112 17.0375
7 15226521 0.833270206802547 17.083
7 15266124 0.388325703073919 17.116
7 15339516 1.62180378280463 17.1445
7 15363255 1.68418794250165 17.183
7 15409865 1.82547068508839 17.2615
7 15451772 3.14650534905904 17.338
7 15501033 0.808625336927254 17.493
7 15582653 0.61463477754529 17.559
7 15629022 4.37246963562758 17.5875
7 15659897 2.16754540128881 17.7225
7 15719642 0.302271353312042 17.852
7 15754379 1.48314239334803 17.8625
7 15840008 0.28616783473538 17.9895
7 16025214 0.820781094976108 18.0425
7 16080649 0.103038705084451 18.088
7 16134027 0.108221594536991 18.0935
7 16226430 0.062073246430776 18.1035
7 16306980 0.693969505571862 18.1085
7 16406408 0.462686748895034 18.1775
7 16488537 0.120394895256503 18.2155
7 16530067 1.42216859162204 18.2205
7 16553271 0.350471011799204 18.2535
7 16647430 2.10806881511994 18.2865
7 16688700 1.10736789568903 18.3735
7 16720758 0.648939927877314 18.409
7 16842495 0.174617587483418 18.488
7 16885446 0.234582092003133 18.4955
7 16928075 0.694661944571577 18.5055
7 17052596 0.841298081564538 18.592
7 17125103 0.667125763966728 18.653
7 17148337 2.33978128675456 18.6685
7 17188298 0.819389339313469 18.762
7 17223080 2.67653493459933 18.7905
7 17244563 0.682276321910381 18.848
7 17502523 1.69190368560641 19.024
7 17579064 4.09590409590413 19.1535
7 17589074 2.81013126271019 19.1945
7 17616119 2.84595584236674 19.2705
7 17643702 0.991283426413173 19.349
7 17792499 0.69390474075715 19.4965
7 17828527 0.547787979966632 19.5215
7 17847695 2.33126247783439 19.532
7 17928338 0.510486858609728 19.72
7 17996900 0.542560887388494 19.755
7 18063252 0.3439287524437 19.791
7 18201362 1.59480124603162 19.8385
7 18268455 1.92752505782582 19.9455
7 18276237 2.39460253093757 19.9605
7 18304843 0.386294927779639 20.029
7 18364383 0.322766570605172 20.052
7 18451133 0.908114192162144 20.08
7 18490225 4.18791583640105 20.1155
7 18519834 0 20.2395
7 18527682 1.52685883496042 20.2395
7 18570908 0.428769664935994 20.3055
7 18635045 0.7659481343692 20.333
7 18708157 0.841566908998576 20.389
7 18877484 0.869970102435891 20.5315
7 18918290 0.0589316863891679 20.567
7 18960712 0.5218117303277 20.5695
7 19027786 0.972548075958955 20.6045
7 19077655 1.84074745502726 20.653
7 19113510 3.07270842588473 20.719
7 19140522 0.278799383082241 20.802
7 19224812 4.00463694804501 20.8255
7 19253279 2.38544166380987 20.9395
7 19288283 1.69176608644633 21.023
7 19339413 0.599034057582127 21.1095
7 19419542 0.85346929727339 21.1575
7 19464652 0.081719820870117 21.196
7 19556429 0.182539489376209 21.2035
7 19679690 0.155210413584021 21.226
7 19776333 1.14236488257987 21.241
7 19803032 2.77025114247585 21.2715
7 19827759 0.761244967608776 21.34
7 20121357 0.639058193421607 21.5635
7 20236370 2.29018646085048 21.637
7 20264097 0.625745707319597 21.7005
7 20418313 1.17190866006028 21.797
7 20476338 1.82354580932916 21.865
7 20519386 17.9948586118244 21.9435
7 20520942 0.137712383097493 21.9715
7 20684326 0.194527298664253 21.994
7 20799991 0.182976416373008 22.0165
7 20873771 0.655372415375023 22.03
7 20904288 0.219901484135106 22.05
7 21029344 1.56424234915127 22.0775
7 21061628 0.0540809483635382 22.128
7 21107855 5.15518991399107 22.1305
7 21126574 0.142738873504782 22.227
7 21196632 0.363414350505955 22.237
7 21231028 0.189681335356563 22.2495
7 21283748 1.18775940531959 22.2595
7 21358679 0.360750360750289 22.3485
7 21386399 0.406392841048087 22.3585
7 21510663 0.261135566664207 22.409
7 21577678 0.228852902072762 22.4265
7 21623559 0.891884884625341 22.437
7 21719984 0.706880301602289 22.523
7 21777278 0.622869753824154 22.5635
7 21935417 0.292260930558786 22.662
7 21978187 1.04459332901092 22.6745
7 22019830 6.5721040189125 22.718
7 22040980 0.934829059829095 22.857
7 22108372 1.72205573198547 22.92
7 22130729 2.021320780839 22.9585
7 22202959 0.975261655566052 23.1045
7 22223979 2.54414544869474 23.125
7 22273701 2.65523864865302 23.2515
7 22335654 0.283430870811403 23.416
7 22460905 2.98781209324338 23.4515
7 22494709 1.34648657699395 23.5525
7 22566377 0.572138812713317 23.649
7 22769125 0.679772754294453 23.765
7 22962572 0.70561207745322 23.8965
7 23023512 2.21352092364191 23.9395
7 23142779 1.99360988619265 24.2035
7 23180650 2.75096024083883 24.279
7 23219182 0.813890396093228 24.385
7 23246827 1.44427968957617 24.4075
7 23350685 1.04468789949003 24.5575
7 23423434 0.707588890854399 24.6335
7 23451699 0.319374536906903 24.6535
7 23529977 2.46851211867228 24.6785
7 23617074 1.09031033050494 24.8935
7 23684486 6.44336665907941 24.967
7 23741599 2.75248394892952 25.335
7 23823525 0.861992750419926 25.5605
7 23891391 0.492380413107156 25.619
7 23972629 1.0230134303302 25.659
7 24029813 0.731173380035002 25.7175
7 24144013 0.539403419817718 25.801
7 24218169 3.08612566830765 25.841
7 24312624 0.285610015391217 26.1325
7 24375647 1.8217803967432 26.1505
7 24397878 0.464753123140961 26.191
7 24424774 1.49914821124367 26.2035
7 24468799 1.3861781405252 26.2695
7 24513887 0 26.332
7 24583211 0.36636582968454 26.332
7 24639166 0.335951264669885 26.3525
7 24706140 1.41291430080548 26.375
7 24744005 0.318731194859485 26.4285
7 24783223 2.26965039420245 26.441
7 24833451 3.16308660066478 26.555
7 24861430 1.72933395360126 26.6435
7 24910871 2.36494319499197 26.729
7 24932436 10.3402268178785 26.78
7 24944428 5.55272973889455 26.904
7 24956224 4.08406364332506 26.9695
7 24991483 0.29945637151022 27.1135
7 25034895 0.64947717087743 27.1265
7 25096483 0.179540652146915 27.1665
7 25168890 0.754174578105876 27.1795
7 25225243 0.497813177825956 27.222
7 25281489 5.06062731736642 27.25
7 25301447 0.331564986737485 27.351
7 25318035 2.98772079585006 27.3565
7 25348493 5.1539811712143 27.4475
7 25379828 1.69592383219276 27.609
7 25447048 4.02653457315835 27.723
7 25481569 16.2676720075402 27.862
7 25508094 3.27231121281463 28.2935
7 25617344 13.3203005213125 28.651
7 25643432 2.2633418043202 28.9985
7 25681208 1.25594330313091 29.084
7 25725796 1.77290676122169 29.14
7 25812659 2.82382947713607 29.294
7 25851082 1.18142724612128 29.4025
7 26046185 6.12739162024704 29.633
7 26087475 5.18761533729752 29.886
7 26136245 0.341594138052151 30.139
7 26344094 1.26484111010581 30.21
7 26398251 6.37099504478155 30.2785
7 26430742 1.37230867618847 30.4855
7 26543326 1.15870615211981 30.64
7 26707302 4.84197084175806 30.83
7 26744890 8.54309383463442 31.012
7 26769998 1.1208874481655 31.2265
7 26865012 2.36324139293004 31.333
7 26940967 1.57388089747817 31.5125
7 26995609 1.28694243382369 31.5985
7 27072147 1.27839053431126 31.697
7 27125730 1.76774897964493 31.7655
7 27164197 0.297776601376401 31.8335
7 27239757 1.46677942808813 31.856
7 27277595 0.680030386943399 31.9115
7 27359209 1.49418055992465 31.967
7 27384641 0.638693822501438 32.005
7 27538862 1.60686537646562 32.1035
7 27595494 3.14911736006409 32.1945
7 27618040 2.60416666666641 32.2655
7 27638200 4.12012136257075 32.318
7 27667204 2.74101145792176 32.4375
7 27727948 7.09030813519567 32.604
7 27756085 5.3048729346641 32.8035
7 27779931 0.437691033899187 32.93
7 27917014 0.233112503101891 32.99
7 28049997 8.31460026514494 33.021
7 28084695 0.343514843882582 33.3095
7 28208416 2.036984257381 33.352
7 28268063 6.00265026403749 33.4735
7 28318624 1.12970928123544 33.777
7 28415109 2.2206318802753 33.886
7 28462618 0.898517446213781 33.9915
7 28502684 1.13632543284584 34.0275
7 28651409 0.766720753169396 34.1965
7 28707492 1.23250434753247 34.2395
7 28766721 0.702454253750786 34.3125
7 28882031 1.73523244884673 34.3935
7 28937355 5.11572774346502 34.4895
7 28969413 3.97498544193221 34.6535
7 29008910 2.33760292772191 34.8105
7 29118210 0.427755402879766 35.066
7 29194188 1.61395271692673 35.0985
7 29272567 0.623986022713115 35.225
7 29344684 3.14908695877085 35.27
7 29422008 0.675781337265125 35.5135
7 29511534 3.93353134783652 35.574
7 29536448 1.95879735066129 35.672
7 29632170 2.79403159742543 35.8595
7 29666350 0.735696479601156 35.955
7 29830820 5.61708860759506 36.076
7 29856100 5.67403295506435 36.218
7 29884563 1.46484375000006 36.3795
7 29944979 1.6133195663397 36.468
7 29983719 0.344262295081747 36.5305
7 30014219 0.175147492625386 36.541
7 30231179 0.374672161858388 36.579
7 30271214 2.43667426390193 36.594
7 30325181 0.610359841035193 36.7255
7 30398908 0.486720981906745 36.7705
7 30446163 0.303490136570556 36.7935
7 30587848 0.855204393850163 36.8365
7 30640467 0.392727460019011 36.8815
7 30718129 0.668885539984031 36.912
7 30842216 1.85446326810523 36.995
7 30893983 1.20997766195078 37.091
7 30931587 0.50520359704969 37.1365
7 30971175 0.0632521070857822 37.1565
7 31097653 0.867576760433963 37.1645
7 31184677 2.93523108022027 37.24
7 31220790 2.63173457921827 37.346
7 31271517 1.8310172937146 37.4795
7 31343335 1.10472630733224 37.611
7 31457843 0.642071287266189 37.7375
7 31544282 0.556396332235346 37.793
7 31589214 1.31390728476824 37.818
7 31683589 0.771264874394035 37.942
7 31765273 0.164760328641942 38.005
7 31901835 1.14859717604539 38.0275
7 32071172 1.03724746294881 38.222
7 32124679 2.23593713224708 38.2775
7 32162918 0.30278680315368 38.363
7 32248787 1.34453977160282 38.389
7 32334690 1.50478326543693 38.5045
7 32422078 1.29645217155739 38.636
7 32525437 4.60541278144166 38.77
7 32543025 1.59749027771757 38.851
7 32612196 0.329027366493514 38.9615
7 32682099 2.97895874707772 38.9845
7 32721878 0.829683369672164 39.103
7 32773705 4.36258341643014 39.146
7 32825853 4.74213727694649 39.3735
7 32860542 2.38480034688005 39.538
7 32936649 3.00560925252606 39.7195
7 32991380 1.84700631060487 39.884
7 33147308 0.730157477207274 40.172
7 33299330 0.436402624618431 40.283
7 33525039 1.99722522907107 40.3815
7 33590630 0 40.5125
7 33609384 0.66367431056459 40.5125
7 33666641 4.17764818033984 40.5505
7 33702307 2.02931228861338 40.6995
7 33733352 0.589528500018358 40.7625
7 33814773 1.62866449511413 40.8105
7 33854683 1.65664662658644 40.8755
7 33929533 1.3565483089243 40.9995
7 34043425 0.159460386053563 41.154
7 34168848 0.762020879372214 41.174
7 34195094 4.62114417189866 41.194
7 34220737 0.431480842250518 41.3125
7 34243913 1.16412652217202 41.3225
7 34309198 0.213577856247872 41.3985
7 34379430 0.825028050953764 41.4135
7 34424883 0.090596122486004 41.451
7 34480073 1.85004040318099 41.456
7 34503586 0.272821520161511 41.4995
7 34760164 0.2467975085204 41.5695
7 34802709 0.977966559382278 41.58
7 34939728 1.06651498453557 41.714
7 34967857 1.41773821299041 41.744
7 35028517 2.04171596946709 41.83
7 35071618 1.47540983606558 41.918
7 35208868 2.02978513434708 42.1205
7 35253454 1.69715627651811 42.211
7 35354800 0.561482313307128 42.383
7 35452755 1.35965046289222 42.438
7 35616400 0.518535187015139 42.6605
7 35718611 4.06040746545074 42.7135
7 35739668 0.757148371388728 42.799
7 35773347 5.18241270102405 42.8245
7 35797660 6.24262494766098 42.9505
7 35823931 0.527840186232865 43.1145
7 35934760 1.04346430148086 43.173
7 36009511 1.5788559609707 43.251
7 36136185 0.510044475878316 43.451
7 36283231 4.86102944058941 43.526
7 36308740 1.64027608607388 43.65
7 36431890 0.373103731037344 43.852
7 36553840 0.84053794428426 43.8975
7 36595480 3.38056281802598 43.9325
7 36666622 1.45851969973933 44.173
7 36718044 1.16178454947569 44.248
7 36883307 0.655200655200791 44.44
7 36926042 0.298190256226715 44.468
7 37018265 3.89072571218656 44.4955
7 37048208 0.996192331532688 44.612
7 37093380 2.3066451547848 44.657
7 37133048 0.173048303549804 44.7485
7 37219729 6.35374337075556 44.7635
7 37248767 1.890944549863 44.948
7 37324655 2.59962252056527 45.0915
7 37352736 6.59704415124251 45.1645
7 37374185 0.201499153703944 45.306
7 37386592 0 45.3085
7 37410699 0.620439767707139 45.3085
7 37430846 0.0760849716965376 45.321
7 37463704 1.54477644877948 45.3235
7 37486361 0.301659125188493 45.3585
7 37529456 1.94049159120318 45.3715
7 37554192 0.773009098961298 45.4195
7 37616287 0.648592554157349 45.4675
7 37647123 1.16767865483431 45.4875
7 37677097 0.559464270577287 45.5225
7 37736082 1.85451847973107 45.5555
7 37758999 1.25448910316333 45.598
7 37799653 0.0997446536865662 45.649
7 37874845 0.0996035777604933 45.6565
7 37975243 1.76311030741417 45.6665
7 38019483 1.21856112302586 45.7445
7 38039999 0.109248371206059 45.7695
7 38090343 0.0994035785288779 45.775
7 38140643 4.29869810857241 45.78
7 38144714 0.444855079902752 45.7975
7 38173937 0.0802503811893517 45.8105
7 38298547 1.67825461520003 45.8205
7 38319402 0.259744757484988 45.8555
7 38377151 0.270802184725223 45.8705
7 38508243 0.0552091691388127 45.906
7 38779937 1.35637496232297 45.921
7 38809796 0.506617693622939 45.9615
7 38888751 0.219944573967316 46.0015
7 38934217 0.181891360547365 46.0115
7 39063415 0.139946260635987 46.035
7 39099143 0.104458279363202 46.04
7 39194875 0.967055637934406 46.05
7 39241408 1.60213618157549 46.095
7 39260133 21.3938411669376 46.125
7 39263218 0.210623867896518 46.191
7 39286957 5.38244912790718 46.196
7 39308973 0.0873515024457626 46.3145
7 39366213 0.953061710745726 46.3195
7 39395592 0.798751718245094 46.3475
7 39449426 0.675180369612959 46.3905
7 39501264 0.615773524979401 46.4255
7 39562975 0.075720862611998 46.4635
7 39629007 0.846704203886505 46.4685
7 39652628 0.980488283164821 46.4885
7 39673026 0.83427747450822 46.5085
7 39721571 1.06696321231062 46.549
7 39754843 0 46.5845
7 39757313 1.12009449524468 46.5845
7 39806416 1.4717812029205 46.6395
7 39849561 1.21267813563908 46.703
7 39915943 0.127210278590575 46.7835
7 39994553 1.04656938104582 46.7935
7 40079115 0.37412828110504 46.882
7 40179348 0.358311474079865 46.9195
7 40327264 0.368248772504106 46.9725
7 40388364 0.29324958377484 46.995
7 40441220 0.398094831876003 47.0105
7 40511555 0.467470300053621 47.0385
7 40591774 3.9575541445595 47.076
7 40614768 0.0342465753424346 47.167
7 40687768 0.107591006621447 47.1695
7 40850421 0.190036993868147 47.187
7 40929353 0.404473206983644 47.202
7 41041845 0.765961652500289 47.2475
7 41062081 0.742839031734112 47.263
7 41112563 0.045071438229617 47.3005
7 41223498 0.201003004994885 47.3055
7 41322999 0.270207264866708 47.3255
7 41511743 0.282782580593008 47.3765
7 41635513 0.0287806225824288 47.4115
7 41896105 0.154718288939534 47.419
7 42057689 0.0500630794801469 47.444
7 42207500 0.99316848592856 47.4515
7 42261368 0.433757018091073 47.505
7 42569144 0.880684820516384 47.6385
7 42597531 2.36294896030299 47.6635
7 42602821 1.24317273987105 47.676
7 42627355 0.249651280750707 47.7065
7 42879707 0.553523951253595 47.7695
7 42989910 0.217614595846222 47.8305
7 43047351 0.261396905060592 47.843
7 43085607 0.63645621181241 47.853
7 43105247 0.557674719489743 47.8655
7 43150076 0 47.8905
7 43190739 0.278717157828246 47.8905
7 43217648 1.13831899404366 47.898
7 43255423 0.0495363398588754 47.941
7 43305891 0 47.9435
7 43359803 0 47.9435
7 43429106 0 47.9435
7 43471466 0 47.9435
7 43512058 0 47.9435
7 43541948 0.130211724263719 47.9435
7 43580347 0.0543159449887615 47.9485
7 43626374 0.0435255712731452 47.951
7 43741249 1.81046968756448 47.956
7 43750915 0.0595933350813503 47.9735
7 43792866 0.583518427888527 47.976
7 43819429 11.507479861908 47.9915
7 43820298 0.347910795672044 48.0015
7 43877784 0.799329087716446 48.0215
7 43915941 0.234106509097366 48.052
7 44022730 1.5355687872141 48.077
7 44070595 0.412327411526278 48.1505
7 44113037 0.10083816684282 48.168
7 44236998 0.106555280879623 48.1805
7 44283922 0.291327755377977 48.1855
7 44326829 1.01069814451071 48.198
7 44379268 0.44336476912705 48.251
7 44487531 0.553296262483833 48.299
7 44523678 0.504608760008093 48.319
7 44568267 0.466790502497542 48.3415
7 44672168 0.659479458332646 48.39
7 44851097 0.483400964078529 48.508
7 44924535 12.9129827826893 48.5435
7 44933131 0.59923298178334 48.6545
7 44945647 0.993213044198018 48.662
7 44963770 0 48.68
7 44971319 0.772320049427781 48.68
7 44974556 0 48.6825
7 44975388 2.84090909091458 48.6825
7 44976268 1.89146273117852 48.685
7 44997680 1.25410146390717 48.7255
7 45124464 0.184260470601205 48.8845
7 45178735 0.680827886710201 48.8945
7 45215455 0.207620119773748 48.9195
7 45323826 0.391498881431782 48.942
7 45350646 0.910010111223493 48.9525
7 45375371 0.371733392810602 48.975
7 45402272 1.20019203072485 48.985
7 45423102 0.638558277311694 49.01
7 45479479 1.86344356133918 49.046
7 45528045 0.746135020593355 49.1365
7 45578304 0.397556482109927 49.174
7 45629869 0.728578491322076 49.1945
7 45668300 1.8691999824077 49.2225
7 45691037 0.451030927835008 49.265
7 45729837 0.0709844118232 49.2825
7 45800275 1.22264150943401 49.2875
7 45833400 0.0761893152103656 49.328
7 45899026 0.105587701144625 49.333
7 45946380 0.0825788077088266 49.338
7 46218847 0.591852168480606 49.3605
7 46249260 0.603038286515855 49.3785
7 46366168 1.42544586620696 49.449
7 46396334 1.12678986235849 49.492
7 46425177 0.69645540852602 49.5245
7 46479739 2.69706376265825 49.5625
7 46499390 0.914224427559832 49.6155
7 46654166 0.403565727404819 49.757
7 46709919 0.0955968108904376 49.7795
7 46762222 0.823971922056032 49.7845
7 46841715 0.25543436613957 49.85
7 46880864 0.383851532902806 49.86
7 46940783 2.73951869229601 49.883
7 46973818 1.81044087219469 49.9735
7 46998950 0.865160368132039 50.019
7 47118581 0.892726474462064 50.1225
7 47152746 2.69303132032318 50.153
7 47179853 0.197199763360385 50.226
7 47205208 0.414582239296884 50.231
7 47313751 1.05991851876383 50.276
7 47404324 1.03528185719964 50.372
7 47477251 0.17624012038563 50.4475
7 47551014 0.518076244408875 50.4605
7 47648490 1.63306800484509 50.511
7 47694722 0.963715009300954 50.5865
7 47739341 0.246615674133422 50.6295
7 47871125 0.319925350751503 50.662
7 48021160 0.592912946428594 50.71
7 48064168 0.616544532130718 50.7355
7 48120936 1.74457664217759 50.7705
7 48167079 0.374561592681308 50.851
7 48255182 0.343186095427941 50.884
7 48300347 3.24066843667025 50.8995
7 48325959 0.76711425564555 50.9825
7 48404826 0.404586735943313 51.043
7 48498749 0.459601066274382 51.081
7 48542265 2.67750892502985 51.101
7 48567475 0.552512167023218 51.1685
7 48610008 2.76586917438816 51.192
7 48631701 0.624462552720945 51.252
7 48680543 0.566492942164456 51.2825
7 48755566 2.35564145928956 51.325
7 48788678 19.9430199430207 51.403
7 48789731 0 51.424
7 48800918 0.155734130691941 51.424
7 48816971 0.34888913698791 51.4265
7 48852799 0.872948570858397 51.439
7 48892893 1.72046137443085 51.474
7 48913527 0.618907628036392 51.5095
7 48945842 2.16095380029806 51.5295
7 48972682 0.110893074968556 51.5875
7 49180089 0.147041524526532 51.6105
7 49231095 0.652495796421277 51.618
7 49350636 0.180068570111539 51.696
7 49420054 0.269088207872528 51.7085
7 49551981 0.0243860804252884 51.744
7 49962051 0.0455821755460762 51.754
7 50291127 0 51.769
7 50342770 0 51.769
7 50376640 0 51.769
7 50506729 0 51.769
7 50600081 0.155605695168523 51.769
7 50664346 2.58703525759454 51.779
7 50677875 0.0585496417319564 51.814
7 50857210 0 51.8245
7 50936883 0.567022000453908 51.8245
7 50945701 0.907021999406191 51.8295
7 50976020 0.169204737732663 51.857
7 51038075 0.404846379201251 51.8675
7 51106002 0.377776215912279 51.895
7 51219826 0.491564748908698 51.938
7 51321542 0.0796685787125739 51.988
7 51478442 0 52.0005
7 51528008 0.0251203263632573 52.0005
7 51627529 2.1534320323022 52.003
7 51631244 0 52.011
7 51754749 0.291342073595492 52.011
7 51833694 0.0183366461540552 52.034
7 51970033 0.0121094696052547 52.0365
7 52176483 0.354377078056752 52.039
7 52368369 0.57658743351066 52.107
7 52464625 0.640399609356225 52.1625
7 52527086 0.863168372266666 52.2025
7 52591384 0.256581310617344 52.258
7 52649845 0.18391819318759 52.273
7 52731403 0.0848443711820295 52.288
7 52937663 0.0582589632493851 52.3055
7 53169387 0.312548835755525 52.319
7 53233377 3.54499009488069 52.339
7 53271741 0.0457473283559824 52.475
7 53326389 0.986019649962978 52.4775
7 53354786 0.886615357477753 52.5055
7 53462499 0.50897701213719 52.601
7 53551894 3.26534982067341 52.6465
7 53570575 3.421711246676 52.7075
7 53596147 1.0350717587865 52.795
7 53703869 1.10135165885407 52.9065
7 53813734 0.138983474864811 53.0275
7 53885685 0.4996446971043 53.0375
7 53930717 1.25630626174691 53.06
7 53981262 0.724312765150236 53.1235
7 54068241 0.158067779463803 53.1865
7 54194769 1.23469492746172 53.2065
7 54243364 1.02532178625698 53.2665
7 54297981 0.195633461147239 53.3225
7 54361876 0.908813137050585 53.335
7 54489515 2.12335032013582 53.451
7 54504821 2.32426303854857 53.4835
7 54513641 1.39084945611564 53.504
7 54585899 0.643401559561333 53.6045
7 54676822 0.681013347861828 53.663
7 54702519 0.0859884660804197 53.6805
7 54789740 0.0309946813126586 53.688
7 54870399 0.0934705231358451 53.6905
7 55004131 0.377684255961979 53.703
7 55050466 0.34992768161248 53.7205
7 55071899 0.490747043644807 53.728
7 55135068 0.145320674287934 53.759
7 55186678 0.367863449087663 53.7665
7 55234250 0.471899932046428 53.784
7 55313716 0.048845297174813 53.8215
7 55416080 0.54563331280455 53.8265
7 55508633 1.25018567113927 53.877
7 55549027 0.354927317058056 53.9275
7 55613829 2.30079922499392 53.9505
7 55634474 2.35973546123515 53.998
7 55666681 3.59541213525888 54.074
7 55700335 1.01630934520645 54.195
7 55762324 0.668706559403386 54.258
7 55861022 0.57088052612346 54.324
7 55904814 1.03651806708579 54.349
7 56009009 0.328689540087435 54.457
7 56048560 0.426902154026256 54.47
7 56089553 1.42682812353329 54.4875
7 56142818 0.0774502150018145 54.5635
7 56304212 0.746710611015267 54.576
7 56381886 0.616643862092642 54.634
7 56544865 0.626566416040193 54.7345
7 56613493 1.42628233346826 54.7775
7 56670284 0.397182651061817 54.8585
7 56726933 2.83603885796526 54.881
7 56774182 1.55279503105586 55.015
7 56822804 0.919132868522632 55.0905
7 56943570 0.0838124612366604 55.2015
7 57003227 0 55.2065
7 57028620 0 55.2065
7 57031021 1.20996441281143 55.2065
7 57052096 0.136604557128096 55.232
7 57088698 0.539956803455671 55.237
7 57153518 0.379757823011117 55.272
7 57199600 0.031177901103758 55.2895
7 57279785 0.305660838733324 55.292
7 57361575 0.317269558947254 55.317
7 57569600 1.92707696072419 55.383
7 57602292 0.770403659417411 55.446
7 57664597 0.982760738708526 55.494
7 57713439 1.91334598355463 55.542
7 57745059 1.87089403027707 55.6025
7 57780069 1.28667418550352 55.668
7 57843022 1.30259778743579 55.749
7 57924014 1.05861483586699 55.8545
7 58028868 0.0633039602958785 55.9655
7 58068360 0.894308943089311 55.968
7 58099110 20.3377902885293 55.9955
7 58106215 0.205587274735066 56.14
7 58191337 0.447524549918123 56.1575
7 58230441 3.49198621929303 56.175
7 58283849 0.56269160619351 56.3615
7 58361156 0.135300687327473 56.405
7 58564407 0.633131566130997 56.4325
7 58636272 0.294912929622399 56.478
7 58917711 0.571152967456995 56.561
7 58957105 0.980450412977635 56.5835
7 58990763 0.241059079233325 56.6165
7 59117288 0.0399774527166598 56.647
7 59367429 1.44965735371657 56.657
7 59405369 0.0658854120912309 56.712
7 59519203 0.74488645514588 56.7195
7 59544039 0.465336044214067 56.738
7 59613881 0.215566796964828 56.7705
7 59648673 1.14311842706916 56.778
7 59679291 1.90983881799853 56.813
7 59703115 0.336976896021579 56.8585
7 59845558 0.706514059629746 56.9065
7 59880943 1.45881720636506 56.9315
7 59933040 0.576237002889641 57.0075
7 60051047 1.05725085811115 57.0755
7 60120094 0.752006918463634 57.1485
7 60173285 0 57.1885
7 60198536 0.284873925027037 57.1885
7 60403890 0.161872167237058 57.247
7 60512000 4.62230365620072 57.2645
7 60536014 1.48800297600579 57.3755
7 60568272 0.705228466093217 57.4235
7 60711488 1.06665536435814 57.5245
7 60782270 1.23026893247185 57.6
7 60851767 0 57.6855
7 60855213 0 57.6855
7 60861390 0 57.6855
7 60864104 0.204324244000481 57.6855
7 60891022 0.937734433607549 57.691
7 60893688 0.915006100040702 57.6935
7 60982212 2.80083687656065 57.7745
7 61041480 0.89498806682581 57.9405
7 61061592 0.319286820725189 57.9585
7 61219757 3.25909831613248 58.009
7 61258418 1.69319336268198 58.135
7 61282042 0.587737445928289 58.175
7 61303310 1.36600711979474 58.1875
7 61327468 1.49624670318517 58.2205
7 61386616 1.20290860597765 58.309
7 61497597 2.21066951705359 58.4425
7 61518179 0.889059340352868 58.488
7 61546861 5.27493606138095 58.5135
7 61568757 0.719335014741955 58.629
7 61681361 0.316144078776848 58.71
7 61777836 0.721362697976245 58.7405
7 61903293 0.139119208467304 58.831
7 61993144 0.860834446250135 58.8435
7 62055293 0.141410713275643 58.897
7 62108330 1.07997580854193 58.9045
7 62143053 2.67006802721082 58.942
7 62172453 0.940450663958115 59.0205
7 62199036 0.17767459490193 59.0455
7 62241248 0 59.053
7 62286280 0.999633467728537 59.053
7 62316291 1.09235849371269 59.083
7 62376253 1.92573706908237 59.1485
7 62413122 1.29792872208106 59.2195
7 62450104 0.552092004009018 59.2675
7 62508971 0.935925125990005 59.3
7 62557586 8.34347297062434 59.3455
7 62563339 0.323386939209957 59.3935
7 62711768 1.47677767112184 59.4415
7 62725311 1.48621055080249 59.4615
7 62764000 0.774969683828422 59.519
7 62888521 1.42512836634192 59.6155
7 62936236 0.272923055547248 59.6835
7 63036997 2.54309126872007 59.711
7 63061770 2.14239259344265 59.774
7 63087909 3.06129799034819 59.83
7 63101792 0.0666249150531727 59.8725
7 63176839 0.636759510311517 59.8775
7 63201181 0.37979491074821 59.893
7 63240676 0.284815895005452 59.908
7 63328452 0.639362829271795 59.933
7 63355823 0.234532576575006 59.9505
7 63377142 0.731245698554742 59.9555
7 63412014 0.93037823099172 59.981
7 63466293 1.43722675479364 60.0315
7 63524391 2.16804859076842 60.115
7 63584814 0.273809234064313 60.246
7 63666988 0.94091080165595 60.2685
7 63693558 0.541642316518669 60.2935
7 63833872 0.136106271777009 60.3695
7 63888976 0.657639397990349 60.377
7 63935354 5.01299665800242 60.4075
7 63948819 1.2062624422175 60.475
7 64008093 0.217319494427854 60.5465
7 64065612 0.924011991622326 60.559
7 64138663 0 60.6265
7 64143289 0 60.6265
7 64148219 0 60.6265
7 64202096 0 60.6265
7 64258130 0.289645184648902 60.6265
7 64285750 0.266900115300759 60.6345
7 64332584 0.0491149486258587 60.647
7 64383485 0.172164451483901 60.6495
7 64398006 3.31032539794316 60.652
7 64419303 0.374749159836632 60.7225
7 64460664 0.309793182071631 60.738
7 64541363 3.03310300498173 60.763
7 64566255 0.670492110023066 60.8385
7 64630387 0.972681077998957 60.8815
7 64690016 3.23291697281388 60.9395
7 64710431 3.58387746084739 61.0055
7 64730800 2.22547827048548 61.0785
7 64766972 0.557233774232393 61.159
7 64835166 0.455257311432396 61.197
7 64890080 1.08181543725469 61.222
7 64929828 0.481495996864669 61.265
7 65019133 0.117304804804809 61.308
7 65083069 1.40637846726379 61.3155
7 65106178 1.82324153152307 61.348
7 65127020 0.482108420827017 61.386
7 65211026 0.0785978149807837 61.4265
7 65274641 0.305947621767165 61.4315
7 65372697 0.568537153902894 61.4615
7 65407875 0.539273153575691 61.4815
7 65450525 0.84563059881792 61.5045
7 65504331 2.00181983621476 61.55
7 65548291 0.141948671360509 61.638
7 65583515 3.9675542232412 61.643
7 65589186 0.130486358244314 61.6655
7 65631336 0 61.671
7 65672986 0.0513404525427324 61.671
7 65780114 0.451687504516978 61.6765
7 65807788 1.57315154693241 61.689
7 65836393 0.492335371561269 61.734
7 65918654 1.37477258115258 61.7745
7 65991757 0.275168989651249 61.875
7 66158927 0.963805518384011 61.921
7 66284471 1.43317103816555 62.042
7 66335407 0.119946647731048 62.115
7 66439620 2.27386115055464 62.1275
7 66491734 0.543082027704626 62.246
7 66626152 1.79338532760559 62.319
7 66698083 0.119222194403686 62.448
7 66781960 1.25078173858661 62.458
7 66828331 1.54372436185485 62.516
7 66897320 0.0631042229346012 62.6225
7 67016171 0.09037560099775 62.63
7 67099158 1.05552037154307 62.6375
7 67132317 0.669457845408395 62.6725
7 67226423 0.560732136181782 62.7355
7 67298650 0.451154472068683 62.776
7 67360713 0.102257853403048 62.804
7 67385161 0.30127741624489 62.8065
7 67410055 1.94629806164599 62.814
7 67460407 1.64084560787603 62.912
7 67486613 4.00730042850338 62.955
7 67511817 1.71965659376723 63.056
7 67549906 0.534355124596119 63.1215
7 67588270 0.530068113752606 63.142
7 67663732 2.49091153897933 63.182
7 67708294 0.453216374269092 63.293
7 67742494 2.10266692691232 63.3085
7 67798851 0.905564188849297 63.427
7 67888298 1.10880646086627 63.508
7 67978936 1.2928540431072 63.6085
7 68144848 0.196055818244731 63.823
7 68274913 1.19483829855031 63.8485
7 68287467 1.41427871785383 63.8635
7 68387518 1.74539279199979 64.005
7 68419316 2.65077328290643 64.0605
7 68448930 1.66333998669349 64.139
7 68481996 0.20837617382958 64.194
7 68846721 1.86048372576877 64.27
7 68896708 0.434601866898381 64.363
7 68949630 0.457382147866728 64.386
7 68998823 1.88353476691237 64.4085
7 69049791 0.44240827401801 64.5045
7 69100649 0.937960605654519 64.527
7 69160353 1.1830026183794 64.583
7 69192052 2.54283702370698 64.6205
7 69204833 0.0936201021082396 64.653
7 69284944 0 64.6605
7 69325517 0.500163096661871 64.6605
7 69371502 0.511342506508015 64.6835
7 69436038 0.0366123339630322 64.7165
7 69504321 1.0654449564501 64.719
7 69541864 0.135490057114325 64.759
7 69637812 0.0857544678076948 64.772
7 69666965 0.119511437244436 64.7745
7 69708802 0.167777728066024 64.7795
7 69753504 4.07791210899921 64.787
7 69763926 0.373798746754794 64.8295
7 69837495 3.82402928487352 64.857
7 69852793 0.333144551421032 64.9155
7 69882810 0.23485939750759 64.9255
7 69914744 0.16405491246015 64.933
7 69990938 0.526689413543025 64.9455
7 70034607 0.765054134843195 64.9685
7 70189498 0.256132400748518 65.087
7 70240253 0.104164496573041 65.1
7 70336255 1.20383746342182 65.11
7 70363252 2.03796864098685 65.1425
7 70390485 1.71850541074028 65.198
7 70419871 0.181857859896539 65.2485
7 70433618 0.213348388070864 65.251
7 70585951 0.698630136986133 65.2835
7 70622451 2.44005941014235 65.309
7 70646016 0.643688212004145 65.3665
7 70728354 1.02244943320752 65.4195
7 70773344 0.405177004468484 65.4655
7 70816535 0.118329751886203 65.483
7 70922172 0.0352718756172257 65.4955
7 70993050 0.137816979051694 65.498
7 71047470 0.545093093350037 65.5055
7 71094251 0.876020620177549 65.531
7 71183290 1.15043069843512 65.609
7 71235879 0.106198825441045 65.6695
7 71330042 0.182907955088936 65.6795
7 71401116 0.473440015150155 65.6925
7 71485604 2.87948211358192 65.7325
7 71509393 1.10015794346712 65.801
7 71601198 0.522906594098554 65.902
7 71783831 0.314381756184639 65.9975
7 71825182 0.540410712141418 66.0105
7 71866817 0.0218973626816187 66.033
7 71980986 1.93255865811063 66.0355
7 72021347 0.467216944401201 66.1135
7 72053452 3.68850020822164 66.1285
7 72087070 0.193600346931866 66.2525
7 72151636 0.565737448088977 66.265
7 72232062 3.438225784416 66.3105
7 72254021 1.00290902266235 66.386
7 72339273 1.54529229965607 66.4715
7 72362246 0.95025886362135 66.507
7 72423282 0.481062185305172 66.565
7 72454463 1.46292616525599 66.58
7 72518376 0.672532027959457 66.6735
7 72563727 0.835087016067264 66.704
7 72593664 2.26357252343795 66.729
7 72621717 1.04950882986746 66.7925
7 72657448 0.71492654480229 66.83
7 72693116 0.350996460477794 66.8555
7 72828445 1.8055847155151 66.903
7 72852260 0.541242693223765 66.946
7 72898450 0.384629935558587 66.971
7 72977747 1.43902278269658 67.0015
7 73023264 0.106562093732224 67.067
7 73070185 0.463262416306813 67.072
7 73184591 1.71559283263445 67.125
7 73195083 0.137423043095741 67.143
7 73249659 0.831540461702974 67.1505
7 73325422 0.320841889117207 67.2135
7 73356590 0.0855102826115278 67.2235
7 73473535 0.500723818589243 67.2335
7 73574389 1.75803100527386 67.284
7 73605674 2.18152866242039 67.339
7 73637074 0.918473231062626 67.4075
7 73708388 1.07867330943176 67.473
7 73837250 1.4558555001729 67.612
7 73898039 1.34716173322494 67.7005
7 73952227 0.647369500564039 67.7735
7 74030235 0.881795815280294 67.824
7 74076164 3.24608256853659 67.8645
7 74143938 3.75083209585716 68.0845
7 74182996 0.222977191460407 68.231
7 74306327 2.03690754871858 68.2585
7 74372113 1.15463685262892 68.3925
7 74514149 0.62624191434489 68.5565
7 74703373 0.0983893660772948 68.675
7 74906647 0.505702089704421 68.695
7 75032215 0.382601006665895 68.7585
7 75091023 0.977603981514243 68.781
7 75152909 3.87493615792883 68.8415
7 75197942 1.2050380494891 69.016
7 75319100 1.04526305786915 69.162
7 75350671 0.719793089986421 69.195
7 75473623 4.39999999999982 69.2835
7 75501123 1.2358431401483 69.4045
7 75609551 1.12009175791681 69.5385
7 75665350 0.349772647778957 69.601
7 75759697 1.0307346326837 69.634
7 75791713 1.4327355367816 69.667
7 75832195 0.76323415370806 69.725
7 75954700 0.198877007829132 69.8185
7 76105547 0.112627832590047 69.8485
7 76194335 4.70920023412953 69.8585
7 76213128 1.01455982343095 69.947
7 76297401 1.3557257014537 70.0325
7 76381120 0.845882577201653 70.146
7 76423088 0.0437563993733686 70.1815
7 76537357 1.60605647870707 70.1865
7 76625461 0.779151884884404 70.328
7 76715944 2.11782434276171 70.3985
7 76765051 0.356843853364639 70.5025
7 76983634 0.430708065126885 70.5805
7 77089274 0.368194537629379 70.626
7 77150383 2.13924542979394 70.6485
7 77181235 0.315293301593745 70.7145
7 77244668 0.544293137798563 70.7345
7 77342042 0.22485047443451 70.7875
7 77408753 1.18006167789063 70.8025
7 77440531 3.20094601206945 70.84
7 77465055 2.36172482096616 70.9185
7 77510996 0.212734273618932 71.027
7 77558003 0.403185719493164 71.037
7 77739061 0.121247393180936 71.11
7 77759680 1.15246552049891 71.1125
7 77786145 0.813341735422058 71.143
7 77854382 5.68593365203573 71.1985
7 77881994 1.71896916856899 71.3555
7 77918353 1.66596939995207 71.418
7 77985281 1.67625808996228 71.5295
7 78041060 1.06992384268798 71.623
7 78116299 2.67690875232766 71.7035
7 78154963 0.765247557584908 71.807
7 78194166 0 71.837
7 78196679 1.29133281815574 71.837
7 78245853 4.66472303207015 71.9005
7 78287013 0.690324052943915 72.0925
7 78374653 1.06987487423644 72.153
7 78445222 1.39891654383116 72.2285
7 78551733 0.15721857874416 72.3775
7 78618519 0.500403102499189 72.388
7 78834345 1.03783059926367 72.496
7 78864215 0.456087860765602 72.527
7 78919029 1.8205381387311 72.552
7 78967641 1.12600588241004 72.6405
7 79070660 0.186416917708052 72.7565
7 79204768 2.0547596630958 72.7815
7 79283366 6.04020436422705 72.943
7 79304309 0.784410330878416 73.0695
7 79381437 3.9137178516036 73.13
7 79409160 2.57321246636541 73.2385
7 79447439 0.215414261207443 73.337
7 79575100 1.89715821508982 73.3645
7 79600401 0.692366105329118 73.4125
7 79622788 1.39934017867082 73.428
7 79676742 0.676922035504426 73.5035
7 79735833 1.32933502334063 73.5435
7 79800527 0.522874740621231 73.6295
7 79921971 1.84708908113159 73.693
7 79986126 0.877830531512262 73.8115
7 80092069 0.711255620189646 73.9045
7 80131436 0.0551541558655943 73.9325
7 80222091 1.31111341130996 73.9375
7 80251074 0.100646823586347 73.9755
7 80325592 0.908195308170641 73.983
7 80423038 0.154779593858331 74.0715
7 80536102 1.87447482386423 74.089
7 80567044 0.643286360815381 74.147
7 80633111 1.00562019510911 74.1895
7 80686312 4.18698812919887 74.243
7 80708046 0.130680234178861 74.334
7 80765438 1.20602013355935 74.3415
7 80815603 0.0522073257318992 74.402
7 80863489 1.09225491966067 74.4045
7 80918879 0.0786930655669907 74.465
7 80982417 0.253941166910508 74.47
7 81031641 0.350795135640799 74.4825
7 81082953 0 74.5005
7 81114186 1.19019281123501 74.5005
7 81135191 0.519853007080819 74.5255
7 81246761 5.75789108567453 74.5835
7 81261176 0.219748022268016 74.6665
7 81295306 1.35295513885564 74.674
7 81316371 1.73954442247123 74.7025
7 81343677 0.928587220871138 74.75
7 81479367 0.428345620618495 74.876
7 81562244 0.572784551182219 74.9115
7 81611128 0.416597233794462 74.9395
7 81641133 0.598907592551323 74.952
7 81703747 0.945117671828935 74.9895
7 81810612 2.04876738093615 75.0905
7 81840386 0.606781955238185 75.1515
7 81968933 1.35493705188285 75.2295
7 82004359 1.56145438322558 75.2775
7 82044706 0.418725399882716 75.3405
7 82128293 0.288581482377966 75.3755
7 82182004 1.69792272157111 75.391
7 82214691 0.771557311277257 75.4465
7 82230892 0.876298286190298 75.459
7 82300503 0.152919228064032 75.52
7 82333200 3.91242706799686 75.525
7 82369878 1.20001581197308 75.6685
7 82546959 0.716535154453035 75.881
7 82603481 4.92146288273956 75.9215
7 82637414 4.15914619791292 76.0885
7 82662900 8.16174646489653 76.1945
7 82683055 5.19804106882075 76.359
7 82706333 0.492566720401025 76.48
7 82762163 0.538486338910305 76.5075
7 82907942 0.36947632888328 76.586
7 83009437 0.0713337993807577 76.6235
7 83079530 0.244018165796796 76.6285
7 83153295 0.30943064760846 76.6465
7 83203387 0.627943485086217 76.662
7 83235237 0.426839679016578 76.682
7 83270379 0.308992930241826 76.697
7 83310833 0.231048520189092 76.7095
7 83356278 1.09345385624765 76.72
7 83376855 0.917014708552743 76.7425
7 83431925 0.48779853270194 76.793
7 83508801 1.12351660697989 76.8305
7 83551524 0.687748156551393 76.8785
7 83622044 1.14573785517824 76.927
7 83648228 0.410119403334983 76.957
7 83733569 0.620435728960909 76.992
7 83782728 1.97755062251099 77.0225
7 83818631 1.57306905773132 77.0935
7 83856773 2.69411717399172 77.1535
7 83906511 0.560092380669228 77.2875
7 84051130 1.05917955615337 77.3685
7 84170090 4.85281995373214 77.4945
7 84207697 6.45087301814829 77.677
7 84242576 0.805828828526371 77.902
7 84302142 0.861128652620734 77.95
7 84354399 5.05292503375875 77.995
7 84377356 0.851788756388448 78.111
7 84416098 1.11846946284023 78.144
7 84450073 6.04602782473013 78.182
7 84473146 5.23017169086805 78.3215
7 84495803 0.0887043837706913 78.44
7 84608537 1.29510353902613 78.45
7 84680732 2.70424817135646 78.5435
7 84722703 0.11097465338917 78.657
7 84857869 0.279955207166599 78.672
7 84866799 0.184215453562627 78.6745
7 85032366 0.571124983397614 78.705
7 85107656 0.0623368851504661 78.748
7 85227970 1.72237574289299 78.7555
7 85280804 0.210726585265977 78.8465
7 85363850 0.406645753456504 78.864
7 85518776 1.42616665107965 78.927
7 85540162 0.228562079866806 78.9575
7 85747983 0.0900982070458539 79.005
7 85803478 0.118804352991386 79.01
7 85845564 0.640061234724367 79.015
7 85921338 0.534867850753359 79.0635
7 86029776 1.41701728761086 79.1215
7 86075647 0 79.1865
7 86115165 0.138116623895093 79.1865
7 86227389 0.727385466599974 79.202
7 86269320 1.31953476974105 79.2325
7 86322369 0.906344410876167 79.3025
7 86378639 1.05891747387437 79.3535
7 86407442 0.590726502717321 79.384
7 86462459 0.504489046243827 79.4165
7 86627973 0.636270103427696 79.5
7 86738775 0.848881421876414 79.5705
7 86795320 2.90494800753715 79.6185
7 86852636 0.517970705878987 79.785
7 86887387 0.473807140473793 79.803
7 86962312 0.19200361418574 79.8385
7 87095122 0.812026038520872 79.864
7 87244132 0.343790681897306 79.985
7 87353210 0.340700992292056 80.0225
7 87376691 2.14076068867429 80.0305
7 87442789 1.22556075573506 80.172
7 87564366 0.628577842631177 80.321
7 87608911 3.03244189998169 80.349
7 87647164 0.781445964458572 80.465
7 87698991 3.48455255681842 80.5055
7 87721519 1.84004922276789 80.584
7 87807658 0.209199185517647 80.7425
7 87843509 5.65571347967426 80.75
7 87880728 1.72763214724748 80.9605
7 87971025 1.15943668344542 81.1165
7 87988706 0.401383228356217 81.137
7 88102064 2.22502591788424 81.1825
7 88204310 0.738768147066513 81.41
7 88262515 5.31547104580812 81.453
7 88297225 3.44106731808153 81.6375
7 88339799 0.237750876706296 81.784
7 88541691 1.66968972600283 81.832
7 88624940 1.95027372262765 81.971
7 88668780 0.487955822146016 82.0565
7 88710792 0.697083185260328 82.077
7 88747373 0.477883549336263 82.1025
7 88773530 1.58027812895089 82.115
7 88790932 2.24162648247096 82.1425
7 88829297 0.409208511537118 82.2285
7 88867175 1.89968786998175 82.244
7 88960085 0.440102103687968 82.4205
7 89005529 0.213112348637852 82.4405
7 89148646 1.63859143757694 82.471
7 89244460 1.65026315006994 82.628
7 89311722 3.08382982294183 82.739
7 89335556 1.68042424761746 82.8125
7 89440589 0.426103969368514 82.989
7 89523902 0.666548169214387 83.0245
7 89546406 1.21812842077153 83.0395
7 89696226 0.491708564333996 83.222
7 89777575 0.511785482592071 83.262
7 89846940 2.28944157064335 83.2975
7 89939539 1.07842052870249 83.5095
7 89993785 2.30691896161722 83.568
7 90049487 0.423610278543718 83.6965
7 90174602 0.505287729336564 83.7495
7 90244859 0.772256245398006 83.785
7 90300540 0.512199664742057 83.828
7 90364968 3.68560374669076 83.861
7 90389523 2.61240203492366 83.9515
7 90462253 1.74247796575854 84.1415
7 90511608 0 84.2275
7 90536728 0 84.2275
7 90553518 0.896898112374403 84.2275
7 90589754 48.0497456189943 84.26
7 90593292 1.88517566409572 84.43
7 90622467 0.413123398566595 84.485
7 90837899 0.532141336739104 84.574
7 90889577 0.88965498067784 84.6015
7 90997484 4.50300851762116 84.6975
7 91048672 0.436571073770964 84.928
7 91100210 0.635597671926443 84.9505
7 91195396 0.191714850999261 85.011
7 91260597 0.892205369454166 85.0235
7 91297584 0.365169947229376 85.0565
7 91437245 1.73095762468419 85.1075
7 91573008 0.575597892176716 85.3425
7 91634683 0.245631272369967 85.378
7 91705928 0.837050498375545 85.3955
7 91796723 2.58314855875805 85.4715
7 91841823 2.68432355046793 85.588
7 91844617 11.0495222813798 85.5955
7 91858328 2.52272162687704 85.747
7 91975067 4.21994884910485 86.0415
7 92018077 2.78761897357876 86.223
7 92108118 10.6875034210959 86.474
7 92144656 4.42977824709609 86.8645
7 92239356 2.28138518821424 87.284
7 92425208 0.633197648123045 87.708
7 92524703 0.327984069345188 87.771
7 92695443 4.88604972375717 87.827
7 92724403 0.719932980784051 87.9685
7 92762601 2.00770960488283 87.996
7 92837313 0.241457194166806 88.146
7 93036106 0.632960446430841 88.194
7 93152227 3.06349406185772 88.2675
7 93176056 1.65355091005649 88.3405
7 93258908 0.221733423209079 88.4775
7 93315282 0.0422550684955477 88.49
7 93433611 2.61893140089359 88.495
7 93486877 0.3048442523002 88.6345
7 93595129 0.473528810978326 88.6675
7 93648980 1.85603499129541 88.693
7 93718483 0.475203041299482 88.822
7 93787927 0.928564567256776 88.855
7 93850389 2.84293506543585 88.913
7 93902272 1.4175349067968 89.0605
7 93916381 1.78335118785044 89.0805
7 93995726 0.107726961120596 89.222
7 94046781 0.176358925685532 89.2275
7 94358645 1.02504321260606 89.2825
7 94408399 2.06046275966873 89.3335
7 94438004 2.00798757488364 89.3945
7 94483074 0.834977986943961 89.485
7 94529183 1.01356701684003 89.5235
7 94623898 2.33139859630385 89.6195
7 94665075 3.65790829469335 89.7155
7 94674780 0.0716886989934255 89.751
7 94744526 1.35948639604252 89.756
7 94854494 0.447946422670442 89.9055
7 94990671 0.367817652983837 89.9665
7 95079030 1.87642842302109 89.999
7 95156038 1.1008896564536 90.1435
7 95301375 0.314742540601725 90.3035
7 95364919 0.761052042529355 90.3235
7 95454269 3.01887787386645 90.3915
7 95492197 0.948758345156499 90.506
7 95607084 2.67862061367274 90.615
7 95679696 0.096828854998822 90.8095
7 95844936 0.65934553030219 90.8255
7 96025418 0.0403929425450418 90.9445
7 96087310 0.693673695893259 90.947
7 96119746 2.67338598162441 90.9695
7 96152289 1.58029200284459 91.0565
7 96266192 1.06231304688146 91.2365
7 96409276 2.66313119667983 91.3885
7 96496016 0.905525953421611 91.6195
7 96562828 0.675342057691736 91.68
7 96807889 1.31267035758686 91.8455
7 96937396 2.23168870803662 92.0155
7 97016036 0.364638788815675 92.191
7 97084597 0.675117883278107 92.216
7 97227535 2.99378066210842 92.3125
7 97279309 1.08197843794614 92.4675
7 97434118 1.30290471109114 92.635
7 97603739 1.60977449686131 92.856
7 97677973 2.48924400737549 92.9755
7 97726783 0.384240408327162 93.097
7 97813968 1.02160306884722 93.1305
7 97937793 0.192771827553968 93.257
7 98067480 0.0921806248618199 93.282
7 98148842 0.695414919811018 93.2895
7 98299112 1.94855019788369 93.394
7 98348636 3.21528847024717 93.4905
7 98370718 0.982746039592317 93.5615
7 98455684 1.30887059899413 93.645
7 98543164 0.0480030721965769 93.7595
7 98595244 0.345021603660402 93.762
7 98689441 0 93.7945
7 98875234 0.114954273744448 93.7945
7 99031818 0.401959086748941 93.8125
7 99112672 1.07378517620098 93.845
7 99202541 0.460905012597942 93.9415
7 99251358 1.99217360369966 93.964
7 99279468 1.32147368197592 94.02
7 99373681 0.263567934635199 94.1445
7 99631679 0.716332378223412 94.2125
7 99716835 0.352577225785973 94.2735
7 99760797 4.34549219089496 94.289
7 99799918 2.03398449086833 94.459
7 99823517 1.30366067918711 94.507
7 99948166 0.312197558615251 94.6695
7 99980197 2.69737736105443 94.6795
7 100053787 5.57078763708877 94.878
7 100093907 2.71824825524799 95.1015
7 100239773 1.39479445801662 95.498
7 100358070 1.27919233438036 95.663
7 100546861 0.205310173312766 95.9045
7 100805007 3.68120743603927 95.9575
7 100848471 1.95910708865644 96.1175
7 100884712 1.44985217193526 96.1885
7 100955064 1.29459796166489 96.2905
7 101088310 1.17641292093529 96.463
7 101129112 0.435471100554252 96.511
7 101204892 0.195570331980878 96.544
7 101245798 0.809966444247158 96.552
7 101323579 0.255251422651321 96.615
7 101523382 0.100950550382424 96.666
7 101647205 2.82314982859434 96.6785
7 101667041 2.76905580141936 96.7345
7 101707488 1.32616247995721 96.8465
7 101857168 0.408373994405453 97.045
7 102093471 1.84194250988196 97.1415
7 102130660 0.551490369095166 97.21
7 102205004 0.259409140095734 97.251
7 102272465 1.11065504502963 97.2685
7 102313882 0.797205211792598 97.3145
7 102412351 0.425097772487725 97.393
7 102477042 1.01768222872403 97.4205
7 102587096 0.271205830432286 97.5325
7 102688495 1.73464755852408 97.56
7 102719337 0.901442307692091 97.6135
7 102747625 2.22519427214255 97.639
7 102790992 3.28509647371896 97.7355
7 102815040 0.968086250693004 97.8145
7 102935897 0.0934369860964915 97.9315
7 102962653 0.947040035653572 97.934
7 102989579 0.596634978720042 97.9595
7 103014720 1.66502686747888 97.9745
7 103041146 0.90536221347347 98.0185
7 103114045 2.91519434628924 98.0845
7 103136685 2.76368249365744 98.1505
7 103158757 2.38145085313498 98.2115
7 103196969 1.95190619240429 98.3025
7 103265876 0.241525303327443 98.437
7 103371455 2.06039316354721 98.4625
7 103386258 0.76316160240452 98.493
7 103428844 0.541418516513482 98.5255
7 103452855 4.8766494549627 98.5385
7 103477257 1.21298046628857 98.6575
7 103508997 2.7992618242894 98.696
7 103557224 2.40739797218109 98.831
7 103596478 2.18732615182322 98.9255
7 103636024 0.999507285141099 99.012
7 103707059 2.26455459966314 99.083
7 103794935 0.558526843138604 99.282
7 103854019 0 99.315
7 103891730 0.513725887443367 99.315
7 103960833 1.79704179274125 99.3505
7 104025940 1.25124181033931 99.4675
7 104105461 2.18072363167308 99.567
7 104138019 1.21640346516321 99.638
7 104232560 0.611162216313674 99.753
7 104311917 2.57731958762856 99.8015
7 104346837 2.01849787605842 99.8915
7 104380030 2.61513538532746 99.9585
7 104401635 4.63885907069449 100.015
7 104427719 0.834858555695035 100.136
7 104458862 3.72279495990794 100.162
7 104488544 0.686080947680207 100.2725
7 104589844 1.4302741358761 100.342
7 104627599 0.954627695198885 100.396
7 104727638 0.727322317430734 100.4915
7 104903626 3.0922763370579 100.6195
7 104932084 2.28934883046392 100.7075
7 104980351 2.35392383917376 100.818
7 105006690 2.30060314933011 100.88
7 105080801 2.06450428958121 101.0505
7 105124395 0.682601495009255 101.1405
7 105169077 0.944318684115295 101.171
7 105243734 2.2874626648211 101.2415
7 105312369 5.81656485806716 101.3985
7 105334633 2.38012306977806 101.528
7 105343246 0.134353539224579 101.5485
7 105570259 2.43589743589753 101.579
7 105617059 1.39640286621672 101.693
7 105679720 1.41154794805502 101.7805
7 105780673 1.87771635934003 101.923
7 105804372 0.466736786747291 101.9675
7 105880432 5.89666405509054 102.003
7 105904683 1.28274372130678 102.146
7 105926901 10.2072310405649 102.1745
7 105949581 2.0970273717256 102.406
7 105990353 1.41643059490082 102.4915
7 106046833 3.31245483016153 102.5715
7 106096645 0.270859060089906 102.7365
7 106268321 1.92174913693903 102.783
7 106311771 2.73674945677564 102.8665
7 106348128 0.389174949108048 102.966
7 106414936 0.951776649746133 102.992
7 106489008 0.208768267223266 103.0625
7 106527328 0.642790038402609 103.0705
7 106588001 0.51702646042274 103.1095
7 106658597 0.644728698163715 103.146
7 106716761 1.6119634880559 103.1835
7 106742506 0.68449714625099 103.225
7 106841849 0.711444833024741 103.293
7 106900181 0.43167538011417 103.3345
7 106941879 0.907029478457547 103.3525
7 106968339 0.601076473320553 103.3765
7 107041541 0.204123290467257 103.4205
7 107066036 0.767497305594517 103.4255
7 107096655 0.371813031161739 103.449
7 107124895 1.37922516365389 103.4595
7 107149184 1.3610169982339 103.493
7 107183717 0.492803371454728 103.54
7 107242564 0.163214061519034 103.569
7 107322214 0.127842026591193 103.582
7 107423902 1.13789179683451 103.595
7 107462570 0.53079619429141 103.639
7 107512495 0.175322661128339 103.6655
7 107586644 0.371798402643914 103.6785
7 107659264 0.728280787483107 103.7055
7 107680547 0.564312122981054 103.721
7 107731937 0.931028218481216 103.75
7 107797993 0.756219908749493 103.8115
7 107837664 0.481749535055753 103.8415
7 107882293 0.154762346940074 103.863
7 107963062 0.0184512367360696 103.8755
7 108261145 1.09334830531031 103.881
7 108294986 0.457889671871585 103.918
7 108359412 0.891659869776122 103.9475
7 108431749 0.0870680238724349 104.012
7 108558087 0.878304961970377 104.023
7 108613307 0 104.0715
7 108633936 0.574526912995017 104.0715
7 108689634 0.633582032487541 104.1035
7 108781177 0.196980723247563 104.1615
7 108963936 0.0937682710233754 104.1975
7 109054585 0.850051003059894 104.206
7 109083995 1.5489098057906 104.231
7 109109174 2.23916995521658 104.27
7 109131727 0.758908551519734 104.3205
7 109160716 1.95630278143641 104.3425
7 109186530 2.43984519602864 104.393
7 109204359 0.36252664841412 104.4365
7 109296766 0.867313590426723 104.47
7 109336544 1.68874092301772 104.5045
7 109377995 1.05272265805272 104.5745
7 109412667 1.44615061001243 104.611
7 109450699 0.324852961291298 104.666
7 109538431 0.63675283151787 104.6945
7 109612243 1.24858558664 104.7415
7 109637872 0.738666092148623 104.7735
7 109670363 0.540936137715997 104.7975
7 109764644 0.459886066935763 104.8485
7 109798348 0 104.864
7 109852112 0.148030272190581 104.864
7 109906155 0 104.872
7 110014945 0 104.872
