Chromosome Position(bp) Rate(cM/Mb) Map(cM)
4 0 0 0
4 337117 13.2373303793963 0
4 373227 2.61028452101279 0.478
4 453678 0.550874918988983 0.688
4 484538 1.81627493471134 0.705
4 628514 0.273687799045934 0.9665
4 1045047 3.81722558389413 1.0805
4 1098096 0.130370542051744 1.283
4 1270681 0.079705318052684 1.3055
4 1446328 2.78701789085679 1.3195
4 1479697 1.44229496916929 1.4125
4 1517484 2.16492337630747 1.467
4 1538039 1.84535224517857 1.5115
4 1620950 4.65745881705134 1.6645
4 1642743 0.0352664789404862 1.766
4 1827054 0.287419480277954 1.7725
4 1886201 0.118059771975982 1.7895
4 1945493 1.77982703425868 1.7965
4 1987351 0.800740239866186 1.871
4 2043549 3.41859321200197 1.916
4 2084209 1.25247363542997 2.055
4 2124130 5.96840782624304 2.105
4 2168698 1.97130299896587 2.371
4 2230586 0.650124607216384 2.493
4 2285960 0.164421851664086 2.529
4 2431926 0.585708707536141 2.553
4 2437048 0.58695287606909 2.556
4 2472826 0.84132104811196 2.577
4 2645174 6.72981056829513 2.722
4 2665234 6.60082981860576 2.857
4 2694397 0 3.0495
4 2708544 0.63856960408687 3.0495
4 2713242 0.280977802753579 3.0525
4 2745273 0.416299926255441 3.0615
4 2913421 2.16538387325 3.1315
4 2960064 1.51944195041094 3.2325
4 2989022 0.138789992638096 3.2765
4 3237599 0.259536097763541 3.311
4 3372455 0.0865925819021472 3.346
4 3441745 1.31126431005512 3.352
4 3569103 0.690698592290485 3.519
4 3614709 2.86631149328598 3.5505
4 3678903 0.0352802130924858 3.7345
4 3848970 2.09369005136245 3.7405
4 3897449 0.357094426614834 3.842
4 4008064 0.192061098024597 3.8815
4 4185091 5.2646422863589 3.9155
4 4195728 5.84829183555303 3.9715
4 4204363 0.499755438827808 4.022
4 4345432 11.6561437591064 4.0925
4 4349550 1.97697697697695 4.1405
4 4369530 6.28134465465018 4.18
4 4389669 5.3116989508734 4.3065
4 4427510 1.26044189610005 4.5075
4 4467972 0.557314980272814 4.5585
4 4637535 0 4.653
4 4638173 0 4.653
4 4644336 1.06312292358804 4.653
4 4651861 2.13459728385103 4.661
4 4681609 0.945529876843545 4.7245
4 4786841 0.622901505598523 4.824
4 4852662 0.745810300956368 4.865
4 4875456 1.82116999067207 4.882
4 4897969 0.136523854440739 4.923
4 4938255 0 4.9285
4 4971696 0.321491721588174 4.9285
4 5015243 0.251302202321142 4.9425
4 5037129 2.76423581444437 4.948
4 5057026 0.170357751277649 5.003
4 5071701 1.1287461703255 5.0055
4 5115112 2.2477693891558 5.0545
4 5144252 2.05922396187884 5.12
4 5173632 1.51148730350665 5.1805
4 5304298 0.798847858862708 5.378
4 5482054 0 5.52
4 5486093 0 5.52
4 5488634 0.469842015622247 5.52
4 5505661 1.38336938477792 5.528
4 5545419 16.3507845269535 5.583
4 5558293 0 5.7935
4 5559398 3.14795383001061 5.7935
4 5560351 0.846602194653375 5.7965
4 5621773 1.98049969530781 5.8485
4 5631619 3.20243104254324 5.868
4 5695789 0.63832256566985 6.0735
4 5799185 0.413016160355719 6.1395
4 5912982 0.530043849082066 6.1865
4 5933735 1.53495125492636 6.1975
4 5981945 0.386572813510553 6.2715
4 6130688 0.746717450135311 6.329
4 6330228 1.44782009667703 6.478
4 6373051 0.422203457624108 6.54
4 6418053 0.630872180789939 6.559
4 6551202 5.50922415971696 6.643
4 6570987 0.108616944243306 6.752
4 6598607 1.36562272396218 6.755
4 6604099 1.04829843266599 6.7625
4 6643210 0.0712392784885986 6.8035
4 6678303 0.424929178470251 6.806
4 6766553 1.84511760385505 6.8435
4 6822376 0.162523147236119 6.9465
4 6923900 0.66200504778849 6.963
4 6948069 1.92159877017678 6.979
4 6983196 0.945726858642776 7.0465
4 7009102 2.03745980312738 7.071
4 7049839 5.26113178493521 7.154
4 7073218 1.47241871337927 7.277
4 7106157 2.86135437440389 7.3255
4 7140756 1.30040944320183 7.4245
4 7275329 0.439149393457195 7.5995
4 7372107 3.50520867457247 7.642
4 7402633 1.1878397422992 7.749
4 7427468 9.39380079513072 7.7785
4 7455891 1.5056482606019 8.0455
4 7515998 1.58010301450822 8.136
4 7564729 4.19374404297723 8.213
4 7622434 11.4020386295574 8.455
4 7658831 1.23700623700625 8.87
4 7803131 0.789024736991734 9.0485
4 7873471 9.10071457462588 9.104
4 7917973 5.27777777777775 9.509
4 7962973 10.9404096834266 9.7465
4 7965121 3.02459473083762 9.77
4 8002812 2.74269461280602 9.884
4 8091411 0.90099802858549 10.127
4 8156339 0.202706404426684 10.1855
4 8247604 1.02612264774427 10.204
4 8420098 6.52114222954413 10.381
4 8427382 0.359914872308458 10.4285
4 8523238 0.651297241354702 10.463
4 8579280 0.572537433458914 10.4995
4 8693683 0.453367875647674 10.565
4 8794043 1.65004125103129 10.6105
4 8834042 1.24291321412996 10.6765
4 8948692 0.79266675302724 10.819
4 9110803 0.931937172774892 10.9475
4 9158553 1.0304012400042 10.992
4 9215327 0.11453179402604 11.0505
4 9258983 0.541949997443622 11.0555
4 9356778 0.747472131649279 11.1085
4 9441731 0.51546391752576 11.172
4 9477621 1.14658780481692 11.1905
4 9557423 1.39790764790765 11.282
4 9623951 0.896519539213524 11.375
4 9664664 0.691684202322497 11.4115
4 9767312 6.3283346876462 11.4825
4 9807923 0 11.7395
4 9849883 2.379503672476 11.7395
4 9895901 1.46496387913489 11.849
4 9940612 1.21538426588518 11.9145
4 9984631 10.8957241288366 11.968
4 10014964 0.435128362867045 12.2985
4 10081611 3.4339046724583 12.3275
4 10115683 1.87789055467614 12.4445
4 10147900 2.66319831537221 12.505
4 10204411 0.258343892627367 12.6555
4 10285698 1.52005491811311 12.6765
4 10295895 2.00438855599626 12.692
4 10319593 1.7899992259463 12.7395
4 10371269 0.268774388787123 12.832
4 10471725 1.69696406155564 12.859
4 10514743 0.468038379147086 12.932
4 10570294 0.318139750115699 12.958
4 10622158 0.27155195252475 12.9745
4 10697650 1.95651902136545 12.995
4 10777639 3.23402342481832 13.1515
4 10857725 0.80248564785283 13.4105
4 10906324 2.51950281811052 13.4495
4 10933115 0.487886944818303 13.517
4 10992555 4.24393930585433 13.546
4 11009756 3.02019683753907 13.619
4 11052634 1.23733007898574 13.7485
4 11111632 0.0194547482555583 13.8215
4 11265836 1.71512369293546 13.8245
4 11344256 2.65439064423472 13.959
4 11383248 3.53861636853553 14.0625
4 11414051 1.03358479422269 14.1715
4 11451300 1.10993055819071 14.21
4 11556712 0 14.327
4 11596320 8.00682549058213 14.327
4 11657268 1.04096451334909 14.815
4 11774467 1.13010827166347 14.937
4 11801898 0.693704630478409 14.968
4 11963350 0.710202667590514 15.08
4 11992215 2.81456132519963 15.1005
4 12032541 0.987426241648674 15.214
4 12158120 0.0967941768623351 15.338
4 12209776 0.123292255485042 15.343
4 12380103 0.914164085631229 15.364
4 12453394 0.203681942812404 15.431
4 12517219 0.7582839929365 15.444
4 12565354 0.145815106445033 15.4805
4 12616789 0.660155255790293 15.488
4 12679653 0.763941940412523 15.5295
4 12713687 2.53260253260254 15.5555
4 12740142 1.460777046178 15.6225
4 12763075 0.340113663792145 15.656
4 12808648 0.220183947961098 15.6715
4 12888127 1.02155123031684 15.689
4 13045241 0.346937252853839 15.8495
4 13179271 1.50791656195022 15.896
4 13203145 4.70667070855338 15.932
4 13265822 1.7233230740856 16.227
4 13352573 1.65052951932162 16.3765
4 13434062 1.29409861619683 16.511
4 13502063 3.5316093631428 16.599
4 13536325 1.63128911386401 16.72
4 13637472 5.14517303612696 16.885
4 13669055 3.10717871961502 17.0475
4 13827398 0.0726385216608443 17.5395
4 13861815 0.447100688900036 17.542
4 13971410 0.476466688763666 17.591
4 14019682 1.01171298666104 17.614
4 14185737 0.470968368051787 17.782
4 14360908 2.20480156785898 17.8645
4 14385400 0.905785296302544 17.9185
4 14462129 2.04030324127797 17.988
4 14565545 0.206134359865885 18.199
4 14766870 0.287268270262 18.2405
4 14792978 0.631591610859318 18.248
4 14842852 0.583356583052215 18.2795
4 14882279 2.63956542806866 18.3025
4 14921490 3.7757735009351 18.406
4 14963733 0.0946032026337567 18.5655
4 15122290 1.30514547446961 18.5805
4 15203507 1.84660225185661 18.6865
4 15253599 0.326061804489122 18.779
4 15301136 0.945832332452567 18.7945
4 15434352 2.03427149147998 18.9205
4 15559704 9.0234349641876 19.1755
4 15605917 1.21443442054123 19.5925
4 15628973 0.570151855079439 19.6205
4 15736839 1.18021952083087 19.682
4 15813096 0.554343549944671 19.772
4 15841057 0.561690369441351 19.7875
4 16139264 0.441445833937303 19.955
4 16215151 3.45988184621183 19.9885
4 16257638 0.311265413623803 20.1355
4 16299403 1.0587749199463 20.1485
4 16338127 0.219580747160097 20.1895
4 16372283 0.25052124581793 20.197
4 16496025 1.18326391518362 20.228
4 16569973 1.3769448724959 20.3155
4 16670558 0.845056897296787 20.454
4 16774693 0.486736432221941 20.542
4 16815783 0.857972544878518 20.562
4 16861239 0.12124641312695 20.601
4 16984954 1.71006315999701 20.616
4 17065068 6.72453845213348 20.753
4 17081426 0.178691974744874 20.863
4 17182158 1.31275909719028 20.881
4 17203868 0.384150728257468 20.9095
4 17572213 1.61293838139457 21.051
4 17618092 1.43032109423847 21.125
4 17734849 1.37679991403395 21.292
4 17809297 4.98272964899178 21.3945
4 17852145 1.60723528290068 21.608
4 17888854 0.249123277695799 21.667
4 17993220 0.754774386818935 21.693
4 18078676 0.970566515455204 21.7575
4 18126071 0.357891287287522 21.8035
4 18242028 1.92032532570231 21.845
4 18281865 0.457618611791781 21.9215
4 18315736 7.05249381997948 21.937
4 18329490 0.747181089526069 22.034
4 18344212 2.1142976763659 22.045
4 18368097 0.46555497781055 22.0955
4 18533491 0.455257311432396 22.1725
4 18560948 1.65289256198351 22.185
4 18609348 1.53664158444818 22.265
4 18691345 0.818503638930768 22.391
4 18837954 3.60709101306474 22.511
4 18883420 0.139688719459985 22.675
4 18994381 6.3844500975574 22.6905
4 19034870 3.32526695209241 22.949
4 19093963 1.39199488841221 23.1455
4 19115874 1.6004700897655 23.176
4 19245211 6.17259525976341 23.383
4 19295757 0.0214596572749677 23.695
4 19645250 0.308502633559043 23.7025
4 19711700 0.427554110126724 23.723
4 19783036 0.621839830370249 23.7535
4 19881132 0.360166476949359 23.8145
4 19993580 7.70124530775183 23.855
4 20027146 3.29940982387664 24.1135
4 20048665 1.50598068886009 24.1845
4 20118055 0.228326141059885 24.289
4 20205649 0.614453136708324 24.309
4 20372464 0.478061746455179 24.4115
4 20477053 1.24058863791923 24.4615
4 20500429 0.491529311531296 24.4905
4 20530946 3.01978314628104 24.5055
4 20551974 0.50114547537232 24.569
4 20607846 0.858152448258368 24.597
4 20637561 2.93948126801154 24.6225
4 20672261 0.61223785871969 24.7245
4 20730245 1.40706945806497 24.76
4 20753698 1.34556574923552 24.793
4 20802748 0.747787794441325 24.859
4 20826819 2.21214157706095 24.877
4 20862531 2.01529557668466 24.956
4 20891559 1.13018804405326 25.0145
4 20974731 2.31103860793912 25.1085
4 21029901 0.093052109181145 25.236
4 21062141 0.618060862138712 25.239
4 21106635 0.767361555186114 25.2665
4 21130092 3.6330799277583 25.2845
4 21153901 0.799050943174261 25.371
4 21255897 2.59008497296314 25.4525
4 21321918 0.286078598051368 25.6235
4 21383090 0.967697969197288 25.641
4 21419775 0.230674122054278 25.6765
4 21473964 2.84522003034903 25.689
4 21513504 0.394321766561492 25.8015
4 21576904 6.79596216516968 25.8265
4 21602066 1.91924076648737 25.9975
4 21635152 20.4027836355968 26.061
4 21644636 3.06828324903301 26.2545
4 21671524 19.1347753743759 26.337
4 21684145 1.39205264490012 26.5785
4 21711802 1.59794624613611 26.617
4 21788150 0.757919082370941 26.739
4 21916132 5.21584354722424 26.836
4 21960516 0.640962103941595 27.0675
4 22111851 2.85379401722464 27.1645
4 22151097 0.82378063045351 27.2765
4 22352000 6.97535840723468 27.442
4 22380529 2.53670205281344 27.641
4 22508451 3.76524592651611 27.9655
4 22561170 1.03605963892726 28.164
4 22645142 1.28401197986363 28.251
4 22802072 2.74863329729398 28.4525
4 22867741 3.07192306836146 28.633
4 22912664 1.33222114871067 28.771
4 23079303 0.760080366539459 28.993
4 23173372 0.360361646103453 29.0645
4 23313509 3.018524644393 29.115
4 23349785 0.448856324463453 29.2245
4 23542497 0 29.311
4 23601651 2.19380888290709 29.311
4 23638801 0.285010716403002 29.3925
4 23682659 0.598664517614466 29.405
4 23704374 0.538897766080785 29.418
4 23863959 1.13134264538194 29.504
4 23920087 0.241793527670838 29.5675
4 23971784 0.895011284924912 29.58
4 24036029 0.19132057862811 29.6375
4 24143179 0.599966898378019 29.658
4 24239851 3.39822601082824 29.716
4 24265894 4.47599240437654 29.8045
4 24288012 0.503999864698014 29.9035
4 24583647 1.22669283611388 30.0525
4 24614217 0.633131139840281 30.09
4 24810069 1.16515688591317 30.214
4 24840537 0.309842135431991 30.2495
4 24905086 0.333458041218641 30.2695
4 24966563 0.94761480549878 30.29
4 25081061 0.805369127516809 30.3985
4 25103411 1.11408996127498 30.4165
4 25187336 0.775925213224249 30.51
4 25267885 2.21853305161483 30.5725
4 25301015 1.2271058556274 30.646
4 25350318 0.19776950394252 30.7065
4 25466615 0.730271436275365 30.7295
4 25511119 0.195853136261563 30.762
4 25549413 0.579743753261046 30.7695
4 25583911 0.857218747736193 30.7895
4 25666737 11.2406828564562 30.8605
4 25675055 0.184002119704409 30.954
4 25742989 2.48691099476441 30.9665
4 25773549 0.515995872033015 31.0425
4 25856883 5.2834619255284 31.0855
4 25880731 1.12546125461255 31.2115
4 25907831 5.18325826991761 31.242
4 25933587 2.58070799045629 31.3755
4 25974661 0.275785990071683 31.4815
4 26048994 0.60335781741867 31.502
4 26087114 0.443380331648557 31.525
4 26109668 2.56685879496637 31.535
4 26163625 0.635253054101229 31.6735
4 26235250 0.711890874018252 31.719
4 26257023 0.29929814584798 31.7345
4 26323846 2.70259909530013 31.7545
4 26349932 1.27080685819045 31.825
4 26397933 0.264282253446691 31.886
4 26511448 0.959629867476203 31.916
4 26648480 0.279898218829551 32.0475
4 26746730 0.406526098975441 32.075
4 26802077 0 32.0975
4 26825707 0.544279794929523 32.0975
4 26854185 0.443162809277694 32.113
4 26934291 0.265652229353569 32.1485
4 26981345 1.32215736167234 32.161
4 27021431 2.94190768210814 32.214
4 27045565 3.88232160783435 32.285
4 27094376 0.572606504809869 32.4745
4 27194794 0.693367660396153 32.532
4 27365699 1.07438455008484 32.6505
4 27441091 0.768526219377393 32.7315
4 27536078 3.41496731388436 32.8045
4 27587323 0.495799228356107 32.9795
4 27698255 6.55564636970424 33.0345
4 27727619 1.20446978105137 33.227
4 27806907 0.364593240758405 33.3225
4 27869991 0.822368421052627 33.3455
4 27936871 0.285569234674462 33.4005
4 27984145 0.781531802332545 33.414
4 28025730 0.30528602756734 33.4465
4 28222267 4.39854958221656 33.5065
4 28253982 0.372363203068199 33.646
4 28307693 4.33795271922676 33.666
4 28342041 25.3193430656944 33.815
4 28344233 0.194377492197113 33.8705
4 28434264 2.15596668386534 33.888
4 28461398 0 33.9465
4 28465982 0.250941028858228 33.9465
4 28525757 1.49064619512556 33.9615
4 28552591 0.938652363392514 34.0015
4 28612251 0.32929399367763 34.0575
4 28650211 0.911059595699429 34.07
4 28755034 0.86438724548601 34.1655
4 28801888 0.500340891596439 34.206
4 28892826 0 34.2515
4 28896262 0.335056480949613 34.2515
4 28948492 0.0708703827945636 34.269
4 29054319 0.0642739613329091 34.2765
4 29093215 0.934464903949153 34.279
4 29125854 0.200197973551631 34.3095
4 29215765 0.0837759496004316 34.3275
4 29275448 0.287290278096961 34.3325
4 29336362 0.371565671578375 34.35
4 29383460 0.454845824429488 34.3675
4 29499983 0.788150968087386 34.4205
4 29567229 0.13202500809182 34.4735
4 29684631 0.0412831916861172 34.489
4 29866303 0.09738994935723 34.4965
4 29943313 0.998934469898813 34.504
4 29973345 0.731264240408883 34.534
4 30038301 0.447627573858532 34.5815
4 30107555 0.0542008777445169 34.6125
4 30430428 0.557945767671315 34.63
4 30511081 0.51104117916033 34.675
4 30585439 0.783647160106818 34.713
4 30630740 0.268003108836009 34.7485
4 30668053 1.03374262176068 34.7585
4 30731415 1.32452639467402 34.824
4 30788794 0.872658366716012 34.9
4 30848955 0.17882065596649 34.9525
4 30963595 0.403689097289014 34.973
4 30995798 0.637782218631769 34.986
4 31019317 1.56006240249623 35.001
4 31051367 1.58438959306205 35.051
4 31099335 0.299537514078161 35.127
4 31141066 1.35101168782202 35.1395
4 31172894 0.84803256445058 35.1825
4 31205322 0.62583156753558 35.21
4 31306787 0.209058505022663 35.2735
4 31402454 0.105192291508783 35.2935
4 31449986 1.15509351814834 35.2985
4 31517513 0.147751642153951 35.3765
4 31635955 0.40373228063881 35.394
4 31680539 1.80118363496018 35.412
4 31715516 2.71969888228403 35.475
4 31759087 4.97602789481332 35.5935
4 31772853 0.0484787372258546 35.662
4 31927560 0.30086770245386 35.6695
4 32010653 1.75273244373897 35.6945
4 32071130 3.48693502824851 35.8005
4 32105114 0.120929646658693 35.919
4 32502039 0.482170409737718 35.967
4 32548703 0.46968794391235 35.9895
4 32592349 0.196571788017008 36.01
4 32732247 0.476311984349727 36.0375
4 32791032 0.480210581232677 36.0655
4 32875370 0.313120060119048 36.106
4 33027069 0.24473413714902 36.1535
4 33088360 1.67537420364615 36.1685
4 33133723 0.239612785738199 36.2445
4 33175457 0.411669948093784 36.2545
4 33287197 0.366325138921751 36.3005
4 33375916 0.485302273987751 36.333
4 33411976 0.324206158064497 36.3505
4 33465954 1.16554570467747 36.368
4 33518290 0.202741059119301 36.429
4 33555283 0.776583878118686 36.4365
4 33626106 2.53009277006815 36.4915
4 33665235 1.49027771206894 36.5905
4 33707509 0.255998907738003 36.6535
4 33795400 0.638275238466745 36.676
4 33823601 3.28740633309151 36.694
4 33844286 1.51176821403312 36.762
4 33916387 0.211228929914249 36.871
4 33987400 1.17776381909536 36.886
4 34031976 0.119631996542272 36.9385
4 34161540 0.292194890095773 36.954
4 34289879 1.28882382892039 36.9915
4 34321303 2.18195143076052 37.032
4 34351322 0.325283234426161 37.0975
4 34414344 0.128826610424637 37.118
4 34686027 0.247131715366552 37.153
4 34942975 0.01046861717941 37.2165
4 35181784 0.794737614319921 37.219
4 35222678 0 37.2515
4 35274417 0.27180560463161 37.2515
4 35347999 1.78872364958749 37.2715
4 35381822 0.512759831183612 37.332
4 35407175 2.45821042281229 37.345
4 35431583 0.25494901019797 37.405
4 35531603 1.71535927246972 37.4305
4 35568330 0.575479950278663 37.4935
4 35590051 0.453084208936564 37.506
4 35729098 2.13147248092531 37.569
4 35765927 1.22736578481843 37.6475
4 35866549 1.7001401214386 37.771
4 35920074 2.59819805579696 37.862
4 35970686 0.0723358699112086 37.9935
4 36039808 1.16644606221044 37.9985
4 36160688 0.367314110561546 38.1395
4 36318591 5.22620700495116 38.1975
4 36356764 0.916942271822477 38.397
4 36420563 4.66566994896111 38.4555
4 36439960 1.83113679962139 38.546
4 36480099 0.639889947266403 38.6195
4 36719984 1.55929854164151 38.773
4 36786360 2.48476494486362 38.8765
4 36841496 0.370442136938197 39.0135
4 36929229 3.16974940334159 39.046
4 36942637 0.96496748479126 39.0885
4 36990307 1.57972719745496 39.1345
4 37036201 0.449789064438763 39.207
4 37132913 3.49827621172165 39.2505
4 37162499 0.66571759235549 39.354
4 37260138 1.73741156887226 39.419
4 37308198 2.18808193668537 39.5025
4 37340418 1.30029065320482 39.573
4 37412325 0.818760320871115 39.6665
4 37557056 0.718963553530796 39.785
4 37697536 2.1675545805912 39.886
4 37735828 0 39.969
4 37781358 0.939492951488855 39.969
4 37889395 0.888840797019639 40.0705
4 37954086 2.05072320190206 40.128
4 38004556 1.65468213760425 40.2315
4 38029032 2.73026761135451 40.272
4 38051191 1.0812759055685 40.3325
4 38112230 1.05697072191098 40.3985
4 38150074 0.731933496721215 40.4385
4 38301044 0.395831996063142 40.549
4 38347781 0.0630978521490555 40.5675
4 38387402 1.22816929085498 40.57
4 38428113 0.126027121036512 40.62
4 38467787 1.10967400570267 40.625
4 38535825 0.909939896075377 40.7005
4 38577586 0.493801491800253 40.7385
4 38654540 1.3625824324731 40.7765
4 38720958 0.209609079067582 40.867
4 38854540 0.449207875689616 40.895
4 38933568 0.304567403535156 40.9305
4 39023860 0.0766518473096683 40.958
4 39056475 0.0618368003165482 40.9605
4 39096904 1.06442293071118 40.963
4 39156091 0.166794542482537 41.026
4 39216045 0.212032660740004 41.036
4 39345742 0.524028825410427 41.0635
4 39476460 0.23582124749452 41.132
4 39518865 0.517576203471589 41.142
4 39635756 0.127578916672747 41.2025
4 39718058 0.695868737181357 41.213
4 39786318 1.02861164496648 41.2605
4 39823261 0.7102272727273 41.2985
4 39865501 0.920617650751175 41.3285
4 39937192 1.38825176851197 41.3945
4 39978611 0.183609768039667 41.452
4 40060306 0.214209210996081 41.467
4 40158341 1.19016462905499 41.488
4 40238582 0.49708767336407 41.5835
4 40502117 1.5768600858137 41.7145
4 40575998 1.53877371571568 41.831
4 40605567 0.448494851279124 41.8765
4 40689180 1.06523435155731 41.914
4 40722506 0.550566185083972 41.9495
4 40850556 1.94290118500907 42.02
4 40881695 1.44866908369742 42.0805
4 40946237 0.520084240805444 42.174
4 41024109 0.29613835583979 42.2145
4 41057877 0.174069251711091 42.2245
4 41201498 0.310533289168611 42.2495
4 41249802 0.0778848550303261 42.2645
4 41346098 0.379222316770846 42.272
4 41400156 0.441592086669824 42.2925
4 41434124 0.285257873117386 42.3075
4 41495472 0.0445803650239883 42.325
4 41607629 0.123460854678348 42.33
4 41668377 0.169471418645212 42.3375
4 41727384 0 42.3475
4 41815635 0.557065550086977 42.3475
4 41897313 0.163411509399467 42.393
4 41973807 0.686665230504023 42.4055
4 42048079 0.284173107923815 42.4565
4 42144851 0.0546332651024576 42.484
4 42282130 0.712628438846524 42.4915
4 42342470 0.899892012958479 42.5345
4 42392476 1.0982771244564 42.5795
4 42459399 0.777705767984475 42.653
4 42497974 1.14795126895158 42.683
4 42546321 0.068106900591106 42.7385
4 42583028 0.256957547612171 42.741
4 42849609 0.365941973159115 42.8095
4 42979411 1.52491656116922 42.857
4 43014167 0.188452568844142 42.91
4 43056618 0.786423190047095 42.918
4 43120197 0.704339191279967 42.968
4 43163500 0.0619179710718676 42.9985
4 43203876 1.68832823649351 43.001
4 43235268 0 43.054
4 43292970 1.12839386153735 43.054
4 43321772 0.516105916877069 43.0865
4 43438996 0.966801928157057 43.147
4 43475715 0.706321102991061 43.1825
4 43528807 1.20395194121746 43.22
4 43569091 0.0200975400610973 43.2685
4 43942271 2.00958583188254 43.276
4 43988798 0.185215368430348 43.3695
4 44056287 0.764736471811879 43.382
4 44121669 0.413403851147264 43.432
4 44268015 0.206151562628853 43.4925
4 44304396 1.04507322621929 43.5
4 44374726 0.127170374389587 43.5735
4 44433702 0.552950544103147 43.581
4 44456308 0.427302530191375 43.5935
4 44599064 0.844252330136503 43.6545
4 44658288 0.0603859872303789 43.7045
4 44782489 0.698259007541003 43.712
4 44814712 0.225548492926182 43.7345
4 44839097 0.61256993506761 43.74
4 44863584 0.541020147590266 43.755
4 44909793 0.0481083785551654 43.78
4 44961759 0 43.7825
4 45005168 0.0575241601472095 43.7825
4 45048628 0.247667064703072 43.785
4 45161683 0.151971667195238 43.813
4 45313027 0.581868963109475 43.836
4 45355992 0.0190343493869133 43.861
4 45618675 0.3551472677337 43.866
4 45682029 0.189186121306238 43.8885
4 45708458 0.832039050365932 43.8935
4 45744514 0.0710065894116346 43.9235
4 45779722 0.640267927501878 43.926
4 45820330 0.714907372870825 43.952
4 45932932 0.563780573511584 44.0325
4 46062415 0.366129676474518 44.1055
4 46152547 0.0657358470720656 44.1385
4 46190578 0.917936478795811 44.141
4 46212366 0.911290055340037 44.161
4 46242543 0.149013799580961 44.1885
4 46463999 0.261378685439475 44.2215
4 46521387 0.128885910192327 44.2365
4 46618372 1.1444215061485 44.249
4 46640654 0.393391030684422 44.2745
4 46666074 0.36781562863722 44.2845
4 46864543 0.464386369459389 44.3575
4 46989439 1.02048417132216 44.4155
4 47056564 0.655936222816466 44.484
4 47155659 0.913836938917683 44.549
4 47266182 0.308745077793637 44.65
4 47463756 1.59356200948166 44.711
4 47488857 0.740409119085324 44.751
4 47546933 0.975123515645352 44.794
4 47570007 0.393124180991304 44.8165
4 47634872 0.966391923838807 44.842
4 47697476 1.31628080657199 44.9025
4 47751036 0.583956219967909 44.973
4 47781004 2.58935176917782 44.9905
4 47820203 0.0812907673198063 45.092
4 48127741 3.12005624890161 45.117
4 48150497 0.189201914550061 45.188
4 48496688 0.488614689052667 45.2535
4 48666556 2.74602465036077 45.3365
4 48697874 1.68091120440221 45.4225
4 48757663 1.5322960867514 45.523
4 48795841 0.270250792735669 45.5815
4 48851345 0.753310601855528 45.5965
4 48952233 0.227972187393093 45.6725
4 48996098 0.249858035207267 45.6825
4 49216223 0.870460731187163 45.7375
4 49257006 0.951265915410457 45.773
4 49339002 0.366919579090809 45.851
4 49415313 0.86901735862172 45.879
4 49461342 1.50874588523859 45.919
4 49523314 2.92847676456758 46.0125
4 49546705 3.92321284178372 46.081
4 49580096 5.19718740446337 46.212
4 49629161 0.483610390714724 46.467
4 49723245 1.49685207472766 46.5125
4 49888592 1.24520709160625 46.76
4 50020297 0.226308805691915 46.924
4 50634502 1.37774989918903 47.063
4 50768416 0.19819602242896 47.2475
4 51149352 1.93165922866848 47.323
4 51179378 0.42062252133153 47.381
4 51220983 0.15259604013281 47.3985
4 51273409 0.344431687715283 47.4065
4 51316959 0.442917638924864 47.4215
4 51363243 0.487860873557925 47.442
4 51502627 0.790004618488511 47.51
4 51543766 0.29438018726384 47.5425
4 51596419 0 47.558
4 51637285 0.143458301453716 47.558
4 51689565 0.181840223057347 47.5655
4 51730810 0.272822873469675 47.573
4 51831608 2.0119027540178 47.6005
4 51873111 0.0605151045702177 47.684
4 51914423 0.343469499908421 47.6865
4 51958095 1.73821873965343 47.7015
4 52030583 0.649860218745368 47.8275
4 52112139 1.65979453490814 47.8805
4 52226611 0.676724293499735 48.0705
4 52282025 1.52942245373874 48.108
4 52315044 1.52654618924694 48.1585
4 52359589 0.570159445751971 48.2265
4 52510424 0.900763099304897 48.3125
4 52628102 0.305544097651833 48.4185
4 52693559 0.587762172864007 48.4385
4 52758211 0.346423523542923 48.4765
4 52830377 1.30685372174073 48.5015
4 52875141 0.191548864115198 48.56
4 52927347 3.15413386925695 48.57
4 52963173 0.275715515386249 48.683
4 53037525 0.454534580512474 48.7035
4 53121127 1.59998103726167 48.7415
4 53163315 0.16998130205683 48.809
4 53210379 0.885309919109359 48.817
4 53292836 0.715800278216675 48.89
4 53366879 2.97222824236056 48.943
4 53399178 0.272352346120898 49.039
4 53463433 0.624550512888475 49.0565
4 53516271 0.419744795164556 49.0895
4 53659215 0.147422376448687 49.1495
4 53747397 0.35823461979367 49.1625
4 53768333 2.43218864763862 49.17
4 53799375 1.15786040443571 49.2455
4 53830035 0.0869686217213275 49.281
4 53887527 0.298601840792536 49.286
4 53972925 0.0475622748719007 49.3115
4 54130613 0.0767937090593386 49.319
4 54391051 0.708064858741088 49.339
4 54433420 0 49.369
4 54466948 0.279703404703415 49.369
4 54558116 2.28844093874777 49.3945
4 54588923 0.0601882503275543 49.465
4 54804912 0.0879275477006147 49.478
4 54861777 0 49.483
4 54993341 0.281472099078223 49.483
4 55064396 0 49.503
4 55119203 0.536311890392172 49.503
4 55189125 0 49.5405
4 55234282 0.0369216227791308 49.5405
4 55301993 0.312771768152181 49.543
4 55367536 0.164830765897945 49.5635
4 55579875 0.99446325861424 49.5985
4 55635684 0 49.654
4 55685925 0.350788299261271 49.654
4 55737238 0.164138927188009 49.672
4 55813393 0.46665422255402 49.6845
4 55850894 0.0997555987830327 49.702
4 55951139 0.070297781401955 49.712
4 56022265 0.269222485461932 49.717
4 56059409 0.556207898152175 49.727
4 56091771 0.362936885275836 49.745
4 56119324 0.460190023080284 49.755
4 56189947 2.74157303370786 49.7875
4 56212197 2.69926960939972 49.8485
4 56237389 0.809935205183616 49.9165
4 56315173 0.232388801958272 49.9795
4 56379720 1.14685393894757 49.9945
4 56415034 0.530544186751601 50.035
4 56500795 0.409896542112747 50.0805
4 56561786 1.26252663142118 50.1055
4 56599805 0 50.1535
4 56635333 0.111304038110401 50.1535
4 56680255 0.221808180285802 50.1585
4 56702797 0.0743339676497897 50.1635
4 56736429 0.349564791834221 50.166
4 56793643 0.567391463504025 50.186
4 56820961 0.903356436414607 50.2015
4 56885166 1.28748310749106 50.2595
4 56939924 0.767611193964308 50.33
4 56962722 0.0728820476940148 50.3475
4 57065628 0.0157192170572672 50.355
4 57224669 0.253742704897184 50.3575
4 57264079 0.295797401533553 50.3675
4 57308028 1.54112750877092 50.3805
4 57378431 0.46517036864759 50.489
4 57421426 3.21536075891648 50.509
4 57443352 0.521082939668487 50.5795
4 57574809 0.837850138607192 50.648
4 57623147 0.774549223742268 50.6885
4 57710940 0.746508636530661 50.7565
4 57754476 0.510160700620677 50.789
4 57942652 0.854528598492496 50.885
4 58066697 0.650364203953623 50.991
4 58070541 22.038980509746 50.9935
4 58073876 0.180082117445562 51.067
4 58198819 1.00087134681951 51.0895
4 58241282 0.890580798379526 51.132
4 58269915 0.33052515065797 51.1575
4 58400011 0.331345261762832 51.2005
4 58437736 1.52797652251952 51.213
4 58478967 0.398197631771945 51.276
4 58574397 0.0878234537802927 51.314
4 58716728 2.67809319764275 51.3265
4 58727930 1.5502027188177 51.3565
4 58736316 0.273777583091442 51.3695
4 58772842 0.516649202468259 51.3795
4 58841554 0.862715340072461 51.415
4 58952251 0.555894990935427 51.5105
4 59052090 1.01585264790004 51.566
4 59089497 1.51189899129793 51.604
4 59132820 1.93804925318274 51.6695
4 59162747 0.572143953684659 51.7275
4 59339276 1.09501347708891 51.8285
4 59368956 2.09066171102417 51.861
4 59429224 0.314766662104778 51.987
4 59502294 0 52.01
4 59505163 0 52.01
4 59505831 0.237000521401268 52.01
4 59526928 3.99193959800023 52.015
4 59566132 0.575031725888323 52.1715
4 59666996 0.117913404395816 52.2295
4 59730602 0.653189196250564 52.237
4 59761221 0.48632725655862 52.257
4 59797205 2.41123351141766 52.2745
4 59818356 1.66163627022868 52.3255
4 59880644 0.322872271729272 52.429
4 59934845 0.578427411950516 52.4465
4 60043761 0.945156075114953 52.5095
4 60083966 2.23163783705957 52.5475
4 60132585 1.15571458420397 52.656
4 60209161 0.534644995722734 52.7445
4 60246569 2.04800229951143 52.7645
4 60288317 1.61437409114436 52.85
4 60328890 0.118277874152346 52.9155
4 60392300 28.9435600578814 52.923
4 60392991 0.712337533712222 52.943
4 60524249 1.16768335648567 53.0365
4 60573920 0.35006011902049 53.0945
4 60705326 0.227697071815643 53.1405
4 60815121 0.660304268206815 53.1655
4 60871913 0.524747071911309 53.203
4 60919555 0.317020011888075 53.228
4 60944790 2.4501225061254 53.236
4 60970503 1.55309079720446 53.299
4 61038754 3.4090494767929 53.405
4 61066181 1.04120184441459 53.4985
4 61099796 0.840784732416954 53.5335
4 61174726 0.376911479646743 53.5965
4 61221156 0.0502846108977781 53.614
4 61270873 0.736768859236244 53.6165
4 61295304 0.155501648317429 53.6345
4 61439997 0.306560392397385 53.657
4 61506868 2.02664360796595 53.6775
4 61543875 0.486944619920064 53.7525
4 61581867 0.201027249243595 53.771
4 61681356 2.06094284318523 53.791
4 61714108 2.71520214829184 53.8585
4 61781138 2.28472092878869 54.0405
4 61861673 0.0958441956755135 54.2245
4 61939925 0.312301663258201 54.232
4 62039188 0.981771770789054 54.263
4 62069745 0.797181324305203 54.293
4 62120549 0.742023250061863 54.3335
4 62140764 2.05889394302127 54.3485
4 62161649 1.40059945656733 54.3915
4 62197348 1.04775209550423 54.4415
4 62228844 2.75273105600822 54.4745
4 62251912 1.83247139308554 54.538
4 62276469 1.09731245536729 54.583
4 62333882 0.534782236673044 54.646
4 62357256 0.640099489749332 54.6585
4 62411935 0.184659090909064 54.6935
4 62482335 0.52931640991147 54.7065
4 62573018 0.73663016254975 54.7545
4 62593381 1.96601941747563 54.7695
4 62634581 0.859429783304006 54.8505
4 62751519 4.11961522375581 54.951
4 62775429 0.247765347157333 55.0495
4 62827898 0.526426616129732 55.0625
4 62884886 2.54551426426425 55.0925
4 62927510 0.430267913487481 55.201
4 63049527 7.17899230926689 55.2535
4 63083724 1.56406307064475 55.499
4 63146701 2.40707641326045 55.5975
4 63223350 1.36128505309023 55.782
4 63260080 5.33379215416377 55.832
4 63280422 2.11466823516226 55.9405
4 63316125 0.358431317546766 56.016
4 63444462 1.78402925218215 56.062
4 63512286 0.962995925519048 56.183
4 63656108 3.04789931422264 56.3215
4 63694167 1.10215609285669 56.4375
4 63737718 0.661615019226364 56.4855
4 63826138 1.96483647237491 56.544
4 63890011 1.71671646326024 56.6695
4 63988746 0.841730812701514 56.839
4 64156852 0.47036688617132 56.9805
4 64183427 1.0545776481615 56.993
4 64221831 0.0408109961148058 57.0335
4 64650637 0.520320294874647 57.051
4 64776521 1.03508953524474 57.1165
4 64824826 0.33282347609334 57.1665
4 64895434 0.344732487589807 57.19
4 64924442 0.558492814059147 57.2
4 64951300 1.39518660620855 57.215
4 64979970 0.635779932015605 57.255
4 65059400 0.62013553106967 57.3055
4 65226299 0.0617532996846488 57.409
4 65347750 0.0335140298107407 57.4165
4 65586456 0.336625664340625 57.4245
4 65712709 0.619369369369446 57.467
4 65757109 2.88247368650895 57.4945
4 65780006 0.864759976377307 57.5605
4 65945948 1.95067264573998 57.704
4 65968248 1.87566074412576 57.7475
4 65997571 1.09114852789013 57.8025
4 66050726 0.350459101422545 57.8605
4 66064993 0.195094035325034 57.8655
4 66103436 15.4867256637182 57.873
4 66106374 0.32063614210595 57.9185
4 66153156 0.878352001441325 57.9335
4 66219758 0.380343830823181 57.992
4 66265769 1.96389771017872 58.0095
4 66301667 1.56925862589283 58.08
4 66351372 1.54757783705635 58.158
4 66400481 1.86557757273227 58.234
4 66459980 0.394401748890002 58.345
4 66504351 1.25330542089027 58.3625
4 66576959 0.528593377782183 58.4535
4 66647902 1.92505829401871 58.491
4 66684784 6.52779577556054 58.562
4 66715652 1.10644145229366 58.7635
4 66827723 0.139310690702397 58.8875
4 67007178 0.729352603596797 58.9125
4 67059279 1.03819343356386 58.9505
4 67241326 0.237605883121703 59.1395
4 67325499 4.62852602304339 59.1595
4 67350669 0.489986947761476 59.276
4 67587410 3.25400128646557 59.392
4 67613839 9.33019398369398 59.478
4 67642295 0.999220607925903 59.7435
4 67692334 1.23784089358462 59.7935
4 67743633 0.397110706104632 59.857
4 67863247 1.62114070132516 59.9045
4 67980140 0.35501278046011 60.094
4 68001266 0.701095296047374 60.1015
4 68076862 1.51276896435042 60.1545
4 68127101 0.606825574057131 60.2305
4 68147700 2.26682220690376 60.243
4 68185418 0.494506482530496 60.3285
4 68241029 0.0556432894192981 60.356
4 68429731 0.176103582450027 60.3665
4 68489355 0.443151099753224 60.377
4 68557052 1.27259797132921 60.407
4 68610486 0.0396281296315016 60.475
4 68736659 0 60.48
4 68808125 1.6665204806596 60.48
4 68853729 0.0650340518295527 60.556
4 69045936 1.80150252976958 60.5685
4 69085070 0.316265953311204 60.639
4 69236841 1.04498955010449 60.687
4 69282296 0.286224583257072 60.7345
4 69325968 3.48760786142847 60.747
4 69373135 1.75351117759505 60.9115
4 69433300 0.438714902807712 61.017
4 69462932 0.311380974622389 61.03
4 69495047 0.458273415401146 61.04
4 69621609 0.282122817466548 61.098
4 69685411 0.0744421799317145 61.116
4 69987659 1.0414316213355 61.1385
4 70045272 1.0617192874019 61.1985
4 70145581 0.3998080921158 61.305
4 70201858 2.86039157161641 61.3275
4 70230001 1.89769862131861 61.408
4 70304565 0.0749467877806076 61.5495
4 70371279 0 61.5545
4 70374804 0.287237248549721 61.5545
4 70480988 0.0476435500161555 61.585
4 70533461 0.166592096870908 61.5875
4 70638508 1.83113329040583 61.605
4 70663356 1.51813117640766 61.6505
4 70784887 0 61.835
4 70904262 2.22269263336152 61.835
4 70960950 2.21519428229097 61.961
4 71032727 2.66396409439706 62.12
4 71101797 1.0714571817672 62.304
4 71151729 0.369740442209548 62.3575
4 71286959 0.174698644837647 62.4075
4 71447235 0.639531938604928 62.4355
4 71526199 0.213871719742532 62.486
4 71619713 0.426913327700465 62.506
4 71732148 0.590783773139054 62.554
4 71770233 0.67030456373556 62.5765
4 71823194 0.473413119224333 62.612
4 71876002 0.507636620464292 62.637
4 71921310 0.180274377602804 62.66
4 71976781 0.0365326163198171 62.67
4 72045213 0.663940086046597 62.6725
4 72082867 1.05122324159019 62.6975
4 72119491 3.6735367766436 62.736
4 72155832 3.09715582507114 62.8695
4 72209591 0.0650878946929712 63.036
4 72401639 0.357481465363205 63.0485
4 72465978 0.896284899093292 63.0715
4 72532921 4.05274273645744 63.1315
4 72567959 4.12977401876569 63.2735
4 72628495 0.419483196701623 63.5235
4 72670213 0.9714730972789 63.541
4 72769032 0.218258010068978 63.637
4 72803395 0.358405078235799 63.6445
4 73064273 0.758305247953765 63.738
4 73230433 0.67549756161874 63.864
4 73260781 2.32466649976745 63.8845
4 73288742 1.05461758018475 63.9495
4 73392097 0.525637072131543 64.0585
4 73463439 0.667178169930147 64.096
4 73493416 0.359052102449484 64.116
4 73606213 0.531305344306867 64.1565
4 73654208 1.68947457340733 64.182
4 73677884 1.09705963905542 64.222
4 73760833 0.815409026798234 64.313
4 73828897 1.97558957385191 64.3685
4 73877237 1.39112034170614 64.464
4 73928275 0.17216148747534 64.535
4 73986360 0.805736846346014 64.545
4 74023593 0.382564340366349 64.575
4 74196113 0.85099140498664 64.641
4 74219615 1.55086848635242 64.661
4 74229287 0.592449335367108 64.676
4 74302711 1.31361657408811 64.7195
4 74355999 0.145536681065129 64.7895
4 74441888 0 64.802
4 74454166 33.2359386413367 64.802
4 74455535 0.18334143755638 64.8475
4 74580984 0.253239353395407 64.8705
4 74699449 0 64.9005
4 74720248 1.84382603406342 64.9005
4 74746552 0.0832417673891295 64.949
4 74806618 2.01857085183715 64.954
4 74833865 0.877952269073797 65.009
4 74914735 0.279694201007175 65.08
4 74941550 2.6453957996769 65.0875
4 74966310 5.96970743499902 65.153
4 74986579 0.968058738249982 65.274
4 75093494 1.38572767438743 65.3775
4 75168184 0.6287654882347 65.481
4 75308936 0.864581789437197 65.5695
4 75369659 1.790396706798 65.622
4 75405126 0.524608158060384 65.6855
4 75467077 6.54177817424903 65.718
4 75490618 0 65.872
4 75541635 0.245664029872755 65.872
4 75602694 0.381604214880175 65.887
4 75643312 0.50243176976578 65.9025
4 75668191 0.45933365997062 65.915
4 75700847 0.0877454679465008 65.93
4 75757830 0.449700759868197 65.935
4 75876798 0.938337801608488 65.9885
4 75895448 0.617390660114234 66.006
4 75935941 3.34365934011889 66.031
4 75956278 1.13445893463053 66.099
4 76005200 0.223164472216137 66.1545
4 76050010 2.36081564883463 66.1645
4 76069283 2.02192448233892 66.21
4 76110333 0.491847882961103 66.293
4 76158112 1.99532911593302 66.3165
4 76202215 0.769264583058521 66.4045
4 76247713 1.43753267119716 66.4395
4 76312755 0.663969611809273 66.533
4 76377517 1.28196163438462 66.576
4 76549129 1.94134953938134 66.796
4 76590595 0 66.8765
4 76602179 0.991355381077234 66.8765
4 76614788 0.313005193822475 66.889
4 76760153 0 66.9345
4 76844043 0.0563234316739938 66.9345
4 76932816 0.356803044719667 66.9395
4 76953836 1.16221680915752 66.947
4 77016647 1.71069259932812 67.02
4 77081533 0.992152971949167 67.131
4 77114794 2.93633746172484 67.164
4 77158556 1.17839492059026 67.2925
4 77272270 0.678475368920778 67.4265
4 77313539 3.77073906485658 67.4545
4 77330777 0.388475234703802 67.5195
4 77423447 0.193718359334833 67.5555
4 77462163 3.31973442124624 67.563
4 77487165 0.216087264681018 67.646
4 77545012 1.24881362705387 67.6585
4 77565031 0.462787664605176 67.6835
4 77636338 1.49585240922901 67.7165
4 77658399 0.390346181299034 67.7495
4 77703231 0.117550252733104 67.767
4 77788301 0.141847995687893 67.777
4 77858799 0.0447475344108133 67.787
4 77914668 0.779301745635201 67.7895
4 77917876 0.571539657853777 67.792
4 78046476 0.704934541792479 67.8655
4 78071301 2.49289813902251 67.883
4 78105799 0 67.969
4 78148172 0.442739079102732 67.969
4 78182052 1.3924990716676 67.984
4 78208982 0.068884755803478 68.0215
4 78281567 0.43700600463058 68.0265
4 78519550 1.69757937755429 68.1305
4 78630885 0.432143817462331 68.3195
4 78682951 0.492558374823693 68.342
4 78720510 0.57019766852493 68.3605
4 78759970 0.980830532677594 68.383
4 78898628 0.314327025837651 68.519
4 79009977 0.585118486493537 68.554
4 79040740 0.376246315921504 68.572
4 79088581 0.237744282249998 68.59
4 79298891 1.03610764164859 68.64
4 79369347 0.289258110797493 68.713
4 79412561 16.3797226207557 68.7255
4 79416743 0.126298772376057 68.794
4 79476126 2.27407553885705 68.8015
4 79511525 1.47576342377113 68.882
4 79581997 0.986984815618002 68.986
4 79628097 1.68081351374091 69.0315
4 79651895 3.56743942191511 69.0715
4 79695764 0.121923134237375 69.228
4 79843398 0.114912149661643 69.246
4 79930421 1.02124466799121 69.256
4 80002392 2.5339500098408 69.3295
4 80043040 0.480860187929453 69.4325
4 80106468 0.338699844198085 69.463
4 80150755 0.558160303639332 69.478
4 80173150 1.57578640661228 69.4905
4 80206784 0.0716097407727521 69.5435
4 80423235 0.554885069430081 69.559
4 80495322 2.01532784558609 69.599
4 80530552 1.61140156126862 69.67
4 80544515 0.242048700198604 69.6925
4 80585829 0.0742588962156991 69.7025
4 80653161 1.26839167935063 69.7075
4 80664987 1.92188742599668 69.7225
4 80687621 0.808684022269797 69.766
4 80784074 2.18897201440864 69.844
4 80838209 0.068020732719271 69.9625
4 80911716 0.653125804908544 69.9675
4 81020424 0 70.0385
4 81058202 0.790811981409808 70.0385
4 81099299 0.0873240420553447 70.071
4 81185186 0.73130041973589 70.0785
4 81316459 0.428346240833488 70.1745
4 81404005 2.4682774204762 70.212
4 81432770 0.643274853801112 70.283
4 81578120 0.70697901756116 70.3765
4 81635406 0.677107076774551 70.417
4 81709988 0.803714949098084 70.4675
4 81866760 0.659195781147026 70.5935
4 81894066 1.32223828496859 70.6115
4 81922427 2.07835752342472 70.649
4 81965971 0.787174597543106 70.7395
4 82056167 0.416352438411241 70.8105
4 82183463 0.54575745389781 70.8635
4 82253091 0.588643387222356 70.9015
4 82300658 2.11250991914559 70.9295
4 82347285 2.22823019103326 71.028
4 82380944 2.29851123950928 71.103
4 82428366 0.47001316036836 71.212
4 82476237 6.43130815544633 71.2345
4 82498161 0.154939606519321 71.3755
4 82649833 0.190915477899668 71.399
4 82715307 0.140067792811593 71.4115
4 82786701 0.72244844345208 71.4215
4 82824766 1.18538852668674 71.449
4 82856823 1.2933682542764 71.487
4 82887750 1.03748631886182 71.527
4 82931606 0.241896468311343 71.5725
4 82972946 0.449737353385725 71.5825
4 83000740 0.745553307061609 71.595
4 83038296 0.113333711112308 71.623
4 83108884 0.417205557178235 71.631
4 83132853 0.147076126602996 71.641
4 83166849 0.778597900900236 71.646
4 83198958 0.161542537380796 71.671
4 83276337 0 71.6835
4 83287626 0.904348949501988 71.6835
4 83349549 0.132650624784322 71.7395
4 83387242 1.44844443103298 71.7445
4 83420381 0.845165652467854 71.7925
4 83458835 0.391481365487018 71.825
4 83497151 0.0984949964540905 71.84
4 83573297 0.38825904643587 71.8475
4 83605492 0.831019316131845 71.86
4 83654829 0.865239022280347 71.901
4 83677944 0.479465017979897 71.921
4 83836454 0.171071764605339 71.997
4 83894909 0.375723820890154 72.007
4 84008024 0.207185182115783 72.0495
4 84080423 1.38007435502666 72.0645
4 84133681 0.586609656898367 72.138
4 84172037 0.870534159760297 72.1605
4 84215114 1.34656701062143 72.198
4 84281208 0.7520161813136 72.287
4 84358334 0.264375413086718 72.345
4 84396159 0.108782559979962 72.355
4 84580012 0.490143656649973 72.375
4 84636118 2.52612808955381 72.4025
4 84656307 0.156439683115636 72.4535
4 84736210 2.17770034843246 72.466
4 84766058 0.979744605900469 72.531
4 84856898 2.93891727615783 72.62
4 84886841 0.442139957393803 72.708
4 84961478 0.659857305857633 72.741
4 85034221 1.30116645745963 72.789
4 85066884 0.68180239021671 72.8315
4 85182020 2.41843985748119 72.91
4 85232259 2.26502796817161 73.0315
4 85257645 2.25248821372455 73.089
4 85314915 0.163480401584759 73.218
4 85470897 2.03930944762842 73.2435
4 85527779 1.54423706701475 73.3595
4 85565338 1.17007251153589 73.4175
4 85595678 1.88390950289084 73.453
4 85653271 1.31671348314612 73.5615
4 85687447 1.24720454154506 73.6065
4 85722325 3.75043755104753 73.65
4 85782318 1.63834113025796 73.875
4 85832979 0.787055679613544 73.958
4 85887613 0.652123091309503 74.001
4 85968886 3.38744727086778 74.054
4 86000178 0.378965097782433 74.16
4 86107048 0.292431863375567 74.2005
4 86149793 0.680333817126296 74.213
4 86171841 1.42902932848976 74.228
4 86209279 0.134102185865698 74.2815
4 86283849 0.751060873483646 74.2915
4 86310478 0.546622712594168 74.3115
4 86369934 1.84362804467771 74.344
4 86407089 3.9871214106552 74.4125
4 86433800 3.59460131575954 74.519
4 86478033 0.0563837704954493 74.678
4 86522372 1.23260623196372 74.6805
4 86607963 2.35307114449839 74.786
4 86653223 0.619779830593536 74.8925
4 86856521 0.0686125176676609 75.0185
4 86929394 2.21981402502988 75.0235
4 86958000 1.43124736175591 75.087
4 87033808 0.640701399426925 75.1955
4 87093118 0.613854700592248 75.2335
4 87158280 1.96215662259118 75.2735
4 87198287 0.708817692089621 75.352
4 87261773 0.166428911079394 75.397
4 87366923 1.91625555510242 75.4145
4 87415977 0.0605231622141243 75.5085
4 87498590 0.904554581419934 75.5135
4 87548891 0.382168039286798 75.559
4 87601224 1.64702082996938 75.579
4 87632189 0.13400155441829 75.63
4 87669502 0.0822796058477013 75.635
4 87821423 0.0748900987800786 75.6475
4 87954952 0.975638599810822 75.6575
4 87988776 3.15302690582872 75.6905
4 87995912 1.55115511551177 75.713
4 88041362 0 75.7835
4 88186628 2.51482960055918 75.7835
4 88230965 1.14843343527538 75.895
4 88309768 0.716992727645179 75.9855
4 88553843 0.864752680732524 76.1605
4 88559625 8.0717856264854 76.1655
4 88571828 3.8478496132111 76.264
4 88596777 1.95073265889427 76.36
4 88618820 3.17682854074684 76.403
4 88652344 3.11747506019953 76.5095
4 88722112 0.398787022805648 76.727
4 88842477 1.53062489155483 76.775
4 88923163 0.710405348934617 76.8985
4 88959058 1.78869059717862 76.924
4 89008256 3.65585609832707 77.012
4 89030549 0.430997327816584 77.0935
4 89065352 2.52927725036357 77.1085
4 89094214 1.83836526903776 77.1815
4 89136643 0.82132119686839 77.2595
4 89269356 2.72136269717291 77.3685
4 89328885 0.0945841136522745 77.5305
4 89487474 1.78702971107413 77.5455
4 89524127 0.667235627279027 77.611
4 89717462 0.292151638386455 77.74
4 89760248 0.691432522471583 77.7525
4 89807975 1.75407123921163 77.7855
4 89858144 0.154768095485583 77.8735
4 89938910 0.441711120927092 77.886
4 89997772 0.686330021790842 77.912
4 90056053 0.357852081086247 77.952
4 90155256 2.00081192367911 77.9875
4 90206985 0.113205411218714 78.091
4 90295320 0.100837963476541 78.101
4 90394489 0.324558856186234 78.111
4 90511571 0.254582484724888 78.149
4 90552815 0.730319803198023 78.1595
4 90617855 2.16594914030545 78.207
4 90655252 0.283755561609072 78.288
4 90699304 1.77938930016274 78.3005
4 90758875 0.456574675324693 78.4065
4 90798299 3.10386361530655 78.4245
4 90830678 0.315968902008038 78.525
4 91071208 2.45671502105765 78.601
4 91096852 1.44556660350448 78.664
4 91148043 0.958864704190184 78.738
4 91200188 0.60487623301718 78.788
4 91221680 2.56836380117834 78.801
4 91248156 0.459157390194154 78.869
4 91292803 0.289549204061513 78.8895
4 91370510 0.809487189865059 78.912
4 91395217 0.248904818797301 78.932
4 91455481 0.292900816460864 78.947
4 91482794 1.05263157894741 78.955
4 91525544 0.104803375344857 79
4 91673440 0.394316668605975 79.0155
4 91750789 2.08652961030984 79.046
4 91783379 1.1099185246619 79.114
4 91824373 1.09215298384462 79.1595
4 91872901 0.738852561971112 79.2125
4 91899970 0.125152268593342 79.2325
4 91959897 0.248970920196766 79.24
4 91990021 1.61926742108378 79.2475
4 92016885 0.522934409084067 79.291
4 92050350 0.555971129935576 79.3085
4 92099813 0.149333970491755 79.336
4 92150036 0.815328169588122 79.3435
4 92206455 0.509177932228316 79.3895
4 92245734 0.31556185529682 79.4095
4 92342387 0.0883548330092852 79.44
4 92398977 0.712500548077631 79.445
4 92444591 1.37422490363656 79.4775
4 92474426 1.15340253748563 79.5185
4 92500436 0.358473490591414 79.5485
4 92585519 0.52934699754383 79.579
4 92703589 0.91388474547803 79.6415
4 92751188 0.414882671180449 79.685
4 92811446 1.18365607689057 79.71
4 92832567 0.507488550563149 79.735
4 92872962 0.837797005905879 79.7555
4 92909367 0.157715439289927 79.786
4 92956921 1.45120737078346 79.7935
4 93016182 0.210936433685345 79.8795
4 93338554 0.545303843300992 79.9475
4 93361477 0.208046031670699 79.96
4 93445593 0.138680867587381 79.9775
4 93517701 0.382653061224504 79.9875
4 93564741 1.68135678182047 80.0055
4 93612619 0.0532901327989625 80.086
4 93706445 0.161425711887548 80.091
4 93752906 0.454711702895251 80.0985
4 93854069 0.05152514427065 80.1445
4 93902589 0.526759376316752 80.147
4 93945303 0.454583517758625 80.1695
4 94028896 1.03803284267858 80.2075
4 94087661 2.57385854968623 80.2685
4 94110001 0.42452732506394 80.326
4 94158290 2.38812392426829 80.3465
4 94204770 0.667901926143102 80.4575
4 94227977 0.774143603638321 80.473
4 94253812 0.0350441907245713 80.493
4 94396489 0.141852019972635 80.498
4 94466985 0 80.508
4 94523251 0 80.508
4 94543945 2.00494678459 80.508
4 94570629 1.28799587841337 80.5615
4 94623036 0.271926326094061 80.629
4 94678198 0.11560693641608 80.644
4 94699823 1.13187241385695 80.6465
4 94753716 0.244442000024569 80.7075
4 94835535 0.16943791794671 80.7275
4 94879799 1.30538835303508 80.735
4 94907377 1.11300876974137 80.771
4 94959488 0 80.829
4 94976231 0.203128173877821 80.829
4 95025461 0 80.839
4 95083686 0.171494229219275 80.839
4 95141997 1.77433287418564 80.849
4 95184830 0.91822486644009 80.925
4 95250718 1.15025856652651 80.9855
4 95354173 2.15465200512658 81.1045
4 95408010 0.288886655948504 81.2205
4 95487626 3.6446943663435 81.2435
4 95497229 1.96539365678839 81.2785
4 95523178 3.30916346294213 81.3295
4 95543727 1.63296721584301 81.3975
4 95591799 0.229221106679555 81.476
4 95700864 0.553761679691749 81.501
4 95764971 2.95670185754364 81.5365
4 95794903 3.64585491154633 81.625
4 95819040 1.99317137698659 81.713
4 95874981 1.42568611144119 81.8245
4 95908649 4.6095126247797 81.8725
4 95942709 0.687705356460636 82.0295
4 95968883 2.1174543752926 82.0475
4 96011623 4.24076119881686 82.138
4 96039684 4.01853676009649 82.257
4 96084352 0.345089084108082 82.4365
4 96201713 1.49102623101695 82.477
4 96310363 0.430380320293688 82.639
4 96398657 0.165899542040071 82.677
4 96657850 4.36585212638972 82.72
4 96689688 0.477279763338114 82.859
4 96805972 5.82041311044877 82.9145
4 96845574 0.672882822262869 83.145
4 96980813 0.729787871361274 83.236
4 97164428 2.6935874510514 83.37
4 97208607 1.43267826004997 83.489
4 97420797 1.96456521388344 83.793
4 97544743 0.444602525342284 84.0365
4 97668449 1.2391951946086 84.0915
4 97750357 0.0763195652836867 84.193
4 97783114 0.1295461443366 84.1955
4 97918201 0.144468554011456 84.213
4 98094710 0.42689174025463 84.2385
4 98135704 0.564821582829288 84.256
4 98180851 0.56529112492936 84.2815
4 98409052 0.926698829954303 84.4105
4 98479733 1.08840355485203 84.476
4 98535319 5.9078106752764 84.5365
4 98564433 0.119502868068882 84.7085
4 98673217 0.670339761248791 84.7215
4 98782117 0.314702920442816 84.7945
4 98790061 3.11242693387988 84.797
4 98855926 0.420786871449732 85.002
4 98946233 0.0973652951141901 85.04
4 99151645 0 85.06
4 99171476 4.77795217431432 85.06
4 99193138 0.382647084853921 85.1635
4 99385221 0.247678948039968 85.237
4 99518458 1.0163978858934 85.27
4 99525837 0.308100126727961 85.2775
4 99697859 0.533608438128122 85.3305
4 99754080 1.03801738679111 85.3605
4 99815736 1.55936964289413 85.4245
4 99864153 2.463637655754 85.5
4 99906367 0.904689951204432 85.604
4 100010270 2.94342810379891 85.698
4 100048151 0.917431192660466 85.8095
4 100127721 5.88608934998984 85.8825
4 100151336 1.31907476327324 86.0215
4 100215017 0.469083155650136 86.1055
4 100273642 2.9159994464545 86.133
4 100324225 0.297383029341803 86.2805
4 100374665 1.26189845612159 86.2955
4 100438854 0.956355416449432 86.3765
4 100496364 1.80051043596828 86.4315
4 100610776 1.84876575356728 86.6375
4 100649180 3.12968703129675 86.7085
4 100699185 0.640427584244037 86.865
4 100762424 4.46389304248401 86.9055
4 100785162 1.13814503833181 87.007
4 100878296 2.31082917988207 87.113
4 100911401 1.00793907568275 87.1895
4 100951582 0.739973360958332 87.23
4 100958339 0.467420772179133 87.235
4 100990430 0.434222973496981 87.25
4 101054913 2.37674446949825 87.278
4 101104140 2.037886156269 87.395
4 101147322 0.551358453380848 87.483
4 101189944 3.09870023390973 87.5065
4 101231413 4.89534749257971 87.635
4 101283299 1.22705022375629 87.889
4 101359498 4.62139376595259 87.9825
4 101385356 1.1375537178145 88.102
4 101440738 1.21140900649955 88.165
4 101509666 0.0611695620258803 88.2485
4 101550536 0.241042266761429 88.251
4 101633509 1.35136695965539 88.271
4 101720088 0.1369804567063 88.388
4 102165407 0.0431272426165768 88.449
4 102223375 0.552470122997454 88.4515
4 102292157 0.715523085034208 88.4895
4 102345265 0.523266202108339 88.5275
4 102384442 0.0969217647514044 88.548
4 102436030 0.423410999007967 88.553
4 102477361 1.55783048260973 88.5705
4 102524542 2.02779207411223 88.644
4 102573117 0 88.7425
4 102585406 1.88709334467356 88.7425
4 102604218 0.177380445579518 88.778
4 102646500 0.357686804818456 88.7855
4 102689834 0.566165924360254 88.801
4 102716328 0.0876132401127662 88.816
4 102773397 0.274510456352848 88.821
4 102893611 0 88.854
4 102942082 0.551488329128321 88.854
4 103014613 0.448863362131325 88.894
4 103118208 0.307314074984355 88.9405
4 103142613 1.1371330358848 88.948
4 103200214 0.734708871609652 89.0135
4 103249213 0.41651394488697 89.0495
4 103279224 1.62203913491252 89.062
4 103318064 0.241721053903919 89.125
4 103359434 1.5701266341261 89.135
4 103388731 35.4137447405326 89.181
4 103390157 0 89.2315
4 103394100 0.472470706816643 89.2315
4 103409974 1.49788861445294 89.239
4 103472729 0.86808525195855 89.333
4 103589653 1.34365772311099 89.4345
4 103683799 10.9505363528003 89.561
4 103690511 0.572082379862528 89.6345
4 103739455 2.47143116270653 89.6625
4 103783559 1.12077247087198 89.7715
4 103824156 0.226376575375196 89.817
4 103945635 0.0736051818047321 89.8445
4 103979600 4.45750379787345 89.847
4 104004614 0.719627277583302 89.9585
4 104072010 1.25022042765225 90.007
4 104293171 2.20354617197905 90.2835
4 104332199 2.66467704114261 90.3695
4 104402564 0.656944674605182 90.557
4 104487046 2.25177604871441 90.6125
4 104534342 0.632898259011092 90.719
4 104582533 0.48521312986737 90.7495
4 104664971 1.85064228173288 90.7895
4 104720087 1.21959718447285 90.8915
4 104877926 0.0444816113018473 91.084
4 104990332 0.149854141968537 91.089
4 105140478 0.401295279097325 91.1115
4 105356030 1.65780316459873 91.198
4 105416954 3.86626737585423 91.299
4 105439327 0.336583353238865 91.3855
4 105485378 1.2671388654234 91.401
4 105546934 4.93101438010112 91.479
4 105567518 0.35330303702063 91.5805
4 105711870 0.225509651812892 91.6315
4 105756214 0 91.6415
4 106005412 1.43430866322506 91.6415
4 106012384 0.382116927779553 91.6515
4 106025469 1.57764770440833 91.6565
4 106069205 2.14276815746851 91.7255
4 106109340 1.23517786561504 91.8115
4 106113388 0.162327121615332 91.8165
4 106144190 0.353659630002281 91.8215
4 106244569 2.65555642083956 91.857
4 106308774 1.74160525030252 92.0275
4 106355857 0.917892619137527 92.1095
4 106435387 0.758695242534496 92.1825
4 106536218 0.319621568063349 92.259
4 106598792 1.06428948674047 92.279
4 106661275 1.38304846265771 92.3455
4 106723818 1.42866785159864 92.432
4 106768265 0.250695680513375 92.4955
4 106848043 1.47919970720965 92.5155
4 106880831 0.885179564997654 92.564
4 106912463 0.57753780857988 92.592
4 106986917 0.793821909484593 92.635
4 107037936 0.890911379157329 92.6755
4 107188905 0.477489768076416 92.81
4 107232885 6.71212444065625 92.831
4 107256350 1.90066712874718 92.9885
4 107348686 0.484159562151271 93.164
4 107396191 0.326257310298142 93.187
4 107560172 0.385120291485858 93.2405
4 107709476 0.844083854061773 93.298
4 107749164 3.7462537462537 93.3315
4 107787202 1.94364459070334 93.474
4 107835822 0.143280160473649 93.5685
4 107888167 1.28897482054375 93.576
4 107933164 2.51017846756646 93.634
4 107965831 0.563621048459074 93.716
4 108046559 6.69527663850932 93.7615
4 108083376 3.0695360252518 94.008
4 108232910 0.501029998472707 94.467
4 108501357 13.6591528167069 94.6015
4 108526688 0.527496407416473 94.9475
4 108811998 0.791313949208803 95.098
4 108866338 2.36691992709884 95.141
4 108993085 0.622912809509826 95.441
4 109050878 1.264410561547 95.477
4 109104658 0.717877591416146 95.545
4 109391615 1.25182263114462 95.751
4 109568557 1.59194525708668 95.9725
4 109688536 0.271646566258057 96.1635
4 109920455 1.52058053054709 96.2265
4 109953666 4.24489795918383 96.277
4 109990416 61.557276803912 96.433
4 109992869 0.887745789430012 96.584
4 110053134 3.52849510240436 96.6375
4 110098054 0.222044586552778 96.796
4 110120572 6.47256540697667 96.801
4 110142588 0.477752786186601 96.9435
4 110260850 1.65680969757966 97
4 110308532 1.89724354501054 97.079
4 110354388 1.73190825670514 97.166
4 110458897 4.51998390142722 97.347
4 110491198 0.530205304239502 97.493
4 110582672 0.618422236214883 97.5415
4 110627140 0.593795560533308 97.569
4 110730711 0.546274758581904 97.6305
4 110759085 3.19771732178864 97.646
4 110799739 0.86469758339787 97.776
4 110953550 3.8404894074997 97.909
4 110997685 1.47705506245443 98.0785
4 111071819 1.60277688207719 98.188
4 111124540 2.24808807462811 98.2725
4 111148338 4.06205269062648 98.326
4 111174187 1.4150943396227 98.431
4 111199627 0.222543352601151 98.467
4 111372627 2.56017610183278 98.5055
4 111393524 3.4907869736206 98.559
4 111416155 2.32677367196425 98.638
4 111441512 5.01174628034456 98.697
4 111467052 7.14737507906385 98.825
4 111482862 0.617856039542601 98.938
4 111528180 1.20787719405553 98.966
4 111593584 3.47484214288517 99.045
4 111618765 5.25650146233538 99.1325
4 111644067 1.06380377100082 99.2655
4 111684958 4.18054276199231 99.309
4 111699071 0.359488088961333 99.368
4 111740797 1.55386201080686 99.383
4 111804831 1.67901079588249 99.4825
4 111836695 2.45964275480009 99.536
4 111857633 1.56704931105449 99.5875
4 111911556 0.0928867339168415 99.672
4 111965385 0.562362604590703 99.677
4 112024066 0.766468662262357 99.71
4 112144097 1.17175087384806 99.802
4 112194449 0.710712626083051 99.861
4 112231032 1.04795889851455 99.887
4 112324070 1.08207970440766 99.9845
4 112380905 0.0634415787647771 100.046
4 112499124 1.26377817327977 100.0535
4 112565987 0.349783589177725 100.138
4 112741810 1.48953734611102 100.1995
4 112769671 0.732127476313483 100.241
4 112874161 0.0445029906010544 100.3175
4 112986513 0.048604090520214 100.3225
4 113089385 0.676706266514881 100.3275
4 113275581 0.914272144383735 100.4535
4 113317691 3.05639259578123 100.492
4 113329306 0.14644567726815 100.5275
4 113503432 0.70501675077398 100.553
4 113597756 0.153070933898204 100.6195
4 113718615 0.899001798003483 100.638
4 113767002 0.886096342838764 100.6815
4 113804244 0.537722014013382 100.7145
4 113865614 2.33937672320149 100.7475
4 113889552 0.342162466790031 100.8035
4 113914394 0.809402013792394 100.812
4 113945281 2.79788107140203 100.837
4 113972087 1.37013993396359 100.912
4 114016608 0.0716188730053492 100.973
4 114051515 0.337609723159994 100.9755
4 114103350 0.910996342315505 100.993
4 114176347 0.446121666886122 101.0595
4 114313081 0.329439418761822 101.1205
4 114369237 1.57982776779636 101.139
4 114401519 0.253221121620625 101.19
4 114602924 0.760006755615634 101.241
4 114673976 0.75561312607922 101.295
4 114711032 1.59860990443115 101.323
4 114739807 2.4047669716961 101.369
4 114763302 1.10521662245814 101.4255
4 114788184 1.82765112476118 101.453
4 114860955 0.3141470906489 101.586
4 114918253 0.877920304345739 101.604
4 114979762 0.0906388224203367 101.658
4 115007344 0.792717016713803 101.6605
4 115127185 3.93863235680273 101.7555
4 115153844 3.16066004433126 101.8605
4 115178206 2.66085409771538 101.9375
4 115246793 1.41225337487005 102.12
4 115319018 0.958471733346551 102.222
4 115440044 2.16825672159602 102.338
4 115486164 0.202009319363083 102.438
4 115523291 1.5183554064582 102.4455
4 115586188 0.944216300470858 102.541
4 115619549 2.6327926819894 102.5725
4 115645567 7.25657703135565 102.641
4 115666169 0.375015402418353 102.7905
4 115852828 0.908744466918735 102.8605
4 115921054 1.67865707434064 102.9225
4 115973179 0.557318014232964 103.01
4 116019831 0.857345991384652 103.036
4 116067653 1.0672742535076 103.077
4 116192738 3.33333333333355 103.2105
4 116219888 2.3268680031242 103.301
4 116250616 2.9689305430736 103.3725
4 116281772 1.03704763267045 103.465
4 116323718 0.121909591846576 103.5085
4 116364732 2.49772933696641 103.5135
4 116393358 1.1173727166733 103.585
4 116434526 0.0739644970413529 103.631
4 116468326 1.67071688942888 103.6335
4 116514414 0.602906644666036 103.7105
4 116561685 1.34159497662574 103.739
4 116633987 0.866551126516424 103.836
4 116698611 1.55302948599044 103.892
4 116744972 2.26233898148606 103.964
4 116766631 2.55832601473875 104.013
4 116792820 0.881200485943643 104.08
4 116851263 0.357231183534144 104.1315
4 116887654 0.836897898456609 104.1445
4 116925293 1.22358699232887 104.176
4 116946542 0.428417547982724 104.202
4 116987390 0.431978877960783 104.2195
4 117132073 1.81415512204312 104.282
4 117153295 3.88530959523965 104.3205
4 117173628 1.03017413265988 104.3995
4 117263904 0.66423115244089 104.4925
4 117315091 0.268558365593067 104.5265
4 117467758 0.992497883644395 104.5675
4 117502015 0.388140431712399 104.6015
4 117541949 1.57003067036656 104.617
4 117596725 3.89515365412721 104.703
4 117619959 0.712222266597437 104.7935
4 117770193 1.74073144196166 104.9005
4 117829938 1.69909098632258 105.0045
4 117877022 1.12774738458578 105.0845
4 117897860 0.58163986649126 105.108
4 118009613 0 105.173
4 118040851 0.186218047708141 105.173
4 118150937 0.224301161693108 105.1935
4 118257936 0.511153483884299 105.2175
4 118344994 0.0961982453439174 105.262
4 118370982 1.08882521490003 105.2645
4 118397157 2.15687880525278 105.293
4 118433784 1.09794419414695 105.372
4 118486610 0.212815619293298 105.43
4 118559443 0.204876049990152 105.4455
4 118583848 0.329308452250114 105.4505
4 118624843 0.228704127229957 105.464
4 118681685 0.146287051767249 105.477
4 118736372 1.32597477064242 105.485
4 118764276 1.42744202389313 105.522
4 118787044 0.188344185545873 105.5545
4 118861376 1.67763012670508 105.5685
4 118884027 0.384763370527596 105.6065
4 118904819 1.21352125855311 105.6145
4 118939017 0.535193592440785 105.656
4 119047389 0.0793398920977498 105.714
4 119160825 0.983222459311264 105.723
4 119184726 0.254938152004382 105.7465
4 119282789 1.51635918272134 105.7715
4 119334228 0.564209222054913 105.8495
4 119379424 0 105.875
4 119429259 2.54259388038922 105.875
4 119452267 0.0800355713651806 105.9335
4 119508492 3.06204924148226 105.938
4 119572828 0.139682539682485 106.135
4 119612203 0.424989375265634 106.1405
4 119689852 2.99798554331065 106.1735
4 119732047 0 106.3
4 119814992 0 106.3
