Chromosome Position(bp) Rate(cM/Mb) Map(cM)
12 0 0 0
12 113099 0 0
12 167702 0 0
12 271542 2.85751302795612 0
12 341008 3.23960880195599 0.1985
12 496428 1.33227966728468 0.702
12 595131 0.259841125711708 0.8335
12 770238 0.958184814687057 0.879
12 874602 0.0827360280841687 0.979
12 1352024 0.0672352170989778 1.0185
12 1493319 0.494885248483008 1.028
12 1671138 0.0556803207186464 1.116
12 1886654 0.71686245490704 1.128
12 1973142 2.28670556694528 1.19
12 2017529 1.29159547636482 1.2915
12 2066693 2.4523032877291 1.355
12 2109306 0.249383154545764 1.4595
12 2373959 0.249213420142675 1.5255
12 2438161 1.27642053252814 1.5415
12 2474591 0.172603794628038 1.588
12 2549908 0.456002750047354 1.601
12 2692451 2.29457761825407 1.666
12 2731456 4.65048684784188 1.7555
12 2758980 0.809929839206568 1.8835
12 2859606 1.68602472836267 1.965
12 2880958 4.19200294822186 2.001
12 2902666 2.58180496854022 2.092
12 2954955 0.331322742332857 2.227
12 3013810 1.52519808186953 2.2465
12 3091177 2.12257246023226 2.3645
12 3152659 0.585205992509365 2.495
12 3216739 5.71089751591561 2.5325
12 3248783 3.01592582413608 2.7155
12 3317916 0.719615982962156 2.924
12 3438119 6.72657058482042 3.0105
12 3477738 2.27571249656352 3.277
12 3543212 0.94642743526118 3.426
12 3606080 0.368990722518975 3.4855
12 3634536 4.13945895522388 3.496
12 3660264 0.967521062189269 3.6025
12 3693855 1.30334940107992 3.635
12 3742192 1.1119523043437 3.698
12 3763326 5.81643999657857 3.7215
12 3786708 0.303670269300316 3.8575
12 4076496 1.99631138404166 3.9455
12 4125837 5.67389080085577 4.044
12 4147339 0.281140887861059 4.166
12 4257604 2.50025587413917 4.197
12 4325997 0.808102059942996 4.368
12 4430563 2.64440806634407 4.4525
12 4486152 2.44275080388709 4.5995
12 4542441 0.294051119656184 4.737
12 4630861 3.58314408276559 4.763
12 4670491 0.702107370031544 4.905
12 4765918 2.62159193049035 4.972
12 4805970 3.67276207226548 5.077
12 4844633 1.67356715683941 5.219
12 4907672 1.43389471376904 5.3245
12 5017164 5.56319340090163 5.4815
12 5048441 4.92764770924475 5.6555
12 5069242 1.40390817681654 5.758
12 5121952 0.353045614401537 5.832
12 5562405 1.03130050182869 5.9875
12 5609433 1.61724711535923 6.036
12 5685179 0.0868048857647702 6.1585
12 5944381 3.4937470885441 6.181
12 5972288 2.56003624830085 6.2785
12 5994358 0.640987712758615 6.335
12 6146467 0.630992505040237 6.4325
12 6211444 1.9298034012785 6.4735
12 6302645 0.562642632536525 6.6495
12 6397732 3.6974151605192 6.703
12 6442493 0.180107163762436 6.8685
12 6597956 0.364169143863751 6.8965
12 6716033 2.13757634201222 6.9395
12 6778253 1.46234683960508 7.0725
12 6888350 0.531165561996252 7.2335
12 6974952 7.17988885159079 7.2795
12 7001763 1.23122757949777 7.472
12 7034657 1.33111375145343 7.5125
12 7192044 3.02173555326183 7.722
12 7258893 0.124596201943091 7.924
12 7587956 0.51442154184553 7.965
12 7672517 2.38967222120491 8.0085
12 7836347 2.83895106501687 8.4
12 7866816 0.477622501326726 8.4865
12 7951611 1.31738700511936 8.527
12 8111397 1.20292360749014 8.7375
12 8330031 0.0722125938763679 9.0005
12 8503131 0.325524551404316 9.013
12 8590682 0.451352415966413 9.0415
12 8651610 3.19934372436421 9.069
12 8700370 1.89561334139648 9.225
12 8743364 4.77454076579522 9.3065
12 8796877 1.748689328598 9.562
12 8944702 1.00385083763949 9.8205
12 9035851 1.59423303528107 9.912
12 9122413 1.4427939170695 10.05
12 9230190 2.41992141760558 10.2055
12 9307052 1.8725442043222 10.3915
12 9388492 1.73127587504702 10.544
12 9415062 0 10.59
12 9421392 0.209391925847347 10.59
12 9457210 0.393205410506463 10.5975
12 9495358 1.82206714291612 10.6125
12 9592226 0.327058177108549 10.789
12 9668665 1.02643701181655 10.814
12 9708609 5.69560792296251 10.855
12 9734155 1.56881241925229 11.0005
12 9782918 3.88041641457868 11.077
12 9830851 4.01940244124615 11.263
12 9874763 4.84628451520502 11.4395
12 9904786 1.77777488884843 11.585
12 10058630 0.273897562311706 11.8585
12 10124348 6.06400898371699 11.8765
12 10159968 7.37833993701107 12.0925
12 10199340 2.97217106609373 12.383
12 10297080 1.51957531519575 12.6735
12 10372430 2.86770809750209 12.788
12 10398932 1.29555473298109 12.864
12 10428649 3.47270818754375 12.9025
12 10485809 1.09425021251966 13.101
12 10541098 2.75123409265883 13.1615
12 10585260 4.8663630113441 13.283
12 10631804 6.87533125257644 13.5095
12 10665766 5.4263810455248 13.743
12 10729160 1.85455549855977 14.087
12 10830532 0.632518006654229 14.275
12 10967287 0.627355994522911 14.3615
12 11150596 1.84984447167499 14.4765
12 11193032 1.08685703825737 14.555
12 11324144 4.14443988510463 14.6975
12 11385069 4.87729746380532 14.95
12 11414286 0.134350816852972 15.0925
12 11470110 0.248576897263163 15.1
12 11510339 2.69771404231153 15.11
12 11524425 2.97619047619048 15.148
12 11571297 0.50392479891462 15.2875
12 11622892 0.532593555032723 15.3135
12 11793754 0.924366973688541 15.4045
12 11854336 0.889950584322824 15.4605
12 11897035 0.317752851831838 15.4985
12 11959977 1.85114503816796 15.5185
12 12012377 2.12926499012889 15.6155
12 12109124 0.779013732381611 15.8215
12 12219520 1.19538659590675 15.9075
12 12257583 5.19656574785363 15.953
12 12308482 2.42884360865073 16.2175
12 12377239 1.95359642770939 16.3845
12 12443527 1.80574765637006 16.514
12 12599695 6.11821260788815 16.796
12 12645460 1.7192728169861 17.076
12 12710313 0.948766603415515 17.1875
12 12739825 5.22351797862007 17.2155
12 12764521 0.913581491469036 17.3445
12 12923237 0.216421863164431 17.4895
12 13098820 0.188416173644335 17.5275
12 13231505 2.88089854861063 17.5525
12 13258927 1.07845917044719 17.6315
12 13357679 0.375514714134043 17.738
12 13473520 2.06868018204384 17.7815
12 13562949 124.197002141327 17.9665
12 13563416 0.266325769681502 18.0245
12 13629125 1.76287461085476 18.042
12 13682447 2.87501991512535 18.136
12 13751490 2.40089335566728 18.3345
12 13787310 9.50689511073977 18.4205
12 13792096 4.37511048258795 18.466
12 13814724 4.14679214472944 18.565
12 13861266 1.13017569094836 18.758
12 13919664 3.5764682983796 18.824
12 13940215 0.305936701696412 18.8975
12 14005588 0.688813666063067 18.9175
12 14030994 2.38030202520779 18.935
12 14056621 9.99925239234457 18.996
12 14083373 0.809960591890986 19.2635
12 14317335 1.48115924015496 19.453
12 14365608 1.20552886827527 19.5245
12 14419941 0.638116209050479 19.59
12 14531206 0.593796337920437 19.661
12 14680247 0.335613785981622 19.7495
12 14718982 0.250956772695898 19.7625
12 14798677 0.400170739515542 19.7825
12 14836161 0.416095555120439 19.7975
12 14897445 0.284331913227493 19.823
12 15004714 0.582805871430304 19.8535
12 15078495 2.68826181332445 19.8965
12 15108440 0.534625344582742 19.977
12 15228150 2.6116479498563 20.041
12 15243466 0.0215686443675752 20.081
12 15359375 1.03477660999071 20.0835
12 15384018 1.49845471857142 20.109
12 15416051 1.36994532235776 20.157
12 15499266 0.902916813881352 20.271
12 15524739 1.74188596059598 20.294
12 15575546 0.42125887827577 20.3825
12 15677621 0.339604700129063 20.4255
12 15721790 0.109675579635417 20.4405
12 15767379 1.39706616106188 20.4455
12 15787421 0.625312656328103 20.4735
12 15815407 2.44407842303806 20.491
12 15834228 1.54050338910757 20.537
12 15855325 1.43430866322404 20.5695
12 15862297 0.595787207872056 20.5795
12 15888313 0.669500207950848 20.595
12 15986894 2.51036254305559 20.661
12 16021152 0.889545577903083 20.747
12 16120641 1.73413802562997 20.8355
12 16171675 2.43740010655301 20.924
12 16209215 2.65542018119339 21.0155
12 16279637 0.314413823272087 21.2025
12 16352789 1.29291279643429 21.2255
12 16470353 3.24179738039511 21.3775
12 16539142 1.26588562351077 21.6005
12 16559286 0.92559514143743 21.626
12 16651659 2.04651518629025 21.7115
12 16677801 0 21.765
12 16680614 0.519966722129311 21.765
12 16685422 15.9752641071892 21.7675
12 16693184 0.123052691162331 21.8915
12 16733817 4.2421564295185 21.8965
12 16745132 0.350299877925776 21.9445
12 16839337 0.859446733884837 21.9775
12 17069136 1.64553453890388 22.175
12 17098002 2.38564940129374 22.2225
12 17141596 0.962636280194302 22.3265
12 17186265 6.55853531164562 22.3695
12 17218818 0.157309345504509 22.583
12 17444488 2.52786745446788 22.6185
12 17477322 2.00755222025715 22.7015
12 17519164 0.500818002737824 22.7855
12 17579066 0.232364911490102 22.8155
12 17721084 0.487329434697854 22.8485
12 17840100 0.398978614746265 22.9065
12 17877696 0.982633029286723 22.9215
12 17924509 6.56894679695956 22.9675
12 17933719 0.167819023964583 23.028
12 17993307 0.364176261310422 23.038
12 18029004 1.88939185199771 23.051
12 18054409 3.95898234683281 23.099
12 18062113 0.134838732875486 23.1295
12 18117735 1.81105854523948 23.137
12 18158319 0.410634253936266 23.2105
12 18200936 2.92059452894567 23.228
12 18252809 0 23.3795
12 18342875 0.296134377843047 23.3795
12 18506652 2.25840756537945 23.428
12 18594103 0.25770612911078 23.6255
12 18663950 0 23.6435
12 18665370 0.636706721307677 23.6435
12 18708561 0.363524126341787 23.671
12 18854356 0.965601029974436 23.724
12 18964650 0.323197378004361 23.8305
12 19074490 2.35449488414285 23.866
12 19149453 0.610061659803483 24.0425
12 19241247 0.328360339781565 24.0985
12 19311292 0.979146819095984 24.1215
12 19367974 2.10627934529817 24.177
12 19459130 0 24.369
12 19504310 0 24.369
12 19532950 0.225566993397023 24.369
12 19581716 2.04900165663966 24.38
12 19650530 0.379554655870422 24.521
12 19745378 0.0869051343553822 24.557
12 19774145 4.02994584262504 24.5595
12 19805535 27.9144748006109 24.686
12 19811428 0 24.8505
12 19822546 0.2400736225776 24.8505
12 19897523 1.26992189980314 24.8685
12 19913272 11.4832362834099 24.8885
12 19940921 1.49674043194818 25.206
12 19986019 0.113398393681198 25.2735
12 20722361 0.0344319418238087 25.357
12 20794968 9.43396226415099 25.3595
12 20806257 0.563354266715921 25.466
12 20860397 0.194734382302528 25.4965
12 20924587 0 25.509
12 20926280 0.788436268068361 25.509
12 20968135 0.584897935310276 25.542
12 21002329 4.80225988700556 25.562
12 21032419 1.5863591665585 25.7065
12 21086316 1.43572181243412 25.792
12 21162236 0.441291841004201 25.901
12 21254012 1.02213030972924 25.9415
12 21296081 0 25.9845
12 21327337 1.27471258838811 25.9845
12 21368915 0.597587101138787 26.0375
12 21546295 0.289933108290039 26.1435
12 21642869 0.331004480382058 26.1715
12 21727460 0.64688074106654 26.1995
12 21766107 0 26.2245
12 21767159 4.01929260450366 26.2245
12 21767781 0 26.227
12 21770993 0 26.227
12 21773528 0 26.227
12 21774229 0.466696249598335 26.227
12 21839582 0.25318653336996 26.2575
12 21908701 0.0388814582102286 26.275
12 21972999 2.77116304553978 26.2775
12 22020452 0.509100165457543 26.409
12 22059737 0.35390713476785 26.429
12 22102121 0.0681864672591339 26.444
12 22146118 1.8504685590113 26.447
12 22205022 29.5786061588332 26.556
12 22207490 4.76633341083432 26.629
12 22211791 0.927078642756871 26.6495
12 22287297 1.2883150528702 26.7195
12 22358320 4.48090107737512 26.811
12 22378740 1.39839488587014 26.9025
12 22436306 2.1947084821699 26.983
12 22535408 0 27.2005
12 22544717 0.37078235076003 27.2005
12 22558202 0.116607196996175 27.2055
12 22643960 2.04651846768464 27.2155
12 22684761 0.318438740347351 27.299
12 22772690 23.0348776678813 27.327
12 22776532 0.338091660405669 27.4155
12 22843082 1.03393512953139 27.438
12 23024428 3.76975169300229 27.6255
12 23046578 4.40622054665404 27.709
12 23067798 5.40956146854499 27.8025
12 23104215 0.774408768690052 27.9995
12 23238511 1.32800429047539 28.1035
12 23316824 2.75497172048896 28.2075
12 23371634 22.2442618305469 28.3585
12 23378692 0.31789655030968 28.5155
12 23427450 2.33912966722574 28.531
12 23450108 1.33279072133483 28.584
12 23499253 0.922947583887703 28.6495
12 23553969 2.67820690781418 28.7
12 23615204 1.3129912159038 28.864
12 23669279 0.0739666854049315 28.935
12 23703078 2.40062967335694 28.9375
12 23728488 6.64160401002502 28.9985
12 23752428 1.5490152688648 29.1575
12 23887998 0 29.3675
12 23938392 4.63539277992533 29.3675
12 23968918 0.374120515079467 29.509
12 24300362 0.0901569245669987 29.633
12 24494468 0.522666038485873 29.6505
12 24562389 1.62618301151509 29.686
12 24596518 0.708744619984063 29.7415
12 24674120 0.33604924005704 29.7965
12 24758929 0.28843713224264 29.825
12 24802266 1.31799163179921 29.8375
12 24850066 0 29.9005
12 24851089 0 29.9005
12 24934328 0.632591093116834 29.9005
12 24938280 0 29.903
12 24950062 0 29.903
12 24961349 0.42997468599739 29.903
12 25043912 0.90725283840522 29.9385
12 25063201 0 29.956
12 25071091 0.264477498254434 29.956
12 25118354 1.64058227650328 29.9685
12 25156755 0.332623736029784 30.0315
12 25194335 0.402845414446346 30.044
12 25390440 0.865007451054274 30.123
12 25448821 1.36967538693319 30.1735
12 25470724 0.630019152582262 30.2035
12 25530246 0.349961220513393 30.241
12 25583109 0.221501603671598 30.2595
12 25639542 1.41514774142433 30.272
12 25657208 0 30.297
12 25681321 0.0586689195531242 30.297
12 25723933 0.428904748833477 30.2995
12 25753077 0.64523368680917 30.312
12 25788723 0.267025549004514 30.335
12 25835535 0.277845602040913 30.3475
12 25954306 0 30.3805
12 26146385 0.0325605626464929 30.3805
12 26223165 0 30.383
12 26275813 0.0365925058548197 30.383
12 26344133 0.184956843403213 30.3855
12 26465783 0.108141839545875 30.408
12 26747820 0.538300048446993 30.4385
12 26784974 0.206506325977127 30.4585
12 26857611 1.00030961964417 30.4735
12 26941585 1.06325827103012 30.5575
12 26986259 0.779820930008626 30.605
12 27038194 1.13625135856157 30.6455
12 27058436 2.16905842729531 30.6685
12 27113068 1.20617110799439 30.787
12 27255668 0.909344125309293 30.959
12 27316701 0.443633229396362 31.0145
12 27356148 0.402063928164593 31.032
12 27400917 0.0481324605313842 31.05
12 27556737 4.74737199050503 31.0575
12 27562635 0 31.0855
12 27657148 0 31.0855
12 27661319 0.525693257983955 31.0855
12 27699364 0.436154949784795 31.1055
12 27786489 0.300183804852807 31.1435
12 27894756 0.61524693774822 31.176
12 28002030 1.8036413135954 31.242
12 28031415 0.338308727011903 31.295
12 28105312 0.454883267983893 31.32
12 28183354 1.22850122850119 31.3555
12 28212251 0.31593282600932 31.391
12 28467052 0.988430501993064 31.4715
12 28497909 0.391175089970272 31.502
12 28587383 0.301566438500366 31.537
12 28763132 0.628267552224711 31.59
12 28807699 1.00627869701974 31.618
12 28890678 0.730903080590378 31.7015
12 29011077 4.53088739087196 31.7895
12 29020126 0.0788220827947001 31.8305
12 29083560 0.503389489227484 31.8355
12 29098459 2.04636065342412 31.843
12 29126802 3.82188249933333 31.901
12 29149304 2.86193624790306 31.987
12 29169570 0.189281472684093 32.045
12 29304290 0.391981184903086 32.0705
12 29348935 1.09553929472068 32.088
12 29397313 2.88681018663574 32.141
12 29441999 0.364723904004633 32.27
12 29537962 0.977286513446112 32.305
12 29656658 3.92947447550065 32.421
12 29715190 0.84061869535902 32.651
12 29718164 0.573053024259266 32.6535
12 29807161 0.789534582975999 32.7045
12 30027544 0.323450134770902 32.8785
12 30073919 1.11564854965683 32.8935
12 30121425 1.1906289657926 32.9465
12 30191556 0.20030847505154 33.03
12 30241479 0.182664606905748 33.04
12 30337283 2.85491824552308 33.0575
12 30383519 0.430033542616238 33.1895
12 30430027 1.86123623623623 33.2095
12 30493963 0.451881116533732 33.3285
12 30571417 0.317502626256303 33.3635
12 30698975 1.0927180304512 33.404
12 30781796 0.650749187389349 33.4945
12 30933160 0.0773850058811901 33.593
12 30965466 0.805210491113432 33.5955
12 31119463 1.16414435389989 33.7195
12 31247454 12.8766643307643 33.8685
12 31253162 0.541848788064898 33.942
12 31280845 0.322173251887825 33.957
12 31319644 2.69525141963625 33.9695
12 31343946 1.3418548030103 34.035
12 31380090 0 34.0835
12 31385366 0.325987742860804 34.0835
12 31416042 0.36529601870319 34.0935
12 31532386 0.286162651158421 34.136
12 31586551 2.95126973232665 34.1515
12 31615691 1.98471400394479 34.2375
12 31656251 0.383093411694751 34.318
12 31767190 1.87905116535641 34.3605
12 31825198 0.33265190095445 34.4695
12 31907867 0.42446823562705 34.497
12 31950273 0.339140790750126 34.515
12 32077064 0.195169172638832 34.558
12 32205158 0.319987712471914 34.583
12 32244222 0.339397230518531 34.5955
12 32273686 0.511485591633533 34.6055
12 32383171 0.577115448739345 34.6615
12 32422158 0.480369140003958 34.684
12 32569961 2.11627414819966 34.755
12 32603038 2.87633482604181 34.825
12 32632068 1.57090142329996 34.9085
12 32726918 0.360901555369353 35.0575
12 32769866 0.12575610860295 35.073
12 32849385 0.550256786500388 35.083
12 32950247 1.34777853372031 35.1385
12 33066364 0.607582631237871 35.295
12 33103396 2.5098039215686 35.3175
12 33160771 0.512468300929809 35.4615
12 33255411 2.30340557275551 35.51
12 33295786 0.743938728718387 35.603
12 33336784 1.53051229307474 35.6335
12 33377620 0.257163850110223 35.696
12 33418450 1.95419467264123 35.7065
12 33458620 11.4784205693299 35.785
12 33479311 0.558448474806933 36.0225
12 33614507 0.0606284012533241 36.098
12 33820681 0.101142914938812 36.1105
12 33968986 0.839432202026709 36.1255
12 34068458 0.647952470194164 36.209
12 34118616 0.361293430481136 36.2415
12 34168437 0.1442729199729 36.2595
12 34258544 1.14930786126581 36.2725
12 34278121 0.0866611203548851 36.295
12 34306969 2.06004423036135 36.2975
12 34339978 0.051831733460594 36.3655
12 34388211 0.475556400989175 36.368
12 34435524 0.430629502035693 36.3905
12 34524928 0.343556749328457 36.429
12 34604973 0.140858296553672 36.4565
12 34658218 1.04111953177763 36.464
12 34711526 1.11991866689969 36.5195
12 34774477 0.129127229058766 36.59
12 34851920 0.0848680302129717 36.6
12 34946184 0 36.608
12 34989764 0.635023776471725 36.608
12 35057478 0.106693980325533 36.651
12 35104341 0.1929595492465 36.656
12 35259814 0.222119210414525 36.686
12 35363362 0.269689102402709 36.709
12 35502411 0 36.7465
12 35561574 0.122324159021469 36.7465
12 35602449 0.287147287415302 36.7515
12 35628568 0.26891729758798 36.759
12 35676910 0.0517052387748926 36.772
12 35725261 1.13682870265102 36.7745
12 35747252 0.782206502516654 36.7995
12 35806060 0.0544514021235552 36.8455
12 35897885 0.0835077717899644 36.8505
12 35987697 0.0496504607563718 36.858
12 36038049 0.13050400647288 36.8605
12 36076362 0.518626085410467 36.8655
12 36110105 0.107135204628143 36.883
12 36156775 0.08329446258417 36.888
12 36216803 0.492163977456978 36.893
12 36268615 0.0259548800365209 36.9185
12 36364936 0 36.921
12 36414288 0.221007499521159 36.921
12 36482159 0.275520044083152 36.936
12 36518454 0 36.946
12 36570901 0.285706779460649 36.946
12 36723155 0.171738682420835 36.9895
12 36766826 0.46443582657968 36.997
12 36896015 0.0861742097824179 37.057
12 36954037 0.0227721960595432 37.062
12 37063820 0.303873848942125 37.0645
12 37248107 0.857657451613858 37.1205
12 37283086 0.0181937268029818 37.1505
12 37420496 1.57955198161982 37.153
12 37462280 0.0567820477877198 37.219
12 37550336 0.161411815344889 37.224
12 37596801 0.160240268837438 37.2315
12 37706012 0.0138797899154872 37.249
12 37886130 0.0837773533058972 37.2515
12 37945812 0.738067902247035 37.2565
12 37976297 0.0207549832714646 37.279
12 38096750 0.300956264259005 37.2815
12 38199755 0.0762508959480122 37.3125
12 38330901 1.04403858691032 37.3225
12 38436740 0.102480643394904 37.433
12 38763631 1.54890727774227 37.4665
12 38810761 0.150099666178377 37.5395
12 38977317 0.102387913675616 37.5645
12 39153119 1.03553047684 37.5825
12 39233754 0.113515967912824 37.666
12 39299824 1.6527954896302 37.6735
12 39419016 0.494359140848085 37.8705
12 39690074 0.572342063194456 38.0045
12 39791412 1.29395785918807 38.0625
12 39845896 0.235166850880653 38.133
12 39930942 1.03677501982074 38.153
12 39980133 0.0596950775438939 38.204
12 40147651 0.349340910149531 38.214
12 40190589 0.864534858899405 38.229
12 40237435 0.635862653666832 38.2695
12 40272820 0.484431888876418 38.292
12 40370873 0.676765349614108 38.3395
12 40509769 1.17894195318513 38.4335
12 40533095 0.259063162837399 38.461
12 40718378 0.0774870101637158 38.509
12 40950675 2.0697599078506 38.527
12 40978456 0.36882743108671 38.5845
12 41143845 0.0326149350310661 38.6455
12 41450453 0 38.6555
12 41492174 0.065371440525004 38.6555
12 41530417 0.290884409807664 38.658
12 41695431 1.45440442138932 38.706
12 41736685 0.0574382538771931 38.766
12 41780210 0.161846343081846 38.7685
12 41841997 1.75131348511358 38.7785
12 41856843 0.386346838675029 38.8045
12 42005673 1.41757796678808 38.862
12 42037770 0.312960507833858 38.9075
12 42240671 0.11964012251149 38.971
12 42303359 1.97230929989564 38.9785
12 42341639 1.04580798646038 39.054
12 42404270 0.497709372653321 39.1195
12 42576057 0.180027724269566 39.205
12 42687151 0.0486547739750192 39.225
12 43005722 0.0815174168920213 39.2405
12 43257202 0.781205880691964 39.261
12 43363448 0.40369180109869 39.344
12 43426615 0.429228761760844 39.3695
12 43484859 0.0805412371134051 39.3945
12 43577979 0.0897715658923164 39.402
12 43722791 0.16355547801815 39.415
12 43814503 1.04563135221041 39.43
12 43838412 1.73551446834832 39.455
12 43896608 0.751316997304628 39.556
12 44067641 0.196556333045058 39.6845
12 44105798 1.54471544715448 39.692
12 44154998 0.716245662174138 39.768
12 44204562 0.252128850662809 39.8035
12 44555573 1.58747242102991 39.892
12 44629905 0.232688981655798 40.01
12 44773874 1.68607966115495 40.0435
12 44835259 1.00904219363815 40.147
12 44937336 0.461263930507392 40.25
12 45085841 1.66802907451999 40.3185
12 45131104 1.58102216216972 40.394
12 45202893 0.600035557662699 40.5075
12 45270389 2.66417706530627 40.548
12 45292347 1.25893068154963 40.6065
12 45402361 1.68429970449115 40.745
12 45501512 0.194554211450171 40.912
12 45617161 1.00308410935125 40.9345
12 45650558 0.760939857727947 40.968
12 45882508 1.22494289979707 41.1445
12 45960879 0.231166837730179 41.2405
12 46069026 0.284330004776647 41.2655
12 46112989 1.20911782049069 41.278
12 46280880 0.257546100751947 41.481
12 46329415 2.93022041900966 41.4935
12 46371562 0.218748422487426 41.617
12 46430991 2.17488289092114 41.63
12 46466855 1.47715942243063 41.708
12 46493934 0.688692752414982 41.748
12 46659465 0.278375490918915 41.862
12 46858836 1.6149717379947 41.9175
12 46900942 1.94568301580846 41.9855
12 46925612 3.4090284268984 42.0335
12 46961986 4.61650973580762 42.1575
12 46994803 0.812945184267606 42.309
12 47085215 1.13439556633183 42.3825
12 47200695 2.41926715233225 42.5135
12 47255877 0.446198730049704 42.647
12 47285012 5.24755648133313 42.66
12 47309976 2.32946312294801 42.791
12 47364495 0 42.918
12 47405525 0.0641091393989455 42.918
12 47483517 4.57132195167455 42.923
12 47504955 2.53826054497939 43.021
12 47531745 0.94556481194672 43.089
12 47593084 0.114268737216162 43.147
12 47680597 3.56998043121839 43.157
12 47737320 1.60926219798401 43.3595
12 47826802 4.7473395781559 43.5035
12 47858188 2.0522175350587 43.6525
12 47937127 1.86310782241012 43.8145
12 48012807 0.414052112248933 43.9555
12 48184283 2.84715931150518 44.0265
12 48238372 0.544236459243572 44.1805
12 48303601 0.344646943670786 44.216
12 48339870 0.066399298823407 44.2285
12 48452823 1.49952287908398 44.236
12 48474830 8.6484593837535 44.269
12 48489110 1.89304306672981 44.3925
12 48579969 0.656852323552419 44.5645
12 48679687 1.84417831610557 44.63
12 48701648 0.739484529983661 44.6705
12 48752359 0.601952419587093 44.708
12 48790568 0.671651024267796 44.731
12 48960299 1.12370072104134 44.845
12 49013694 0.0244050059547993 44.905
12 49116132 0.316749725483583 44.9075
12 49139810 0.568804247071733 44.915
12 49211012 0.672411216815287 44.9555
12 49271243 0.35952814360393 44.996
12 49425612 3.14219914906908 45.0515
12 49451231 0.699300699300726 45.132
12 49498421 0.994976185815995 45.165
12 49529075 0.557819454393849 45.1955
12 49614228 0.151598676956942 45.243
12 49650508 3.775398132894 45.2485
12 49665076 0.376587045405652 45.3035
12 49692958 0.732958709992698 45.314
12 49733888 0.475759474575841 45.344
12 49776977 1.68070023629645 45.3645
12 49807024 0.404185765554526 45.415
12 49919596 1.04712041884796 45.4605
12 49948246 2.40545001229063 45.4905
12 49976723 0.526093699479954 45.559
12 50159200 1.21959598735739 45.655
12 50217416 1.45640965890898 45.726
12 50251747 0.359467726333904 45.776
12 50328249 0.531100242082892 45.8035
12 50490177 1.11242954612879 45.8895
12 50517145 1.08671648903403 45.9195
12 50603184 0.374071271326376 46.013
12 50719472 0.458751671166757 46.0565
12 50757619 0.942803268384699 46.074
12 50816486 1.69691742293555 46.1295
12 50869818 3.96719435437723 46.22
12 50896033 3.40328984685209 46.324
12 50918952 0.953413081650542 46.402
12 51064744 0.586105122140242 46.541
12 51112517 1.30443507926945 46.569
12 51172313 2.39856663969479 46.647
12 51206917 1.48183026811433 46.73
12 51243021 0.994520259233959 46.7835
12 51318937 2.67340331600122 46.859
12 51359709 0.245328937038698 46.968
12 51410661 1.48625216745113 46.9805
12 51430846 1.73916098657854 47.0105
12 51487770 1.99966672221304 47.1095
12 51517775 0.184092561740072 47.1695
12 51626416 2.41339681497277 47.1895
12 51656871 0.60706976098815 47.263
12 51685698 2.87156600943769 47.2805
12 51713035 1.55823317956707 47.359
12 51777852 2.33582289403988 47.46
12 51811459 0.478520599540021 47.5385
12 52005808 0.187913064999573 47.6315
12 52114901 1.07708623318085 47.652
12 52145075 1.44269646401526 47.6845
12 52199487 1.09907034050187 47.763
12 52270911 0.66081624021992 47.8415
12 52365491 0.144205810532661 47.904
12 52417500 0 47.9115
12 52479873 0.398440883499406 47.9115
12 52537598 0.0793675989713237 47.9345
12 52569097 1.5096751443558 47.937
12 52614471 0.0544069640915089 48.0055
12 52660421 1.24595241447271 48.008
12 52731451 1.9970233048852 48.0965
12 52784530 1.63041530798714 48.2025
12 52812437 0.47918590670692 48.248
12 52869826 1.37657265422413 48.2755
12 52932300 0.163313300235255 48.3615
12 52962916 0.93725530518138 48.3665
12 53089349 0.583617847033854 48.485
12 53123618 0.957564761616749 48.505
12 53242670 1.34459510643129 48.619
12 53269072 1.20942075111393 48.6545
12 53308347 2.31217637672208 48.702
12 53339054 0.892784676568302 48.773
12 53376017 1.22338015405532 48.806
12 53409122 0.639436595043932 48.8465
12 53523285 0.706697316103443 48.9195
12 53587669 2.59515570934238 48.965
12 53613101 0.185556297780842 49.031
12 53640047 2.07535692560918 49.036
12 53667994 2.19058050383351 49.094
12 53694471 0.5857544517333 49.152
12 53698739 0.584225900681619 49.1545
12 53724414 0.582354653984299 49.1695
12 53837747 0.93104647380168 49.2355
12 53926894 0.815269518511445 49.3185
12 53958172 1.35135135135117 49.344
12 53978522 2.34785010588352 49.3715
12 53989383 1.0843848580443 49.397
12 54014743 1.13202105414952 49.4245
12 54084088 2.80093798853565 49.503
12 54114792 3.68894500118357 49.589
12 54140138 0.571109369528607 49.6825
12 54260080 2.47968218523619 49.751
12 54298593 1.73836948038132 49.8465
12 54340874 8.87171782213628 49.92
12 54368828 0.0535315266155399 50.168
12 54658377 0.391241872839225 50.1835
12 54728666 9.77108944467992 50.211
12 54752256 1.57939562512806 50.4415
12 54845013 1.21210982278764 50.588
12 54951439 0.823791086580572 50.717
12 54975717 18.3134582623506 50.737
12 54982761 1.02290839022764 50.866
12 55024798 1.68410839282008 50.909
12 55096943 2.9382505871373 51.0305
12 55194450 3.90974084003537 51.317
12 55203402 0.740791083322018 51.352
12 55350542 0.290946573896304 51.461
12 55470839 3.63586871986307 51.496
12 55496555 7.47917729049813 51.5895
12 55508321 0.169731258840176 51.6775
12 55525996 0.989916662829763 51.6805
12 55569434 1.00644122383161 51.7235
12 55574402 1.14521300962038 51.7285
12 55583134 0 51.7385
12 55585022 0.547902316844029 51.7385
12 55616962 0.454708880570176 51.756
12 55711528 1.51226615884401 51.799
12 55765090 0.946490393375568 51.88
12 55863876 0.315485279456843 51.9735
12 55943119 1.00278480365855 51.9985
12 56021401 1.76304654442884 52.077
12 56034163 2.20852729581043 52.0995
12 56071971 1.12396552217861 52.183
12 56141813 0.179747121478296 52.2615
12 56239172 0.892205369453974 52.279
12 56276159 0.530509966814929 52.312
12 56409050 0.0583271765758081 52.3825
12 56537635 0.80188679245286 52.39
12 56601235 0.150602409638524 52.441
12 56667635 0.592851899949207 52.451
12 56756190 0.558872989819398 52.5035
12 56855497 0.35840522035743 52.559
12 56976868 0.601354479374962 52.6025
12 57186395 0.126842385651594 52.7285
12 57304652 0.576571007394425 52.7435
12 57388770 2.46570429480856 52.792
12 57411076 3.97060566552093 52.847
12 57444824 2.89075971193826 52.981
12 57484260 0.272657868906042 53.095
12 57520936 0.113747525991368 53.105
12 57608850 0.228798047590003 53.115
12 57674410 0.136567245711794 53.13
12 57784246 0.321363410184024 53.145
12 57832478 0.57059217544477 53.1605
12 57872787 0.197299811155876 53.1835
12 58050182 0.0606869765747718 53.2185
12 58091377 1.0130280114026 53.221
12 58133824 0.584983138721155 53.264
12 58177415 0.258837450081376 53.2895
12 58312635 0.246679082847121 53.3245
12 58393712 0.840885732972096 53.3445
12 58415118 1.91030186211414 53.3625
12 58473224 0.460032386279968 53.4735
12 58527568 0.978356578360925 53.4985
12 58711550 1.95793122632836 53.6785
12 58758283 0.27086719173229 53.77
12 58878268 1.12129485179388 53.8025
12 58898780 2.13838743078375 53.8255
12 58920993 0.285250538360163 53.873
12 59045445 1.04751083019676 53.9085
12 59129931 0.545384370122986 53.997
12 59189522 0.542062118416819 54.0295
12 59242099 0.907294648977816 54.058
12 59291697 0.588273743381943 54.103
12 59322295 0.769477146138117 54.121
12 59450304 0.775363327302759 54.2195
12 59550902 0.750973646064361 54.2975
12 59665420 6.87089715536121 54.3835
12 59688270 3.20650359986639 54.5405
12 59730216 0.234894796493057 54.675
12 59900505 0.631951466127366 54.715
12 59940065 0.062406390414368 54.74
12 60308617 0.526218039992591 54.763
12 60357076 0.255592360855577 54.7885
12 60405982 0.224923807060314 54.801
12 60494901 0.199476573471257 54.821
12 60557565 0.212464589235136 54.8335
12 60592865 1.43159561992661 54.841
12 60658526 1.23812573380296 54.935
12 60705371 0.740192450036885 54.993
12 60736444 1.01643844097951 55.016
12 60833351 0.34946095647463 55.1145
12 60947813 2.42295018414427 55.1545
12 61020039 0.416057801591135 55.3295
12 61069311 1.24097076694337 55.35
12 61154728 0.54578736124404 55.456
12 61214275 6.97040837028656 55.4885
12 61248778 5.3028497497532 55.729
12 61307520 10.173479745317 56.0405
12 61329194 1.58081787131912 56.261
12 61372526 0.49616710908224 56.3295
12 61412835 0.268034621464683 56.3495
12 61668399 2.14894495301467 56.418
12 61709582 2.3887676364948 56.5065
12 61767771 0.247610558114207 56.6455
12 61828350 0.307346458490636 56.6605
12 61885289 0.218095046676625 56.678
12 62119132 1.5544293139462 56.729
12 62180891 1.69804139707819 56.825
12 62215048 3.78981870326734 56.883
12 62244337 1.90719327226303 56.994
12 62277632 2.07889536226684 57.0575
12 62316595 1.10588583097465 57.1385
12 62499254 0.198520297489913 57.3405
12 62602518 0.0192804534762756 57.361
12 62861848 1.60613810741684 57.366
12 62910723 0.49873238851255 57.4445
12 63006967 0.195871907164097 57.4925
12 63277552 0.668129640189148 57.5455
12 63451171 0.235746092726805 57.6615
12 63622966 0.231490937810649 57.702
12 63843277 0.0966918495217013 57.753
12 63920843 0.859262968611273 57.7605
12 64008709 1.53392737112422 57.836
12 64066730 0.254527406238507 57.925
12 64145307 0.17548539259596 57.945
12 64216538 2.4904896138371 57.9575
12 64253077 1.18398094552307 58.0485
12 64325291 1.29381322041869 58.134
12 64355048 0.743961724451967 58.1725
12 64433009 1.38875990916078 58.2305
12 64551460 0.0607277614937433 58.395
12 64674962 0.804218150830828 58.4025
12 64768842 0.747655081788963 58.478
12 64812980 1.375062943022 58.511
12 64864614 0.271564706463133 58.582
12 64884867 0.256739409499489 58.5875
12 64904342 0.315311527789468 58.5925
12 64975700 0.0191589966816443 58.615
12 65106187 1.25299326168073 58.6175
12 65124144 0.501840080294432 58.64
12 65189902 3.67573514702919 58.673
12 65209898 0.22311851025496 58.7465
12 65268163 3.41776300388597 58.7595
12 65289522 2.10935463228494 58.8325
12 65331715 2.35644201383298 58.9215
12 65393885 3.23712630233127 59.068
12 65430646 1.96637321402803 59.187
12 65486078 0.184302677654608 59.296
12 65638002 2.89523537191275 59.324
12 65665979 0.770892573581011 59.405
12 65774295 0.443050312793496 59.4885
12 65830722 2.00912992373514 59.5135
12 65867305 0.249053596333882 59.587
12 65907457 0.137301916868702 59.597
12 66056763 0.0744114057803161 59.6175
12 66123957 1.19223535733473 59.6225
12 66183509 0.498827184939228 59.6935
12 66314817 2.92995103897608 59.759
12 66340756 3.53130724580098 59.835
12 66386065 0.937040140951973 59.995
12 66537606 0.09984424298094 60.137
12 66712879 1.74959624701994 60.1545
12 66764891 0.0294328871307377 60.2455
12 66849830 0.315576874526732 60.248
12 66905284 0.522051781256361 60.2655
12 67032666 0.514862185156671 60.332
12 67228835 0.370655912703204 60.433
12 67262559 3.23879146809792 60.4455
12 67305785 0.917533020089498 60.5855
12 67440930 0.54733039599353 60.7095
12 67514012 6.16231808050355 60.7495
12 67544520 0.814751286449329 60.9375
12 67591160 3.78994934586955 60.9755
12 67618601 0.753334201372639 61.0795
12 67672362 2.27151541004594 61.12
12 67719247 4.85299249694636 61.2265
12 67765095 0.563969574564512 61.449
12 67868824 0.877914951989059 61.5075
12 67923499 0.570277154697204 61.5555
12 67976105 1.78897833780575 61.5855
12 68001818 1.17000854736784 61.6315
12 68073185 3.45006381620907 61.715
12 68098257 0.647380881917927 61.8015
12 68125289 1.63617089920261 61.819
12 68146986 6.30483574780652 61.8545
12 68171491 2.26203275758548 62.009
12 68243108 0.46614010099704 62.171
12 68281723 1.60885608856091 62.189
12 68349473 0.529627014187604 62.298
12 68411781 4.49461536179425 62.331
12 68445488 1.13460944736023 62.4825
12 68510268 0.265948119659143 62.556
12 68681354 1.53954501531358 62.6015
12 68742411 2.10248161764697 62.6955
12 68785931 0.384497077822171 62.787
12 68831445 2.58019525801962 62.8045
12 68852955 7.77500479938563 62.86
12 68873791 1.10018336389402 63.022
12 68903786 0.974549270962306 63.055
12 68930465 2.22983930414262 63.081
12 68957597 2.49368881226535 63.1415
12 68973838 0.64103911389471 63.182
12 69021417 0.19378342764123 63.2125
12 69073021 1.00914962325085 63.2225
12 69110181 1.58418351181799 63.26
12 69204867 2.50926717992596 63.41
12 69257472 0.316690776869856 63.542
12 69385357 1.4864099660248 63.5825
12 69427741 0.67429774356945 63.6455
12 69458143 2.45276407644002 63.666
12 69495244 0.96161098122034 63.757
12 69521762 2.93712379432892 63.7825
12 69549340 1.555603791332 63.8635
12 69576982 2.9303315546496 63.9065
12 69643698 0.867507886435364 64.102
12 69681738 4.3853322177664 64.135
12 69716399 3.29253691632265 64.287
12 69746467 0.36287257345521 64.386
12 70124010 0.0334113757072146 64.523
12 71336172 0.170441955991732 64.5635
12 71394843 0.65289371822986 64.5735
12 71437729 0.666140333563512 64.6015
12 71498527 0.0215473279876815 64.642
12 72890811 0.450755014649555 64.672
12 72930744 1.37136588041565 64.69
12 72932567 17.4825174825347 64.6925
12 72932996 1.26424187628812 64.7
12 73063509 0.816240219919696 64.865
12 73181734 0.101457436069113 64.9615
12 73378861 1.51480158137143 64.9815
12 73452468 1.91809800454656 65.093
12 73515812 1.09159168349962 65.2145
12 73613834 0.6387300789513 65.3215
12 73661585 2.91459874520081 65.352
12 73704301 0.876452639096159 65.4765
12 73750510 3.07256599337393 65.517
12 73806652 0.715661500945533 65.6895
12 73863243 4.88980716253429 65.73
12 73885023 1.4037183603374 65.8365
12 73951988 1.76215818377406 65.9305
12 74093292 5.66305698562025 66.1795
12 74121457 1.65418430478665 66.339
12 74198232 0.270992027907285 66.466
12 74299711 2.91214816619964 66.4935
12 74340746 1.30442244979695 66.613
12 74428141 2.28044864336562 66.727
12 74492602 0.801776242753248 66.874
12 74549351 0.188520028008825 66.9195
12 74605048 1.05212321915172 66.93
12 74634037 3.27102803738362 66.9605
12 74656507 2.16742125036063 67.034
12 74666888 1.18260293165015 67.0565
12 74733267 1.72306444840218 67.135
12 74802330 4.96681056491665 67.254
12 74823873 5.37029596892972 67.361
12 74861208 1.2042159481114 67.5615
12 74945080 0.296941502524014 67.6625
12 74995595 13.9586553323037 67.6775
12 75005947 1.23304562268786 67.822
12 75027033 0.343392442619201 67.848
12 75099836 0.365985323988435 67.873
12 75154483 3.15366359496256 67.893
12 75201254 2.10706150341694 68.0405
12 75253934 2.70909645909638 68.1515
12 75280142 0.5545845657435 68.2225
12 75339646 0.796962167737126 68.2555
12 75403639 1.98828944484469 68.3065
12 75435576 0.449757131149054 68.37
12 75485603 0.832749630321421 68.3925
12 75549848 1.91342693496896 68.446
12 75589306 2.04369111398476 68.5215
12 75632610 3.12460627441087 68.61
12 75672295 2.33635508594992 68.734
12 75772237 0.289046482707573 68.9675
12 75921002 0.75031464807837 69.0105
12 75941660 0.235379710268984 69.026
12 76081859 2.95970761676282 69.059
12 76126458 0.220891704935167 69.191
12 76298488 0.272015087770212 69.229
12 76353632 0.356270358306221 69.244
12 76481344 0.789501673088971 69.2895
12 76603573 0.390370852309709 69.386
12 76649683 0.932436563742083 69.404
12 76715103 0.317394365384433 69.465
12 76801746 0.224306098231437 69.4925
12 76870848 1.49998770501898 69.508
12 76911515 2.61508536848889 69.569
12 76934650 0.517256889262066 69.6295
12 77068046 0.674233059894396 69.6985
12 77139238 1.36094022876384 69.7465
12 77202797 2.05420404644526 69.833
12 77277035 1.36448629617781 69.9855
12 77336398 0.865247159732004 70.0665
12 77389562 1.18093631379189 70.1125
12 77413272 1.17359017421729 70.1405
12 77462693 1.16651767219762 70.1985
12 77508556 1.39997856492152 70.252
12 77583200 3.22976095053988 70.3565
12 77604409 4.08479034504116 70.425
12 77636724 2.11181746930263 70.557
12 77659690 4.8584706379383 70.6055
12 77695195 3.20590370191128 70.778
12 77736525 1.49566991300599 70.9105
12 77838486 0.0534382819277889 71.063
12 77997548 1.19536289413138 71.0715
12 78041886 4.02749269142276 71.1245
12 78074040 0.436638851154546 71.254
12 78125570 0.46503344283054 71.2765
12 78176104 4.04651626077017 71.3
12 78216262 0.460602595257324 71.4625
12 78342184 0.421703682878846 71.5205
12 78384868 0.126977677324211 71.5385
12 78424245 0.500939261114846 71.5435
12 78464170 0.882245230881867 71.5635
12 78674429 0.875723788103657 71.749
12 78778914 2.43512670268598 71.8405
12 78805196 1.57402037942191 71.9045
12 78853480 0.826367781154911 71.9805
12 78906120 1.06845645663719 72.024
12 78972571 3.01103020247639 72.095
12 79037665 2.86553404988687 72.291
12 79086696 1.9569221324055 72.4315
12 79125788 1.71298977031456 72.508
12 79167236 0.808734330772438 72.579
12 79238953 1.52133324113138 72.637
12 79282336 1.87327041793785 72.703
12 79352801 2.01027473754754 72.835
12 79419956 0.427034105790599 72.97
12 79490208 4.12694134689897 73
12 79519891 2.97488135200823 73.1225
12 79606281 12.361977916467 73.3795
12 79627111 1.490006205799 73.637
12 79789862 6.41073518062109 73.8795
12 79830029 0.962719937169773 74.137
12 79908972 1.45761211900392 74.213
12 79947391 1.36002801774443 74.269
12 80033051 1.35321587773339 74.3855
12 80051895 0.572012209217281 74.411
12 80475837 3.58104947332777 74.6535
12 80537830 1.711487226356 74.8755
12 80653811 15.1104417670691 75.074
12 80663771 3.2312447316662 75.2245
12 80742069 0.364337146089576 75.4775
12 80846368 5.5590391665057 75.5155
12 80887832 2.67522739432862 75.746
12 80960723 0.897915823553191 75.941
12 81000259 1.87183670054798 75.9765
12 81048073 1.99571291300163 76.066
12 81142776 0.475649393547041 76.255
12 81180619 0.232957689060009 76.273
12 81214960 1.00239670791804 76.281
12 81281301 1.71180019643629 76.3475
12 81316936 1.16895767940258 76.4085
12 81363131 0.934313685664221 76.4625
12 81387748 0.590743657993299 76.4855
12 81461384 4.29024435739595 76.529
12 81482828 4.26977002820041 76.621
12 81508005 1.03805722473205 76.7285
12 81576402 4.63548251158906 76.7995
12 81602505 1.32702172750486 76.9205
12 81652994 0.831610526479406 76.9875
12 81717327 2.95543714770332 77.041
12 81775694 1.15849311470496 77.2135
12 81882298 2.03885144701799 77.337
12 81935269 1.39836889558194 77.445
12 81986400 0.855270465400718 77.5165
12 82031415 0.392079984316506 77.555
12 82077324 1.57446870834984 77.573
12 82145601 0.315038335990277 77.6805
12 82277331 1.75936004860403 77.722
12 82316834 0.49294810351912 77.7915
12 82353349 0.435635685080025 77.8095
12 82499113 0.91941415575179 77.873
12 82530111 2.51044259735876 77.9015
12 82553812 0.554554276999882 77.961
12 82618729 0.854880316755473 77.997
12 82652067 2.55798746009174 78.0255
12 82678064 2.01921907310542 78.092
12 82719169 1.42777990879272 78.175
12 82766095 2.87423962733996 78.242
12 82846812 1.89876851299282 78.474
12 82883678 0.869565217391337 78.544
12 82925078 3.45737759768034 78.58
12 82951977 2.20806423459579 78.673
12 83009267 0.402252614642176 78.7995
12 83066445 0.567128170966532 78.8225
12 83121988 0.644945137783719 78.854
12 83181683 1.40988966080911 78.8925
12 83255093 1.14281360710073 78.996
12 83307595 3.12779267202893 79.056
12 83329975 1.77841565005779 79.126
12 83362026 4.27286636563766 79.183
12 83388823 5.02877915783086 79.2975
12 83421833 2.44061639753664 79.4635
12 83457070 2.43478756122595 79.5495
12 83492186 0.788288288288287 79.635
12 83567666 0.513863377941016 79.6945
12 83613398 0.340114363454523 79.718
12 83660441 3.28306842367455 79.734
12 83682524 3.39958158995829 79.8065
12 83705468 0.706753212937242 79.8845
12 83813002 2.33944366106933 79.9605
12 83844206 3.32446808510612 80.0335
12 83880302 0.546139933751965 80.1535
12 84077138 0.331379046648107 80.261
12 84116368 1.22945632717999 80.274
12 84171677 0.703938664043139 80.342
12 84230631 1.55948314273025 80.3835
12 84250830 0.156702969521186 80.415
12 84301882 1.24172185430468 80.423
12 84304298 1.44511330792863 80.426
12 84358619 1.58980423071882 80.5045
12 84434729 1.22586218974 80.6255
12 84477556 0.522979729305662 80.678
12 84573162 2.15178831055548 80.728
12 84624747 2.05989134073173 80.839
12 84663584 3.7927370002564 80.919
12 84690873 0.295491901675168 81.0225
12 84745020 1.50906418422338 81.0385
12 84796045 2.58920624646036 81.1155
12 84820763 0.565280816921544 81.1795
12 84848183 4.36879018118069 81.195
12 84882403 1.08678975093346 81.3445
12 84921509 0.992354675947251 81.387
12 84993056 1.03594829112807 81.458
12 85105996 0.541596898455051 81.575
12 85327563 1.07667025556783 81.695
12 85362857 1.4441110277569 81.733
12 85389517 0.989526069093179 81.7715
12 85475922 0.646637485077574 81.857
12 85526182 0.271630016297755 81.8895
12 85568519 1.45708473085163 81.901
12 85604893 1.23929558438994 81.954
12 85685584 0.288033516627276 82.054
12 85704679 0.298879202988803 82.0595
12 85805054 0.426257459505374 82.0895
12 85830860 0.761154268060759 82.1005
12 85875529 0.57348656894436 82.1345
12 85919122 0.261434491052538 82.1595
12 85995623 1.49700598802359 82.1795
12 86001301 0.82510412028169 82.188
12 86039478 1.14353392824319 82.2195
12 86088449 0.695423018502112 82.2755
12 86143092 0.849602737478507 82.3135
12 86228426 0.478961260609334 82.386
12 86467485 0.420531271172597 82.5005
12 86553091 0.368774504095168 82.5365
12 86604613 0.419664268585261 82.5555
12 86688013 0.0708527522358006 82.5905
12 86815037 0.0802503811892377 82.5995
12 86877342 0.214525313986966 82.6045
12 86928618 0.28095148904305 82.6155
12 86976669 0.11471294771786 82.629
12 87050767 1.00651272942545 82.6375
12 87084547 0 82.6715
