Chromosome Position(bp) Rate(cM/Mb) Map(cM)
8 0 0 0
8 451576 0.741910779245644 0
8 493360 0 0.031
8 568381 2.17755808636195 0.031
8 614304 0.758955676988464 0.131
8 643950 3.72227679263816 0.1535
8 682636 3.15813024920832 0.2975
8 740740 1.48080757244343 0.481
8 792401 1.30380195087403 0.5575
8 823464 1.87135915004075 0.598
8 856595 1.23835238230577 0.66
8 905854 1.06385439071209 0.721
8 949093 1.31937351038475 0.767
8 972589 0.363231305695467 0.798
8 1117125 0.354539524066142 0.8505
8 1152382 2.48003871279942 0.863
8 1185446 0.188138585776725 0.945
8 1219995 0.942223921563272 0.9515
8 1293226 1.21725379221374 1.0205
8 1341285 0.224392819429777 1.079
8 1379165 0.199614079446404 1.0875
8 1439281 1.14906832298137 1.0995
8 1487581 0.115342471020204 1.155
8 1539600 3.0445797591004 1.161
8 1584598 0.325662179765523 1.298
8 1653688 3.86440542218129 1.3205
8 1703631 3.69133415362981 1.5135
8 1737765 5.60251199002086 1.6395
8 1784262 0.0672517569521504 1.9
8 1903218 1.48910502902813 1.908
8 1929744 1.79634571956477 1.9475
8 1968712 0.770128934489358 2.0175
8 2008965 1.08243015912412 2.0485
8 2081487 0.979309245362519 2.127
8 2169304 0.249530733247921 2.213
8 2437808 0.450700318957156 2.28
8 2481074 1.91821767533588 2.2995
8 2545978 0.272993497791237 2.424
8 2586272 1.50350818576679 2.435
8 2619195 0.141407611769729 2.4845
8 2792453 1.09510680512252 2.509
8 2870071 0.0667437928272696 2.594
8 2915019 0.533498062559671 2.597
8 2950633 0.238401754636913 2.616
8 3055498 0.381673443317602 2.641
8 3119689 0.278222746817296 2.6655
8 3178994 3.59612963314303 2.682
8 3236973 0.104968968548673 2.8905
8 3389399 0.617861686725847 2.9065
8 3526161 1.34603137845192 2.991
8 3560707 0.284587979846956 3.0375
8 3608144 0.0447948396344732 3.051
8 3663954 1.68664108990272 3.0535
8 3748145 0.201770197196738 3.1955
8 3896829 2.70313563733933 3.2255
8 3921800 5.80793017926098 3.293
8 3953653 0.776559011551314 3.478
8 4169992 2.79015345844023 3.646
8 4192213 1.11734499809814 3.708
8 4318405 3.02614070481178 3.849
8 4388296 0.747790618626782 4.0605
8 4586881 0.797981878088966 4.209
8 4664577 3.46088396265465 4.271
8 4708063 0.590655824850861 4.4215
8 4962018 0.140676424594162 4.5715
8 5114851 4.82457479617699 4.593
8 5147600 2.3602189938354 4.751
8 5193994 1.258449590105 4.8605
8 5221806 1.64713731704263 4.8955
8 5245787 0.407671639025299 4.935
8 5299752 2.01796443527343 4.957
8 5332706 3.1879437762643 5.0235
8 5387914 0.277403247553369 5.1995
8 5542923 1.95688368975286 5.2425
8 5589170 0.290414449524084 5.333
8 5642542 1.42257528381082 5.3485
8 5678041 4.12836890481383 5.399
8 5703717 0.875086044025252 5.505
8 5840275 6.06473221272732 5.6245
8 5904169 1.29298647951175 6.012
8 6092106 1.71839456874634 6.255
8 6234099 0.801716616755894 6.499
8 6276508 0.496788206479034 6.533
8 6319786 3.36805246446483 6.5545
8 6353485 0.922579417918961 6.668
8 6458625 0.727235127869305 6.765
8 6603695 5.25669368705479 6.8705
8 6644405 1.41108574327752 7.0845
8 6707477 0.668906413454579 7.1735
8 6806893 0.140685027866456 7.24
8 7084108 0.311776233743095 7.279
8 7151464 0.346603287779757 7.3
8 7212052 0.524601630636736 7.321
8 7257801 0.238560355770014 7.345
8 7368884 1.6564193267638 7.3715
8 7440122 0.527087725731054 7.4895
8 7505576 1.20762262014297 7.524
8 7618608 2.87427831972924 7.6605
8 7658792 0.889908540035597 7.776
8 7755993 0.225857068137513 7.8625
8 7840117 0.315816068721626 7.8815
8 7848033 3.60685302073938 7.884
8 7866886 5.93251761216167 7.952
8 7869583 0.139579303082989 7.968
8 8073768 0.545280377275071 7.9965
8 8141623 1.65744152700473 8.0335
8 8206482 2.44910075946862 8.141
8 8246905 1.94618698511069 8.24
8 8273367 0.35152262264769 8.2915
8 8377201 3.11280319900392 8.328
8 8418964 0.201463971526416 8.458
8 8523201 3.91792152284466 8.479
8 8573738 0.981288610361526 8.677
8 8618577 2.66951042712166 8.721
8 8690313 2.23375126098861 8.9125
8 8711130 0.310709107229177 8.959
8 8769062 2.31418868151354 8.977
8 8802335 0.952890205111326 9.054
8 8875271 2.38711593956885 9.1235
8 8922399 0.162295507660316 9.236
8 8968611 1.52342262282595 9.2435
8 9063135 3.80753660406972 9.3875
8 9119208 1.07614665281282 9.601
8 9159630 7.69937040923399 9.6445
8 9197750 4.95498484747938 9.938
8 9242957 2.18385754529239 10.162
8 9281650 2.79220779220782 10.2465
8 9304750 1.41403462402536 10.311
8 9342585 0.901148414748071 10.3645
8 9433580 0.754484994131787 10.4465
8 9505152 2.22961027995462 10.5005
8 9543051 3.01468149889963 10.585
8 9576222 4.51962809917357 10.685
8 9595582 0.225192257890169 10.7725
8 9684395 0.4579705415548 10.7925
8 9954063 0.607361608319247 10.916
8 10109654 1.52608368773635 11.0105
8 10287888 0.661981871881032 11.2825
8 10376259 0.958498269723924 11.341
8 10416426 0.0647668393782255 11.3795
8 10455026 1.1919046476282 11.382
8 10517531 0.0462402086358122 11.4565
8 10625662 0.597977276863494 11.4615
8 10702588 6.55254122539777 11.5075
8 10723267 1.71526586620924 11.643
8 10736676 1.73629951166576 11.666
8 10773536 1.12419961874968 11.73
8 10814454 2.47179182020004 11.776
8 10858147 1.35922874278347 11.884
8 10929511 0.795914992144234 11.981
8 10977883 0.459470227614473 12.0195
8 11133497 1.59580784989015 12.091
8 11200861 2.88350634371397 12.1985
8 11243344 4.22706847089291 12.321
8 11282733 1.88169843737214 12.4875
8 11343848 0.54996293728032 12.6025
8 11469311 1.8982222735751 12.6715
8 11529894 1.9556959644966 12.7865
8 11609661 7.13000449842555 12.9425
8 11631891 1.17898261864712 13.101
8 11762088 2.65345329351568 13.2545
8 11867234 1.23776339804215 13.5335
8 12017909 2.63926721522024 13.72
8 12159615 3.27675470214302 14.094
8 12220651 0.386520111124532 14.294
8 12344836 0.285050822475912 14.342
8 12416753 1.72008726296359 14.3625
8 12535933 4.56938511969802 14.5675
8 12596335 0.198779947339607 14.8435
8 12749771 4.42447226695758 14.874
8 12807518 3.99417424309293 15.1295
8 12852834 0.415185669005887 15.3105
8 12951585 1.00017286938483 15.3515
8 12992078 5.16367653769484 15.392
8 13033715 1.88521430018363 15.607
8 13186748 1.05392156862743 15.8955
8 13227548 0.65869603042431 15.9385
8 13348241 2.7205730422205 16.018
8 13406317 1.4447387430773 16.176
8 13634732 0.995047463385651 16.506
8 13899041 1.97124464110942 16.769
8 13971584 0.424953963320656 16.912
8 14091597 1.40210315473203 16.963
8 14131537 3.33154629700547 17.019
8 14170708 0.226239844068541 17.1495
8 14371822 3.01006245662735 17.195
8 14429462 2.93508287292819 17.3685
8 14464214 1.91407911527005 17.4705
8 14525340 2.84539237721773 17.5875
8 14588073 0.271922512008258 17.766
8 14839983 0.224854562155562 17.8345
8 14944495 1.5487283895835 17.858
8 15059428 0.361105639813396 18.036
8 15074659 0 18.0415
8 15116481 0.496577930349541 18.0415
8 15209115 0.911528150134057 18.0875
8 15255740 1.15743621655263 18.13
8 15295915 0.736687013260332 18.1765
8 15333923 0.285932138772409 18.2045
8 15423105 0.531424927371947 18.23
8 15451331 3.10347952156579 18.245
8 15473403 7.49150123809123 18.3135
8 15497230 1.18745167347838 18.492
8 15533442 1.30437355106958 18.535
8 15719355 0.10816891658011 18.7775
8 15765579 1.53982077495898 18.7825
8 15805194 0.586015665199301 18.8435
8 15840176 1.0536553736424 18.864
8 16006739 0.636911864297467 19.0395
8 16130775 5.94454633725315 19.1185
8 16177120 0.627395960953259 19.394
8 16278332 1.89287485534798 19.4575
8 16338822 0.246747051372745 19.572
8 16399613 3.0978934324659 19.587
8 16441577 2.46722461419381 19.717
8 16482919 1.50710753735898 19.819
8 16592732 3.84433962264143 19.9845
8 16613932 0.296801527072966 20.066
8 16699848 0.736449332285967 20.0915
8 16740584 0.902333175782978 20.1215
8 16763857 1.04421504863059 20.1425
8 16797375 1.58392489652462 20.1775
8 16840622 3.83776055384153 20.246
8 16867200 1.90948240838547 20.348
8 16928735 2.54017126912348 20.4655
8 16980700 0.564073163063379 20.5975
8 17034771 1.30296303445615 20.628
8 17138381 3.7030960695619 20.763
8 17181048 0.0202319389481114 20.921
8 17304615 0.616406238182383 20.9235
8 17436833 0.748328157036455 21.005
8 17552424 4.90809252231434 21.0915
8 17599591 0.164094094729927 21.323
8 17694049 0.39421813403418 21.3385
8 17732099 3.99799316421565 21.3535
8 17763990 1.52395601891414 21.481
8 17834202 1.0603443896988 21.588
8 17912950 2.15811476591448 21.6715
8 18030877 5.42208266394049 21.926
8 18058265 2.14240877705298 22.0745
8 18094906 4.34518614094347 22.153
8 18147608 0.607013681396439 22.382
8 18306583 0.488416606164597 22.4785
8 18458093 0.641360634709512 22.5525
8 18521240 0.301012153365659 22.593
8 18547817 0.547371427211492 22.601
8 18589836 2.14185682510921 22.624
8 18638392 0.969154927427812 22.728
8 18703913 0.396165737101325 22.7915
8 18768280 2.57161607374507 22.817
8 18833803 1.94287637492928 22.9855
8 18899170 1.25964210580995 23.1125
8 18937673 0.867535831673586 23.161
8 19019514 0.818418439906619 23.232
8 19094048 0.164722936021629 23.293
8 19200287 1.79356398779736 23.3105
8 19325178 1.83350975351576 23.5345
8 19378082 1.01306125402511 23.6315
8 19516277 2.81349740789255 23.7715
8 19570480 3.04834721314273 23.924
8 19640846 1.74785193897219 24.1385
8 19702064 0.381469246499926 24.2455
8 19829204 1.73503945546453 24.294
8 19889145 0.922992491331375 24.398
8 19969319 0.251196172248813 24.472
8 20011119 0.268231709279729 24.4825
8 20104322 0.67265830826438 24.5075
8 20157841 6.8822023047374 24.5435
8 20164089 0.372356270479582 24.5865
8 20251371 0.348237916144488 24.619
8 20258550 0.528851803972233 24.6215
8 20326622 0.0905583829895597 24.6575
8 20381835 0.590256550793657 24.6625
8 20429272 1.32757636665921 24.6905
8 20469571 1.26386243480431 24.744
8 20525748 0.260308204914629 24.815
8 20554560 1.15476081587852 24.8225
8 20598292 0.613779346324974 24.873
8 20676496 0.936045127228245 24.921
8 20798285 0.25747978783664 25.035
8 20895380 1.3705128880924 25.06
8 20952293 0.511375258528541 25.138
8 20996292 2.35421372442979 25.1605
8 21027725 0.906125407756382 25.2345
8 21055315 1.80644675686356 25.2595
8 21108458 0.736475629351898 25.3555
8 21145798 0.586644070006215 25.383
8 21176481 2.89762607331796 25.401
8 21214098 0.843614889802787 25.51
8 21261513 0.209520095259035 25.55
8 21502540 1.39445360986726 25.6005
8 21553456 0.330720640275153 25.6715
8 21613930 0.160999484801639 25.6915
8 21691570 0.216985112410351 25.704
8 21774525 0.906009341268723 25.722
8 21838542 1.40980930474142 25.78
8 21865496 5.12820512820512 25.818
8 21888701 0.522726541641182 25.937
8 21950875 0.0247331295323586 25.9695
8 22051954 0.140909934494054 25.972
8 22197437 1.07868020304571 25.9925
8 22260477 3.21400864457497 26.0605
8 22278523 0.194977382623577 26.1185
8 22329811 1.55791788856304 26.1285
8 22378915 1.03153120198994 26.205
8 22447260 2.32894314166396 26.2755
8 22515746 3.31046823739936 26.435
8 22549276 0.120371707833784 26.546
8 22653121 0.0386134179053008 26.5585
8 22847354 2.97172533179462 26.566
8 22899344 0.504140301849025 26.7205
8 23025301 0.027297046459587 26.784
8 23116886 1.28331265774056 26.7865
8 23140263 0.0723145276993526 26.8165
8 23313119 0.412191445260936 26.829
8 23355575 0.908305953328768 26.8465
8 23444752 0.10685970355052 26.9275
8 23589802 3.28658450205411 26.943
8 23625097 0.449809919034197 27.059
8 23659556 0.232477042891968 27.0745
8 23702571 5.43736244767623 27.0845
8 23725744 0.821863371988016 27.2105
8 23836468 0.665459385159164 27.3015
8 23882301 0.606771570729362 27.332
8 23907022 1.02355236643175 27.347
8 24000813 0.11086064816526 27.443
8 24027874 0.381898033225053 27.446
8 24054059 1.65067774886396 27.456
8 24079806 1.79500083878543 27.4985
8 24109611 0.569589982173139 27.552
8 24224606 2.88802345425104 27.6175
8 24247459 1.18444344174102 27.6835
8 24362703 0.82322247270698 27.82
8 24402182 1.8459595346239 27.8525
8 24443353 0.247251388728643 27.9285
8 24504020 0.411116592665657 27.9435
8 24534425 1.32151461756984 27.956
8 24590043 0.572995923274906 28.0295
8 24643272 0.588402386073122 28.06
8 24741844 0.907539840999097 28.118
8 24769391 1.19937033057645 28.143
8 24849433 0.958592238826425 28.239
8 24907852 0.191414424990984 28.295
8 24947034 0.256370621434851 28.3025
8 25212275 3.66583708885457 28.3705
8 25242009 0.983403180174557 28.4795
8 25308106 0.36021926389976 28.5445
8 25371956 3.39823462779718 28.5675
8 25418745 7.3128408527516 28.7265
8 25430847 0.423094447698956 28.815
8 25461573 0.33285623939022 28.828
8 25551702 1.29090831713789 28.858
8 25622195 0.585312733954934 28.949
8 25695660 0.590876861262055 28.992
8 25725277 1.99679478894722 29.0095
8 25802651 3.5959696656816 29.164
8 25830738 65.751960085531 29.265
8 25833544 0.197718330466413 29.4495
8 25934698 2.96943899268469 29.4695
8 25973931 1.92326598830066 29.586
8 26055303 3.23399035378738 29.7425
8 26091172 3.94331238240127 29.8585
8 26116151 4.19171471803047 29.957
8 26165057 0.492290234296775 30.162
8 26344829 1.08247073946286 30.2505
8 26389172 0.835623560870566 30.2985
8 26416098 0.191260175041301 30.321
8 26481454 0.229856604841101 30.3335
8 26538011 3.789746917586 30.3465
8 26576536 0.653363752235896 30.4925
8 26669899 0.758581452683466 30.5535
8 26696264 2.58589452185663 30.5735
8 26726621 0.493880697696791 30.652
8 26768129 0.462950715589584 30.6725
8 26805930 2.59206292456202 30.69
8 26828306 1.68690958164642 30.748
8 26865356 0.408823408792645 30.8105
8 27255500 1.91298081872147 30.97
8 27313786 2.35937275212202 31.0815
8 27383296 1.95754998211378 31.2455
8 27433614 0.215738812211339 31.344
8 27621341 0.3221079309344 31.3845
8 27762598 0.0303953215521007 31.43
8 27927097 1.48698014237545 31.435
8 27969801 0.255961339599252 31.4985
8 28067472 1.49316132114926 31.5235
8 28084215 0.811168997349396 31.5485
8 28127979 2.65548029556651 31.584
8 28166955 0.256919704028511 31.6875
8 28196147 0.187975159430774 31.695
8 28411601 0.142364696592364 31.7355
8 28675009 0.58338014778966 31.773
8 28744432 0 31.8135
8 28747847 0.957569051368258 31.8135
8 28935823 2.09948320413435 31.9935
8 28972975 0.500758829078888 32.0715
8 29265531 0.101298648675983 32.218
8 29413608 5.63672773121713 32.233
8 29427091 0.306802244039303 32.309
8 29541171 0.616655048527968 32.344
8 29578469 2.10689203666238 32.367
8 29620474 0.365105637231053 32.4555
8 29661558 3.6101779991505 32.4705
8 29687457 4.11973819728238 32.564
8 29717556 1.29355379027838 32.688
8 29777855 0.885779826932283 32.766
8 29865913 1.55684479454977 32.844
8 29903489 0.293055750925956 32.9025
8 29946143 1.05605566034538 32.915
8 30034680 2.33025311370027 33.0085
8 30059570 1.20112906131783 33.0665
8 30076221 2.60381555885127 33.0865
8 30135557 2.1399588683231 33.241
8 30207521 1.38741155251325 33.395
8 30229144 1.94163332548842 33.425
8 30263136 1.69664261641983 33.491
8 30349483 0.216481454755384 33.6375
8 30384128 0.597847748106649 33.645
8 30421763 0.797607178464731 33.6675
8 30446838 0.201066995522916 33.6875
8 30484139 0.280622983022403 33.695
8 30512647 0.43706293706286 33.703
8 30588151 1.49941601691971 33.736
8 30619830 0.172555109788246 33.7835
8 30666192 3.81278750270137 33.7915
8 30698583 0.794912559618472 33.915
8 30736323 0.500374111485219 33.945
8 30843243 1.54522978475847 33.9985
8 30870747 1.21714299089491 34.041
8 30956193 0.162374565647966 34.145
8 31048572 5.40039016034648 34.16
8 31069589 0.96971815745228 34.2735
8 31189727 0.492992927194823 34.39
8 31265793 1.07935855263152 34.4275
8 31333889 0.986089100193775 34.501
8 31390679 0.764432485322853 34.557
8 31423383 5.81894240051482 34.582
8 31442029 2.14605293091682 34.6905
8 31507964 0.483837607847773 34.832
8 31643340 0.475325176885316 34.8975
8 31845307 1.26618276366402 34.9935
8 31919151 1.49858149537842 35.087
8 31962859 0.418121668810853 35.1525
8 32071679 0.17004847579084 35.198
8 32280443 1.80174823095675 35.2335
8 32364528 0.996940424215336 35.385
8 32422706 0.569603515267382 35.443
8 32471863 0.0507384130377445 35.471
8 32619680 0.999600159936119 35.4785
8 32662197 0.280046190334614 35.521
8 32806816 0.253179570461448 35.5615
8 33026028 1.088718649671 35.617
8 33088946 0.562169725286416 35.6855
8 33168993 1.01503974380966 35.7305
8 33203967 0.508461419034312 35.766
8 33332787 0.239342605643176 35.8315
8 33407993 0.0702950141152548 35.8495
8 33585815 1.46980697715598 35.862
8 33642285 2.66508083344335 35.945
8 33664986 1.31601656886449 36.0055
8 33688162 0.549273805405332 36.036
8 33852925 0.414400285861758 36.1265
8 34054421 0.217962270730893 36.21
8 34146180 1.33598784513024 36.23
8 34184354 0.794341931839608 36.281
8 34269330 0.679018333494973 36.3485
8 34351802 0.282956327711907 36.4045
8 34413649 1.10925474514534 36.422
8 34486671 1.43118845889632 36.503
8 34512873 0.528359284313296 36.5405
8 34637788 0.387884698502806 36.6065
8 34728021 1.07135682878383 36.6415
8 34772824 0.600137174211255 36.6895
8 34924456 0.501668046253694 36.7805
8 34964323 0.449203924168607 36.8005
8 35172469 0.405208277054421 36.894
8 35209487 0.515858978893948 36.909
8 35243411 1.277763755679 36.9265
8 35275107 5.11033262306333 36.967
8 35302796 4.08486952358146 37.1085
8 35336212 0.560409374454519 37.245
8 35445061 1.47325016031234 37.306
8 35568258 5.82536701946079 37.4875
8 35591690 0.160499216763767 37.624
8 35669572 0.827916418889842 37.6365
8 35864640 1.20707728471138 37.798
8 35959083 0 37.912
8 35963599 1.637012283237 37.912
8 36096463 0.857798961295594 38.1295
8 36246265 0.313800620994886 38.258
8 36367361 0.290949529954882 38.296
8 36444694 2.17838423601746 38.3185
8 36489911 0.177009947958914 38.417
8 36518158 0.482093160851132 38.422
8 36655061 0.762517009994812 38.488
8 36697683 1.0298194986703 38.5205
8 36786048 1.31271878646446 38.6115
8 36851180 2.99401197604787 38.697
8 36882409 3.32243621633142 38.7905
8 36910551 0.873351996745871 38.884
8 36994137 0.418015896379146 38.957
8 37079062 0.0999560193514756 38.9925
8 37254139 0.402238544945842 39.01
8 37311319 0.710323719589243 39.033
8 37407050 2.73322675468023 39.101
8 37426441 1.19436761377913 39.154
8 37458257 2.38746364543993 39.192
8 37481294 0.228446109562871 39.247
8 37503181 0.0358613171144224 39.252
8 37572894 0.237287331229338 39.2545
8 37615037 0.301716009805871 39.2645
8 37641552 0.0258965381507565 39.2725
8 37738090 0.167205439750313 39.275
8 37890597 0.0358150795810743 39.3005
8 37960400 0.476462740613702 39.303
8 38054846 0.453672075149462 39.348
8 38111054 0.205532297028944 39.3735
8 38269180 0.893655049151062 39.406
8 38343034 0.419544310333684 39.472
8 38420499 0.200440970134303 39.5045
8 38495334 0.046504706276299 39.5195
8 38602850 0 39.5245
8 38603832 0.323262960450129 39.5245
8 38729117 0.310148871458359 39.565
8 38779093 0.38973765088411 39.5805
8 38823995 0.550221464139402 39.598
8 38860344 0.731957253696369 39.618
8 38914992 0.190954225544227 39.658
8 38969979 0 39.6685
8 39019428 0.883876107957349 39.6685
8 39059592 0.390234765234743 39.704
8 39187720 0.152283027142961 39.754
8 39351888 0.168939673178457 39.779
8 39417000 8.471385542169 39.79
8 39419656 0.0302601159567798 39.8125
8 39584890 1.91425235548061 39.8175
8 39621719 1.64085734796437 39.888
8 39680225 1.42450142450141 39.984
8 39715676 0.44504575070302 40.0345
8 39743763 0.316736348663385 40.047
8 39838479 0.291317322722729 40.077
8 39908849 2.70344508536821 40.0975
8 39978020 3.24020178502137 40.2845
8 40003790 0 40.368
8 40031873 3.80467955239059 40.368
8 40056448 0.514664922860773 40.4615
8 40139026 0.30490593651874 40.504
8 40171823 0.480156990459409 40.514
8 40219724 0.295468983143541 40.537
8 40287413 1.02295157548947 40.557
8 40356820 3.79880408019687 40.628
8 40385250 0.101974220917004 40.736
8 40434282 0.044523597506638 40.741
8 40490432 1.20586012022618 40.7435
8 40518213 1.70170170170158 40.777
8 40543188 0.453774688925555 40.8195
8 40626930 0.240153698366873 40.8575
8 40678980 0.820563708184632 40.87
8 40731383 0.757312801741848 40.913
8 40794765 0.228284442415204 40.961
8 40838570 1.19019592456 40.971
8 40876799 0.161040968822551 41.0165
8 40907847 0.181584872769539 41.0215
8 40949150 0.576133411547731 41.029
8 40996882 0.957887174574893 41.0565
8 41055344 2.19477616009599 41.1125
8 41092022 0.0793373742502648 41.193
8 41186555 0.743263097851438 41.2005
8 41244408 1.20587134600191 41.2435
8 41292506 0.158972402390951 41.3015
8 41339684 0.477272950924573 41.309
8 41441303 0.809791536521519 41.3575
8 41484524 0.324562921931811 41.3925
8 41600064 0.59902381304543 41.43
8 41735284 1.70536414540279 41.511
8 41790111 1.48424890233299 41.6045
8 41878708 0.499675211112855 41.736
8 41918734 0.103305785123946 41.756
8 42015534 0.702632957318238 41.766
8 42093811 1.09543568464734 41.821
8 42123936 0.324915612195178 41.854
8 42179335 1.25366891257589 41.872
8 42263488 0.942857522276689 41.9775
8 42414094 2.58739819470174 42.1195
8 42448105 1.86487995533208 42.2075
8 42492880 1.80445375775427 42.291
8 42553009 0.358073189322283 42.3995
8 42791787 0.204306787071426 42.485
8 42840733 0.0567279328341297 42.495
8 42893617 0.691307954650224 42.498
8 42958711 0.712606370804987 42.543
8 43054837 0.0783539404196481 42.6115
8 43182463 1.76650327837552 42.6215
8 43213881 0.37912805924079 42.677
8 43399834 0 42.7475
8 43441019 0.223125743752488 42.7475
8 43541859 0.485980803758174 42.77
8 43615936 2.18768595330603 42.806
8 43644505 0.166463211630236 42.8685
8 43752637 0.53556648327574 42.8865
8 43814254 0.118500260700634 42.9195
8 43856448 0.176444017842009 42.9245
8 43998136 0.432194141608401 42.9495
8 44090687 0.590111642743244 42.9895
8 44184737 0.633117817470239 43.045
8 44236860 1.49967679379444 43.078
8 44275535 0.178199119696313 43.136
8 44387769 0 43.156
8 44395413 12.2356495468283 43.156
8 44398723 0 43.1965
8 44405106 1.11193476649374 43.1965
8 44418596 0.958910315458807 43.2115
8 44484817 0.392243002384871 43.275
8 44612289 0.435700640144724 43.325
8 44642126 1.2130033964091 43.338
8 44652431 0.854467154282622 43.3505
8 44696318 0.0385653682993418 43.388
8 44761143 2.87799129804195 43.3905
8 44783207 1.08003801733825 43.454
8 44817928 0.418424047666725 43.4915
8 44847802 0.492219752302412 43.504
8 44879292 0.217864923747349 43.5195
8 44916012 0.408844115915344 43.5275
8 44946586 0.582079706114446 43.54
8 45023895 0.395116361768462 43.585
8 45049204 0.739627740116916 43.595
8 45135058 0.100988339213103 43.6585
8 45209324 0.043684909484952 43.666
8 45266552 0.385469347477357 43.6685
8 45298980 0.381820958697999 43.681
8 45344813 2.39890335846456 43.6985
8 45375452 2.45157794934305 43.772
8 45412367 0.910357849307713 43.8625
8 45456855 0.435678073510827 43.903
8 45519975 0.37243527526354 43.9305
8 45608581 0.626586045928632 43.9635
8 45640500 1.49579308195705 43.9835
8 45672590 0.844328009595348 44.0315
8 45735954 5.8335493907184 44.085
8 45747525 0.128507498790487 44.1525
8 45945957 0.0906572286448038 44.178
8 46083839 0.549843865091111 44.1905
8 46180230 0.250541711809327 44.2435
8 46401750 0.38492134773796 44.299
8 46440719 0.256869422263949 44.314
8 46508847 0 44.3315
8 46531427 1.1255532380323 44.3315
8 46610055 0.36485858965572 44.42
8 46700501 0.631095811818619 44.453
8 46744076 0.492193806233114 44.4805
8 46794869 0.467386224062774 44.5055
8 46886870 0.246208390782084 44.5485
8 46927486 0.272340881491503 44.5585
8 47039478 0.164805463630768 44.589
8 47115325 0.495086640162047 44.6015
8 47181980 0.739547725479796 44.6345
8 47242828 1.77927148717449 44.6795
8 47263061 0.408541235428711 44.7155
8 47336493 1.08068520800953 44.7455
8 47392476 0.290537806232096 44.806
8 47488849 0.780177842949245 44.834
8 47595235 0.448068382128443 44.917
8 47696782 1.21024005467449 44.9625
8 47731899 0.18740044351439 45.005
8 47827950 0.841585870580156 45.023
8 47914691 0.139400022304075 45.096
8 47950559 0.399110180581046 45.101
8 48026979 0.754345278172584 45.1315
8 48107181 0.101605364763263 45.192
8 48180996 1.326285814593 45.1995
8 48232267 0.153629890231467 45.2675
8 48362450 0.192164641705875 45.2875
8 48443110 1.2471777228255 45.303
8 48489615 0.727402486893091 45.361
8 48562477 0.565092930976169 45.414
8 48683696 1.22168142457828 45.4825
8 48734855 0.553526327303106 45.545
8 48885706 1.42265907915157 45.6285
8 48924366 0.899604174163061 45.6835
8 48938261 1.50834663564297 45.696
8 49012183 0.182949140139102 45.8075
8 49055911 1.37132408959323 45.8155
8 49088726 0.40051689350027 45.8605
8 49221055 0.835770998746329 45.9135
8 49323954 1.30690481376611 45.9995
8 49360682 0.459067841880399 46.0475
8 49420586 0.554078014184287 46.075
8 49456682 0.224512247143037 46.095
8 49501223 1.69572107765451 46.105
8 49532773 1.32395038167944 46.1585
8 49616613 0.85702042565351 46.2695
8 49672621 0.658251374583778 46.3175
8 49711360 1.41521301576643 46.343
8 49759056 0 46.4105
8 49764574 0.543997452499692 46.4105
8 49802258 0.247185668514584 46.431
8 50067241 0.671472551975832 46.4965
8 50146172 0.205035676207474 46.5495
8 50158365 0.507639663579067 46.552
8 50238146 1.66193937245176 46.5925
8 50260710 1.41738999548442 46.63
8 50380296 3.15250229869948 46.7995
8 50410748 1.27273241508051 46.8955
8 50446105 1.01457712764453 46.9405
8 50623026 0.5308732274733 47.12
8 50665409 0.480433940333186 47.1425
8 50729934 2.45897974694862 47.1735
8 50752301 0.322680094543234 47.2285
8 50995576 2.56180871828232 47.307
8 51044760 0.703504732668289 47.433
8 51083850 2.76511698571859 47.4605
8 51133215 0.0295977079534692 47.597
8 51217681 0.263880092885803 47.5995
8 51274525 0.813656668793905 47.6145
8 51305865 1.3673422444859 47.64
8 51344992 0.623441396508715 47.6935
8 51409152 1.86973494966115 47.7335
8 51433487 5.90714259986293 47.779
8 51461250 0.465434874244805 47.943
8 51575122 3.47128787471067 47.996
8 51612284 3.4471729627919 48.125
8 51668562 0.899250344572556 48.319
8 51728056 0.555226532425251 48.3725
8 51782088 0.219795677937714 48.4025
8 51838959 0.77760497667188 48.415
8 51919977 1.99921213314953 48.478
8 51970747 1.31717597471018 48.5795
8 51995421 0.323568747573247 48.612
8 52018600 0.0581846392552388 48.6195
8 52147500 0.590695366585511 48.627
8 52189823 0.306314797360936 48.652
8 52232263 0.302788072572314 48.665
8 52273546 0.558422878416131 48.6775
8 52332641 0.218971708855224 48.7105
8 52366892 0.178109192808976 48.718
8 52409001 0.643258338824736 48.7255
8 52440870 0.178518298125565 48.746
8 52524895 0.458999839350019 48.761
8 52655614 1.88653820239875 48.821
8 52685298 0.617148499643449 48.877
8 52721756 1.2336774977224 48.8995
8 52748100 0.716992727645158 48.932
8 52787152 0.334386030094755 48.96
8 52840982 0.154760430853045 48.978
8 52889444 0.576103237700163 48.9855
8 52932839 0.325490560773706 49.0105
8 52986604 0.757162346521175 49.028
8 53059904 0.41144295464448 49.0835
8 53121881 1.10163981795841 49.109
8 53149567 0.303760555679321 49.1395
8 53248329 0.0511242216337518 49.1695
8 53346130 0.206492112001134 49.1745
8 53370344 1.04152702298584 49.1795
8 53467317 0.464752838311946 49.2805
8 53663120 1.32576348379462 49.3715
8 53695177 1.4231647430484 49.414
8 53759119 3.03438975050573 49.505
8 53819922 2.93325832764095 49.6895
8 53844809 0.27720720556956 49.7625
8 53954835 1.56198618875376 49.793
8 54009573 0 49.8785
8 54066695 0.294423616699719 49.8785
8 54117642 0.0622145905657229 49.8935
8 54198009 0.608682419947364 49.8985
8 54244010 0.466146136813909 49.9265
8 54449954 0.221936171157131 50.0225
8 54495012 1.39938661616586 50.0325
8 54554681 0.819292781467724 50.116
8 54634628 1.12607038558622 50.1815
8 54675034 1.99579831932781 50.227
8 54717874 1.10047251927385 50.3125
8 54798294 1.35796880786775 50.401
8 54822595 2.61013345931267 50.434
8 54864930 0.330324507924193 50.5445
8 55004187 2.63258830503149 50.5905
8 55032866 0.448410385184591 50.666
8 55077468 3.60753902032015 50.686
8 55097842 0 50.7595
8 55136134 0.635001270002478 50.7595
8 55218811 0.493529282737461 50.812
8 55255283 0 50.83
8 55298755 2.0046842126156 50.83
8 55323946 0.163736093802595 50.8805
8 55433879 0.72544874186454 50.8985
8 55458002 0.375782881002102 50.916
8 55517877 0.478546846681754 50.9385
8 55665198 0.219054851334783 51.009
8 55733674 0.567859170925589 51.024
8 55788265 0.076136412086825 51.055
8 55952444 2.99816241658327 51.0675
8 55983463 0.332412427792646 51.1605
8 56051150 1.22802481902781 51.183
8 56082094 1.18916776274306 51.221
8 56137595 0 51.287
8 56221152 0.131240485064807 51.287
8 56297348 0.469487241684225 51.297
8 56425147 0.498426535837864 51.357
8 56476308 0.0671214654446228 51.3825
8 56558249 0.671453383229806 51.388
8 56614098 0.232590594036402 51.4255
8 56764577 0.419209092179272 51.4605
8 56807515 0.323215923270091 51.4785
8 56940553 0.436953807740304 51.5215
8 57004633 0.508854060655423 51.5495
8 57034111 0.15093276448452 51.5645
8 57083802 0.618454687886411 51.572
8 57132310 0.542189088444616 51.602
8 57220840 2.35380654652455 51.65
8 57261625 0.544228264883646 51.746
8 57313074 0.479260022525126 51.774
8 57354805 0.344094572481623 51.794
8 57420194 1.46395962553468 51.8165
8 57446151 0.828820864183919 51.8545
8 57482347 1.55813611641915 51.8845
8 57516362 0.230343980343989 51.9375
8 57548922 0.279767233661737 51.945
8 57566794 1.18974777347191 51.95
8 57581503 0.134284837323516 51.9675
8 57659695 2.50176335743259 51.978
8 57705063 0.614250614250567 52.0915
8 57738437 0.744504546945817 52.112
8 57857308 0.114091246919572 52.2005
8 58010694 0.425996542396973 52.218
8 58252480 1.54941747862101 52.321
8 58319602 0.339453555210248 52.425
8 58385885 4.06170268922844 52.4475
8 58419984 0.372968050684896 52.586
8 58523210 1.02554540369197 52.6245
8 58609018 1.01934382704341 52.7125
8 58651202 2.8857440980828 52.7555
8 58681870 0.622853044430207 52.844
8 58734852 0.195581424458564 52.877
8 58798764 0.471638156530367 52.8895
8 58948243 0.695576135776394 52.96
8 58973402 0.330738309672776 52.9775
8 59012708 0.0580774055662508 52.9905
8 59055754 0.599755735845684 52.993
8 59101606 0 53.0205
8 59132941 0.223556939952614 53.0205
8 59200038 0.337186897880507 53.0355
8 59251938 0 53.053
8 59431157 0.0780969339144145 53.053
8 59495180 0.209815152850297 53.058
8 59542841 0.0588304506413656 53.068
8 59585336 0.379325534726539 53.0705
8 59626198 0.127132650207291 53.086
8 59665527 0.0919669899817327 53.091
8 59747078 1.54020516695235 53.0985
8 59781489 1.08196195768331 53.1515
8 59818921 0.255251805906476 53.192
8 59858098 0.589495195614178 53.202
8 59908989 1.63929403113126 53.232
8 59941625 0.942909498478969 53.2855
8 59997834 0.0490530793560929 53.3385
8 60252660 0.175420131214265 53.351
8 60338169 0.136730322227798 53.366
8 60447874 0.152166856029871 53.381
8 60497162 0.385951370127379 53.3885
8 60536027 0.0602119460500416 53.4035
8 60577547 0.27696446941522 53.406
8 60615458 0.650304174533374 53.4165
8 60639293 0.913375470388315 53.432
8 60666664 0.33725685603691 53.457
8 60831227 1.2925505673409 53.5125
8 60881902 0.881442605302114 53.578
8 60956212 1.06297538621426 53.6435
8 60998546 1.27081332052523 53.6885
8 61048514 0.486760124610527 53.752
8 61105010 3.12991664713952 53.7795
8 61134883 0.686893298254311 53.873
8 61212042 0.0417817987342916 53.926
8 61391546 0.886138470030983 53.9335
8 61425965 0.422336210338843 53.964
8 61491079 0.382350692054677 53.9915
8 61543387 0.148207870430785 54.0115
8 61627728 0.316994888457248 54.024
8 61652965 2.7638059310491 54.032
8 61691137 0.189941848572487 54.1375
8 61759579 0.162533667688313 54.1505
8 61824181 0.177031883442173 54.161
8 61880668 0.0953696144778921 54.171
8 62011737 0.605326876513236 54.1835
8 62057167 1.17236348478537 54.211
8 62076359 0.119970247378711 54.2335
8 62118036 1.35155428743048 54.2385
8 62177967 2.41686664381223 54.3195
8 62207137 2.11957608478308 54.39
8 62257147 2.08902873059256 54.496
8 62295921 0.462435205299715 54.577
8 62388907 0.0727600809092472 54.62
8 62526345 0.0844587461254382 54.63
8 62763147 0.387792298444876 54.65
8 62788934 0.518192249324607 54.66
8 62842968 0 54.688
8 62901406 0.808264006623759 54.688
8 62926769 2.48441593639862 54.7085
8 62937838 0.305675788032251 54.736
8 62978731 0.41865035429582 54.7485
8 63123243 0.169666368053897 54.809
8 63196917 3.3293494963293 54.8215
8 63214488 0.121526089915406 54.88
8 63358490 0.0833708502159732 54.8975
8 63418463 1.0162781243924 54.9025
8 63475042 2.44989758624844 54.96
8 63499941 2.15205677487187 55.021
8 63530377 2.18664906345397 55.0865
8 63554615 4.83770287141071 55.1395
8 63577043 3.52879672388268 55.248
8 63611474 4.52928622243307 55.3695
8 63632559 1.16814159292015 55.465
8 63660809 0.544247305975856 55.498
8 63715931 3.56156819436769 55.528
8 63752151 1.6253498035448 55.657
8 63787528 5.93624380667488 55.7145
8 63808922 1.49364276015307 55.8415
8 63930437 0.186248168050784 56.023
8 64094197 0.759752458835325 56.0535
8 64130393 0.92528461971339 56.081
8 64222797 0.632886615426829 56.1665
8 64299430 0.404800939138098 56.215
8 64348837 3.45988152934848 56.235
8 64385977 0.871692919406616 56.3635
8 64516757 0.469182573218713 56.4775
8 64688332 0.195462660116503 56.558
8 64765073 0.112539613944134 56.573
8 64876145 0.449504621276921 56.5855
8 65038546 1.26715644398892 56.6585
8 65108782 1.01546038435173 56.7475
8 65148173 1.02452913355808 56.7875
8 65232114 0.367720799625639 56.8735
8 65306899 0.373692077727902 56.901
8 65380489 0.790405168562605 56.9285
8 65409588 1.16978954094773 56.9515
8 65506614 0.447254867764454 57.065
8 65862116 0.326532586742789 57.224
8 66110177 1.20185934710755 57.305
8 66166756 0.52494802494802 57.373
8 66262956 0.489825622078691 57.4235
8 66298683 1.34337171538226 57.441
8 66332553 0.957402525322639 57.4865
8 66440658 0.958457797375882 57.59
8 66588291 0.407682551186825 57.7315
8 66643481 0.520262668304056 57.754
8 66915459 0.381253487074547 57.8955
8 66969229 0.11687522401085 57.916
8 67033400 3.19302602569638 57.9235
8 67072861 0.141000049764729 58.0495
8 67253712 1.57701123581469 58.075
8 67413825 0.728455673971185 58.3275
8 67514037 0.944455789258766 58.4005
8 67572801 0.445046969572465 58.456
8 67645827 0.97447621903213 58.4885
8 67672508 0.337801318776425 58.5145
8 67709512 0.178584184584451 58.527
8 67737510 0.475255053545421 58.532
8 67769072 4.63834364076382 58.547
8 67791386 0.468445510418202 58.6505
8 67844754 0.59329575793539 58.6755
8 67908803 2.27429909028026 58.7135
8 67946397 0.942569311864345 58.799
8 68029680 0.789372234902521 58.8775
8 68193101 1.23531794248669 59.0065
8 68217791 0.199063957037582 59.037
8 68330820 2.98923058023834 59.0595
8 68355241 1.82296941462433 59.1325
8 68399674 1.737892174126 59.2135
8 68464983 0.236058391403751 59.327
8 68517936 0.410533323470686 59.3395
8 68653126 0.448380226431925 59.395
8 68697731 0.847105815297251 59.415
8 68786858 0.716307348265207 59.4905
8 68844096 0.593248828333586 59.5315
8 68894665 0.440151316885116 59.5615
8 69020758 1.32199804751082 59.617
8 69045342 0.741132874536757 59.6495
8 69120902 1.68246312601655 59.7055
8 69156564 1.13315573933418 59.7655
8 69181715 1.38687891944053 59.794
8 69223175 0.33832412681614 59.8515
8 69304458 0.260352201043146 59.879
8 69421607 0.774337687396067 59.9095
8 69500384 0.16121404926702 59.9705
8 69546906 0.231980884775048 59.978
8 69590013 0.59380072047823 59.988
8 69640535 0.742265592525908 60.018
8 69691056 0.700562825049247 60.0555
8 69817383 0.964122016753707 60.144
8 69849018 0.124333262877793 60.1745
8 69929447 1.42251328573722 60.1845
8 69966705 1.88928924460324 60.2375
8 70029427 1.9869687128074 60.356
8 70079000 0.496056048209274 60.4545
8 70242288 0.153462105090855 60.5355
8 70291160 0.182853560420023 60.543
8 70386865 0.409735310989311 60.5605
8 70399068 1.09467259337893 60.5655
8 70429214 0.471063257065903 60.5985
8 70466364 2.38364069752856 60.616
8 70498248 1.4746378582718 60.692
8 70559619 2.83599745215199 60.7825
8 70592588 0.723900173449342 60.876
8 70662349 7.41024658234315 60.9265
8 70670176 0.355921315346381 60.9845
8 70727773 0.550931073514236 61.005
8 70827604 0.0636521030654274 61.06
8 70866880 1.92954302307808 61.0625
8 70893052 1.2486590105696 61.113
8 70949913 0.749866095340197 61.184
8 70996588 0.203883793931177 61.219
8 71256540 0.510377679482837 61.272
8 71300625 0.232942765962357 61.2945
8 71343554 19.2940472629382 61.3045
8 71350240 0.125795657533877 61.4335
8 71429734 0.0737234779788348 61.4435
8 71497555 0.659089729617496 61.4485
8 71593900 3.36535991368238 61.512
8 71632826 2.83989266547396 61.643
8 71655186 3.07635889495551 61.7065
8 71679728 0.0881948282552744 61.782
8 71764767 0.179003594392216 61.7895
8 71834598 0.408814030497445 61.802
8 71859059 2.69572830745137 61.812
8 71880760 0.499620007318363 61.8705
8 71951814 2.00430926491953 61.906
8 71971771 5.48245614035173 61.946
8 71975419 0.209500550687141 61.966
8 72058951 0.368459837877643 61.9835
8 72114588 2.00889654182826 62.004
8 72142464 0.995575221238976 62.06
8 72165064 0.821613619541059 62.0825
8 72300164 1.34469905477884 62.1935
8 72363747 0.535073793143964 62.279
8 72448782 1.35228949119202 62.3245
8 72517924 0 62.418
8 72603540 0.198811317595868 62.418
8 72794676 0.225103547631813 62.456
8 72861312 0.351181139231629 62.471
8 72904025 4.12735849056601 62.486
8 72930313 3.47374901064124 62.5945
8 72964426 0.0981412055666194 62.713
8 73015373 2.26477449455667 62.718
8 73066813 0.605889243446321 62.8345
8 73116327 3.33155231480032 62.8645
8 73148144 1.796232355032 62.9705
8 73226920 0.815227694991075 63.112
8 73332412 0.673763643713747 63.198
8 73369517 1.39155369077996 63.223
8 73416946 0.0643152993233446 63.289
8 73455817 1.40238292907308 63.2915
8 73500384 0.278742518807121 63.354
8 73656442 0.51711655807216 63.3975
8 73704787 1.51285930408464 63.4225
8 73739820 0.308985292300245 63.4755
8 73756002 1.37154290508936 63.4805
8 73786989 0.884018844952556 63.523
8 73881444 1.18560875886772 63.6065
8 73983923 0.204510304336904 63.728
8 74218630 0.531784541488994 63.776
8 74422660 0.18848720171901 63.8845
8 74502241 0.400036003240283 63.8995
8 74602232 0.149005673677553 63.9395
8 74689477 0.623005909116677 63.9525
8 74742446 0.590040122728288 63.9855
8 74772105 0.281721884155934 64.003
8 74834223 0.258737110474415 64.0205
8 74913454 1.25870319551877 64.041
8 74957547 0 64.0965
8 75010822 0.245908089392285 64.0965
8 75061654 0.324759677838566 64.109
8 75123238 0.642706565889693 64.129
8 75142687 0.122280947269743 64.1415
8 75289889 0.207162290938729 64.1595
8 75434703 0.5000982335817 64.1895
8 75490692 0.062946923154339 64.2175
8 75530408 0.151039149347374 64.22
8 75546960 0.102239731723045 64.2225
8 75620317 0 64.23
8 75740079 0.321281699794392 64.23
8 75786767 1.17281989884433 64.245
8 75827694 0.116022740457024 64.293
8 75913884 0.26636572013372 64.303
8 76056545 1.50975644495119 64.341
8 76091650 0.586624951114424 64.394
8 76130005 0.112813421157997 64.4165
8 76267400 0.425332822933559 64.432
8 76290911 0.946515224231141 64.442
8 76328417 0.59114359415282 64.4775
8 76374937 0.108478694784369 64.505
8 76490167 1.79899256416414 64.5175
8 76506843 0.680346160126427 64.5475
8 76525216 1.06035510286219 64.56
8 76589817 0.0377535148521984 64.6285
8 76656036 0.413217542100819 64.631
8 76729847 1.08112783255455 64.6615
8 76752971 0.721917412648362 64.6865
8 76766823 0.0235391597461323 64.6965
8 76873029 0.0624947921007198 64.699
8 76993039 1.52859161127425 64.7065
8 77036216 0.584717901193834 64.7725
8 77126858 0.0856384345293389 64.8255
8 77243628 0.312276945039227 64.8355
8 77299668 1.61944211871524 64.853
8 77345054 0.837977123224369 64.9265
8 77368921 0.409925666812045 64.9465
8 77387217 2.27114917254963 64.954
8 77421781 0.0694907716254649 65.0325
8 77493733 1.06268597004486 65.0375
8 77533726 8.01028057399861 65.08
8 77557071 6.88847954562915 65.267
8 77583129 0.951246786819061 65.4465
8 77651986 0.0317331370109635 65.512
8 77730768 0.300333370040757 65.5145
8 77830657 0.482332700168112 65.5445
8 77931210 1.69702264937158 65.593
8 77960968 0.866038903017422 65.6435
8 78033713 2.44759082427818 65.7065
8 78079268 1.10305382494131 65.818
8 78177178 0.931523863449596 65.926
8 78231927 0.163039933914332 65.977
8 78277928 0.276663438926491 65.9845
8 78350218 0.434361736454429 66.0045
8 78390507 1.06382978723381 66.022
8 78433277 0.63787364187835 66.0675
8 78551639 1.89875184988685 66.143
8 78587452 2.83846872082195 66.211
8 78614227 1.29889744751524 66.287
8 78647332 0.754477730226659 66.33
8 78805057 1.46891093215373 66.449
8 78833990 2.3909277984219 66.4915
8 78901537 0.72838307188356 66.653
8 79023039 0.411130114458717 66.7415
8 79053443 0.210304456143385 66.754
8 79269796 0.311912598806613 66.7995
8 79391625 0.3776371662106 66.8375
8 79451206 0.0892629431268172 66.86
8 79568836 0.407880246359588 66.8705
8 79617870 0.817286162113673 66.8905
8 79707190 3.71149571292497 66.9635
8 79732382 0.274047684297013 67.057
8 79805362 0.897552588996738 67.077
8 79844914 0.119180988248985 67.1125
8 79886867 0.256818532025037 67.1175
8 79925805 0.89809037625269 67.1275
8 80010429 0.796960922349471 67.2035
8 80048072 0.287909448365469 67.2335
8 80108855 0.537492290069421 67.251
8 80165600 2.63573119127913 67.2815
8 80193486 1.56561343580964 67.355
8 80228616 0.542278343726976 67.41
8 80331884 3.44999843891479 67.466
8 80363913 5.39379631451255 67.5765
8 80394411 1.8754341282705 67.741
8 80437601 1.08093500878264 67.822
8 80482007 0.513524506813093 67.87
8 80580347 1.18247570997817 67.9205
8 80631088 0.353032549600752 67.9805
8 80659414 0.202686517661287 67.9905
8 80713685 1.51987233072446 68.0015
8 80740003 2.32868280672963 68.0415
8 80788743 0.264886628522939 68.155
8 80864247 0.910111594991829 68.175
8 80923031 0.218841366270468 68.2285
8 80980150 0.151073376338965 68.241
8 81046343 1.24262193227686 68.251
8 81078533 3.90524556441236 68.291
8 81109645 0.87775555458935 68.4125
8 81293637 0.0155170594551509 68.574
8 81454750 1.66793649486241 68.5765
8 81503313 0.100534845377316 68.6575
8 81553047 1.89247716787517 68.6625
8 81606152 0.214010161313628 68.763
8 81786050 0.0625140656647177 68.8015
8 81826041 0.124205087440269 68.804
8 81846169 0.147171366338831 68.8065
8 81880143 0.864088208409573 68.8115
8 82020175 0.9899166628296 68.9325
8 82063613 4.0211910384887 68.9755
8 82094947 2.7029546090033 69.1015
8 82116405 3.0484844954469 69.1595
8 82167906 1.21820057507836 69.3165
8 82213465 0.688717092236544 69.372
8 82271544 1.23711970024027 69.412
8 82467968 0.874235044336201 69.655
8 82716185 0.431236292846364 69.872
8 82756766 1.34940378383842 69.8895
8 82865703 2.145262849612 70.0365
8 82933993 0.194595796730772 70.183
8 83023923 0.987361769351903 70.2005
8 83051775 1.86731753220034 70.228
8 83085781 1.36071510812447 70.2915
8 83133550 1.19224170519634 70.3565
8 83167939 0.502028193903484 70.3975
8 83217737 2.18310935933814 70.4225
8 83276598 0.391562460528052 70.551
8 83316183 0.955662002406721 70.5665
8 83358562 2.04834084391623 70.607
8 83375649 0.356243289078875 70.642
8 83475300 0.033705592881412 70.6775
8 83697815 1.30924325739727 70.685
8 83720729 0.239831158863941 70.715
8 83752001 0.231219218941597 70.7225
8 83795250 0.159201867968439 70.7325
8 83842360 0.605505187706709 70.74
8 83872913 0.806408257620589 70.7585
8 83928716 2.69322628182312 70.8035
8 83948395 0.0504568871128323 70.8565
8 84146584 0.356540253896824 70.8665
8 84246152 0.0960579641200019 70.902
8 84355461 1.72202114259298 70.9125
8 84418178 0.405738769150962 71.0205
8 84448986 9.94772001161781 71.033
8 84455872 0.186644767013985 71.1015
8 84549633 0.236040561210092 71.119
8 84602590 0.210657144963672 71.1315
8 84697531 5.80940677019323 71.1515
8 84715433 0.344061806011711 71.2555
8 84811346 11.1064099851904 71.2885
8 84816073 0.66763597519385 71.341
8 84849774 2.23085561659622 71.3635
8 84882721 1.13949185432555 71.437
8 84927039 0.310411569221878 71.4875
8 85009188 1.82324471259009 71.513
8 85039354 1.51168922482005 71.568
8 85067799 0.618978416491634 71.611
8 85104957 0.899725583696793 71.634
8 85127186 1.58715073180005 71.654
8 85179796 2.33461906557236 71.7375
8 85214277 0.96253169311665 71.818
8 85235575 1.89771325552739 71.8385
8 85256653 0.271719440619998 71.8785
8 85284255 0.251814708168763 71.886
8 85375592 1.58649421111273 71.909
8 85416878 0.381745191241749 71.9745
8 85457481 1.10040592751997 71.99
8 85498375 0 72.035
8 85540348 0.471016768196966 72.035
8 85572194 2.40936941536907 72.05
8 85603530 0.941582834896053 72.1255
8 85706017 0.158131101225145 72.222
8 85753446 0.633911127738362 72.2295
8 85801560 2.39732729458462 72.26
8 85873098 1.06287854503741 72.4315
8 85932371 0.156543519098167 72.4945
8 85996251 1.4652377649109 72.5045
8 86066888 1.04736255066784 72.608
8 86103647 1.36544801456466 72.6465
8 86144293 0.267648759180413 72.702
8 86190996 2.16228203919837 72.7145
8 86227069 2.96079388319486 72.7925
8 86257804 1.17678523669435 72.8835
8 86313889 0.738940408483501 72.9495
8 86456661 0.0909501651771694 73.055
8 86627084 1.19043324555396 73.0705
8 86654805 1.60651408450721 73.1035
8 86700245 0.90626481901047 73.1765
8 86795140 0.16642811969511 73.2625
8 86885269 1.42938173567788 73.2775
8 86929344 0.0715922107674034 73.3405
8 86964264 0.74592503913794 73.343
8 87018559 1.68934343895519 73.3835
8 87051412 0.052015063562656 73.439
8 87099475 1.11463147751954 73.4415
8 87221937 0.546319236415096 73.578
8 87523043 0.978104902395946 73.7425
8 87716785 0.339307048984459 73.932
8 87821410 0.300007500187445 73.9675
8 87888075 0.154787808027723 73.9875
8 88001133 1.15740740740745 74.005
8 88014093 0.514827018122418 74.02
8 88028661 1.2829220436194 74.0275
8 88068414 1.48176781342612 74.0785
8 88122741 0.937268982997122 74.159
8 88160617 1.63121049412091 74.1945
8 88190043 2.00869647414641 74.2425
8 88211201 8.95087427144031 74.285
8 88220809 7.06311721769016 74.371
8 88244099 0.879123472596724 74.5355
8 88413586 1.98301865713322 74.6845
8 88449390 2.35968998555706 74.7555
8 88498549 2.01582798267889 74.8715
8 88538731 1.01169316073072 74.9525
8 88628185 1.23771950181758 75.043
8 88666966 0.927471712113255 75.091
8 88688530 1.57373227122574 75.111
8 88740000 0.900860573641163 75.192
8 88829359 0.498580682728002 75.2725
8 88966749 6.56828456879683 75.341
8 88990195 0.813127341073499 75.495
8 89065214 0.429993038208027 75.556
8 89187309 0.928988744737378 75.6085
8 89280421 3.23065782877552 75.695
8 89316327 1.27010398301724 75.811
8 89455292 0.235589759698613 75.9875
8 89499861 2.03806383935255 75.998
8 89533226 0.921677863345639 76.066
8 89557638 1.26565589980229 76.0885
8 89595563 0.453632298619703 76.1365
8 89796166 0.349591247157092 76.2275
8 89926318 0.306808840725674 76.273
8 90099064 0.614879343735969 76.326
8 90234863 1.4012637812974 76.4095
8 90272686 0.900635959269145 76.4625
8 90354295 0.784040421639545 76.536
8 90411690 0.786410821012741 76.581
8 90437122 0.312905406639991 76.601
8 90656038 0.967470117656886 76.6695
8 90752165 1.01968297129442 76.7625
8 90816891 0.967693910972126 76.8285
8 90850476 0.973709834469365 76.861
8 90853557 0.970267070122311 76.864
8 90944769 0.289804671651318 76.9525
8 90996528 2.61315286944296 76.9675
8 91026377 1.40658420905772 77.0455
8 91069389 1.31092436974811 77.106
8 91114014 0.375853318143782 77.1645
8 91457233 0.560929856181328 77.2935
8 91511607 0.441525913557309 77.324
8 91573891 0.37414507849551 77.3515
8 91640710 1.41390338326886 77.3765
8 91700120 0.216076058772696 77.4605
8 91769540 0.976804336460913 77.4755
8 91842226 0.197957082904528 77.5465
8 91892742 0.123914201806732 77.5565
8 91973443 0.351749366851153 77.5665
8 92016087 0.581868963109392 77.5815
8 92084831 0.534413410963967 77.6215
8 92227043 0.545447461721251 77.6975
8 92329711 1.15976162437993 77.7535
8 92357734 0.222554930603354 77.786
8 92481299 0.865283837472859 77.8135
8 92522326 0.316225097273537 77.849
8 92595059 0.124433826091171 77.872
8 92655332 0.0779216731343161 77.8795
8 92719499 1.07089312486618 77.8845
8 92747513 1.43607573409912 77.9145
8 92773974 0.241619874085411 77.9525
8 92920899 0.393469514425357 77.988
8 93011122 1.31069562349192 78.0235
8 93068725 0.654022236755993 78.099
8 93126827 0 78.137
8 93181299 1.52640870972485 78.137
8 93235675 0.302262090483677 78.22
8 93286955 0.639465967933072 78.2355
8 93319013 1.64418942127185 78.256
8 93394126 1.09481059776715 78.3795
8 93403260 0.482160077145631 78.3895
8 93502812 0.580062816558626 78.4375
8 93573494 1.76477873183612 78.4785
8 93621942 5.88689442192695 78.564
8 93637485 0.0639713408392458 78.6555
8 93676565 0.278621898938223 78.658
8 93811156 0.71295267252404 78.6955
8 93906534 2.34706428696955 78.7635
8 93946371 1.93093538102323 78.857
8 93968640 0.71425422159507 78.9
8 94082045 1.38846035174334 78.981
8 94127419 0.719068276122301 79.044
8 94169835 0.186259511652367 79.0745
8 94371167 0.0780246557912614 79.112
8 94537781 0.391869558550358 79.125
8 94596474 3.67085847205056 79.148
8 94623988 4.71713893814209 79.249
8 94653879 1.26519415409355 79.39
8 94696165 0.343312276846987 79.4435
8 94798113 0.281223321448358 79.4785
8 94897678 1.00698969316407 79.5065
8 94923001 0.97395243488107 79.532
8 95011301 0.772611771169836 79.618
8 95040423 2.65472573164876 79.6405
8 95071688 3.31243184296613 79.7235
8 95108368 2.08895421415049 79.845
8 95207700 1.0856212324659 80.0525
8 95277706 0.354903584526217 80.1285
8 95319971 0.705727369675483 80.1435
8 95351853 0.471263863925369 80.166
8 95443097 0.0557873831253816 80.209
8 95532723 0.592859904626785 80.214
8 95571518 2.00760097051953 80.237
8 95618091 3.28566292493916 80.3305
8 95668157 2.67451791252753 80.495
8 95712651 0.698097683811581 80.614
8 95792869 2.2443985138784 80.67
8 95871732 1.00766250783347 80.847
8 96012156 5.06696161664472 80.9885
8 96045608 2.58976936393596 81.158
8 96117236 4.00799402644157 81.3435
8 96162770 2.27035591451872 81.526
8 96318032 0.0863528030119072 81.8785
8 96346983 1.99587947463299 81.881
8 96416877 1.19156132971662 82.0205
8 96507934 9.42836627017553 82.129
8 96539965 2.39295677321951 82.431
8 96579038 1.07576456124169 82.5245
8 96631094 1.85763971281162 82.5805
8 96778593 4.62698865437031 82.8545
8 96841701 3.03498647654893 83.1465
8 96921932 0.274109925911976 83.39
8 96985775 0.374834207946454 83.4075
8 97141844 1.75379493480263 83.466
8 97192306 2.41641652979933 83.5545
8 97298248 1.82251507079761 83.8105
8 97419509 1.16105268777048 84.0315
8 97456975 4.91798990242505 84.075
8 97495202 5.2983756622968 84.263
8 97535403 1.52266449304898 84.476
8 97623735 1.07416316263005 84.6105
8 97678196 0.269176026371904 84.669
8 97949394 0.217686163532513 84.742
8 98068832 0.164600925057283 84.768
8 98129585 0.869759976109506 84.778
8 98263530 0.656887547366529 84.8945
8 98355631 2.42527530152065 84.955
8 98386143 1.05500658073411 85.029
8 98434010 0.566902476804889 85.0795
8 98496631 0.456574675324693 85.115
8 98536055 0.993204391008875 85.133
8 98583880 1.09676351295446 85.1805
8 98632204 0.859767093987156 85.2335
8 98703735 2.38344683080131 85.295
8 98741915 0.599076977693755 85.386
8 98809519 1.36224098234839 85.4265
8 98861639 2.85568663898425 85.4975
8 98928348 0.200039410749602 85.688
8 99095815 0.538518779618321 85.7215
8 99146881 0.0491555083662228 85.749
8 99197740 1.90594941218432 85.7515
8 99225810 2.62809970655546 85.805
8 99256821 3.55054898046478 85.8865
8 99291886 0.970216606498339 86.011
8 99336206 2.65042753920434 86.054
8 99367899 1.78615840285771 86.138
8 99412128 0.435132606661794 86.217
8 99458091 5.2090201767111 86.237
8 99488423 9.04977375565615 86.395
8 99503893 0.484901917566692 86.535
8 99571948 1.34738463019132 86.568
8 99592729 2.38051916545339 86.596
8 99625705 0.268330314617622 86.6745
8 99655519 1.60692592763454 86.6825
8 99720550 4.04997422743654 86.787
8 99761291 2.7416734362307 86.952
8 99825303 0.23655947893833 87.1275
8 99888712 3.52557230996441 87.1425
8 99930691 1.35153604349211 87.2905
8 99996542 0.26056002055131 87.3795
8 100132787 0.763099881295469 87.415
8 100185860 0.200992327835695 87.4555
8 100272928 0.2605825467601 87.473
8 100342004 0.939196284628312 87.491
8 100409615 0.373668139986725 87.5545
8 100456448 0.972695060098367 87.572
8 100485234 1.13518244980577 87.6
8 100521792 0.199151614123934 87.6415
8 100572005 0.717291507268581 87.6515
8 100613829 0.696101829753313 87.6815
8 100638969 1.39021454952914 87.699
8 100663066 0.458295142071367 87.7325
8 100712161 0.657417172284413 87.755
8 100785174 0.529412406807089 87.803
8 100876785 1.66272412492729 87.8515
8 100905954 1.00148434286527 87.9
8 100961871 1.55163006411096 87.956
8 100991195 2.67817942338682 88.0015
8 101025360 3.21166616032282 88.093
8 101048401 1.19353996493981 88.167
8 101128834 2.21586847748393 88.263
8 101198784 0.578907106084553 88.418
8 101247151 4.73341310995871 88.446
8 101284756 0.239186263155313 88.624
8 101403910 4.98744038734575 88.6525
8 101431379 1.47067304919537 88.7895
8 101483396 5.47838582205745 88.866
8 101516800 0.352578228294333 89.049
8 101573525 2.45207311636211 89.069
8 101600441 1.85232266734471 89.135
8 101627974 0.689384923514549 89.186
8 101696876 0 89.2335
8 101779830 0.629776595039356 89.2335
8 101885423 0.376474525223926 89.3
8 101945188 0.988827978627228 89.3225
8 101974010 1.27942117221465 89.351
8 102019343 0.58896403257573 89.409
8 102167060 0.104925738808412 89.496
8 102357671 1.26370598407523 89.516
8 102410294 0.510840025337781 89.5825
8 102459233 1.94184593563194 89.6075
8 102518455 1.82171713358012 89.7225
8 102571427 1.4797859777522 89.819
8 102640018 2.28972500287635 89.9205
8 102683473 1.32552404438984 90.02
8 102715913 0.520566649598968 90.063
8 102774503 0.34989503149043 90.0935
8 102861672 2.47720765903876 90.124
8 102910921 2.50386167721371 90.246
8 102991197 2.28636753358101 90.447
8 103036684 0.645067943137558 90.551
8 103119621 5.35902453710665 90.6045
8 103152836 1.05102059631594 90.7825
8 103261302 0.560256921165532 90.8965
8 103474597 0.58621764889301 91.016
8 103634947 2.30213484144144 91.11
8 103702493 0.370589979246624 91.2655
8 103709239 0.776180175594949 91.268
8 103748534 0.263088660878664 91.2985
8 103824554 3.36084536984936 91.3185
8 103856540 1.62104348407381 91.426
8 103886459 0.51336444633 91.4745
8 104004309 0.781571369806721 91.535
8 104089394 4.52986825482773 91.6015
8 104117099 0.0341413451689686 91.727
8 104190324 7.66766339171313 91.7295
8 104213734 2.39655172413761 91.909
8 104242734 1.26868156092826 91.9785
8 104353873 2.28518489925108 92.1195
8 104418638 0.730403210937672 92.2675
8 104489147 5.0054481067826 92.319
8 104518515 2.15096522304967 92.466
8 104546177 0.470831419384764 92.5255
8 104589717 1.53931647679904 92.546
8 104679692 0.457707799340856 92.6845
8 104717926 2.05130309028813 92.702
8 104815425 5.19461727680522 92.902
8 104849980 0.890202183092695 93.0815
8 104957259 0.819666023353026 93.177
8 105091460 1.4012337490049 93.287
8 105151764 2.98943732146427 93.3715
8 105211976 0.937317996505353 93.5515
8 105266920 0.40623605644688 93.603
8 105417079 1.27055664764821 93.664
8 105479650 4.84165546710786 93.7435
8 105508669 2.34548468137888 93.884
8 105604598 0.785804475727498 94.109
8 105679044 1.4827876407646 94.1675
8 105728950 0.292682926829279 94.2415
8 105780200 1.62896646712918 94.2565
8 105817954 1.4259858498329 94.318
8 105854420 1.75681124359175 94.37
8 105889142 0.424001552969535 94.431
8 105987019 0.512812662645863 94.4725
8 106052345 0.569258099659355 94.506
8 106154232 0.0187256098932036 94.564
8 106287739 0.294310403417581 94.5665
8 106452531 0.146346655314035 94.615
8 106490113 0.619966394344975 94.6205
8 106576408 0.73241180111407 94.674
8 106624878 0.450341600579917 94.7095
8 106670399 0.703334387641219 94.73
8 106790541 0.0459533481609052 94.8145
8 106844944 1.77448551829269 94.817
8 106886928 0.590445517981899 94.8915
8 106961448 1.59688607215911 94.9355
8 107001526 1.26056752942464 94.9995
8 107074509 4.155243317341 95.0915
8 107097853 2.10603630476802 95.1885
8 107164566 2.00713092477624 95.329
8 107204673 0.428168258956197 95.4095
8 107338966 0.197312787747823 95.467
8 107445396 2.57919896291898 95.488
8 107482423 1.25512463552049 95.5835
8 107573649 0.43413495622808 95.698
8 107699186 1.69695642653822 95.7525
8 107744856 1.14267459576337 95.83
8 107785550 3.04699279611352 95.8765
8 107833302 0.85390946502056 96.022
8 107881902 0.376393113536046 96.0635
8 108045295 3.22042537417196 96.125
8 108066876 0.288521992265797 96.1945
8 108182985 0.906319518826763 96.228
8 108219396 2.93053996757741 96.261
8 108243453 3.72387727879045 96.3315
8 108270441 0.399456978783715 96.432
8 108603393 3.24401190952319 96.565
8 108648399 2.33725265271022 96.711
8 108683269 0.820599886813706 96.7925
8 108771619 0.709674328354703 96.865
8 108938597 1.24651205342826 96.9835
8 108982319 3.19039364935839 97.038
8 109022126 1.69020565643671 97.165
8 109078628 1.43935759198006 97.2605
8 109118229 1.44965448084941 97.3175
8 109164102 3.38100652264974 97.384
8 109197524 7.03167449739505 97.497
8 109228811 1.99531615925053 97.717
8 109282186 0.048535764239775 97.8235
8 109508823 1.46592637384784 97.8345
8 109563396 0.316417737592478 97.9145
8 109805165 4.5203527211188 97.991
8 109827619 0.692969509341573 98.0925
8 109883177 1.46563095412581 98.131
8 109903646 2.13379888945452 98.161
8 109944887 0.28726376907476 98.249
8 110059764 0.392240764512979 98.282
8 110185962 0.703618245898666 98.3315
8 110264840 1.03572968054027 98.387
8 110348356 0.263451524919351 98.4735
8 110445148 1.43374018526027 98.499
8 110511757 0.500717156184991 98.5945
8 110666535 0.410965527244498 98.672
8 110707901 0.0967917920562457 98.689
8 110764724 0.43542905692435 98.6945
8 110811804 1.16970071795409 98.715
8 110848993 1.06718162414884 98.7585
8 110888349 0.74935117154653 98.8005
8 110915706 0.424695241840362 98.821
8 110979281 0.542109123377641 98.848
8 111104717 0.36909448818899 98.916
8 111161613 1.87684120497975 98.937
8 111182659 1.5028064457722 98.9765
8 111210274 1.01058138152429 99.018
8 111252329 0.173048485039104 99.0605
8 111284112 0.37723861335029 99.066
8 111435210 0 99.123
