Chromosome Position(bp) Rate(cM/Mb) Map(cM)
6 0 0 0
6 129798 0 0
6 172860 3.78053840333878 0
6 377725 6.16406870324711 0.7745
6 473441 0.295386598399541 1.3645
6 529300 0.645189606741573 1.381
6 757140 0.195415551169562 1.528
6 808313 0.96841094904273 1.538
6 866656 1.39765696158799 1.5945
6 898495 3.82467804925282 1.639
6 929478 0.578068953250525 1.7575
6 996944 2.82928003852637 1.7965
6 1038474 0.221120953161381 1.914
6 1115355 0.219317483989819 1.931
6 1149552 1.37126483831355 1.9385
6 1173982 1.34320062579769 1.972
6 1271138 0.168329926656249 2.1025
6 1312723 0.0837766514472417 2.1095
6 1360469 2.77458625663089 2.1135
6 1401376 0.184076530525554 2.227
6 1577933 0.0940745572224153 2.2595
6 1657657 0 2.267
6 1712739 0.266262493855479 2.267
6 1761563 0.324129462050502 2.28
6 1951302 1.72658467360455 2.3415
6 1972442 0.302051714236702 2.378
6 2106525 1.09561752988048 2.4185
6 2146685 0.167139329501712 2.4625
6 2239422 0.648181944042388 2.478
6 2318875 1.21814709949298 2.5295
6 2349249 3.93778302815515 2.5665
6 2364486 0.791885698881246 2.6265
6 2394162 0.347603228764262 2.65
6 2660270 1.74526516025967 2.7425
6 2768563 0.154658418217695 2.9315
6 2956073 0.583289468068457 2.9605
6 3026364 1.1853298005857 3.0015
6 3047877 2.28215767634854 3.027
6 3071977 1.46432735851616 3.082
6 3108854 1.27320812708851 3.136
6 3220776 0.366720577725954 3.2785
6 3273950 0.0209643605870029 3.298
6 3417050 0.666980539861892 3.301
6 3442538 0.571281853777518 3.318
6 3520433 4.13063433016088 3.3625
6 3541132 1.59787550074267 3.448
6 3563349 0 3.4835
6 3589994 1.24403371585255 3.4835
6 3629382 0.725372299517578 3.5325
6 3686594 0 3.574
6 3741604 0 3.574
6 3770459 0.847457627118651 3.574
6 3799369 0.101813739036841 3.5985
6 3936875 4.21112882783434 3.6125
6 3961334 0.888364662496079 3.7155
6 4095288 0.136296917592789 3.8345
6 4238358 3.99325761528274 3.854
6 4263275 1.96647499186286 3.9535
6 4300143 1.12246968697681 4.026
6 4378987 2.8888938082483 4.1145
6 4424160 3.05638417526529 4.245
6 4485507 0.560051666027572 4.4325
6 4584605 0.725368028831466 4.488
6 4781057 2.261962163542 4.6305
6 4851571 0.50074769175893 4.79
6 4924462 4.01195720578978 4.8265
6 4949886 1.19565441464472 4.9285
6 4998395 0.218208346632096 4.9865
6 5151918 0.652579241765096 5.02
6 5168008 1.04544266542425 5.0305
6 5256009 0.256440814311314 5.1225
6 5725903 0.708408261130178 5.243
6 5762605 2.15946843853819 5.269
6 5768625 0.335229407946432 5.282
6 6002793 0.176987151485941 5.3605
6 6135571 1.2073649260489 5.384
6 6208457 0.192740976066887 5.472
6 6358918 1.44916946758244 5.501
6 6399976 1.3817133245224 5.5605
6 6458237 0.648841139546111 5.641
6 6557645 0.268824503760828 5.7055
6 6741780 1.10043544112079 5.755
6 6784036 0.104914180200612 5.8015
6 6807865 0.98513208347857 5.804
6 6873846 0.850581230507525 5.869
6 6916170 1.28760565940558 5.905
6 6982184 1.41767929473433 5.99
6 7024154 1.11478313119653 6.0495
6 7087395 0.328479141574503 6.12
6 7133060 0.768490343414272 6.135
6 7197472 0.64101147189496 6.1845
6 7242713 1.92246358836246 6.2135
6 7299151 1.35982962557919 6.322
6 7438139 4.09791279641568 6.511
6 7474743 2.11091136896009 6.661
6 7511457 2.51750229828159 6.7385
6 7582162 0.1097670742684 6.9165
6 7627713 1.81542169428924 6.9215
6 7691610 0.0541387250691192 7.0375
6 7968676 0.570629164672529 7.0525
6 8158817 0.251655369410473 7.161
6 8311804 0.175595708440898 7.1995
6 8368753 0.419780726302968 7.2095
6 8429499 1.00879089205937 7.235
6 8450316 0.22002061907516 7.256
6 8529854 2.99580587177948 7.2735
6 8553220 1.89811413176587 7.3435
6 8585884 0.508026823816297 7.4055
6 8630173 1.57786584470864 7.428
6 8671051 0.513541875990814 7.4925
6 8715838 0.270848917894073 7.5155
6 8754605 0 7.526
6 8794456 1.07962807914336 7.526
6 8839842 0.0286144319749103 7.575
6 9189316 0.271444082519011 7.585
6 9216946 0.287764608550206 7.5925
6 9272547 1.10199073136444 7.6085
6 9356486 0.189189189189192 7.701
6 9504486 0.142582162971411 7.729
6 9630729 0.171620786709683 7.747
6 9659863 0.252515442290507 7.752
6 9762827 0.348021630882925 7.778
6 9800181 0.428606416850355 7.791
6 9890007 0.398856611048324 7.8295
6 9935136 0.195152414035357 7.8475
6 9960757 0.211534943285771 7.8525
6 10048213 0.612302914999226 7.871
6 10139671 0.797590949784331 7.927
6 10201106 0.228630945198436 7.976
6 10358565 1.42671050182989 8.012
6 10374686 1.00633843011205 8.035
6 10407975 3.199581438403 8.0685
6 10432822 2.62107816289806 8.148
6 10471165 0.275938189845485 8.2485
6 10509217 5.15268724135133 8.259
6 10546188 0.747908194269154 8.4495
6 10653153 3.4223785530944 8.5295
6 10705748 0.249114260407425 8.7095
6 10778004 1.52284757901293 8.7275
6 10880772 6.55475395109899 8.884
6 10916395 4.55962955962955 9.1175
6 10958723 1.48259561667385 9.3105
6 11005263 7.191730965206 9.3795
6 11039608 1.927392965444 9.6265
6 11097977 1.56385751520417 9.739
6 11247607 7.20279520004583 9.973
6 11282524 3.0054034743 10.2245
6 11394489 0.14455527015156 10.561
6 11484420 3.2292526586704 10.574
6 11505013 1.6351218382821 10.6405
6 11539567 2.22931616715915 10.697
6 11577471 2.07383511364948 10.7815
6 11638228 0.256388034262101 10.9075
6 11776690 1.41787543097292 10.943
6 11825707 0.457811660263968 11.0125
6 11875946 2.4066984574742 11.0355
6 11920613 1.07004213809348 11.143
6 11980891 1.90639952153113 11.2075
6 12021019 2.25113510626118 11.284
6 12047228 0.406070353679303 11.343
6 12110025 9.00337024554652 11.3685
6 12130795 2.83486888731394 11.5555
6 12191468 0.489508748931801 11.7275
6 12311997 0.594678585815968 11.7865
6 12364126 0.270166422516259 11.8175
6 12447408 0.342108692818989 11.84
6 12478100 1.3906509222211 11.8505
6 12498594 0.620595771941111 11.879
6 12523570 1.32250493610993 11.8945
6 12550413 2.34569036887134 11.93
6 12583026 0.421946671385194 12.0065
6 12656495 0.567976454794229 12.0375
6 12714596 0.368657416717032 12.0705
6 12729515 17.2932330827065 12.076
6 12732175 4.30671285460165 12.122
6 12753537 0.557387078136145 12.214
6 12900652 2.63220866235941 12.296
6 12929905 1.6287938979819 12.373
6 12942491 0.198475706573617 12.3935
6 12955087 1.87761944677281 12.396
6 12984912 2.31427910205966 12.452
6 12989233 0.130951757372604 12.462
6 13027415 3.13542361574383 12.467
6 13072385 1.28243562839346 12.608
6 13132427 2.45414621544819 12.685
6 13159524 2.39625464014624 12.7515
6 13195622 3.38316732502977 12.838
6 13248531 1.98863636363641 13.017
6 13267891 3.78623408652761 13.0555
6 13325468 1.46720113389733 13.2735
6 13415776 2.72635758626475 13.406
6 13451538 1.60155302111136 13.5035
6 13492748 0.24071106767933 13.5695
6 13631919 2.51546391752577 13.603
6 13668294 1.39125057968775 13.6945
6 13707108 2.9567889737381 13.7485
6 13728584 2.68366320026837 13.812
6 13752432 0.900242320865334 13.876
6 13826301 1.57886629698089 13.9425
6 13891221 1.01768510561314 14.045
6 13913330 2.01086280525726 14.0675
6 13961568 1.5541038878938 14.1645
6 14037496 2.78526034992282 14.2825
6 14075733 2.81838158020446 14.389
6 14117601 0.49479004409129 14.507
6 14390444 4.16118515128983 14.642
6 14425410 2.01596964186893 14.7875
6 14450708 4.08210870072313 14.8385
6 14480717 1.53581168365149 14.961
6 14515552 1.30145018735162 15.0145
6 14655396 2.76360544217688 15.1965
6 14685972 0.533069706133206 15.281
6 14737560 1.51880171781711 15.3085
6 14823483 0.6843265968051 15.439
6 15017104 0.883594189286877 15.5715
6 15178943 4.06053894425988 15.7145
6 15222287 0.227308665401659 15.8905
6 15323471 0.983543635752977 15.9135
6 15365157 3.18408613445377 15.9545
6 15426085 8.81660500648644 16.1485
6 15446898 0 16.332
6 15457416 1.21692033456736 16.332
6 15486588 8.2187927015513 16.3675
6 15511470 1.24378109452737 16.572
6 15574986 2.3133578471969 16.651
6 15665547 1.24081024909274 16.8605
6 15697784 1.98675496688736 16.9005
6 15724964 2.46862639082554 16.9545
6 15795246 4.33448362329396 17.128
6 15878993 1.58021937163043 17.491
6 16024226 12.2435759015332 17.7205
6 16047381 0.286561511051303 18.004
6 16127643 1.50357785679793 18.027
6 16173201 2.63911163442212 18.0955
6 16222460 4.9716471053673 18.2255
6 16260375 1.32645724344828 18.414
6 16300708 1.50749312760481 18.4675
6 16334539 1.19612489466749 18.5185
6 16511360 0.824383429893009 18.73
6 16555029 2.26507342256868 18.766
6 16613526 1.34544973311571 18.8985
6 16681533 0.937054389896241 18.99
6 16706078 4.33250110148325 19.013
6 16740123 20.3537338573834 19.1605
6 16747247 0.521609538003 19.3055
6 16767377 0.403507965451549 19.316
6 16963160 1.11795687170828 19.395
6 16983286 1.71216458695741 19.4175
6 17056293 1.4271813168991 19.5425
6 17148783 1.40411422384627 19.6745
6 17237451 7.85307939648776 19.799
6 17261709 1.98033324228355 19.9895
6 17342251 2.47915613946432 20.149
6 17373915 17.3322993408299 20.2275
6 17386810 2.72406384284839 20.451
6 17425906 0.171239913969057 20.5575
6 17498903 1.09176265079972 20.57
6 17645455 0.780847375571982 20.73
6 17709488 0.931479782654703 20.78
6 17780343 0.580403846429438 20.846
6 17919901 2.65318262938726 20.927
6 17961926 2.97544809892031 21.0385
6 17989989 0.662529894641593 21.122
6 18051873 0.669029364964542 21.163
6 18134829 0.785558810533064 21.2185
6 18195932 20.5201137748881 21.2665
6 18200854 0.0900673703931001 21.3675
6 18228611 0.175911164861738 21.37
6 18501476 1.46015853149786 21.418
6 18513461 0.827275686231962 21.4355
6 18550329 0.217747454428577 21.466
6 18598550 2.14385043263282 21.4765
6 18624438 0.720317933432693 21.532
6 18845868 0.416233090530664 21.6915
6 18917943 0.279828371931892 21.7215
6 18955466 1.34176294005276 21.732
6 19021424 1.91397484490207 21.8205
6 19074455 6.90934289907057 21.922
6 19098987 2.9839012275091 22.0915
6 19154954 1.46334974058798 22.2585
6 19200056 4.25653568819289 22.3245
6 19231537 2.11659799124387 22.4585
6 19293665 1.31330846692852 22.59
6 19415114 1.93827344565378 22.7495
6 19455356 0.861909923206419 22.8275
6 19628808 0.776087109898668 22.977
6 19671329 1.58105317501289 23.01
6 19717817 2.47593193072412 23.0835
6 19757600 0.820638479853962 23.182
6 19800859 0.92399482562898 23.2175
6 19838738 0.183074469969874 23.2525
6 19923403 1.20113409405157 23.268
6 19995002 0.423491945183239 23.354
6 20054035 2.55925735671825 23.379
6 20108543 0.455389995992542 23.5185
6 20135992 0.936771551192033 23.531
6 20273699 3.2312185422233 23.66
6 20305885 2.22717149220489 23.764
6 20357969 1.34508683015879 23.88
6 20399602 1.30364607043825 23.936
6 20447928 0.706466889216684 23.999
6 20512333 1.5964708404319 24.0445
6 20600966 1.62931970873402 24.186
6 20625823 1.24399450926561 24.2265
6 20672447 0.400655957660908 24.2845
6 20779771 1.20801863178283 24.3275
6 20825714 1.25795471363036 24.383
6 20845985 1.73716668114302 24.4085
6 20869011 0.1707963274624 24.4485
6 20989037 1.15437086787693 24.469
6 21017624 1.07584982487287 24.502
6 21121263 0.567566623589857 24.6135
6 21178525 0 24.646
6 21182422 1.71467764060363 24.646
6 21186796 1.24715156740776 24.6535
6 21251744 0.944384126637405 24.7345
6 21407401 0.173626422083083 24.8815
6 21770249 0.316579559321252 24.9445
6 21857115 0.937993680884682 24.972
6 21897627 0.624078066492678 25.01
6 21941692 0.120292069143857 25.0375
6 22024823 0.785538861600723 25.0475
6 22080199 2.2256765350102 25.091
6 22108505 3.60829067718379 25.154
6 22132339 3.50924189659792 25.24
6 22169669 3.31379621280437 25.371
6 22214029 2.48323574313485 25.518
6 22265776 64.1542002301493 25.6465
6 22267514 0.296082536134601 25.758
6 22387413 2.79062751407877 25.7935
6 22427189 1.4960511752678 25.9045
6 22533803 0.792539560933113 26.064
6 22571656 0.0965860066193646 26.094
6 22649307 0.483806544889926 26.1015
6 22827064 2.031752031752 26.1875
6 22869392 2.9285322715601 26.2735
6 22904051 2.00760777683854 26.375
6 22946639 0.535680524336722 26.4605
6 22994242 0.495750708215274 26.486
6 23050722 0.193087468623294 26.514
6 23128407 0.69684299824275 26.529
6 23243928 1.68867055572609 26.6095
6 23266727 1.1339417454506 26.648
6 23339923 0.57654006079873 26.731
6 23397161 1.92549450199714 26.764
6 23460002 0.87892032082993 26.885
6 23564107 1.31515432129169 26.9765
6 23665616 1.09082436668645 27.11
6 23807252 2.82387393668943 27.2645
6 23835936 1.30576429648684 27.3455
6 23989103 3.61231000187652 27.5455
6 24031735 0.739723836434379 27.6995
6 24106763 0.807942317815159 27.755
6 24188452 0.706632799220776 27.821
6 24345535 2.32975780226181 27.932
6 24386741 0.538272912910881 28.028
6 24503782 0.519909995908904 28.091
6 24562446 0.99810659607096 28.1215
6 24679167 1.1896909159442 28.238
6 24764063 3.09143725181888 28.339
6 24801586 0.41226912928763 28.455
6 24880418 0.178491230898553 28.4875
6 24967257 0.150567640002816 28.503
6 25166503 3.14436326643845 28.533
6 25188129 0.782354475204859 28.601
6 25333843 0.751733091136731 28.715
6 25528726 0.607681088964534 28.8615
6 25553410 1.98017659279778 28.8765
6 25599618 0.199503779689789 28.968
6 25737460 0.731950759676195 28.9955
6 25782545 2.37898562696181 29.0285
6 25843075 1.71924956264705 29.1725
6 25909383 0.97033209615989 29.2865
6 25950606 4.40340909090917 29.3265
6 25978766 2.17425769483388 29.4505
6 26022919 4.27450415751768 29.5465
6 26078481 1.16908186291843 29.784
6 26115262 0.0539677057248835 29.827
6 26207910 0.105326268371317 29.832
6 26331336 1.24995719324681 29.845
6 26389738 0.683193441342975 29.918
6 26471706 1.80458035304153 29.974
6 26502184 2.08419314898884 30.029
6 26550644 2.19778310573682 30.13
6 26608202 0.132635589746062 30.2565
6 26815537 1.06975526527223 30.284
6 26926310 0.75241911494513 30.4025
6 26983459 0.72883826570391 30.4455
6 27042457 0.81030061262289 30.4885
6 27154761 1.07866458863095 30.5795
6 27276671 1.33139300863866 30.711
6 27308968 1.78324172366049 30.754
6 27332801 3.52434408040724 30.7965
6 27355784 1.59788526789236 30.8775
6 27406476 0.210318843366523 30.9585
6 27489683 0.426688894181147 30.976
6 27590459 0.214915108532138 31.019
6 27660254 0.829854649700781 31.034
6 27700020 0.94192367727004 31.067
6 27737178 0.101164713747843 31.102
6 27964530 3.44224302462962 31.125
6 28008542 0.559395355775468 31.2765
6 28048764 1.85356811862836 31.299
6 28131847 1.43599849062933 31.453
6 28227251 0.388453437381321 31.59
6 28285173 1.64738569724985 31.6125
6 28366514 2.04647478214946 31.7465
6 28411958 0.60840235675855 31.8395
6 28458802 0.460370472674917 31.868
6 28578271 0.118447825847863 31.923
6 28814662 2.814808142677 31.951
6 28836866 1.26245300107032 32.0135
6 28873303 1.23650579750923 32.0595
6 28940832 1.5140743081338 32.143
6 28978809 0.970606209483219 32.2005
6 29062262 15.3448799756911 32.2815
6 29068844 0.416078135093965 32.3825
6 29160173 1.22144070996983 32.4205
6 29244909 0.0890154886950152 32.524
6 29357249 5.12926434644914 32.534
6 29386298 4.42865485692043 32.683
6 29406846 1.23849466602867 32.774
6 29477900 0.0479978496963354 32.862
6 29634157 0.262427832346079 32.8695
6 29700842 0.81222728135079 32.887
6 29785178 0.671678528815432 32.9555
6 29905027 0.106369399651012 33.036
6 29928530 0.629705555198061 33.0385
6 30037311 2.95417643875158 33.107
6 30059483 0.785230014938461 33.1725
6 30085590 0.462573591253211 33.193
6 30145040 0.475533343279147 33.2205
6 30252288 0.452003667686859 33.2715
6 30329721 0.732117637285066 33.3065
6 30426017 0.314530726091198 33.377
6 30594522 0.679748850687803 33.43
6 30706328 1.0791681230339 33.506
6 30820768 1.1198640716713 33.6295
6 30872560 0.686062142603424 33.6875
6 31016133 1.22036262203617 33.786
6 31067757 0.293120053599119 33.849
6 31258805 0.480301244940845 33.905
6 31336881 0.401720040737795 33.9425
6 31425251 1.39391477734285 33.978
6 31479415 1.85929865525141 34.0535
6 31502542 1.05452640346044 34.0965
6 31576983 2.14470171138456 34.175
6 31622677 0.105947916004396 34.273
6 31669870 0.243609315620239 34.278
6 31700657 0.766622438449093 34.2855
6 31802402 11.7288450069578 34.3635
6 31817493 0.10672928117827 34.5405
6 31911188 0.091402665301767 34.5505
6 31965891 1.16266117129412 34.5555
6 32037709 0 34.639
6 32078652 0.144643920701063 34.639
6 32254947 9.35913705583767 34.6645
6 32283315 0.5691043302144 34.93
6 32402801 0.149749917637622 34.998
6 32469579 0.105889578347603 35.008
6 32516798 0.269157694743519 35.013
6 32611538 0.117442570582989 35.0385
6 32866982 1.28831231087273 35.0685
6 32900359 0.845910689639905 35.1115
6 32945281 0.34411562284916 35.1495
6 32981606 0.202784912802495 35.162
6 33144340 0.525137700134501 35.195
6 33354761 0.0308998022412668 35.3055
6 33451849 4.06372786479348 35.3085
6 33489007 0.196787817320327 35.4595
6 33555068 0.400975877155895 35.4725
6 33850597 0.156428483080256 35.591
6 34125483 0.15410220057943 35.634
6 34174152 0.997289807850423 35.6415
6 34239830 1.1736406137849 35.707
6 34291379 4.8918047882136 35.7675
6 34334819 0.0561507535432211 35.98
6 34379342 0.291036088474982 35.9825
6 34430882 0.0920657717872812 35.9975
6 34485191 1.0075066339346 36.0025
6 34555662 0.0817563442922944 36.0735
6 34830870 0.667066906811094 36.096
6 34845861 2.74213576158945 36.106
6 34884517 4.33024302773625 36.212
6 34910728 0.96461198010255 36.3255
6 34963599 0.926703899570045 36.3765
6 35004065 0.196320945481669 36.414
6 35207813 1.71656779858944 36.454
6 35250631 0.344827586206746 36.5275
6 35294131 0.211862044357223 36.5425
6 35652855 0.202987983111446 36.6185
6 35714435 0.137386027647483 36.631
6 35972831 1.09970674486808 36.6665
6 36013751 0.16350555918898 36.7115
6 36074911 1.10842801155927 36.7215
6 36100172 1.79962820867793 36.7495
6 36125455 0.8549134205862 36.795
6 36157622 0.0831919070913207 36.8225
6 36277826 1.11714426749108 36.8325
6 36316317 0.762203080135739 36.8755
6 36412092 2.03897766608181 36.9485
6 36433181 0.305101293629208 36.9915
6 36441375 0.847397782642501 36.994
6 36498019 0.436471937421922 37.042
6 36556442 1.08174739940376 37.0675
6 36635943 0.10649324832806 37.1535
6 36706370 1.51712180320748 37.161
6 36729440 0.520327459414478 37.196
6 36743854 3.27177306849138 37.2035
6 36773960 1.85886482242647 37.302
6 36817266 0.38562010200281 37.3825
6 36857461 2.35849056603767 37.398
6 36872513 2.14711528746069 37.4335
6 36892307 2.62944070780486 37.476
6 36936613 1.12393066785984 37.5925
6 37030480 0.205919745017603 37.698
6 37142174 14.0562248995989 37.721
6 37146656 0.214661371686122 37.784
6 37193241 0.252039418965136 37.794
6 37312270 0.922845125243302 37.824
6 37391915 0.311029817666486 37.8975
6 37634657 0.0323871953983978 37.973
6 37711848 0.199107996177228 37.9755
6 37736960 2.28767515012877 37.9805
6 37778924 1.70697012802264 38.0765
6 37817589 1.37390087929673 38.1425
6 37837605 0.14109745601284 38.17
6 37908478 3.77442273534631 38.18
6 37933250 1.21240202324417 38.2735
6 38062745 0.263457404206873 38.4305
6 38157637 0.249493883835623 38.4555
6 38227779 0.749138490735682 38.473
6 38247802 1.24488980419886 38.488
6 38312868 0.746863174666429 38.569
6 38332952 1.00223755360804 38.584
6 38375856 4.8190190618973 38.627
6 38389863 1.94917701414966 38.6945
6 38396789 1.90953329363701 38.708
6 38445492 0.426613071424525 38.801
6 38498233 0.150105073551492 38.8235
6 38548198 0.725600824608035 38.831
6 38621930 0.428268859403169 38.8845
6 38686142 2.03547028213379 38.912
6 38714391 0.575450107814237 38.9695
6 38789984 0.862904948965369 39.013
6 38850825 0 39.0655
6 38852368 0 39.0655
6 38855070 0.743279514390745 39.0655
6 38879287 0.540306894315992 39.0835
6 38907049 0.0649297946594884 39.0985
6 39030259 2.77557494052425 39.1065
6 39036564 0.0546245111105759 39.124
6 39082331 0.303241653273505 39.1265
6 39181262 0.68394528437719 39.1565
6 39236822 0.804238811618916 39.1945
6 39268529 0.53489457714159 39.22
6 39319941 0.0426533815600513 39.2475
6 39437165 0.0691104107923171 39.2525
6 39509513 0.883626402757052 39.2575
6 39532147 0.119614363292635 39.2775
6 39573948 0.269236982391848 39.2825
6 39611090 0.316299992971123 39.2925
6 39667998 0.274867792463195 39.3105
6 39797151 3.12335612835393 39.346
6 39812359 0.569605832763749 39.3935
6 39825526 0.470781193050536 39.401
6 39858450 0.551531418906518 39.4165
6 39885647 0.971358792184827 39.4315
6 39921679 2.52286345001568 39.4665
6 39959731 1.19350420661333 39.5625
6 39985286 0.471191360235192 39.593
6 40038343 1.76353990555581 39.618
6 40072649 8.84213243836327 39.6785
6 40080396 0.0680429487092601 39.747
6 40153879 0.623908160718735 39.752
6 40230012 0.566340496491857 39.7995
6 40261795 0.379812220837888 39.8175
6 40294706 1.05291199939107 39.83
6 40373535 1.62448357466614 39.913
6 40398466 5.77700751011272 39.9535
6 40400197 0.55126791620708 39.9635
6 40432849 1.12711090382634 39.9815
6 40484308 1.94300518134722 40.0395
6 40511328 1.81580208678983 40.092
6 40565574 1.05714540960659 40.1905
6 40599155 0.715984005187566 40.226
6 40673179 0.972300246315792 40.279
6 40696320 1.40778421862061 40.3015
6 40780850 2.13052112923913 40.4205
6 40860408 0.88552036696837 40.59
6 40951315 0.36373776931752 40.6705
6 41033792 0.73428493000274 40.7005
6 41106652 0 40.754
6 41107836 2.50106177150681 40.754
6 41150218 1.64407644141552 40.86
6 41242367 0.228310502283114 41.0115
6 41308067 0.970203958432187 41.0265
6 41331258 0.627169955118963 41.049
6 41520202 0.31713023134914 41.1675
6 41616377 2.58892790013123 41.198
6 41644574 1.2379276477328 41.271
6 41693446 0 41.3315
6 41708129 0.479018969151424 41.3315
6 41729005 2.53898440623741 41.3415
6 41754015 0 41.405
6 41807755 0.731513606153003 41.405
6 41855601 1.83528332186288 41.44
6 41881755 0.464924849852192 41.488
6 41947357 7.46162592381963 41.5185
6 41954393 0.0497423347063179 41.571
6 42004652 0.338681400414305 41.5735
6 42079944 0.972856113379811 41.599
6 42121574 0 41.6395
6 42163671 0.79460576202701 41.6395
6 42207718 0.820292781423495 41.6745
6 42247338 0.469847420682946 41.707
6 42350563 0.525998575420545 41.7555
6 42441818 18.7743535246182 41.8035
6 42444641 5.10912698412706 41.8565
6 42464801 1.9146269232359 41.9595
6 42537400 0.222598165791038 42.0985
6 42593555 0.144648023143689 42.111
6 42697255 0.0391698833450008 42.126
6 42837669 1.45251054981345 42.1315
6 42870371 0.718551004732524 42.179
6 42951089 1.5277359383741 42.237
6 42974326 1.55720686263789 42.2725
6 43029232 0.298312050978226 42.358
6 43149911 1.94841343477461 42.394
6 43176856 0.539886839718518 42.4465
6 43200009 1.08321405083364 42.459
6 43225858 0.623849776973581 42.487
6 43257917 1.2764915716584 42.507
6 43315105 6.06343283582333 42.58
6 43317249 1.28218105746185 42.593
6 43346886 0.985092270309356 42.631
6 43377340 0.638851461227438 42.661
6 43420386 2.33035905927086 42.6885
6 43452999 2.59024064171121 42.7645
6 43494887 0.723065798988078 42.873
6 43501802 0 42.878
6 43518582 1.25681580880927 42.878
6 43544441 2.70651579280761 42.9105
6 43579172 1.36475297971072 43.0045
6 43601154 1.10931117058732 43.0345
6 43657946 0.568931773701827 43.0975
6 43679917 0.316140171688386 43.11
6 43721038 1.21267651180343 43.123
6 43758146 1.53826702629805 43.168
6 43805602 4.91213211941561 43.241
6 43829217 0.33327562326869 43.357
6 43944737 1.03581324287229 43.3955
6 43983354 1.15890969775645 43.4355
6 44026498 0.715600081782894 43.4855
6 44055844 0.909587047480478 43.5065
6 44072335 1.03737514449144 43.5215
6 44106074 1.74358532805242 43.5565
6 44152530 0.331748313612752 43.6375
6 44197745 0.613120784794545 43.6525
6 44254830 3.91027442165406 43.6875
6 44276184 2.82346614081488 43.771
6 44298497 0.137183620275712 43.834
6 44371392 0.361636241581675 43.844
6 44602287 2.17134198174224 43.9275
6 44710515 1.36021542498103 44.1625
6 44782930 0.277213084457561 44.261
6 44983137 0.860955660783604 44.3165
6 45006367 2.56259380543048 44.3365
6 45123631 0 44.637
6 45135036 0.565170663010043 44.637
6 45242968 1.4924809189148 44.698
6 45322366 1.36052812152485 44.8165
6 45364629 2.10059171597627 44.874
6 45398429 0.935462359217538 44.945
6 45452413 0.459447695507045 44.9955
6 45535121 0.408622850189798 45.0335
6 45590184 0.0975590720181569 45.056
6 45641435 0.286186200919039 45.061
6 45702584 0.13088612049249 45.0785
6 45935611 2.18260579806731 45.109
6 45965621 0.0184202770409499 45.1745
6 46101341 0.25190679448605 45.177
6 46172796 0.253987605404831 45.195
6 46241697 0.875542691751153 45.2125
6 46310797 0.829568788501019 45.273
6 46432547 1.95199537304791 45.374
6 46474043 0.966937886775191 45.455
6 46543851 0.313315926892962 45.5225
6 46591726 0.267435946898588 45.5375
6 46705772 2.20813292522954 45.568
6 46751512 0.613048699580947 45.669
6 46870589 1.23146255829798 45.742
6 46946921 0.458729624759184 45.836
6 46979620 0.298766096023417 45.851
6 47113504 0.710862717701705 45.891
6 47195095 0.530850585977591 45.949
6 47219584 0.819918554756731 45.962
6 47256173 1.41439078331532 45.992
6 47295059 0.70660416379436 46.047
6 47353083 5.4252566563724 46.088
6 47365064 1.53315778532332 46.153
6 47422788 0.186267670028491 46.2415
6 47570425 0.289597106854247 46.269
6 47641213 1.34015164873933 46.2895
6 47669568 1.74155869503205 46.3275
6 47736175 0.114786840836571 46.4435
6 47866852 1.65139321765823 46.4585
6 47888349 1.0741829774174 46.494
6 47989356 0.43887225393586 46.6025
6 48149995 0.418796867715509 46.673
6 48403101 0.120582009164199 46.779
6 48589696 0.381330898544563 46.8015
6 48682791 0.174161412797305 46.837
6 48768918 1.01306918492367 46.852
6 48853315 2.02321528782823 46.9375
6 48887172 0.0906832072836786 47.006
6 49052583 0.844896113477854 47.021
6 49094600 0.381795968234538 47.0565
6 49140436 1.08289874896698 47.074
6 49210618 0.442102284784625 47.15
6 49295440 2.0881497501677 47.1875
6 49322258 0.507123767040316 47.2435
6 49530294 0.605783919509777 47.349
6 49701147 0.970348269215573 47.4525
6 49776893 0.46769000521843 47.526
6 49878456 2.05855443732821 47.5735
6 49900316 0.215941911625845 47.6185
6 49974410 0.771334408526747 47.6345
6 50045715 0.502737124343668 47.6895
6 50090470 0.981346037710446 47.712
6 50150082 0.84664536741221 47.7705
6 50212682 0 47.8235
6 50252554 2.94958884519121 47.8235
6 50291712 0.85116731517513 47.939
6 50316384 1.09666219685865 47.96
6 50412585 2.13881119702919 48.0655
6 50455132 0.336941219911843 48.1565
6 50671787 17.182130584189 48.2295
6 50672369 0.577404768875427 48.2395
6 50733851 0.88053360336362 48.275
6 50779278 0.620269203468192 48.315
6 50930019 0.663807409642464 48.4085
6 51162014 0.732839026225439 48.5625
6 51289600 0.687899841783095 48.656
6 51362285 8.54700854700703 48.706
6 51366146 0 48.739
6 51441525 4.54430699318371 48.739
6 51445486 0.0422897354354968 48.757
6 51504602 0.0983942065490289 48.7595
6 51530010 0.878994639002986 48.762
6 51587462 0.270738574832184 48.8125
6 51661334 0.768682322534623 48.8325
6 51795980 0.885066327911803 48.936
6 51843999 0.794975753239933 48.9785
6 51856578 0.180292944950532 48.9885
6 52097852 0.150826150237952 49.032
6 52230455 2.03954538377705 49.052
6 52262570 0.570649148201715 49.1175
6 52298494 0.246276873152946 49.138
6 52471064 0.817004496900751 49.1805
6 52545115 0.427660695992911 49.241
6 52645662 0.6335249173746 49.284
6 52776675 0.246216553553317 49.367
6 52981779 0.225695787871823 49.4175
6 53059317 0.189050211736244 49.435
6 53098989 0.0571618616059141 49.4425
6 53195207 1.36649357748005 49.448
6 53220820 0.206625292411729 49.483
6 53356331 1.03734439834017 49.511
6 53397301 0.327003989448684 49.5535
6 53443172 0.887049083382647 49.5685
6 53471919 2.01237802331311 49.594
6 53498256 1.19272099416139 49.647
6 53542273 1.15611886614717 49.6995
6 53612335 0.0675967986155561 49.7805
6 53686303 1.02635312584897 49.7855
6 53752557 3.18925723877468 49.8535
6 53776387 1.4551536141802 49.9295
6 53852324 0.767437055403151 50.04
6 53886203 4.9229612927471 50.066
6 53912813 0.67765981477301 50.197
6 53934948 1.31176213379964 50.212
6 53982975 1.54232717764337 50.275
6 54031927 0.753662616496092 50.3505
6 54086328 0.101292492200458 50.3915
6 54185052 0.366253016201344 50.4015
6 54301092 0.185662406333305 50.444
6 54435745 0.0870176611044681 50.469
6 54579394 0.555837502114678 50.4815
6 54620773 0.202177389215988 50.5045
6 54783996 2.24793776144484 50.5375
6 54809575 0.854489442558157 50.595
6 54854046 0.592722815393017 50.633
6 54978050 0.330166486450786 50.7065
6 55099201 0.138372554265109 50.7465
6 55207604 0.906213304742916 50.7615
6 55246778 0.56057955301486 50.797
6 55327944 1.73158934142366 50.8425
6 55397822 0.86382017352338 50.9635
6 55450495 1.74393941774415 51.009
6 55514144 0.684013057199739 51.12
6 55587973 2.8985167104769 51.1705
6 55630581 2.23917150654266 51.294
6 55673454 0.36337209302327 51.39
6 55714734 0.488390265684257 51.405
6 55750566 0.125792249262162 51.4225
6 55853911 0.503348948336283 51.4355
6 55928412 0.049956537812129 51.473
6 56028499 0.352858151023302 51.478
6 56049754 0.107888831348081 51.4855
6 56096098 0.0976936483497811 51.4905
6 56224049 0.427370720357108 51.503
6 56266167 0.399703634378381 51.521
6 56317455 2.04173716864069 51.5415
6 56361780 0.440669818123565 51.632
6 56436666 0.175844934912272 51.665
6 56635705 0.985950209514311 51.7
6 56684389 0.573727205752925 51.748
6 56837772 0.89312770131265 51.836
6 56900473 0.532496829223423 51.892
6 57003760 2.01121953859196 51.947
6 57059199 0.0828603388987696 52.0585
6 57179884 0.844762472669423 52.0685
6 57260380 1.62980863798578 52.1365
6 57295967 0.393164185363823 52.1945
6 57353195 2.95124871230898 52.217
6 57389112 0.50342327829193 52.323
6 57394078 0 52.3255
6 57415355 0.301192723183819 52.3255
6 57465157 0.996256490762023 52.3405
6 57564529 1.14651768003049 52.4395
6 57619478 0.0882254336280514 52.5025
6 57676151 0.106743115069068 52.5075
6 57840096 0 52.525
6 57842883 0.953000269082518 52.525
6 57887479 0.36499788065737 52.5675
6 57929945 0.560672071177844 52.583
6 57984344 0.276405985110941 52.6135
6 58038612 0.952864947274662 52.6285
6 58077967 0.967158952926894 52.666
6 58148793 0.265514369012921 52.7345
6 58244833 1.16914443241113 52.76
6 58285461 0.680230041432219 52.8075
6 58333974 0.350417347060379 52.8405
6 58476661 0.145441852347437 52.8905
6 58528228 1.01455668284074 52.898
6 58573568 1.05622645495173 52.944
6 58601971 0.67476383265863 52.974
6 58669402 0.991752792566988 53.0195
6 58707718 0.58497777084473 53.0575
6 58746181 0.163227996866038 53.08
6 59006553 0.737098746932139 53.1225
6 59130010 0.641213542429954 53.2135
6 59184594 0.223816569886732 53.2485
6 59265017 0.178148082167351 53.2665
6 59337990 2.19850198623277 53.2795
6 59370967 0.337948747658602 53.352
6 59422750 0.2989603319798 53.3695
6 59534805 1.48827241338246 53.403
6 59551603 1.52110085252394 53.428
6 59579872 0.644911647104447 53.471
6 59641896 0.641111259516425 53.511
6 59716766 1.06912918840181 53.559
6 59759324 1.44622386694736 53.6045
6 59806343 1.02374899850645 53.6725
6 59907442 1.19954250006972 53.776
6 59943289 2.30144600286583 53.819
6 59966318 0.847170450694712 53.872
6 59992877 1.51899145465768 53.8945
6 60054431 0.326840109818212 53.988
6 60085027 2.20315398886836 53.998
6 60123835 1.58974225326418 54.0835
6 60162206 2.47190521822463 54.1445
6 60208122 0.160419228918246 54.258
6 60301627 0.257296184665122 54.273
6 60369642 0.896320198168127 54.2905
6 60400323 0.127177921912798 54.318
6 60463227 0.312851958452975 54.326
6 60471218 0.764152096833383 54.3285
6 60520292 0.952457608928927 54.366
6 60557564 2.37019811278585 54.4015
6 60579925 0.999089065851692 54.4545
6 60647987 0.859952250019807 54.5225
6 60736364 0.343863188299495 54.5985
6 60758175 0.445970655130804 54.606
6 60780598 0.720103297576478 54.616
6 60861142 1.07094030077476 54.674
6 60926972 0.349746053952072 54.7445
6 60992734 0.524734318729142 54.7675
6 61083256 0.0896764473779066 54.815
6 61139012 1.42718131689918 54.82
6 61185257 0.827888883347448 54.886
6 61285512 0.407530365982117 54.969
6 61335815 0.276339787402601 54.9895
6 61390096 0.398800408371709 55.0045
6 61421440 0.533650474186512 55.017
6 61487026 0.0889110178532515 55.052
6 61515144 1.22729504172808 55.0545
6 61539588 0.555529289395266 55.0845
6 61581890 2.85759644388009 55.108
6 61625983 0.443588325727518 55.234
6 61790550 2.20160587722807 55.307
6 61833019 0.793614802049716 55.4005
6 61877121 0.388400433425223 55.4355
6 62079232 0.0674703130622552 55.514
6 62190392 0.397041473817912 55.5215
6 62234468 0.423216444981821 55.539
6 62275818 0.119352631327683 55.5565
6 62338657 0.402328773607248 55.564
6 62402038 1.74899866488652 55.5895
6 62439488 1.45325460101556 55.655
6 62526534 0.390261922352774 55.7815
6 62862206 0.738632269222397 55.9125
6 62889960 0.0701793784913602 55.933
6 62925583 2.48542204378176 55.9355
6 62956966 1.12355943629407 56.0135
6 62988117 0.583928491218849 56.0485
6 63010380 0.22873402003809 56.0615
6 63209301 0.643130608477278 56.107
6 63275384 0.10363123860047 56.1495
6 63347756 0.985457043031661 56.157
6 63381243 1.63937764744218 56.19
6 63430347 2.40082167158811 56.2705
6 63469292 0.207024209654643 56.364
6 63592466 0.0620201193267413 56.3895
6 63753704 1.56888650344729 56.3995
6 63777925 0.599027863353128 56.4375
6 63836353 0.709502904527542 56.4725
6 63904006 0.113043253578615 56.5205
6 64058814 0.0486352936599971 56.538
6 64110217 0.211268455808655 56.5405
6 64193050 0.0794862011954002 56.558
6 64224502 1.01104519181252 56.5605
6 64276923 0.244005595861674 56.6135
6 64338397 0.781182189046051 56.6285
6 64442086 0.302924013902648 56.7095
6 64567530 0.520969002344336 56.7475
6 64621276 0.681044267877438 56.7755
6 64665326 0.297586614470245 56.8055
6 64784619 0.540616385216 56.841
6 64905777 2.31977940210957 56.9065
6 64928624 0.948484709969356 56.9595
6 65016132 0.641593952685442 57.0425
6 65058994 0 57.07
6 65104049 0.910891089109039 57.07
6 65129299 1.66400887471382 57.093
6 65158145 0.386359818578922 57.141
6 65217675 0.0629707060275435 57.164
6 65376479 0.404591176177657 57.174
6 65456807 0.775669072634217 57.2065
6 65564456 0.288828128008637 57.29
6 65590423 0.423712240720687 57.2975
6 65667126 0.37777383939483 57.33
6 65774333 0.160992572875977 57.3705
6 65820919 0.0592796338889272 57.378
6 65863092 0.0542281704500131 57.3805
6 65955295 0.892253616330979 57.3855
6 65992280 1.5491621877963 57.4185
6 66039725 0.740765128070088 57.492
6 66070099 3.35570469798655 57.5145
6 66101538 1.54007392354835 57.62
6 66226532 0.732979778381423 57.8125
6 66412076 1.98335862682501 57.9485
6 66507621 3.5905006652451 58.138
6 66562488 0.307015927986326 58.335
6 66643917 0.250119775667214 58.36
6 66785849 0.413456935196068 58.3955
6 66969665 3.02079824856861 58.4715
6 67017169 0 58.615
6 67065682 0.115862580358964 58.615
6 67216723 0.589615824826317 58.6325
6 67303220 0.0664413566439167 58.6835
6 67528983 0.298364960018824 58.6985
6 67537362 1.97690262916872 58.701
6 67582129 0.444793511624755 58.7895
6 67706906 0.286692550908378 58.845
6 67767947 0.67062655681171 58.8625
6 67835794 2.43474873393075 58.908
6 67851196 0.771434868856102 58.9455
6 67864807 0.737496340667013 58.956
6 67953621 1.04775126384994 59.0215
6 67991798 0.766916117938981 59.0615
6 68094156 0.125075045027004 59.14
6 68234072 0.0257254579131275 59.1575
6 68331252 0.955703158599088 59.16
6 68352179 2.33673099391644 59.18
6 68377000 1.80762767961704 59.238
6 68416278 2.58817336374812 59.309
6 68450472 0.149745432764306 59.3975
6 68550642 0 59.4125
6 68587651 2.49811463046761 59.4125
6 68630083 0.783321282236656 59.5185
6 68671573 1.11318072103249 59.551
6 68762304 0.832483350333025 59.652
6 68828972 1.20112526472158 59.7075
6 68860609 1.12030095986284 59.7455
6 68896760 1.3384428977993 59.786
6 68932249 1.40467537823142 59.8335
6 69009847 0.439121756486967 59.9425
6 69072472 0.184618374386648 59.97
6 69278302 1.32735511697102 60.008
6 69424834 0.536020583190288 60.2025
6 69462146 0.460903832415439 60.2225
6 69505539 0.576990236717894 60.2425
6 69571398 0.0434896059841302 60.2805
6 69628883 0.0699907612194554 60.283
6 69700321 2.28403621828879 60.288
6 69724839 1.77633278787348 60.344
6 69771283 0.528371238226585 60.4265
6 69814813 0 60.4495
6 69819309 0 60.4495
6 69824423 0.285262880716188 60.4495
6 69869995 1.68785583527877 60.4625
6 69929538 0.324878170685997 60.563
6 70209643 2.59137288776107 60.654
6 70246689 0.851063829787226 60.75
6 70365364 0.552828269426511 60.851
6 70387975 0.522247754334676 60.8635
6 70431058 3.62961087195064 60.886
6 70454752 2.22134465396395 60.972
6 70475010 0.63395907441965 61.017
6 70531796 2.36615452566498 61.053
6 70563493 0.917165475960645 61.128
6 70594567 0.18211397906904 61.1565
6 70635750 1.47512404452192 61.164
6 70673035 2.69814886495588 61.219
6 70716954 0.70330276494521 61.3375
6 70789469 2.73856178289815 61.3885
6 70810648 3.41434022896153 61.4465
6 70830564 6.20347394540966 61.5145
6 70831773 0.599137485325702 61.522
6 70996176 0.702400649330405 61.6205
6 71028209 0.383161050700319 61.643
6 71206985 0.704244281375159 61.7115
6 71393000 0.0839320486134457 61.8425
6 71482358 0.990601565314169 61.85
6 71543432 0.213760670794817 61.9105
6 71615943 1.51679712370329 61.926
6 71642644 2.75985955744259 61.9665
6 71703879 0.734755639188901 62.1355
6 71910070 0.265889088798103 62.287
6 72022899 1.24185258563759 62.317
6 72092553 0.81902765037343 62.4035
6 72153601 0.88916038824408 62.4535
6 72227266 0.142651026679804 62.519
6 72349943 0.779076238174897 62.5365
6 72385883 1.04815524676559 62.5645
6 72419275 5.07213310400508 62.5995
6 72447764 0.772397657310418 62.744
6 72581115 0.227818110020968 62.847
6 72614036 0.864121861278283 62.8545
6 72713559 0.420564136030743 62.9405
6 72851469 0.348322692266448 62.9985
6 72982095 1.16781314989602 63.044
6 73044605 3.31345929178592 63.117
6 73094251 0.583600817041166 63.2815
6 73145656 0.289687137891041 63.3115
6 73295818 0.259520060900717 63.355
6 73353617 0.391003784916727 63.37
6 73417555 0.235194505856241 63.395
6 73481332 0.239573436425 63.41
6 73725516 0.754937834435007 63.4685
6 73928844 0.233204359279228 63.622
6 74081071 0.741546371366451 63.6575
6 74091185 1.90497802407798 63.665
6 74174913 1.33527555231849 63.8245
6 74290245 0.204985241062651 63.9785
6 74326833 0.396443151362634 63.986
6 74479440 0.0371082692067064 64.0465
6 74951033 0.194208277588433 64.064
6 75066888 0.506603071324169 64.0865
6 75211972 0.106573450422055 64.16
6 75446552 0.11217804899927 64.185
6 75491124 0.0560487848622932 64.19
6 75535728 0.550464175196473 64.1925
6 75636552 1.62435077699818 64.248
6 75684879 0.425717219774078 64.3265
6 75838737 0.0442861951073048 64.392
6 76008090 0.0260527481307163 64.3995
6 76123241 0.0947196928555231 64.4025
6 76202422 0.204089962855634 64.41
6 76275919 0.0259877961309871 64.425
6 76468317 0.255760632119863 64.43
6 76634488 2.65374689584674 64.4725
6 76675562 1.20474670200566 64.5815
6 76708764 0.120382739445175 64.6215
6 76837520 0.87819957378034 64.637
6 76880221 3.38960222681176 64.6745
6 76902495 1.0109557317182 64.75
6 77014765 0.182945874793614 64.8635
6 77126820 0.618850176372177 64.884
6 77159138 0.27150099729574 64.904
6 77345141 1.40809011776765 64.9545
6 77388107 0.326140840660705 65.015
6 77464761 0.446916277683997 65.04
6 77505037 0.138136810697189 65.058
6 77541233 0.22212699993067 65.063
6 77858619 19.5154777927361 65.1335
6 77860848 1.40884756269324 65.177
6 77878593 1.37230253509324 65.202
6 77926323 0.604419515497454 65.2675
6 77967685 1.81037386325359 65.2925
6 78015189 0.24484506957366 65.3785
6 78147926 1.26888914523018 65.411
6 78173933 0.518385402267092 65.444
6 78231805 0.500561605703922 65.474
6 78272759 0.145268601644308 65.4945
6 78307178 0.668449197861023 65.4995
6 78375246 0.0302228025000027 65.545
6 78457965 0.643710519088065 65.5475
6 78516221 0.380441100320219 65.585
6 78610848 0.0310987821717208 65.621
6 78852015 0.0634874055095605 65.6285
6 79206416 0.24152892199058 65.651
6 79320274 0.694760244555692 65.6785
6 79359856 0.718739876903121 65.706
6 79409248 0.339581635425233 65.7415
6 79446058 0.479411156787548 65.754
6 79620230 0.170382630707802 65.8375
6 79928360 0.312258758424493 65.89
6 80043649 0.710429099175929 65.926
6 80106991 0.19710681475384 65.971
6 80223679 0.404891084298416 65.994
6 80285424 2.14952151517961 66.019
6 80360557 0.787209508603845 66.1805
6 80405653 2.17559038186685 66.216
6 80484712 0.440354044651812 66.388
6 80530130 0.368498084847971 66.408
6 80626467 2.64355419943701 66.4435
6 80664484 0.185534052634658 66.544
6 80734552 0 66.557
6 80817275 0.241429261226241 66.557
6 80837985 0.733281188893262 66.562
6 80858441 2.3647408977864 66.577
6 80882968 1.14371425892927 66.635
6 80936303 0.0729174768608568 66.696
6 81142015 0.24479085069722 66.711
6 81193079 0.712279702063507 66.7235
6 81242217 2.83490413547868 66.7585
6 81282430 0.112324212607167 66.8725
6 81326944 0.220503924969873 66.8775
6 81394970 3.13002142474578 66.8925
6 81424842 0.576221268967305 66.986
6 81534175 0.384107181267803 67.049
6 81631804 0.158110266099659 67.0865
6 81695051 0.958535910510099 67.0965
6 81745649 0.107853922647222 67.145
6 81838367 0.189666944844896 67.155
6 81904272 0.10482619816335 67.1675
6 81999668 0.29094576770891 67.1775
6 82051224 0.101631180446213 67.1925
6 82149619 0.0358889237808782 67.2025
6 82372529 0.143064791182663 67.2105
6 82459902 0.0148113039871896 67.223
6 82628692 0.73969120496737 67.2255
6 82676685 0.201308505284451 67.261
6 82726360 1.16040724365164 67.271
6 82785391 0.143556467936736 67.3395
6 82855050 0.361143212730008 67.3495
6 82945042 4.35569396515431 67.382
6 82968804 3.64514898486833 67.4855
6 82992397 0.586256117455121 67.5715
6 83168941 1.25912548012113 67.675
6 83247567 0.642074960487702 67.774
6 83531023 0.205842260788364 67.956
6 83640330 0.368979484740779 67.9785
6 83701309 0.179021539871515 68.001
6 83771133 6.78726130193432 68.0135
6 83803915 0.443080832991943 68.236
6 83923532 1.11942223368576 68.289
6 84020457 0.22349171118987 68.3975
6 84734130 2.36449181429741 68.557
6 84775788 0.566136008514493 68.6555
6 84819947 0.393900757740781 68.6805
6 84916418 0.284387772648458 68.7185
6 85067620 0.136390914546551 68.7615
6 85177598 1.07694445547313 68.7765
6 85278346 0.0237099420528801 68.885
6 85383787 17.662234570351 68.8875
6 85388826 0.482683721491397 68.9765
6 85430261 0.992605092063925 68.9965
6 85450410 0.107085613220603 69.0165
6 85595154 0.873604132527382 69.032
6 85687301 1.26911222578116 69.1125
6 85736942 0.0270835364598321 69.1755
6 85829249 0.411381043561564 69.178
6 85896097 0.793318967827679 69.2055
6 85989376 4.56823918376062 69.2795
6 86017505 0.174486573258277 69.408
6 86074816 1.6208540963401 69.418
6 86112142 1.25429099551101 69.4785
6 86203030 0.483870967741801 69.5925
6 86249530 0.398615097262207 69.615
6 86337334 0.488304702133961 69.65
6 86399795 1.60406786538519 69.6805
6 86478657 3.94868934746219 69.807
6 86523482 0.378819765973581 69.984
6 86689788 4.46801198016439 70.047
6 86710155 1.19558267171092 70.138
6 86860291 2.69242208412271 70.3175
6 86924174 1.25564190450323 70.4895
6 87012575 0.882145377559927 70.6005
6 87018243 0.158209073290266 70.6055
6 87068809 0 70.6135
6 87072330 0 70.6135
6 87076603 0 70.6135
6 87078280 0 70.6135
6 87084524 0 70.6135
6 87085924 0 70.6135
6 87090740 5.26685393258347 70.6135
6 87097860 0.54538843776514 70.651
6 87130864 0.898024346438154 70.669
6 87155919 0 70.6915
6 87156735 3.60289658616627 70.6915
6 87184768 0.463188688444621 70.7925
6 87266808 0.645594853363105 70.8305
6 87399244 2.10537259896559 70.916
6 87437717 0.973698129537917 70.997
6 87645687 0.568203341035667 71.1995
6 87751283 2.57441495591457 71.2595
6 87796536 0.463985570702239 71.376
6 87873047 0.332768834386549 71.4115
6 88024804 1.11093643557087 71.462
6 88120219 0.0790447182320056 71.568
6 88215102 2.53446199143467 71.5755
6 88274878 0.291657395770006 71.727
6 88441169 2.287732227852 71.7755
6 88506299 1.14495076711923 71.9245
6 88510666 0 71.9295
6 88512392 0.0648878737540938 71.9295
6 88627976 0.297211614669656 71.937
6 88739008 1.58933893837327 71.97
6 88855094 0.452921993891979 72.1545
6 88893732 0.88476478204568 72.172
6 88916902 1.82044648845506 72.1925
6 88937776 0.289996288047249 72.2305
6 88980880 1.38522552610121 72.243
6 89033579 1.42935447147615 72.316
6 89152164 1.67982820725977 72.4855
6 89181036 1.46472777176625 72.534
6 89218927 0.724541492444859 72.5895
6 89309329 0.998781486586308 72.655
6 89359390 2.63192013483733 72.705
6 89397955 0.21084400331776 72.8065
6 89684897 0.643690775172305 72.867
6 89732280 4.62858433055151 72.8975
6 89736709 1.52359846255054 72.918
6 89794467 2.85498971044322 73.006
6 89828968 0.773584905660317 73.1045
6 89881968 3.1163911845732 73.1455
6 89911008 0.953362821067085 73.236
6 90001215 0 73.322
6 90011688 0.136706147402067 73.322
6 90103125 0.848793500666869 73.3345
6 90169101 0.736677471269553 73.3905
6 90213218 0.0524857238830561 73.423
6 90260850 0.552613992700436 73.4255
6 90338662 0.255832992222444 73.4685
6 90377750 0.255219233321554 73.4785
6 90416932 0.854822624305489 73.4885
6 90459046 0.920683146894813 73.5245
6 90480769 0.807638178096206 73.5445
6 90543297 1.76654665365574 73.595
6 90573016 0.805152979066185 73.6475
6 90627043 1.79617270498488 73.691
6 90685779 0.231911827883432 73.7965
6 90948810 1.13994137444364 73.8575
6 91004076 0.722134118713011 73.9205
6 91039388 0.76031610718156 73.946
6 91082791 1.923076923077 73.979
6 91107751 0.752762638884664 74.027
6 91174173 0.617159044921156 74.077
6 91223593 1.2096403274768 74.1075
6 91332303 0.220871851229323 74.239
6 91425117 1.80585900922991 74.2595
6 91492398 7.38007380073763 74.381
6 91506761 0 74.487
6 91519341 2.67015546578542 74.487
6 91584693 1.28483452217431 74.6615
6 91629835 2.10866372980916 74.7195
6 91714960 0.12275561811546 74.899
6 91837154 1.33036726860349 74.914
6 91860080 0.144948543267008 74.9445
6 91894575 0.390311356945274 74.9495
6 91984247 2.87058823529445 74.9845
6 91994872 2.55523076617158 75.015
6 92045161 1.67145566886395 75.1435
6 92098408 0.885804975271311 75.2325
6 92152596 0.0538858912367192 75.2805
6 92430962 1.40364188163872 75.2955
6 92470502 0.138421715598814 75.351
6 92542745 1.53330683173356 75.361
6 92595572 0.551559811146046 75.442
6 92640898 0.159134309357116 75.467
6 92832560 0.602741161980034 75.4975
6 92870719 0.987337397872442 75.5205
6 92911232 4.67885071610566 75.5605
6 92933994 2.06507273645091 75.667
6 92955785 0.954198473282553 75.712
6 92987749 0.377843270611222 75.7425
6 93053914 0.236864328232128 75.7675
6 93151016 0.0572737686142483 75.7905
6 93194666 3.45280733850396 75.793
6 93233475 0.300889429152472 75.927
6 93316562 2.308301460801 75.952
6 93375913 0.12137297104862 76.089
6 93437706 1.01845957988522 76.0965
6 93476981 5.43073621512702 76.1365
6 93499814 0.449953879727558 76.2605
6 93544263 0.479202606862018 76.2805
6 93596433 3.74248667447941 76.3055
6 93622886 3.20733519370841 76.4045
6 93650479 7.50725132229991 76.493
6 93679784 1.19584801568957 76.713
6 93867935 5.4670588888273 76.938
6 93903969 5.92247726288433 77.135
6 93950149 16.0611854684511 77.4085
6 93968454 1.67903748337733 77.7025
6 94221873 0.479561543731417 78.128
6 94375138 0.718745788598922 78.2015
6 94441921 0.401193329233038 78.2495
6 94724827 0.160529537434887 78.363
6 95058099 1.13880393050031 78.4165
6 95073466 5.34676372665226 78.434
6 95108908 0.848835541102745 78.6235
6 95150730 0.523807848517899 78.659
6 95406549 0.593458367309958 78.793
6 95516919 0.333950396533177 78.8585
6 95707067 0.284914200123706 78.922
6 95768489 1.02378327295646 78.9395
6 95812932 1.61730136342263 78.985
6 95866107 0.762737719922979 79.071
6 95895606 0.696517412935291 79.0935
6 95976006 1.72989560456062 79.1495
6 96009245 0.51068868157751 79.207
6 96162959 3.79655691562525 79.2855
6 96178236 1.27832069029306 79.3435
6 96237689 0.687190764156156 79.4195
6 96259517 5.3490990990993 79.4345
6 96280829 1.36188073496892 79.5485
6 96325620 0.818147632453535 79.6095
6 96424013 53.7673738112624 79.69
6 96425380 1.56208747689929 79.7635
6 96448106 1.62485376315984 79.799
6 96455799 2.87584137791668 79.8115
6 96520128 0.606345404659859 79.9965
6 96586097 5.90244108098995 80.0365
6 96609816 1.08962848027337 80.1765
6 96667175 1.60256410256412 80.239
6 96773255 6.86236565542267 80.409
6 96806844 0.964427147343981 80.6395
6 96982596 0.801917552300959 80.809
6 97039335 1.97676173230723 80.8545
6 97072470 2.19555475352622 80.92
6 97105719 1.00708911751352 80.993
6 97156360 0.505254648342736 81.044
6 97255320 1.16552448601873 81.094
6 97355275 2.8621029418668 81.2105
6 97376588 1.92039565411815 81.2715
6 97414601 2.05774147284413 81.3445
6 97430638 2.17432153115194 81.3775
6 97467891 0.543014506244779 81.4585
6 97519455 3.55072215170321 81.4865
6 97548604 2.56887235361824 81.59
6 97571182 1.74841623282956 81.648
6 97634954 1.07043459644594 81.7595
6 97672322 2.56253651282612 81.7995
6 97709980 0.816071814319634 81.896
6 97793306 0.453389361937375 81.964
6 97838521 0.230577673932434 81.9845
6 97903575 1.25648166380677 81.9995
6 98010222 1.09002768096622 82.1335
6 98079945 0.325146694089832 82.2095
6 98212193 2.68369224109934 82.2525
6 98258398 7.86418253003929 82.3765
6 98273212 30.9107024152444 82.493
6 98277725 0.220395929042384 82.6325
6 98379814 2.77440259214258 82.655
6 98404504 0.54623467508271 82.7235
6 98593983 0.183096528489653 82.827
6 98607637 0.8189238535067 82.8295
6 98644881 2.07725129126413 82.86
6 98671599 0.284712607744273 82.9155
6 98761163 5.02607106380647 82.941
6 98779766 1.94472440274249 83.0345
6 98850213 0.363896203570198 83.1715
6 98925784 1.3911910963769 83.199
6 98976460 2.05284034237226 83.2695
6 99019571 4.34574595327305 83.358
6 99044653 2.08278057840271 83.467
6 99120033 1.96279478541087 83.624
6 99188303 0.362206354134292 83.758
6 99236618 0.903070439494315 83.7755
6 99273160 0.0622370484705105 83.8085
6 99313329 0.544271870436703 83.811
6 99350994 0.775360244298093 83.8315
6 99392910 2.21661853825181 83.864
6 99442084 0.480398392356915 83.973
6 99515981 0.426143485018267 84.0085
6 99575820 0.238087679756207 84.034
6 99638822 0.0897827258034737 84.049
6 99666667 0.631954938865123 84.0515
6 99703062 0.396432111001006 84.0745
6 99778737 2.77821255282509 84.1045
6 99804293 1.72404785538902 84.1755
6 99842575 3.85300901656509 84.2415
6 99861651 0.748788324347966 84.315
6 99898377 1.47397274443387 84.3425
6 99975719 0.595528653714523 84.4565
6 100026934 1.34780603125189 84.487
6 100096306 0.229179080533646 84.5805
6 100139940 0.97269400961598 84.5905
6 100239149 0.760621536455468 84.687
6 100312773 1.1572872771055 84.743
6 100409119 1.27276287448596 84.8545
6 100434654 2.32036561627224 84.887
6 100505548 2.66999943191485 85.0515
6 100540754 2.19405168210637 85.1455
6 100585876 3.00247262451434 85.2445
6 100642496 1.05644824707841 85.4145
6 100795840 0.290803948286721 85.5765
6 100856018 1.83531282147212 85.594
6 100898790 0.863305853456846 85.6725
6 100939911 0.291648339038837 85.708
6 101044489 2.1122800279808 85.7385
6 101117396 0.200507088895826 85.8925
6 101272004 1.10292495698555 85.9235
6 101294671 1.37282470288639 85.9485
6 101370063 0.100170958435639 86.052
6 101444935 1.80137844611554 86.0595
6 101470471 4.69047508475359 86.1055
6 101492004 1.32058105566454 86.2065
6 101516993 2.06788511749325 86.2395
6 101564868 0.72055407381923 86.3385
6 101611360 1.0275298579328 86.372
6 101712087 3.60585257610426 86.4755
6 101740929 1.64937714310564 86.5795
6 101763968 1.60431309206783 86.6175
6 101809782 1.08050525034238 86.691
6 101842637 0.665023032504977 86.7265
6 101904289 0.314491781281461 86.7675
6 101951985 2.45443499392464 86.7825
6 101972560 5.63501403095852 86.833
6 101994654 7.80971081756503 86.9575
6 102017062 1.45740799492391 87.1325
6 102117926 2.43069241886737 87.2795
6 102148370 2.71505586373955 87.3535
6 102199566 0.921925310289496 87.4925
6 102235903 0.183284457478186 87.526
6 102276823 0.100022004840974 87.5335
6 102376801 0.515891480709868 87.5435
6 102426230 1.12978918878663 87.569
6 102466503 0.373104063589847 87.6145
6 102528148 0.471164719185734 87.6375
6 102570596 1.63934426229504 87.6575
6 102594081 1.71995143666586 87.696
6 102608907 2.71460328317333 87.7215
6 102632299 2.10403019391802 87.785
6 102655350 1.18176702307252 87.8335
6 102717545 0.541855696390837 87.907
6 102811666 1.21699196326056 87.958
6 102855216 0.635436524058117 88.011
6 102951213 0.200112370792801 88.072
6 103081140 1.54356132493249 88.098
6 103120659 1.81353084911421 88.159
6 103146851 1.53827949355084 88.2065
6 103163753 3.51419106455391 88.2325
6 103186091 0.31897210117255 88.311
6 103297386 0.400375434013487 88.3465
6 103449743 0.363365951765336 88.4075
6 103568081 0.600571034754286 88.4505
6 103669651 0.149427053981576 88.5115
6 103786765 3.23925832154358 88.529
6 103800194 1.02524669998722 88.5725
6 103847012 1.33923009841782 88.6205
6 103911228 0.338441394156497 88.7065
6 104001347 0.580606120079142 88.737
6 104062490 0.311753091551503 88.7725
6 104177966 0.810312290091881 88.8085
6 104271757 0 88.8845
6 104287858 4.94110380729672 88.8845
6 104310525 0.108720862808874 88.9965
6 104379509 1.69415344189735 89.004
6 104466278 0.703115844845797 89.151
6 104543079 3.10539523212057 89.205
6 104574959 1.9125601410511 89.304
6 104608422 1.75777310319013 89.368
6 104643125 0.653639042232478 89.429
6 104790760 0.191638657939814 89.5255
6 104858596 0.868945868945969 89.5385
6 104928796 0.0369240767134282 89.5995
6 105064209 0 89.6045
6 105143949 2.53308002533058 89.6045
6 105173952 0.049630254603208 89.6805
6 105234399 2.83472133247952 89.6835
6 105265619 6.88247907588013 89.772
6 105294533 0.967385295743482 89.971
6 105334331 0.327340814161961 90.0095
6 105410704 0.355088666694789 90.0345
6 105552922 0.0875848478213302 90.085
6 105621427 1.17594279344192 90.091
6 105694985 2.09835221421229 90.1775
6 105733825 0.66302164909822 90.259
6 105837894 1.00638837840186 90.328
6 105860748 3.42060003821903 90.351
6 105886913 1.06157112526535 90.4405
6 105973106 0.715943852645765 90.532
6 106019199 2.19467008693169 90.565
6 106054284 0.62704348994504 90.642
6 106098938 1.21030898476405 90.67
6 106120007 2.35185723984115 90.6955
6 106161251 5.9019208069535 90.7925
6 106179889 1.25414677562876 90.9025
6 106204607 1.18503888408843 90.9335
6 106245112 1.25190020566937 90.9815
6 106312210 1.57313598226998 91.0655
6 106362746 0.476323900252322 91.145
6 106416281 0.765350932222261 91.1705
6 106456132 0.772382295654539 91.201
6 106545466 2.72239734719797 91.27
6 106569893 0.324780772978252 91.3365
6 106671500 1.48339245404683 91.3695
6 106702510 1.30049581402915 91.4155
6 106739419 0.78397727945102 91.4635
6 106840825 2.64510278113638 91.543
6 106847441 0.128044971892557 91.5605
6 107007541 0.63496980021677 91.581
6 107039826 0 91.6015
6 107075816 2.22103171945784 91.6015
6 107120615 0.935370925132561 91.701
6 107199728 3.40122680088082 91.775
6 107225160 2.11170564970731 91.8615
6 107281039 1.22857545668754 91.9795
6 107330690 5.93618950470377 92.0405
6 107365982 1.63383797656532 92.25
6 107508591 0.149352512929206 92.483
6 107679328 0.262689168236374 92.5085
6 107757367 0.0942880310773386 92.529
6 107916454 2.53580652735393 92.544
6 107937749 0.974517104957053 92.598
6 107972125 1.6016134772806 92.6315
6 107997412 2.46444309851526 92.672
6 108045293 0.860265839012005 92.79
6 108074935 0.495380735479543 92.8155
6 108230371 10.6035889070138 92.8925
6 108235888 1.77559243324527 92.951
6 108250531 1.73049326092448 92.977
6 108286070 1.62746483780097 93.0385
6 108386533 1.17344234991316 93.202
6 108399742 1.4383969314197 93.2175
6 108429984 1.7276694273757 93.261
6 108486129 0.140449438202119 93.358
6 108539529 1.12355605491393 93.3655
6 108596491 1.50283869531323 93.4295
6 108668355 0.624461030658087 93.5375
6 108802871 1.55051411783905 93.6215
6 108864141 1.45689635548271 93.7165
6 108951999 1.05728565936176 93.8445
6 108988413 0.557474398594274 93.883
6 109070928 2.26254283454869 93.929
6 109116452 3.80222138079032 94.032
6 109148144 2.99618228386399 94.1525
6 109168837 2.82055438482747 94.2145
6 109199682 1.30844277221027 94.3015
6 109282605 6.13228208497562 94.41
6 109291737 6.61365968049279 94.466
6 109319029 0.797730898776843 94.6465
6 109341593 1.0070272991964 94.6645
6 109387272 0.687964155303524 94.7105
6 109443961 2.30033404190706 94.7495
6 109509821 1.20135682653354 94.901
6 109552273 1.02174990838738 94.952
6 109784228 0.354281890290721 95.189
6 109835035 1.19824257755297 95.207
6 109865079 1.42056769602506 95.243
6 109902740 0.705430312490575 95.2965
6 109936053 0.613167134241668 95.32
6 109995580 2.90005626974883 95.3565
6 110018683 2.9654220597559 95.4235
6 110045492 1.04398993973324 95.503
6 110087638 1.43917291613641 95.547
6 110189780 0.453774217732631 95.694
6 110240466 2.41631305987723 95.717
6 110265918 2.8637678861629 95.7785
6 110316376 1.40961287217207 95.923
6 110345462 0.477030714622732 95.964
6 110442940 2.63030210168821 96.0105
6 110482099 2.78414946311632 96.1135
6 110542261 0.943048539900591 96.281
6 110634515 0.942830740028538 96.368
6 110714593 0.542333284662319 96.4435
6 110762534 0.776838268248542 96.4695
6 110796003 4.27213743945864 96.4955
6 110817889 0.809560524287029 96.589
6 110856799 1.26146788990817 96.6205
6 110891679 0.469225446238089 96.6645
6 110997172 2.74387566950566 96.714
6 111019950 0.651312325046382 96.7765
6 111092112 0.916210379354761 96.8235
6 111137953 0.614401572868166 96.8655
6 111158298 0.536275185781067 96.878
6 111197457 1.43426781136826 96.899
6 111246611 1.37891787778009 96.9695
6 111269455 1.94442954460095 97.001
6 111306741 0.110399646721193 97.0735
6 111429024 1.68757076909678 97.087
6 111474948 0.90326440908087 97.1645
6 111561855 2.2082315354262 97.243
6 111583139 3.28793704409057 97.29
6 111610968 0.974355504431905 97.3815
6 111758758 1.31426876540561 97.5255
6 111856531 1.27033944217149 97.654
6 111910060 0.908409274426355 97.722
6 111944736 1.52535543659694 97.7535
6 111979482 7.17311765838633 97.8065
6 112000254 5.34977558144784 97.9555
6 112022311 0.463145746651738 98.0735
6 112088165 0.596338295534027 98.104
6 112408453 0.49878238417978 98.295
6 112544785 1.02720229697283 98.363
6 112585186 3.00312324817822 98.4045
6 112610160 2.21864170534909 98.4795
6 112688361 0.565032880104796 98.653
6 112771542 0.442214843919856 98.7
6 112909484 0.447736328423291 98.761
6 113197600 4.87926313169027 98.89
6 113217685 1.33721978484282 98.988
6 113284241 0.757425060823448 99.077
6 113349594 0.320786997433716 99.1265
6 113461818 1.14441181551212 99.1625
6 113484974 1.09118086696573 99.189
6 113551874 0.22602062438185 99.262
6 113587269 1.81687842982177 99.27
6 113627723 1.2776544953262 99.3435
6 113672336 0.155595790426956 99.4005
6 113707684 1.50119059944075 99.406
6 113736661 0.214850865475364 99.4495
6 113950763 1.55903255709416 99.4955
6 113986362 0 99.551
6 114013522 1.47324717069583 99.551
6 114058321 0.916496945009736 99.617
6 114073051 2.77591431677819 99.6305
6 114116280 1.90145816412508 99.7505
6 114248021 1.1195169114902 100.001
6 114336452 1.14926220204338 100.1
6 114371692 3.31807117190195 100.1405
6 114406200 0.837721397798135 100.255
6 114468870 1.06796857121057 100.3075
6 114521306 0.241602716123146 100.3635
6 114678589 2.00613641727631 100.4015
6 114712485 3.07186297629402 100.4695
6 114744713 4.20939281955892 100.5685
6 114785574 4.07246429745449 100.7405
6 114812953 1.16211924353978 100.852
6 114882223 2.42199218077655 100.9325
6 114922892 2.31653076352819 101.031
6 114955268 0.492791491897664 101.106
6 114998897 0.269089895384063 101.1275
6 115257175 2.50688163586325 101.197
6 115277519 0.240803433573657 101.248
6 115559907 0.283533260632301 101.316
6 115605757 0.114283704901938 101.329
6 115662633 0.48164585268552 101.3355
6 115691700 0.175289564877244 101.3495
6 115765863 0.336056250646397 101.3625
6 115804547 0.659630606860183 101.3755
6 115840931 0.136606978032144 101.3995
6 115976356 0.605154492382027 101.418
6 116018494 0.116396368433231 101.4435
6 116108703 1.84681508344269 101.454
6 116138484 0.880566437839316 101.509
6 116166307 0.0612484597813643 101.5335
6 116305086 0.105339768635521 101.542
6 116357298 0.55278214684634 101.5475
6 116445036 0.489065239457389 101.596
6 116499221 0.400686891814554 101.6225
6 116604041 0.198506445773098 101.6645
6 117571264 0 101.8565
